20360 11217673 1.6017016474935937 -4.776432930823076 0.67056 6.543844049475119 1.3797477503330375
20361 11217673 1.5750867393493342 -4.7422801787751245 0.67056 6.543844049475119 1.3797477503330375
20362 11217673 1.547863871631607 -4.708629688356437 0.67056 6.543844049475119 1.3797477503330375
20363 11217673 1.5217437885871283 -4.672418504905177 0.67056 6.543844049475119 1.3797477503330375
20364 11217673 1.4956237055426493 -4.636207321453917 0.67056 6.543844049475119 1.3797477503330375
20365 11217673 1.4687917901413643 -4.602450255199868 0.67056 6.543844049475119 1.3797477503330375
20366 11217673 1.4406429663568199 -4.563473679815719 0.67056 6.543844049475119 1.3797477503330375
20367 11217673 1.413593833799548 -4.529294873895785 0.67056 6.543844049475119 1.3797477503330375
20368 11217673 1.3875669085849607 -4.493346790511495 0.67056 6.543844049475119 1.3797477503330375
20369 11217673 1.3615399833703736 -4.457398707127205 0.67056 6.543844049475119 1.3797477503330375
20370 11217673 1.3311559445140155 -4.417107538797865 0.67056 6.543844049475119 1.3797477503330375
20371 11217673 1.304762789667201 -4.380922591427939 0.67056 6.543844049475119 1.3797477503330375
20372 11217673 1.276442896318615 -4.344108442368642 0.6400800000000001 6.543844049475119 1.3797477503330375
20373 11217673 1.2526769152768726 -4.309131254406377 0.6400800000000001 6.543844049475119 1.3797477503330375
20374 11217673 1.2321636646401775 -4.280384935257715 0.6400800000000001 6.543844049475119 1.3797477503330375
20375 11217673 1.2116504140034823 -4.2516386161090525 0.6400800000000001 6.543844049475119 1.3797477503330375
20376 11217673 1.180455533612725 -4.201998799144878 0.6400800000000001 6.543844049475119 1.3797477503330375
20377 11217673 1.1492606532219676 -4.1523589821807025 0.6400800000000001 6.543844049475119 1.3797477503330375
20378 11217673 1.126071107418071 -4.1145318678508 0.6400800000000001 6.543844049475119 1.3797477503330375
20379 11217673 1.1089187272759788 -4.087242314459088 0.6400800000000001 6.543844049475119 1.3797477503330375
20380 11217673 1.0917663471338868 -4.059952761067377 0.6400800000000001 6.543844049475119 1.3797477503330375
20381 11217673 1.0746139669917947 -4.032663207675665 0.6400800000000001 6.543844049475119 1.3797477503330375
20382 11217673 1.0240401709140636 -3.9535353812639564 0.6400800000000001 6.543844049475119 1.3797477503330375
20383 11217673 1.0124339968718146 -3.936019492186732 0.6400800000000001 6.543844049475119 1.3797477503330375
20384 11217673 1.0008278228295657 -3.918503603109508 0.6400800000000001 6.543844049475119 1.3797477503330375
20385 11217673 0.9527335192450173 -3.839950682289278 0.6400800000000001 6.543844049475119 1.3797477503330375
20386 11217673 0.9282400302549092 -3.7995936548569027 0.6400800000000001 6.543844049475119 1.3797477503330375
20387 11217673 0.9078174909342176 -3.762551727798739 0.6400800000000001 6.543844049475119 1.3797477503330375
20388 11217673 0.8862812292639339 -3.727832835269455 0.6400800000000001 6.543844049475119 1.3797477503330375
20389 11217673 0.8625125840616332 -3.685258785544336 0.6400800000000001 6.543844049475119 1.3797477503330375
20390 11217673 0.852284498511858 -3.666790523717272 0.6400800000000001 6.543844049475119 1.3797477503330375
20391 11217673 0.8420564129620827 -3.648322261890208 0.6400800000000001 6.543844049475119 1.3797477503330375
20392 11217673 0.7977983699466353 -3.568917020085396 0.6400800000000001 6.543844049475119 1.3797477503330375
20393 11217673 0.7753373434273291 -3.5288720940372746 0.6400800000000001 6.543844049475119 1.3797477503330375
20394 11217673 0.7528076856481863 -3.4890382327143974 0.6400800000000001 6.543844049475119 1.3797477503330375
20395 11217673 0.7301050179146551 -3.451367306602698 0.6400800000000001 6.543844049475119 1.3797477503330375
20396 11217673 0.7079315857006809 -3.4115326389065768 0.6400800000000001 6.543844049475119 1.3797477503330375
20397 11217673 0.6905866869117169 -3.3834381902050588 0.6400800000000001 6.543844049475119 1.3797477503330375
20398 11217673 0.6732417881227528 -3.3553437415035408 0.6400800000000001 6.543844049475119 1.3797477503330375
20399 11217673 0.6553017243595638 -3.3255360632701247 0.6400800000000001 6.543844049475119 1.3797477503330375
20400 11217673 0.6373616605963748 -3.2957283850367083 0.6400800000000001 6.543844049475119 1.3797477503330375
20401 11217673 0.5880238520845111 -3.2223713734830266 0.6400800000000001 6.543844049475119 1.3797477503330375
20402 11217673 0.5661049467957407 -3.182034739935143 0.6400800000000001 6.543844049475119 1.3797477503330375
20403 11217673 0.541034764639276 -3.1464512899946873 0.6400800000000001 6.543844049475119 1.3797477503330375
20404 11217673 0.5159645824828113 -3.1108678400542313 0.6400800000000001 6.543844049475119 1.3797477503330375
20405 10890796 1.1076274767678338 0.00396653066434316 0.36576 6.543844049475119 1.3797477503330375
20405 11217673 0.4979144308727368 -3.0671214688765023 0.6400800000000001 6.543844049475119 1.3797477503330375
20406 10890796 1.0772514401218232 0.003639387395590251 0.36576 6.543844049475119 1.3797477503330375
20406 11217673 0.4730146276911167 -3.0263946290259063 0.6400800000000001 6.543844049475119 1.3797477503330375
20407 10890796 1.0468754034758125 0.003312244126837343 0.36576 6.543844049475119 1.3797477503330375
20407 11217673 0.45219548751633776 -2.990855631518974 0.6553200000000001 6.543844049475119 1.3797477503330375
20408 11217673 0.43137634734155883 -2.955316634012042 0.67056 6.543844049475119 1.3797477503330375
20408 10890796 1.016499366829802 0.0029851008580844343 0.36576 6.543844049475119 1.3797477503330375
20409 11217673 0.41301780545881517 -2.9117025348650616 0.67056 6.543844049475119 1.3797477503330375
20409 10890796 0.9861233301837913 0.002657957589331526 0.36576 6.543844049475119 1.3797477503330375
20410 10890796 0.9557472935377807 0.0023308143205786175 0.36576 6.543844049475119 1.3797477503330375
20410 11217673 0.39465926357607156 -2.868088435718081 0.67056 6.543844049475119 1.3797477503330375
20411 11217673 0.38782795362872957 -2.8433099098176573 0.67056 6.543844049475119 1.3797477503330375
20411 10890796 0.92537125689177 0.002003671051825709 0.36576 6.543844049475119 1.3797477503330375
20412 11217673 0.3809966436813876 -2.818531383917234 0.67056 6.543844049475119 1.3797477503330375
20412 10890796 0.8949952202457593 0.0016765277830728008 0.36576 6.543844049475119 1.3797477503330375
20413 10890796 0.8646191835997487 0.0013493845143198921 0.36576 6.543844049475119 1.3797477503330375
20413 11217673 0.36830565871262844 -2.7744318752054453 0.67056 6.543844049475119 1.3797477503330375
20414 10890796 0.834243146953738 0.0010222412455669835 0.36576 6.543844049475119 1.3797477503330375
20414 11217673 0.3501203532955004 -2.6805226561826374 0.67056 6.543844049475119 1.3797477503330375
20415 10890796 0.8038671103077274 0.0006950979768140754 0.36576 6.543844049475119 1.3797477503330375
20415 11217673 0.343729434936465 -2.6334575153184963 0.67056 6.543844049475119 1.3797477503330375
20416 11217673 0.34305961300209464 -2.6069531908891825 0.67056 6.543844049475119 1.3797477503330375
20416 10890796 0.7734910736617168 0.00036795470806116675 0.36576 6.543844049475119 1.3797477503330375
20417 11217673 0.34238979106772427 -2.580448866459869 0.67056 6.543844049475119 1.3797477503330375
20417 10890796 0.7431150370157061 4.0811439308258146e-05 0.36576 6.543844049475119 1.3797477503330375
20418 11217673 0.35108724187963924 -2.477680725118159 0.67056 6.543844049475119 1.3797477503330375
20418 10890796 0.7120635315382964 0.00013965092034046167 0.381 6.543844049475119 1.3797477503330375
20419 11217673 0.36000152925916773 -2.425918922626011 0.67056 6.543844049475119 1.3797477503330375
20419 10890796 0.6810120260608867 0.0002384904013726652 0.39624000000000004 6.543844049475119 1.3797477503330375
20420 10890796 0.6341460589512142 -0.001855140350316059 0.39624000000000004 6.543844049475119 1.3797477503330375
20420 11217673 0.37153095368426853 -2.37431048617233 0.67056 6.543844049475119 1.3797477503330375
20421 11217673 0.3878421779932194 -2.32438101169689 0.67056 6.543844049475119 1.3797477503330375
20421 10890796 0.5975463592134258 0.00029066974598146444 0.39624000000000004 6.543844049475119 1.3797477503330375
20422 10890796 0.5646828725556476 0.000281158065531667 0.39624000000000004 6.543844049475119 1.3797477503330375
20422 11217673 0.40725118555889417 -2.2731270369064385 0.67056 6.543844049475119 1.3797477503330375
20423 11217673 0.43075212988528155 -2.2256631467427637 0.67056 6.543844049475119 1.3797477503330375
20423 10890796 0.5366143229488789 -0.0006813731134563059 0.40005 6.543844049475119 1.3797477503330375
20424 11217673 0.45068879589402316 -2.1954542018831926 0.67056 6.543844049475119 1.3797477503330375
20424 10890796 0.5085457733421102 -0.0016439042924442787 0.40386000000000005 6.543844049475119 1.3797477503330375
20425 11217673 0.4706254619027647 -2.1652452570236216 0.67056 6.543844049475119 1.3797477503330375
20425 10890796 0.4804772237353414 -0.0026064354714322516 0.40767000000000003 6.543844049475119 1.3797477503330375
20426 11217673 0.49056212791150633 -2.1350363121640505 0.67056 6.543844049475119 1.3797477503330375
20426 10890796 0.45240867412857266 -0.0035689666504202244 0.41148000000000007 6.543844049475119 1.3797477503330375
20427 11217673 0.5220798990392914 -2.0875043235704975 0.67056 6.543844049475119 1.3797477503330375
20427 10890796 0.4243401245218039 -0.004531497829408197 0.41529000000000005 6.543844049475119 1.3797477503330375
20428 11217673 0.5996699735342943 -2.0077089719939676 0.67056 6.543844049475119 1.3797477503330375
20428 10890796 0.3962715749150352 -0.00549402900839617 0.41910000000000003 6.543844049475119 1.3797477503330375
20429 10890796 0.36820302530826643 -0.006456560187384143 0.42291000000000006 6.543844049475119 1.3797477503330375
20429 11217673 0.6425907330688464 -1.9714953143678025 0.67056 6.543844049475119 1.3797477503330375
20430 11217673 0.6855114926033985 -1.9352816567416375 0.67056 6.543844049475119 1.3797477503330375
20430 10890796 0.3401344757014977 -0.007419091366372116 0.42672000000000004 6.543844049475119 1.3797477503330375
20431 11217673 0.7324450354701806 -1.9003786084611451 0.67056 6.543844049475119 1.3797477503330375
20431 10890796 0.3022145368864263 -0.0065928596058663635 0.42672000000000004 6.543844049475119 1.3797477503330375
20432 11217673 0.7757871678491497 -1.8672228482193012 0.67056 6.543844049475119 1.3797477503330375
20432 10890796 0.27130498616556303 -0.007414882202499834 0.42672000000000004 6.543844049475119 1.3797477503330375
20433 10890796 0.24039543544469977 -0.008236904799133304 0.42672000000000004 6.543844049475119 1.3797477503330375
20433 11217673 0.8232326402492515 -1.8372764668136095 0.67056 6.543844049475119 1.3797477503330375
20434 10890796 0.22204436219826762 -0.012754167267493483 0.42672000000000004 6.543844049475119 1.3797477503330375
20434 11217673 0.8471442777808188 -1.8225401214279935 0.67056 6.543844049475119 1.3797477503330375
20435 11217673 0.8710559153123861 -1.8078037760423775 0.67056 6.543844049475119 1.3797477503330375
20435 10890796 0.18264083909893525 -0.01646618092325014 0.42672000000000004 6.543844049475119 1.3797477503330375
20436 10890796 0.14415969755960323 -0.014637964173262935 0.42672000000000004 6.543844049475119 1.3797477503330375
20436 11217673 0.9665703090805929 -1.756057682169161 0.67056 6.543844049475119 1.3797477503330375
20437 10890796 0.11129558970640341 -0.014645378623782263 0.42672000000000004 6.543844049475119 1.3797477503330375
20437 11217673 1.0165314691379725 -1.7349929975659386 0.67056 6.543844049475119 1.3797477503330375
20438 11217673 1.0668936430667268 -1.7140590507328033 0.67056 6.543844049475119 1.3797477503330375
20438 10890796 0.08285610235554597 -0.01633244051347943 0.42672000000000004 6.543844049475119 1.3797477503330375
20439 11217673 1.1165659605083587 -1.695235991084358 0.67056 6.543844049475119 1.3797477503330375
20439 10890796 0.04854446130055634 -0.01913773998374635 0.45720000000000005 6.543844049475119 1.3797477503330375
20440 11217673 1.1663069504959267 -1.6762014709888702 0.67056 6.543844049475119 1.3797477503330375
20440 10890796 0.00974879791618355 -0.022346604247498597 0.45720000000000005 6.543844049475119 1.3797477503330375
20441 10890796 -0.017899645898827088 -0.02405820175128001 0.45720000000000005 6.543844049475119 1.3797477503330375
20441 11217673 1.1903843463534278 -1.6691119679841444 0.67056 6.543844049475119 1.3797477503330375
20442 10890796 -0.052481294029272374 -0.021166939373767152 0.45720000000000005 6.543844049475119 1.3797477503330375
20442 11217673 1.214461742210929 -1.6620224649794184 0.67056 6.543844049475119 1.3797477503330375
20443 10890796 -0.06970701341580882 -0.023597935160780875 0.45720000000000005 6.543844049475119 1.3797477503330375
20443 11217673 1.2648065573997513 -1.6482079940839502 0.67056 6.543844049475119 1.3797477503330375
20444 11217673 1.3633117185292107 -1.6278086845574273 0.67056 6.543844049475119 1.3797477503330375
20444 10890796 -0.08693273280234526 -0.0260289309477946 0.45720000000000005 6.543844049475119 1.3797477503330375
20445 10890796 -0.12030189721025453 -0.026220794155191268 0.45720000000000005 6.543844049475119 1.3797477503330375
20445 11217673 1.4147989651315218 -1.6197402550152313 0.67056 6.543844049475119 1.3797477503330375
20446 11217673 1.4402322338286588 -1.6166559229205348 0.67056 6.543844049475119 1.3797477503330375
20446 10890796 -0.14875295540155364 -0.027669594228121513 0.45720000000000005 6.543844049475119 1.3797477503330375
20447 11217673 1.4656655025257959 -1.6135715908258383 0.67056 6.543844049475119 1.3797477503330375
20447 10890796 -0.1912122599072703 -0.02442254242216088 0.45720000000000005 6.543844049475119 1.3797477503330375
20448 11217673 1.5634389780513538 -1.6051972437563582 0.67056 6.543844049475119 1.3797477503330375
20448 10890796 -0.20850474420096887 -0.024611637910633616 0.45720000000000005 6.543844049475119 1.3797477503330375
20449 11217673 1.6142361023107452 -1.599238649046878 0.67056 6.543844049475119 1.3797477503330375
20449 10890796 -0.24181628969446867 -0.024354485824620603 0.45720000000000005 6.543844049475119 1.3797477503330375
20450 10890796 -0.2812552573973488 -0.02816948621843965 0.45720000000000005 6.543844049475119 1.3797477503330375
20450 11217673 1.6619012538966638 -1.594710119655334 0.67056 6.543844049475119 1.3797477503330375
20451 10890796 -0.3148533781004248 -0.02770151560738779 0.45720000000000005 6.543844049475119 1.3797477503330375
20451 11217673 1.7095664054825823 -1.59018159026379 0.67056 6.543844049475119 1.3797477503330375
20452 11217673 1.7594668635705561 -1.5869666297069736 0.6400800000000001 6.543844049475119 1.3797477503330375
20452 10890796 -0.3548148908148516 -0.026321549527527327 0.45720000000000005 6.543844049475119 1.3797477503330375
20453 10890796 -0.3914390948047066 -0.024513525462931368 0.45720000000000005 6.543844049475119 1.3797477503330375
20453 11217673 1.806075465984094 -1.5843119811634432 0.6400800000000001 6.543844049475119 1.3797477503330375
20454 10890796 -0.4049112776502275 -0.022796557567618808 0.47244 6.543844049475119 1.3797477503330375
20454 11217673 1.8561022203666733 -1.5804367497632266 0.6400800000000001 6.543844049475119 1.3797477503330375
20455 10890796 -0.41838346049574837 -0.021079589672306248 0.48768 6.543844049475119 1.3797477503330375
20455 11217673 1.9025840458291408 -1.5784410646890357 0.6400800000000001 6.543844049475119 1.3797477503330375
20456 11217673 1.955098654775486 -1.5753775188381145 0.6400800000000001 6.543844049475119 1.3797477503330375
20456 10890796 -0.45142082447615994 -0.0216121626769247 0.48768 6.543844049475119 1.3797477503330375
20457 11217673 1.9797556036596795 -1.5746664847777039 0.6400800000000001 6.543844049475119 1.3797477503330375
20457 10890796 -0.4956426722786441 -0.02035752205651639 0.48768 6.543844049475119 1.3797477503330375
20458 10890796 -0.5467198223668279 -0.016978308650862 0.48768 6.543844049475119 1.3797477503330375
20458 11217673 2.004412552543873 -1.573955450717293 0.6400800000000001 6.543844049475119 1.3797477503330375
20459 10890796 -0.5704517838387114 -0.017573250633423326 0.48768 6.543844049475119 1.3797477503330375
20459 11217673 2.0666566439827747 -1.5723736184194141 0.6400800000000001 6.543844049475119 1.3797477503330375
20460 10890796 -0.5941837453105949 -0.018168192615984652 0.48768 6.543844049475119 1.3797477503330375
20460 11217673 2.128900735421676 -1.570791786121535 0.6400800000000001 6.543844049475119 1.3797477503330375
20461 10890796 -0.6492235448218682 -0.0153621012320809 0.48768 6.543844049475119 1.3797477503330375
20461 11217673 2.1939314405928063 -1.5688337333715503 0.6400800000000001 6.543844049475119 1.3797477503330375
20462 11217673 2.258962145763937 -1.5668756806215653 0.6400800000000001 6.543844049475119 1.3797477503330375
20462 10890796 -0.6879817928079588 -0.014373780273795128 0.48768 6.543844049475119 1.3797477503330375
20463 10890796 -0.719401707111128 -0.01403201984471672 0.48768 6.543844049475119 1.3797477503330375
20463 11217673 2.313125481950455 -1.5669178029887818 0.6248400000000001 6.543844049475119 1.3797477503330375
20464 11217673 2.3672888181369727 -1.5669599253559983 0.6096 6.543844049475119 1.3797477503330375
20464 10890796 -0.7502436800272356 -0.009205716753971999 0.48768 6.543844049475119 1.3797477503330375
20465 10890796 -0.7879235109537543 -0.007634801097207405 0.48768 6.543844049475119 1.3797477503330375
20465 11217673 2.3947150083988173 -1.5659250038838972 0.6096 6.543844049475119 1.3797477503330375
20466 11217673 2.422141198660662 -1.564890082411796 0.6096 6.543844049475119 1.3797477503330375
20466 10890796 -0.8192909144333363 -0.006316636029368827 0.50292 6.543844049475119 1.3797477503330375
20467 11217673 2.5295410717950446 -1.559646464079335 0.6096 6.543844049475119 1.3797477503330375
20467 10890796 -0.8506583179129183 -0.004998470961530249 0.5181600000000001 6.543844049475119 1.3797477503330375
20468 11217673 2.5831890397143917 -1.5571821970704216 0.6096 6.543844049475119 1.3797477503330375
20468 10890796 -0.8840603327460894 -0.0028395944988817423 0.5181600000000001 6.543844049475119 1.3797477503330375
20469 11217673 2.6368370076337393 -1.5547179300615082 0.6096 6.543844049475119 1.3797477503330375
20469 10890796 -0.9262684645522037 9.581393953447814e-05 0.5181600000000001 6.543844049475119 1.3797477503330375
20470 10890796 -0.9586178729207784 4.147618160052491e-05 0.5181600000000001 6.543844049475119 1.3797477503330375
20470 11217673 2.690073355174409 -1.5494320290881205 0.6096 6.543844049475119 1.3797477503330375
20471 10890796 -0.975050580083437 4.030346818170716e-05 0.5181600000000001 6.543844049475119 1.3797477503330375
20471 11217673 2.742381172977701 -1.542908046624186 0.6096 6.543844049475119 1.3797477503330375
20472 10890796 -1.0086813496988893 0.002858711251231688 0.5181600000000001 6.543844049475119 1.3797477503330375
20472 11217673 2.794688990780993 -1.5363840641602518 0.6096 6.543844049475119 1.3797477503330375
20473 11217673 2.847959273533429 -1.5309914179338844 0.6096 6.543844049475119 1.3797477503330375
20473 10890796 -1.0587932308507424 0.0033553902119796974 0.5181600000000001 6.543844049475119 1.3797477503330375
20474 11217673 2.9001997198424814 -1.520589766030082 0.6096 6.543844049475119 1.3797477503330375
20474 10890796 -1.092469794696926 0.006305985353763227 0.5181600000000001 6.543844049475119 1.3797477503330375
20475 10890796 -1.1137646830644061 0.006376222874193455 0.5334000000000001 6.543844049475119 1.3797477503330375
20475 11217673 2.9507900963009632 -1.5070793877791162 0.6096 6.543844049475119 1.3797477503330375
20476 11217673 3.000557247870269 -1.4879266469599368 0.6096 6.543844049475119 1.3797477503330375
20476 10890796 -1.135059571431886 0.006446460394623682 0.54864 6.543844049475119 1.3797477503330375
20477 10890796 -1.183136967231359 0.011536295600286767 0.54864 6.543844049475119 1.3797477503330375
20477 11217673 3.024792148285184 -1.4796570351201077 0.6096 6.543844049475119 1.3797477503330375
20478 10890796 -1.2143027554477517 0.014016888051668647 0.54864 6.543844049475119 1.3797477503330375
20478 11217673 3.0490270487000988 -1.4713874232802788 0.6096 6.543844049475119 1.3797477503330375
20479 11217673 3.0942657660422466 -1.4484201165821062 0.6096 6.543844049475119 1.3797477503330375
20479 10890796 -1.2407315239170746 0.017402058349651445 0.54864 6.543844049475119 1.3797477503330375
20480 11217673 3.181924190613043 -1.3964252504965564 0.57912 6.543844049475119 1.3797477503330375
20480 10890796 -1.2918048809752076 0.019850419187695673 0.54864 6.543844049475119 1.3797477503330375
20481 11217673 3.2187253590192837 -1.3663819410261897 0.57912 6.543844049475119 1.3797477503330375
20481 10890796 -1.3237023377332628 0.024440147464151546 0.54864 6.543844049475119 1.3797477503330375
20482 11217673 3.2537498737527724 -1.3338897284293918 0.57912 6.543844049475119 1.3797477503330375
20482 10890796 -1.3577502646588513 0.0235409317161189 0.54864 6.543844049475119 1.3797477503330375
20483 10890796 -1.3759670150295784 0.02555537015839976 0.54864 6.543844049475119 1.3797477503330375
20483 11217673 3.288774388486261 -1.3013975158325939 0.57912 6.543844049475119 1.3797477503330375
20484 11217673 3.303993625217385 -1.2838774408430813 0.57912 6.543844049475119 1.3797477503330375
20484 10890796 -1.3941837654003055 0.027569808600680618 0.54864 6.543844049475119 1.3797477503330375
20485 10890796 -1.4423849017145665 0.029839269019095255 0.57912 6.543844049475119 1.3797477503330375
20485 11217673 3.3192128619485093 -1.2663573658535687 0.57912 6.543844049475119 1.3797477503330375
20486 10890796 -1.4667763537759586 0.02981328960811966 0.57912 6.543844049475119 1.3797477503330375
20486 11217673 3.346649777022181 -1.2247307162509502 0.57912 6.543844049475119 1.3797477503330375
20487 10890796 -1.4911678058373508 0.029787310197144062 0.57912 6.543844049475119 1.3797477503330375
20487 11217673 3.3783799624703943 -1.1601496174097354 0.57912 6.543844049475119 1.3797477503330375
20488 11217673 3.3955664229616946 -1.115645301612478 0.57912 6.543844049475119 1.3797477503330375
20488 10890796 -1.5220445960798525 0.03451143469148252 0.57912 6.543844049475119 1.3797477503330375
20489 10890796 -1.5527664209973955 0.03427779844869247 0.57912 6.543844049475119 1.3797477503330375
20489 11217673 3.4127528834529945 -1.0711409858152208 0.57912 6.543844049475119 1.3797477503330375
20490 11217673 3.423012060216607 -1.0356193837669085 0.57912 6.543844049475119 1.3797477503330375
20490 10890796 -1.590062694960152 0.04110184129445968 0.57912 6.543844049475119 1.3797477503330375
20491 10890796 -1.6278469126410318 0.04236058396939943 0.57912 6.543844049475119 1.3797477503330375
20491 11217673 3.43327123698022 -1.0000977817185963 0.57912 6.543844049475119 1.3797477503330375
20492 10890796 -1.6595718905522332 0.047479563749007386 0.57912 6.543844049475119 1.3797477503330375
20492 11217673 3.4425112879297632 -0.9554534866978447 0.57912 6.543844049475119 1.3797477503330375
20493 10890796 -1.697866106700766 0.04908082920993209 0.57912 6.543844049475119 1.3797477503330375
20493 11217673 3.4589863912476826 -0.8630575489238002 0.54864 6.543844049475119 1.3797477503330375
20494 10890796 -1.736160322849299 0.0506820946708568 0.57912 6.543844049475119 1.3797477503330375
20494 11217673 3.4659572879632123 -0.8163878210886185 0.54864 6.543844049475119 1.3797477503330375
20495 10890796 -1.772568434757142 0.052075726219543844 0.57912 6.543844049475119 1.3797477503330375
20495 11217673 3.472928184678742 -0.7697180932534369 0.54864 6.543844049475119 1.3797477503330375
20496 11217673 3.4773534740715535 -0.7235026021662454 0.54864 6.543844049475119 1.3797477503330375
20496 10890796 -1.808976546664985 0.05346935776823089 0.57912 6.543844049475119 1.3797477503330375
20497 11217673 3.4832927642891693 -0.6767298233562562 0.54864 6.543844049475119 1.3797477503330375
20497 10890796 -1.8266311500175496 0.04837824485660655 0.57912 6.543844049475119 1.3797477503330375
20498 11217673 3.489232054506785 -0.629957044546267 0.54864 6.543844049475119 1.3797477503330375
20498 10890796 -1.8523200151255101 0.036184370515545336 0.5834742857142857 6.543844049475119 1.3797477503330375
20499 10890796 -1.8780088802334707 0.023990496174484125 0.5878285714285714 6.543844049475119 1.3797477503330375
20499 11217673 3.492532989767599 -0.5858276677284925 0.54864 6.543844049475119 1.3797477503330375
20500 11217673 3.496557508241203 -0.539481325798257 0.54864 6.543844049475119 1.3797477503330375
20500 10890796 -1.9036977453414312 0.011796621833422914 0.5921828571428571 6.543844049475119 1.3797477503330375
20501 10890796 -1.929386610449392 -0.00039725250763830017 0.5965371428571429 6.543844049475119 1.3797477503330375
20501 11217673 3.500191036124864 -0.4956940713431326 0.54864 6.543844049475119 1.3797477503330375
20502 11217673 3.4981718688654095 -0.4522231784403387 0.54864 6.543844049475119 1.3797477503330375
20502 10890796 -1.9550754755573525 -0.012591126848699515 0.6008914285714286 6.543844049475119 1.3797477503330375
20503 10890796 -1.980764340665313 -0.024785001189760722 0.6052457142857143 6.543844049475119 1.3797477503330375
20503 11217673 3.496152701605955 -0.40875228553754483 0.54864 6.543844049475119 1.3797477503330375
20504 10890796 -2.0064532057732736 -0.036978875530821936 0.6096 6.543844049475119 1.3797477503330375
20504 11217673 3.493123565278321 -0.3676968602324553 0.54864 6.543844049475119 1.3797477503330375
20505 11217673 3.4878195935184415 -0.3472174498276977 0.54864 6.543844049475119 1.3797477503330375
20505 10890796 -2.037150002104317 -0.07378997335080709 0.6096 6.543844049475119 1.3797477503330375
20506 11217673 3.482515621758562 -0.3267380394229401 0.54864 6.543844049475119 1.3797477503330375
20506 10890796 -2.050216860462438 -0.10728404724362153 0.6096 6.543844049475119 1.3797477503330375
20507 11217673 3.4728238096674833 -0.2884143836375537 0.54864 6.543844049475119 1.3797477503330375
20507 10890796 -2.0632837188205593 -0.14077812113643598 0.6096 6.543844049475119 1.3797477503330375
20508 11217673 3.4445103523401226 -0.209203080224125 0.5181600000000001 6.543844049475119 1.3797477503330375
20508 10890796 -2.0763505771786805 -0.17427219502925043 0.6096 6.543844049475119 1.3797477503330375
20509 11217673 3.4277750327123195 -0.17886015265649832 0.5181600000000001 6.543844049475119 1.3797477503330375
20509 10890796 -2.0894174355368014 -0.20776626892206487 0.6096 6.543844049475119 1.3797477503330375
20510 10890796 -2.092893604250833 -0.23513817191209277 0.6096 6.543844049475119 1.3797477503330375
20510 11217673 3.412522661018799 -0.15247627219892002 0.5181600000000001 6.543844049475119 1.3797477503330375
20511 10890796 -2.096369772964865 -0.26251007490212064 0.6096 6.543844049475119 1.3797477503330375
20511 11217673 3.3972702893252777 -0.1260923917413417 0.5181600000000001 6.543844049475119 1.3797477503330375
20512 10890796 -2.099845941678897 -0.28988197789214853 0.6096 6.543844049475119 1.3797477503330375
20512 11217673 3.367616977646464 -0.09010215673975888 0.5181600000000001 6.543844049475119 1.3797477503330375
20513 10890796 -2.101265007915739 -0.32680668380664024 0.6096 6.543844049475119 1.3797477503330375
20513 11217673 3.337963665967651 -0.054111921738176055 0.5181600000000001 6.543844049475119 1.3797477503330375
20514 10890796 -2.099044110575779 -0.37976082879315287 0.6096 6.543844049475119 1.3797477503330375
20514 11217673 3.312740289905515 -0.032095482180951346 0.5181600000000001 6.543844049475119 1.3797477503330375
20515 10890796 -2.0888744900022633 -0.42199537457995406 0.6400800000000001 6.543844049475119 1.3797477503330375
20515 11217673 3.287516913843379 -0.010079042623726636 0.5181600000000001 6.543844049475119 1.3797477503330375
20516 11217673 3.2577279598473137 0.007470173093104243 0.48768 6.543844049475119 1.3797477503330375
20516 10890796 -2.084692473409776 -0.45537760161901764 0.6400800000000001 6.543844049475119 1.3797477503330375
20517 10890796 -2.07258992965287 -0.5025673972124242 0.6400800000000001 6.543844049475119 1.3797477503330375
20517 11217673 3.227811222249282 0.021907248259015882 0.48768 6.543844049475119 1.3797477503330375
20518 10890796 -2.065440183481706 -0.54860431380264 0.6400800000000001 6.543844049475119 1.3797477503330375
20518 11217673 3.195713847618185 0.03238361377020768 0.48768 6.543844049475119 1.3797477503330375
20519 10890796 -2.0622664699869278 -0.5714915221387389 0.6400800000000001 6.543844049475119 1.3797477503330375
20519 11217673 3.165231293527535 0.03964630582065873 0.48768 6.543844049475119 1.3797477503330375
20520 10890796 -2.048128071177337 -0.6140892648903516 0.6400800000000001 6.543844049475119 1.3797477503330375
20520 11217673 3.134241786229355 0.04263561293526805 0.48768 6.543844049475119 1.3797477503330375
20521 11217673 3.1029667099040523 0.04747050120036808 0.48768 6.543844049475119 1.3797477503330375
20521 10890796 -2.0348918000046936 -0.653470825711868 0.6400800000000001 6.543844049475119 1.3797477503330375
20522 11217673 3.0707834099386178 0.04816297764185204 0.45720000000000005 6.543844049475119 1.3797477503330375
20522 10890796 -2.02375395223923 -0.6927500925328101 0.6400800000000001 6.543844049475119 1.3797477503330375
20523 10890796 -2.004879894649995 -0.7368965773373599 0.6400800000000001 6.543844049475119 1.3797477503330375
20523 11217673 3.0383477613400833 0.04876280465359481 0.45720000000000005 6.543844049475119 1.3797477503330375
20524 10890796 -1.9931302034721385 -0.762764017977964 0.6400800000000001 6.543844049475119 1.3797477503330375
20524 11217673 3.005912112741549 0.04936263166533758 0.45720000000000005 6.543844049475119 1.3797477503330375
20525 10890796 -1.981380512294282 -0.788631458618568 0.6400800000000001 6.543844049475119 1.3797477503330375
20525 11217673 2.977359348636697 0.04349685102744713 0.45720000000000005 6.543844049475119 1.3797477503330375
20526 11217673 2.945596785191862 0.038678940874305096 0.45720000000000005 6.543844049475119 1.3797477503330375
20526 10890796 -1.965926974226689 -0.8255831919715146 0.6400800000000001 6.543844049475119 1.3797477503330375
20527 10890796 -1.9470231975898435 -0.8644812181612556 0.6400800000000001 6.543844049475119 1.3797477503330375
20527 11217673 2.9151771347111293 0.03634319120316551 0.45720000000000005 6.543844049475119 1.3797477503330375
20528 11217673 2.900315310644836 0.0324333922476667 0.45720000000000005 6.543844049475119 1.3797477503330375
20528 10890796 -1.926329347073043 -0.9027962267505779 0.67056 6.543844049475119 1.3797477503330375
20529 10890796 -1.9099084492206158 -0.9367925551107944 0.67056 6.543844049475119 1.3797477503330375
20529 11217673 2.885453486578543 0.028523593292167887 0.45720000000000005 6.543844049475119 1.3797477503330375
20530 10890796 -1.885414646984758 -0.9827762546335822 0.67056 6.543844049475119 1.3797477503330375
20530 11217673 2.85649923389965 0.022789266074594167 0.45720000000000005 6.543844049475119 1.3797477503330375
20531 10890796 -1.8633799921375591 -1.0335636728803606 0.67056 6.543844049475119 1.3797477503330375
20531 11217673 2.8267228647304457 0.022696998612802916 0.45720000000000005 6.543844049475119 1.3797477503330375
20532 10890796 -1.8429265535527357 -1.072617317744327 0.67056 6.543844049475119 1.3797477503330375
20532 11217673 2.768612367802526 0.018771089288276727 0.42672000000000004 6.543844049475119 1.3797477503330375
20533 11217673 2.754692707281917 0.018292119353200964 0.42672000000000004 6.543844049475119 1.3797477503330375
20533 10890796 -1.8252550110534413 -1.1071390176296125 0.67056 6.543844049475119 1.3797477503330375
20534 11217673 2.7407730467613076 0.0178131494181252 0.42672000000000004 6.543844049475119 1.3797477503330375
20534 10890796 -1.8072018438717106 -1.1497303689533862 0.67056 6.543844049475119 1.3797477503330375
20535 11217673 2.683322284850666 0.024069259610125987 0.42672000000000004 6.543844049475119 1.3797477503330375
20535 10890796 -1.7868511127676905 -1.189100529361449 0.67056 6.543844049475119 1.3797477503330375
20536 11217673 2.6531542578860563 0.02141870825581174 0.42672000000000004 6.543844049475119 1.3797477503330375
20536 10890796 -1.7711550362402926 -1.2269482769628866 0.67056 6.543844049475119 1.3797477503330375
20537 10890796 -1.7451268623447962 -1.2777555410985209 0.67056 6.543844049475119 1.3797477503330375
20537 11217673 2.6197764374788406 0.019816190246866566 0.42672000000000004 6.543844049475119 1.3797477503330375
20538 11217673 2.586754002239715 0.018214602607594083 0.42672000000000004 6.543844049475119 1.3797477503330375
20538 10890796 -1.7410620030401138 -1.2897754722612733 0.67056 6.543844049475119 1.3797477503330375
20539 10890796 -1.7369971437354315 -1.3017954034240258 0.67056 6.543844049475119 1.3797477503330375
20539 11217673 2.5727130756534184 0.016548952482200285 0.42672000000000004 6.543844049475119 1.3797477503330375
20540 10890796 -1.7085518030148303 -1.3560800671432536 0.67056 6.543844049475119 1.3797477503330375
20540 11217673 2.558672149067122 0.014883302356806488 0.42672000000000004 6.543844049475119 1.3797477503330375
20541 11217673 2.525949024370581 0.015286975648094753 0.42672000000000004 6.543844049475119 1.3797477503330375
20541 10890796 -1.693336176875145 -1.3937702102620109 0.7010400000000001 6.543844049475119 1.3797477503330375
20542 11217673 2.493373432710362 0.013423063211615988 0.42672000000000004 6.543844049475119 1.3797477503330375
20542 10890796 -1.6722517701724826 -1.4352488419940914 0.7010400000000001 6.543844049475119 1.3797477503330375
20543 10890796 -1.6621016054584914 -1.4694128980087549 0.7010400000000001 6.543844049475119 1.3797477503330375
20543 11217673 2.4277654088401794 0.012648449577578519 0.42672000000000004 6.543844049475119 1.3797477503330375
20544 11217673 2.3984829103860736 0.014616178160052201 0.41148000000000007 6.543844049475119 1.3797477503330375
20544 10890796 -1.6420005734374332 -1.5084666542395875 0.7010400000000001 6.543844049475119 1.3797477503330375
20545 10890796 -1.6174380273974733 -1.5708275143835595 0.7010400000000001 6.543844049475119 1.3797477503330375
20545 11217673 2.369200411931968 0.016583906742525883 0.39624000000000004 6.543844049475119 1.3797477503330375
20546 10890796 -1.600104598335171 -1.613999863722159 0.7010400000000001 6.543844049475119 1.3797477503330375
20546 11217673 2.3370650811790123 0.013350345277231224 0.39624000000000004 6.543844049475119 1.3797477503330375
20547 10890796 -1.5873818226581002 -1.6457333972154549 0.7010400000000001 6.543844049475119 1.3797477503330375
20547 11217673 2.304929750426057 0.010116783811936564 0.39624000000000004 6.543844049475119 1.3797477503330375
20548 10890796 -1.5714652635292292 -1.6840024717377406 0.7010400000000001 6.543844049475119 1.3797477503330375
20548 11217673 2.274945893292699 0.009393441336789626 0.39624000000000004 6.543844049475119 1.3797477503330375
20549 11217673 2.2435887869110225 0.012623217174822204 0.39624000000000004 6.543844049475119 1.3797477503330375
20549 10890796 -1.561649582194076 -1.7156614967254407 0.7010400000000001 6.543844049475119 1.3797477503330375
20550 11217673 2.2126176491722114 0.010236552182076336 0.39624000000000004 6.543844049475119 1.3797477503330375
20550 10890796 -1.5518339008589226 -1.7473205217131407 0.7010400000000001 6.543844049475119 1.3797477503330375
20551 10890796 -1.5384987930662837 -1.786965114502398 0.7010400000000001 6.543844049475119 1.3797477503330375
20551 11217673 2.1959332029847847 0.00809132572070742 0.39624000000000004 6.543844049475119 1.3797477503330375
20552 11217673 2.1792487567973584 0.005946099259338505 0.39624000000000004 6.543844049475119 1.3797477503330375
20552 10890796 -1.5267952896478543 -1.8180145044831775 0.7010400000000001 6.543844049475119 1.3797477503330375
20553 11217673 2.1465251459781496 0.00635152143191528 0.39624000000000004 6.543844049475119 1.3797477503330375
20553 10890796 -1.5131538860222358 -1.8616146313629127 0.7010400000000001 6.543844049475119 1.3797477503330375
20554 11217673 2.0781285243284073 0.003569910005549154 0.39624000000000004 6.543844049475119 1.3797477503330375
20554 10890796 -1.497605729174828 -1.9146007092865702 0.73152 6.543844049475119 1.3797477503330375
20555 10890796 -1.4943930547215742 -1.9373823958576588 0.73152 6.543844049475119 1.3797477503330375
20555 11217673 2.0502443012821185 0.005199169947106258 0.39624000000000004 6.543844049475119 1.3797477503330375
20556 11217673 2.0223600782358293 0.006828429888663362 0.39624000000000004 6.543844049475119 1.3797477503330375
20556 10890796 -1.4727336211325202 -1.9934179701431256 0.73152 6.543844049475119 1.3797477503330375
20557 11217673 2.004863473028917 0.007635702306000247 0.39624000000000004 6.543844049475119 1.3797477503330375
20557 10890796 -1.4590670406782988 -2.035857578670012 0.73152 6.543844049475119 1.3797477503330375
20558 11217673 1.9873668678220051 0.008442974723337132 0.39624000000000004 6.543844049475119 1.3797477503330375
20558 10890796 -1.443862633587625 -2.0898991263503883 0.73152 6.543844049475119 1.3797477503330375
20559 11217673 1.9267836810331855 0.013274541706207676 0.39624000000000004 6.543844049475119 1.3797477503330375
20559 10890796 -1.4298132791225326 -2.1162237503565686 0.73152 6.543844049475119 1.3797477503330375
20560 11217673 1.8957086626942456 0.010572567827500767 0.39624000000000004 6.543844049475119 1.3797477503330375
20560 10890796 -1.41069316404248 -2.1786721496971864 0.73152 6.543844049475119 1.3797477503330375
20561 10890796 -1.4016057376855753 -2.2003366230795223 0.73152 6.543844049475119 1.3797477503330375
20561 11217673 1.863856118275943 0.010928360832271056 0.39624000000000004 6.543844049475119 1.3797477503330375
20562 10890796 -1.3925183113286705 -2.222001096461858 0.73152 6.543844049475119 1.3797477503330375
20562 11217673 1.847563085655803 0.011342924682997066 0.39624000000000004 6.543844049475119 1.3797477503330375
20563 10890796 -1.379033281137419 -2.2639134564234693 0.73152 6.543844049475119 1.3797477503330375
20563 11217673 1.831270053035663 0.011757488533723076 0.39624000000000004 6.543844049475119 1.3797477503330375
20564 10890796 -1.3596425116048778 -2.307873343391053 0.73152 6.543844049475119 1.3797477503330375
20564 11217673 1.7982119807046268 0.010054001499409437 0.36576 6.543844049475119 1.3797477503330375
20565 11217673 1.7716459205190018 0.01137055328863354 0.36576 6.543844049475119 1.3797477503330375
20565 10890796 -1.3460083734409845 -2.3504184000271633 0.73152 6.543844049475119 1.3797477503330375
20566 10890796 -1.3189932376283016 -2.4118252214367066 0.73152 6.543844049475119 1.3797477503330375
20566 11217673 1.7134007343655835 0.015206601420687416 0.36576 6.543844049475119 1.3797477503330375
20567 10890796 -1.3039653990414612 -2.448750335183739 0.762 6.543844049475119 1.3797477503330375
20567 11217673 1.6847327131201997 0.011719309899163227 0.36576 6.543844049475119 1.3797477503330375
20568 10890796 -1.2857083050040667 -2.492105345596197 0.762 6.543844049475119 1.3797477503330375
20568 11217673 1.652558952971947 0.01218088483700816 0.36576 6.543844049475119 1.3797477503330375
20569 11217673 1.6227009348197567 0.012119875859356727 0.36576 6.543844049475119 1.3797477503330375
20569 10890796 -1.2689564467393042 -2.538706778504971 0.762 6.543844049475119 1.3797477503330375
20570 11217673 1.5929231261246481 0.012032783101181915 0.36576 6.543844049475119 1.3797477503330375
20570 10890796 -1.2496671285389136 -2.5829831178530243 0.762 6.543844049475119 1.3797477503330375
20571 10890796 -1.234374881104147 -2.620461553101691 0.762 6.543844049475119 1.3797477503330375
20571 11217673 1.562248824746097 0.009201218889804727 0.36576 6.543844049475119 1.3797477503330375
20572 10890796 -1.2207588905208147 -2.646760215008471 0.762 6.543844049475119 1.3797477503330375
20572 11217673 1.5348092699483518 0.008117008470522359 0.36576 6.543844049475119 1.3797477503330375
20573 10890796 -1.1973839335284262 -2.7030034481292944 0.762 6.543844049475119 1.3797477503330375
20573 11217673 1.5073697151506065 0.007032798051239991 0.36576 6.543844049475119 1.3797477503330375
20574 10890796 -1.1866834826877193 -2.745289455038128 0.762 6.543844049475119 1.3797477503330375
20574 11217673 1.4855032809047106 0.0066984920463842995 0.35052 6.543844049475119 1.3797477503330375
20575 11217673 1.4636368466588145 0.006364186041528608 0.33528 6.543844049475119 1.3797477503330375
20575 10890796 -1.1820538985522984 -2.757492901862876 0.762 6.543844049475119 1.3797477503330375
20576 10890796 -1.1774243144168774 -2.7696963486876243 0.762 6.543844049475119 1.3797477503330375
20576 11217673 1.431020495371432 0.0057446540098921445 0.33528 6.543844049475119 1.3797477503330375
20577 11217673 1.3984041440840493 0.005125121978255681 0.33528 6.543844049475119 1.3797477503330375
20577 10890796 -1.1542023703144129 -2.8318475075341927 0.762 6.543844049475119 1.3797477503330375
20578 10890796 -1.1419701256001262 -2.8814101566248054 0.762 6.543844049475119 1.3797477503330375
20578 11217673 1.368259319665087 0.0052755895527205054 0.33528 6.543844049475119 1.3797477503330375
20579 11217673 1.3509869507066607 0.004959704944729536 0.33528 6.543844049475119 1.3797477503330375
20579 10890796 -1.1297467645608885 -2.928282681236889 0.762 6.543844049475119 1.3797477503330375
20580 11217673 1.3337145817482345 0.004643820336738565 0.33528 6.543844049475119 1.3797477503330375
20580 10890796 -1.1172470837883715 -2.9743107789080065 0.762 6.543844049475119 1.3797477503330375
20581 11217673 1.3164422127898083 0.004327935728747595 0.33528 6.543844049475119 1.3797477503330375
20581 10890796 -1.1083562337559798 -3.015070098302078 0.762 6.543844049475119 1.3797477503330375
20582 10890796 -1.0995526757983713 -3.050660270230757 0.762 6.543844049475119 1.3797477503330375
20582 11217673 1.264831892062115 0.00401402025464731 0.33528 6.543844049475119 1.3797477503330375
20583 11217673 1.242232428484308 0.004971270287837122 0.33528 6.543844049475119 1.3797477503330375
20583 10890796 -1.0857066763877248 -3.0925717781709263 0.762 6.543844049475119 1.3797477503330375
20584 11217673 1.2196329649065007 0.005928520321026934 0.33528 6.543844049475119 1.3797477503330375
20584 10890796 -1.0771416342057538 -3.139766902525547 0.762 6.543844049475119 1.3797477503330375
20585 10890796 -1.0731011967651882 -3.179057405001034 0.7924800000000001 6.543844049475119 1.3797477503330375
20585 11217673 1.196260266428097 0.0007130968598666881 0.33528 6.543844049475119 1.3797477503330375
20586 11217673 1.1739657991295287 0.0031480481488858694 0.33528 6.543844049475119 1.3797477503330375
20586 10890796 -1.0633413608155635 -3.238910084492307 0.7924800000000001 6.543844049475119 1.3797477503330375
20587 11217673 1.1516713318309606 0.005582999437905051 0.33528 6.543844049475119 1.3797477503330375
20587 10890796 -1.0563726106145994 -3.2678834698784627 0.7924800000000001 6.543844049475119 1.3797477503330375
20588 10890796 -1.0494038604136355 -3.296856855264618 0.7924800000000001 6.543844049475119 1.3797477503330375
20588 11217673 1.1353521353656129 0.005376804712845698 0.33528 6.543844049475119 1.3797477503330375
20589 11217673 1.1190329389002651 0.005170609987786345 0.33528 6.543844049475119 1.3797477503330375
20589 10890796 -1.0411761467289413 -3.3369316042508363 0.7924800000000001 6.543844049475119 1.3797477503330375
20590 10890796 -1.0292710573599078 -3.383699196629839 0.7924800000000001 6.543844049475119 1.3797477503330375
20590 11217673 1.1027137424349176 0.004964415262726993 0.33528 6.543844049475119 1.3797477503330375
20591 11217673 1.0863945459695699 0.00475822053766764 0.33528 6.543844049475119 1.3797477503330375
20591 10890796 -1.0207217636461487 -3.423878911805534 0.7924800000000001 6.543844049475119 1.3797477503330375
20592 10890796 -1.0122067621405682 -3.4641641863593016 0.7924800000000001 6.543844049475119 1.3797477503330375
20592 11217673 1.0700753495042221 0.004552025812608287 0.33528 6.543844049475119 1.3797477503330375
20593 10890796 -0.9993034550406616 -3.497004584867751 0.82296 6.543844049475119 1.3797477503330375
20593 11217673 1.0514435192794465 0.0059659779536698765 0.33528 6.543844049475119 1.3797477503330375
20594 11217673 1.032494989111738 0.0057310796028016 0.33528 6.543844049475119 1.3797477503330375
20594 10890796 -0.9867845882952697 -3.552500971509704 0.82296 6.543844049475119 1.3797477503330375
20595 10890796 -0.9735722394597157 -3.586844152434668 0.82296 6.114015860123632 3.80656258686977
20595 11217673 1.0135464589440297 0.005496181251933324 0.33528 6.114015860123632 3.80656258686977
20596 11217673 0.9965287138897622 0.0036959429005873484 0.33528 6.114015860123632 3.80656258686977
20596 10890796 -0.9648161151783179 -3.628025745503251 0.82296 6.114015860123632 3.80656258686977
20597 11217673 0.9773669097917972 0.002128919247424088 0.33528 6.114015860123632 3.80656258686977
20597 10890796 -0.9529707028673096 -3.665193252475004 0.82296 6.114015860123632 3.80656258686977
20598 10890796 -0.9447410372261145 -3.7052680275765293 0.82296 6.114015860123632 3.80656258686977
20598 11217673 0.9611423351813674 0.002756617565017383 0.33528 6.114015860123632 3.80656258686977
20599 11217673 0.9434491183193761 0.002287042976341712 0.33528 6.114015860123632 3.80656258686977
20599 10890796 -0.9362353882335527 -3.7295442193991066 0.82296 6.114015860123632 3.80656258686977
20600 10890796 -0.9277297392409909 -3.753820411221684 0.82296 6.114015860123632 3.80656258686977
20600 11217673 0.9257559014573846 0.0018174683876660408 0.33528 6.114015860123632 3.80656258686977
20601 10890796 -0.9077397969255978 -3.80848652680443 0.82296 6.114015860123632 3.80656258686977
20601 11217673 0.9066239029963737 0.0017012300950549585 0.33528 6.114015860123632 3.80656258686977
20602 11217673 0.8874919045353629 0.001584991802443876 0.33528 6.114015860123632 3.80656258686977
20602 10890796 -0.8969490185860225 -3.8458931588106213 0.82296 6.114015860123632 3.80656258686977
20603 10890796 -0.872472252436236 -3.9001559792038 0.82296 6.114015860123632 3.80656258686977
20604 10890796 -0.853785275877039 -3.9498395047805865 0.82296 6.114015860123632 3.80656258686977
20605 10890796 -0.8389928426338578 -3.983705111700104 0.82296 6.114015860123632 3.80656258686977
20606 10890796 -0.8242004093906765 -4.017570718619621 0.82296 6.114015860123632 3.80656258686977
20607 10890796 -0.8154367529232167 -4.035622073306415 0.82296 6.114015860123632 3.80656258686977
20608 10890796 -0.7959191002964696 -4.080319349248252 0.8534400000000001 6.114015860123632 3.80656258686977
20609 10890796 -0.7678089837062352 -4.142778076407355 0.8534400000000001 6.114015860123632 3.80656258686977
20610 10890796 -0.7520494782257738 -4.181573892337884 0.8534400000000001 6.114015860123632 3.80656258686977
20611 10890796 -0.7399957949248375 -4.2126747754229825 0.8534400000000001 6.114015860123632 3.80656258686977
20612 10890796 -0.7279421116239011 -4.243775658508081 0.8534400000000001 6.114015860123632 3.80656258686977
20613 10890796 -0.6987643497707416 -4.3078675613391155 0.8534400000000001 6.114015860123632 3.80656258686977
20614 10890796 -0.6823043955723301 -4.347787343976099 0.8534400000000001 6.114015860123632 3.80656258686977
20615 10890796 -0.6658444413739187 -4.3877071266130825 0.8534400000000001 6.114015860123632 3.80656258686977
20616 10890796 -0.6493844871755072 -4.4276269092500655 0.8534400000000001 6.114015860123632 3.80656258686977
20617 10890796 -0.6315635304951267 -4.469548695618986 0.8636 6.114015860123632 3.80656258686977
20618 10890796 -0.6137425738147461 -4.5114704819879075 0.8737600000000001 6.114015860123632 3.80656258686977
20619 10890796 -0.5959216171343655 -4.553392268356828 0.88392 6.114015860123632 3.80656258686977
20620 10890796 -0.5772095301602447 -4.590230974573584 0.88392 6.114015860123632 3.80656258686977
20621 10890796 -0.5686115553663638 -4.610154974491432 0.88392 6.114015860123632 3.80656258686977
20622 10890796 -0.5600135805724828 -4.6300789744092805 0.88392 6.114015860123632 3.80656258686977
