36082 11017321 1.2398745452638233 0.003054559363017073 0.37338 5.25024726087275 2.11124935649444
36083 11017321 1.2149735851435803 0.0009084322056659572 0.37338 5.25024726087275 2.11124935649444
36084 11017321 1.1869287858682058 0.003411021087416144 0.37338 5.25024726087275 2.11124935649444
36085 11017321 1.1530692797232542 0.004425435097906119 0.37338 5.25024726087275 2.11124935649444
36086 11017321 1.1192097735783026 0.005439849108396094 0.37338 5.25024726087275 2.11124935649444
36087 11017321 1.0839446283476182 0.0049709432561806524 0.3761509090909091 5.25024726087275 2.11124935649444
36088 11017321 1.0486794831169335 0.0045020374039652115 0.3789218181818182 5.25024726087275 2.11124935649444
36089 11017321 1.013414337886249 0.00403313155174977 0.38169272727272724 5.25024726087275 2.11124935649444
36090 11017321 0.9781491926555645 0.0035642256995343288 0.38446363636363634 5.25024726087275 2.11124935649444
36091 11017321 0.94288404742488 0.003095319847318887 0.38723454545454544 5.25024726087275 2.11124935649444
36092 11017321 0.9076189021941954 0.0026264139951034456 0.39000545454545454 5.25024726087275 2.11124935649444
36093 11017321 0.8723537569635109 0.002157508142888004 0.39277636363636365 5.25024726087275 2.11124935649444
36094 11017321 0.8370886117328264 0.0016886022906725628 0.39554727272727275 5.25024726087275 2.11124935649444
36095 11017321 0.8018234665021419 0.0012196964384571215 0.3983181818181818 5.25024726087275 2.11124935649444
36096 11017321 0.7665583212714573 0.0007507905862416796 0.4010890909090909 5.25024726087275 2.11124935649444
36097 11017321 0.7312931760407728 0.0002818847340262387 0.40386 5.25024726087275 2.11124935649444
36098 11017321 0.6929387707990684 0.0019492326983618913 0.40767 5.25024726087275 2.11124935649444
36099 11017321 0.654584365557364 0.003616580662697544 0.41148 5.25024726087275 2.11124935649444
36100 11017321 0.6197021857134078 0.002864528050559423 0.41148 5.25024726087275 2.11124935649444
36101 11017321 0.5640628274635464 0.005857882843752861 0.41529000000000005 5.25024726087275 2.11124935649444
36102 11017321 0.5116549384351101 0.0065105230502004174 0.42672000000000004 5.25024726087275 2.11124935649444
36103 11017321 0.4782123952192906 0.006632264773982231 0.4305300000000001 5.25024726087275 2.11124935649444
36104 11017321 0.4447698520034711 0.006754006497764045 0.43434000000000006 5.25024726087275 2.11124935649444
36105 11017321 0.41139024301162613 0.006796983637783416 0.44958000000000004 5.25024726087275 2.11124935649444
36106 11017321 0.380866323375886 0.007425720725224377 0.44958000000000004 5.25024726087275 2.11124935649444
36107 11017321 0.3503424037401459 0.008054457812665339 0.44958000000000004 5.25024726087275 2.11124935649444
36108 11017321 0.3096591822796471 0.009053647587118796 0.455295 5.25024726087275 2.11124935649444
36109 11017321 0.2689759608191483 0.010052837361572253 0.46101000000000003 5.25024726087275 2.11124935649444
36110 11017321 0.2344215325872424 0.010918702328338553 0.466725 5.25024726087275 2.11124935649444
36111 11017321 0.1998671043553365 0.011784567295104853 0.47243999999999997 5.25024726087275 2.11124935649444
36112 11017321 0.17333569538246973 0.014847789889137653 0.47243999999999997 5.25024726087275 2.11124935649444
36113 11017321 0.11530367802982078 0.016640280574379912 0.48006 5.25024726087275 2.11124935649444
36114 11017321 0.09913489254424146 0.016083271651273295 0.48006 5.25024726087275 2.11124935649444
36115 11017321 0.054769697179094856 0.016213363436451966 0.48768 5.25024726087275 2.11124935649444
36116 11017321 0.01812724151163858 0.019252286530012243 0.489585 5.25024726087275 2.11124935649444
36117 11017321 -0.018515214155817694 0.02229120962357252 0.49149 5.25024726087275 2.11124935649444
36118 11017321 -0.0708551111223501 0.023159262285649435 0.50292 5.25024726087275 2.11124935649444
36119 11017321 -0.10466867807944091 0.02568294644046462 0.50292 5.25024726087275 2.11124935649444
36120 11017321 -0.12830546729013909 0.028093220311498607 0.50292 5.25024726087275 2.11124935649444
36121 11017321 -0.15194225650083726 0.030503494182532592 0.50292 5.25024726087275 2.11124935649444
36122 11017321 -0.20406496812483366 0.03679259415242822 0.51054 5.25024726087275 2.11124935649444
36123 11017321 -0.2378559522204562 0.03904671621247505 0.5143500000000001 5.25024726087275 2.11124935649444
36124 11017321 -0.2716469363160787 0.04130083827252187 0.5181600000000001 5.25024726087275 2.11124935649444
36125 11017321 -0.30531518809150715 0.04596862209994684 0.52197 5.25024726087275 2.11124935649444
36126 11017321 -0.3389834398669356 0.050636405927371814 0.52578 5.25024726087275 2.11124935649444
36127 11017321 -0.38168006065849225 0.05723355886809964 0.5334 5.25024726087275 2.11124935649444
36128 11017321 -0.42422987309423466 0.0615631826466595 0.5334 5.25024726087275 2.11124935649444
36129 11017321 -0.46144753113349857 0.0659024268970672 0.53721 5.25024726087275 2.11124935649444
36130 11017321 -0.4986651891727625 0.0702416711474749 0.54102 5.25024726087275 2.11124935649444
36131 11017321 -0.5371122717318251 0.07217914789793936 0.54102 5.25024726087275 2.11124935649444
36132 11017321 -0.5691919436876625 0.07729261922399602 0.54864 5.25024726087275 2.11124935649444
36133 11017321 -0.6254824795885068 0.08985438560169859 0.54864 5.25024726087275 2.11124935649444
36134 11017321 -0.6624112025542785 0.09643681058501427 0.54864 5.25024726087275 2.11124935649444
36135 11017321 -0.7059492500532236 0.10997057884155989 0.55626 5.25024726087275 2.11124935649444
36136 11017321 -0.7452680354263457 0.1228261195407361 0.55626 5.25024726087275 2.11124935649444
36137 11017321 -0.7755358462884132 0.13891479163132106 0.56388 5.25024726087275 2.11124935649444
36138 11017321 -0.8154688220394142 0.15641132609464722 0.56388 5.25024726087275 2.11124935649444
36139 11017321 -0.8572791547710119 0.17685868712786132 0.56388 5.25024726087275 2.11124935649444
36140 11017321 -0.8950616898613097 0.19984489154958798 0.56388 5.25024726087275 2.11124935649444
36141 11017321 -0.9148553203937188 0.21455408278710364 0.56388 5.25024726087275 2.11124935649444
36142 11017321 -0.9346489509261278 0.2292632740246193 0.56388 5.25024726087275 2.11124935649444
36143 11017321 -0.9774594158411067 0.25751606844104613 0.5715 5.25024726087275 2.11124935649444
36144 11017321 -1.012014273778905 0.2849389584202192 0.57912 5.25024726087275 2.11124935649444
36145 11017321 -1.046603412897661 0.3122564658427949 0.57912 5.25024726087275 2.11124935649444
36146 11017321 -1.0827455575612386 0.33482442942694823 0.57912 5.25024726087275 2.11124935649444
36147 11017321 -1.1372645790517752 0.3718145976193915 0.57912 5.25024726087275 2.11124935649444
36148 11017321 -1.1711111107338785 0.39596917846647883 0.57912 5.25024726087275 2.11124935649444
36149 11017321 -1.19366406382561 0.4084856181243708 0.57912 5.25024726087275 2.11124935649444
36150 11017321 -1.2479451111254842 0.4421276601997045 0.58674 5.25024726087275 2.11124935649444
36151 11017321 -1.2764877062857491 0.45601921009725926 0.59055 5.25024726087275 2.11124935649444
36152 11017321 -1.305030301446014 0.469910759994814 0.59436 5.25024726087275 2.11124935649444
36153 11017321 -1.3261591579651946 0.48406506176673103 0.59436 5.25024726087275 2.11124935649444
36154 11017321 -1.3719975207422166 0.5095725292224843 0.59436 5.25024726087275 2.11124935649444
36155 11017321 -1.440526031959566 0.5471753318181839 0.59436 5.25024726087275 2.11124935649444
36156 11017321 -1.4788150396241873 0.565891413754002 0.59436 5.25024726087275 2.11124935649444
36157 11017321 -1.526464496008758 0.5912914890726985 0.59436 5.25024726087275 2.11124935649444
36158 11017321 -1.5572087730180524 0.6068685661006972 0.596265 5.25024726087275 2.11124935649444
36159 11017321 -1.5879530500273467 0.6224456431286958 0.5981700000000001 5.25024726087275 2.11124935649444
36160 11017321 -1.6265258087533165 0.6407006266059723 0.6000750000000001 5.25024726087275 2.11124935649444
36161 11017321 -1.6650985674792864 0.6589556100832489 0.6019800000000001 5.25024726087275 2.11124935649444
36162 11017321 -1.711806643301241 0.6845166560027863 0.6019800000000001 5.25024726087275 2.11124935649444
36163 11017321 -1.7550468929612373 0.70438687794814 0.6019800000000001 5.25024726087275 2.11124935649444
36164 11017321 -1.7988262716157506 0.723966423620467 0.6019800000000001 5.25024726087275 2.11124935649444
36165 11017321 -1.8441592776368976 0.7387967072889401 0.6019800000000001 5.25024726087275 2.11124935649444
36166 11017321 -1.8822528574010182 0.7567504658808573 0.6019800000000001 5.25024726087275 2.11124935649444
36167 11017321 -1.9348231176561337 0.7793237953624139 0.6096 5.25024726087275 2.11124935649444
36168 11017321 -1.974119922381971 0.7976717943240677 0.6019800000000001 5.25024726087275 2.11124935649444
36169 11017321 -2.035900516664938 0.8178845881862071 0.6096 5.25024726087275 2.11124935649444
36170 11017321 -2.088138092042416 0.840116719998671 0.6096 5.25024726087275 2.11124935649444
36171 11017321 -2.1274527991226204 0.8529799811188672 0.61722 5.25024726087275 2.11124935649444
36172 11017321 -2.1963319263680843 0.8813590712002124 0.61722 5.25024726087275 2.11124935649444
36173 11017321 -2.2189354875335274 0.8882876512572516 0.61722 5.25024726087275 2.11124935649444
36174 11017321 -2.2871339566712736 0.9106028788335057 0.6248400000000001 5.25024726087275 2.11124935649444
36175 11017321 -2.3367404418438813 0.9273024561339681 0.6248400000000001 5.25024726087275 2.11124935649444
36176 11017321 -2.3725211948415934 0.9414646798984696 0.6248400000000001 5.25024726087275 2.11124935649444
36177 11017321 -2.4083019478393055 0.9556269036629711 0.6248400000000001 5.25024726087275 2.11124935649444
36178 11017321 -2.452429971546814 0.9700672803501319 0.6248400000000001 5.25024726087275 2.11124935649444
36179 11017321 -2.4803732411521295 0.9796789231659111 0.63246 5.25024726087275 2.11124935649444
36180 11017321 -2.555791732720998 1.0043597795824792 0.6248400000000001 5.25024726087275 2.11124935649444
36181 11017321 -2.594441360604182 1.0165409158649563 0.63246 5.25024726087275 2.11124935649444
36182 11017321 -2.644097386289995 1.038517167741134 0.63246 5.25024726087275 2.11124935649444
36183 11017321 -2.6941620384856586 1.0549021298169938 0.6400800000000001 5.25024726087275 2.11124935649444
36184 11017321 -2.733308484461573 1.0726216279382184 0.6400800000000001 5.25024726087275 2.11124935649444
36185 11017321 -2.787589505172325 1.0913220683924734 0.6400800000000001 5.25024726087275 2.11124935649444
36186 11017321 -2.8392294422714404 1.1126639369466078 0.6400800000000001 5.25024726087275 2.11124935649444
36187 11017321 -2.886323906416558 1.1288962120278347 0.6400800000000001 5.25024726087275 2.11124935649444
36188 11017321 -2.9371111158587633 1.1447016846482714 0.6400800000000001 5.25024726087275 2.11124935649444
36189 11017321 -3.0042784575829797 1.1728800790242964 0.6400800000000001 5.25024726087275 2.11124935649444
36190 11017321 -3.01695484954519 1.1770294619071695 0.6400800000000001 5.25024726087275 2.11124935649444
36191 11017321 -3.0296312415074 1.1811788447900429 0.6400800000000001 5.25024726087275 2.11124935649444
36192 11017321 -3.1171381505646223 1.2147894451778551 0.6400800000000001 5.25024726087275 2.11124935649444
36193 11017321 -3.162214576777667 1.2324374176409323 0.6400800000000001 5.25024726087275 2.11124935649444
36194 11017321 -3.2072910029907113 1.2500853901040094 0.6400800000000001 5.25024726087275 2.11124935649444
36195 11017321 -3.254115747104981 1.2698544581299596 0.6400800000000001 5.537098811094331 1.1674788656664163
36196 11017321 -3.3014662132011425 1.2907307927087637 0.6400800000000001 5.537098811094331 1.1674788656664163
36197 11017321 -3.3520924064229902 1.3140821210932356 0.6477 5.537098811094331 1.1674788656664163
36198 11017321 -3.404204625672281 1.3404910937960157 0.65532 5.537098811094331 1.1674788656664163
36199 11017321 -3.4776842566949835 1.3710919247970244 0.6477 5.537098811094331 1.1674788656664163
36200 11017321 -3.4989732882066757 1.3820350243490414 0.6477 5.537098811094331 1.1674788656664163
36201 11017321 -3.553005460072222 1.4123457582085661 0.6477 5.537098811094331 1.1674788656664163
36202 11017321 -3.6072566886961495 1.433848079791769 0.6477 5.537098811094331 1.1674788656664163
36203 11017321 -3.658010056864896 1.4633199452685608 0.6477 5.537098811094331 1.1674788656664163
36204 11017321 -3.706997979956676 1.484618853214647 0.6477 5.537098811094331 1.1674788656664163
36205 11017321 -3.7484592917070447 1.5088287399016327 0.6477 5.537098811094331 1.1674788656664163
36206 11017321 -3.796792673375757 1.5304983288002005 0.6477 5.537098811094331 1.1674788656664163
36207 11017321 -3.8441902899777727 1.5566528197743321 0.6400800000000001 5.537098811094331 1.1674788656664163
