10119 11322591 -1.0376323683921636 -4.405555683769411 1.12776 2.6800637823521534 2.4052100301063666
10120 11322591 -0.9842147481417667 -4.37534615089736 1.12776 2.6800637823521534 2.4052100301063666
10121 11322591 -0.9322048748526799 -4.339652763896124 1.12776 2.6800637823521534 2.4052100301063666
10122 11322591 -0.8839268256684898 -4.307763280290673 1.12776 2.6800637823521534 2.4052100301063666
10123 11322591 -0.8338792874979493 -4.271545079251195 1.12776 2.6800637823521534 2.4052100301063666
10124 11322591 -0.7874502894219998 -4.232800694376635 1.12776 2.6800637823521534 2.4052100301063666
10125 11322591 -0.7410212913460503 -4.194056309502077 1.12776 2.6800637823521534 2.4052100301063666
10126 11322591 -0.6982011508116388 -4.155475996972146 1.12776 2.6800637823521534 2.4052100301063666
10127 11322591 -0.6546666575691298 -4.111988606221074 1.12776 2.6800637823521534 2.4052100301063666
10128 11322591 -0.6135660928840538 -4.070509659259847 1.12776 2.6800637823521534 2.4052100301063666
10129 11322591 -0.5845264462934066 -4.037385739296823 1.12776 2.6800637823521534 2.4052100301063666
10130 11322591 -0.5554867997027594 -4.004261819333799 1.12776 2.6800637823521534 2.4052100301063666
10131 11322591 -0.4997822682216042 -3.937121072322267 1.12776 2.6800637823521534 2.4052100301063666
10132 11322591 -0.4630913075484753 -3.8914555525808163 1.12776 2.6800637823521534 2.4052100301063666
10133 11322591 -0.42640034687534634 -3.8457900328393655 1.12776 2.6800637823521534 2.4052100301063666
10134 11322591 -0.39292620643312914 -3.7977298699535655 1.12776 2.6800637823521534 2.4052100301063666
10135 11322591 -0.35945206599091195 -3.749669707067765 1.12776 2.6800637823521534 2.4052100301063666
10136 11322591 -0.32723910695651015 -3.7000291610439424 1.12776 2.6800637823521534 2.4052100301063666
10137 11322591 -0.2950263596280107 -3.650388507654157 1.12776 2.6800637823521534 2.4052100301063666
10138 11322591 -0.26309084470314015 -3.6032274033945666 1.12776 2.6800637823521534 2.4052100301063666
10139 11322591 -0.23059186999370684 -3.5537970134122596 1.12776 2.6800637823521534 2.4052100301063666
10140 11322591 -0.20395550036490273 -3.5049045237735403 1.12776 2.6800637823521534 2.4052100301063666
10141 11322591 -0.17254649341807182 -3.4550011179591653 1.12776 2.6800637823521534 2.4052100301063666
10142 11322591 -0.1411374864712409 -3.4050977121447903 1.12776 2.6800637823521534 2.4052100301063666
10143 11322591 -0.1129841694073177 -3.35156043523467 1.12776 2.6800637823521534 2.4052100301063666
10144 11322591 -0.08544455473530392 -3.3003538318691303 1.12776 2.6800637823521534 2.4052100301063666
10145 11322591 -0.05790494006329013 -3.2491472285035905 1.12776 2.6800637823521534 2.4052100301063666
10146 11322591 -0.030365325391276343 -3.1979406251380507 1.12776 2.6800637823521534 2.4052100301063666
10147 11322591 -0.00019599480379128842 -3.1477488823873463 1.12776 2.6800637823521534 2.4052100301063666
10148 11322591 0.02723235845642069 -3.096427981171376 1.12776 2.6800637823521534 2.4052100301063666
10149 11322591 0.052183243390195866 -3.0445313229132487 1.12776 2.6800637823521534 2.4052100301063666
10150 11322591 0.07961132834716378 -2.9932102977294566 1.12776 2.6800637823521534 2.4052100301063666
10151 11322591 0.10247477188016296 -2.9406316486466237 1.12776 2.6800637823521534 2.4052100301063666
10152 11322591 0.12841354043342845 -2.8862538864149605 1.12776 2.6800637823521534 2.4052100301063666
10153 11322591 0.15051813086401578 -2.8359974526682463 1.12776 2.6800637823521534 2.4052100301063666
10154 11322591 0.17553746161505268 -2.783889439237039 1.12776 2.6800637823521534 2.4052100301063666
10155 11322591 0.20193609782801458 -2.7275590236460183 1.12776 2.6800637823521534 2.4052100301063666
10156 11322591 0.22385727670589184 -2.6767753396077647 1.12776 2.6800637823521534 2.4052100301063666
10157 11322591 0.24900230724403488 -2.6248251707897525 1.12776 2.6800637823521534 2.4052100301063666
10158 11322591 0.2741473377821779 -2.57287500197174 1.12776 2.6800637823521534 2.4052100301063666
10159 11322591 0.2999474173147816 -2.518919137295532 1.12776 2.6800637823521534 2.4052100301063666
10160 11322591 0.3228100742020321 -2.466340134702602 1.12776 2.6800637823521534 2.4052100301063666
10161 11322591 0.34624817437744193 -2.410911667430961 1.12776 2.6800637823521534 2.4052100301063666
10162 11322591 0.37199086325197467 -2.356586542328458 1.12776 2.6800637823521534 2.4052100301063666
10163 11322591 0.39442874040522385 -2.3042192142860025 1.12776 2.6800637823521534 2.4052100301063666
10164 11322591 0.417383778087126 -2.2502684497064935 1.12776 2.6800637823521534 2.4052100301063666
10165 11322591 0.4403388157690281 -2.1963176851269846 1.12776 2.6800637823521534 2.4052100301063666
10166 11322591 0.4638564614539826 -2.14132403663698 1.12776 2.6800637823521534 2.4052100301063666
10167 11322591 0.4873741071389371 -2.0863303881469757 1.12776 2.6800637823521534 2.4052100301063666
10168 11322591 0.5100298240124785 -2.033566879643449 1.12776 2.6800637823521534 2.4052100301063666
10169 11322591 0.5337194034266238 -1.9784541373835498 1.12776 2.6800637823521534 2.4052100301063666
10170 11322591 0.5579124542378433 -1.9247909245019592 1.12776 2.6800637823521534 2.4052100301063666
10171 11322591 0.5821055050490627 -1.8711277116203688 1.12776 2.6800637823521534 2.4052100301063666
10172 11322591 0.6053013550297193 -1.8164377706434847 1.12776 2.6800637823521534 2.4052100301063666
10173 11322591 0.6286005451717779 -1.761431100591757 1.12776 2.6800637823521534 2.4052100301063666
10174 11322591 0.6518997353138365 -1.7064244305400291 1.12776 2.6800637823521534 2.4052100301063666
10175 11322591 0.6728254204083772 -1.6505255548577114 1.12776 2.6800637823521534 2.4052100301063666
10176 11322591 0.696514457928046 -1.5954125672888262 1.12776 2.6800637823521534 2.4052100301063666
10177 11322591 0.719824697090583 -1.5406431241273317 1.12776 2.6800637823521534 2.4052100301063666
10178 11322591 0.740784714088736 -1.4846386169868786 1.09728 2.6800637823521534 2.4052100301063666
10179 11322591 0.7645537954593636 -1.4295517499631485 1.09728 2.6800637823521534 2.4052100301063666
10180 11322591 0.7877835647681195 -1.3747559924114021 1.09728 2.6800637823521534 2.4052100301063666
10181 11322591 0.8099472835797394 -1.319144674747496 1.09728 2.6800637823521534 2.4052100301063666
10182 11322591 0.8321110023913594 -1.2635333570835898 1.09728 2.6800637823521534 2.4052100301063666
10183 11322591 0.8529328413232233 -1.2079509723502577 1.09728 2.6800637823521534 2.4052100301063666
10184 11322591 0.8738236102462891 -1.152157449333178 1.09728 2.6800637823521534 2.4052100301063666
10185 11322591 0.8971564757118051 -1.097044850180674 1.09728 2.6800637823521534 2.4052100301063666
10186 11322591 0.9204893411773212 -1.0419322510281699 1.09728 2.6800637823521534 2.4052100301063666
10187 11322591 0.941379961710477 -0.9861386574508638 1.09728 2.6800637823521534 2.4052100301063666
10188 11322591 0.964913256171626 -0.931091505199739 1.09728 2.6800637823521534 2.4052100301063666
10189 11322591 0.988446550632775 -0.8760443529486144 1.09728 2.6800637823521534 2.4052100301063666
10190 11322591 1.0075141577315685 -0.8346671526353373 1.09728 2.6800637823521534 2.4052100301063666
10191 11322591 1.026581764830362 -0.7932899523220603 1.09728 2.6800637823521534 2.4052100301063666
10192 11322591 1.0562903141298956 -0.7227363438566063 1.09728 2.6800637823521534 2.4052100301063666
10193 11322591 1.0859988634294295 -0.6521827353911523 1.09728 2.6800637823521534 2.4052100301063666
10194 11322591 1.1116351534998417 -0.5981729704112362 1.09728 2.6800637823521534 2.4052100301063666
10195 11322591 1.1356569308331954 -0.5409488331842285 1.09728 2.6800637823521534 2.4052100301063666
10196 11322591 1.1477367455748309 -0.5121256264738883 1.09728 2.6800637823521534 2.4052100301063666
10197 11322591 1.1598165603164663 -0.48330241976354804 1.09728 2.6800637823521534 2.4052100301063666
10198 11322591 1.2082954488855173 -0.36887947717019953 1.09728 2.6800637823521534 2.4052100301063666
10199 11322591 1.2317075158169966 -0.3137926174956289 1.09728 2.6800637823521534 2.4052100301063666
10200 11322591 1.257629719462191 -0.25999300062102226 1.09728 2.6800637823521534 2.4052100301063666
10201 11322591 1.2841618361057159 -0.20323834794807075 1.09728 2.6800637823521534 2.4052100301063666
10202 11322591 1.3098662705719846 -0.1490170938119452 1.09728 2.6800637823521534 2.4052100301063666
10203 11322591 1.3365068629868526 -0.0924730750629863 1.09728 2.6800637823521534 2.4052100301063666
10204 11322591 1.3631474554017207 -0.0359290563140274 1.09728 2.6800637823521534 2.4052100301063666
10205 11322591 1.3919305246145859 0.018746911454509227 1.09728 2.6800637823521534 2.4052100301063666
10206 11322591 1.4207135938274509 0.07342287922304586 1.09728 2.6800637823521534 2.4052100301063666
10207 11322591 1.450272898540979 0.1312916304328507 1.09728 2.6800637823521534 2.4052100301063666
10208 11322591 1.4822353323873427 0.18346884167102417 1.09728 2.6800637823521534 2.4052100301063666
10209 11322591 1.5141977662337067 0.23564605290919766 1.09728 2.6800637823521534 2.4052100301063666
10210 11322591 1.5468137349482922 0.2884665879816519 1.09728 2.6800637823521534 2.4052100301063666
10211 11322591 1.5794297036628777 0.3412871230541062 1.09728 2.6800637823521534 2.4052100301063666
10212 11322591 1.6120456723774632 0.39410765812656046 1.09728 2.6800637823521534 2.4052100301063666
10212 11226599 -4.085227432553251 0.02291375209142496 0.6477 2.6800637823521534 2.4052100301063666
10213 11226599 -4.046382206388296 0.023515743301354947 0.6477 2.6800637823521534 2.4052100301063666
10213 11322591 1.6454057004743141 0.4459453470247907 1.09728 2.6800637823521534 2.4052100301063666
10214 11322591 1.6807714532706102 0.4971279411884678 1.09728 2.6800637823521534 2.4052100301063666
10214 11226599 -4.010492423402817 0.01848364498567187 0.6477 2.6800637823521534 2.4052100301063666
10215 11226599 -3.974602640417338 0.013451546669988795 0.6477 2.6800637823521534 2.4052100301063666
10215 11322591 1.7182211933343383 0.5451766019656247 1.09728 2.6800637823521534 2.4052100301063666
10216 11322591 1.7562912736946967 0.5951255291601228 1.09728 2.6800637823521534 2.4052100301063666
10216 11226599 -3.922509637816616 0.007029143454115067 0.6477 2.6800637823521534 2.4052100301063666
10217 11322591 1.7933392568892712 0.643305545644289 1.09728 2.6800637823521534 2.4052100301063666
10217 11226599 -3.87519672838137 0.002288961574208631 0.6477 2.6800637823521534 2.4052100301063666
10218 11322591 1.8302395564394454 0.6937535315458973 1.09728 2.6800637823521534 2.4052100301063666
10218 11226599 -3.842327724472808 0.002277919308917603 0.6400800000000001 2.6800637823521534 2.4052100301063666
10219 11322591 1.8671398559896195 0.7442015174475055 1.09728 2.6800637823521534 2.4052100301063666
10219 11226599 -3.7950839901312357 -0.0026728011796125772 0.6400800000000001 2.6800637823521534 2.4052100301063666
10220 11322591 1.9079029234730531 0.7939720718171925 1.09728 2.6800637823521534 2.4052100301063666
10220 11226599 -3.7429565520265102 -0.008988343566544682 0.63246 2.6800637823521534 2.4052100301063666
10221 11226599 -3.6932498372241067 -0.015913215884136994 0.63246 2.6800637823521534 2.4052100301063666
10221 11322591 1.9467813043537812 0.8385171264252452 1.09728 2.6800637823521534 2.4052100301063666
10222 11322591 2.016304427680309 0.9263246499858406 1.09728 2.6800637823521534 2.4052100301063666
10222 11226599 -3.644733418866405 -0.02104589954894301 0.6248400000000001 2.6800637823521534 2.4052100301063666
10223 11322591 2.056123960828679 0.9734831453625389 1.09728 2.6800637823521534 2.4052100301063666
10223 11226599 -3.598069299819417 -0.030479517828018304 0.6248400000000001 2.6800637823521534 2.4052100301063666
10224 11226599 -3.545700088457486 -0.03605483589893091 0.6248400000000001 2.6800637823521534 2.4052100301063666
10224 11322591 2.0959434939770496 1.0206416407392371 1.09728 2.6800637823521534 2.4052100301063666
10225 11226599 -3.497880174410735 -0.047385151431741074 0.6248400000000001 2.6800637823521534 2.4052100301063666
10225 11322591 2.129299970830518 1.0575278917167474 1.09728 2.6800637823521534 2.4052100301063666
10226 11226599 -3.471269214002248 -0.052941069553050585 0.62103 2.6800637823521534 2.4052100301063666
10226 11322591 2.159903256804105 1.092509640538192 1.09728 2.6800637823521534 2.4052100301063666
10227 11226599 -3.4446582535937607 -0.058496987674360096 0.61722 2.6800637823521534 2.4052100301063666
10227 11322591 2.1996415784916046 1.1396949168655974 1.09728 2.6800637823521534 2.4052100301063666
10228 11322591 2.2585836697048896 1.203272094633131 1.09728 2.6800637823521534 2.4052100301063666
10228 11226599 -3.3925308863204684 -0.06480994263721498 0.6096 2.6800637823521534 2.4052100301063666
10229 11226599 -3.3196781270754228 -0.07837369669185015 0.6019800000000001 2.6800637823521534 2.4052100301063666
10229 11322591 2.2810296012487434 1.2312218762357359 1.09728 2.6800637823521534 2.4052100301063666
10230 11226599 -3.272079032795159 -0.08332044016460852 0.6019800000000001 2.6800637823521534 2.4052100301063666
10230 11322591 2.3204333317972696 1.2771148586303132 1.09728 2.6800637823521534 2.4052100301063666
10231 11322591 2.359837062345796 1.3230078410248904 1.09728 2.6800637823521534 2.4052100301063666
10231 11226599 -3.2201186245175606 -0.09448503351782125 0.59436 2.6800637823521534 2.4052100301063666
10232 11322591 2.416404960142791 1.3874776919391278 1.09728 2.6800637823521534 2.4052100301063666
10232 11226599 -3.171717108779517 -0.0996937426787218 0.59436 2.6800637823521534 2.4052100301063666
10233 11322591 2.455716921947058 1.4344522730082907 1.09728 2.6800637823521534 2.4052100301063666
10233 11226599 -3.1127047159663874 -0.10288317625072244 0.59436 2.6800637823521534 2.4052100301063666
10234 11226599 -3.065426711504802 -0.10772347572216204 0.58674 2.6800637823521534 2.4052100301063666
10234 11322591 2.4973651718281573 1.478794848789933 1.09728 2.6800637823521534 2.4052100301063666
10235 11226599 -3.0117451706685676 -0.1092842839185634 0.58674 2.6800637823521534 2.4052100301063666
10235 11322591 2.5285986501069413 1.5162582943210257 1.09728 2.6800637823521534 2.4052100301063666
10236 11322591 2.5554316232633862 1.5486752499468168 1.09728 2.6800637823521534 2.4052100301063666
10236 11226599 -2.9644327130648813 -0.11401836732123397 0.57912 2.6800637823521534 2.4052100301063666
10237 11322591 2.5822645964198316 1.581092205572608 1.09728 2.6800637823521534 2.4052100301063666
10237 11226599 -2.910785858554621 -0.11568395179241145 0.57912 2.6800637823521534 2.4052100301063666
10238 11226599 -2.8402346889728305 -0.1172725227609365 0.5715 2.6800637823521534 2.4052100301063666
10238 10852193 1.921040841031214 -4.770151992757537 0.7924800000000001 2.6800637823521534 2.4052100301063666
10238 11322591 2.6375557693068865 1.6432927684365968 1.09728 2.6800637823521534 2.4052100301063666
10239 11226599 -2.7865880422292566 -0.11893716752014397 0.5715 2.6800637823521534 2.4052100301063666
10239 11322591 2.677025662747545 1.6893985257276583 1.09728 2.6800637823521534 2.4052100301063666
10239 10852193 1.8806815552326495 -4.7016109408349545 0.7924800000000001 2.6800637823521534 2.4052100301063666
10240 11322591 2.716495556188203 1.7355042830187197 1.09728 2.6800637823521534 2.4052100301063666
10240 11226599 -2.7395622520501437 -0.12345916825083272 0.56388 2.6800637823521534 2.4052100301063666
10240 10852193 1.8403230997012068 -4.634704791708172 0.77724 2.6800637823521534 2.4052100301063666
10241 11322591 2.750363761476498 1.7723413797416334 1.09728 2.6800637823521534 2.4052100301063666
10241 11226599 -2.7001791039501506 -0.12717412770516792 0.56769 2.6800637823521534 2.4052100301063666
10241 10852193 1.799964644169764 -4.56779864258139 0.762 2.6800637823521534 2.4052100301063666
10242 11226599 -2.6607959558501575 -0.13088908715950312 0.5715 2.6800637823521534 2.4052100301063666
10242 10852193 1.7617407726467516 -4.502522962854411 0.762 2.6800637823521534 2.4052100301063666
10242 11322591 2.789235642852649 1.8168902977282462 1.09728 2.6800637823521534 2.4052100301063666
10243 11226599 -2.613788493478096 -0.14089591326715137 0.5715 2.6800637823521534 2.4052100301063666
10243 11322591 2.833796542146645 1.866357283387284 1.09728 2.6800637823521534 2.4052100301063666
10243 10852193 1.7183444721035896 -4.435675367936122 0.762 2.6800637823521534 2.4052100301063666
10244 11226599 -2.5588215062286723 -0.1504688973138161 0.5715 2.6800637823521534 2.4052100301063666
10244 10852193 1.6780698517530879 -4.367977124997151 0.762 2.6800637823521534 2.4052100301063666
10244 11322591 2.8783574414406408 1.9158242690463216 1.09728 2.6800637823521534 2.4052100301063666
10245 11322591 2.9185369376724415 1.962750170678649 1.09728 2.6800637823521534 2.4052100301063666
10245 11226599 -2.518723284998546 -0.15552695147391785 0.57912 2.6800637823521534 2.4052100301063666
10245 10852193 1.6356714264501264 -4.3062436018101184 0.762 2.6800637823521534 2.4052100301063666
10246 11226599 -2.452170346528832 -0.17204473732434247 0.57912 2.6800637823521534 2.4052100301063666
10246 11322591 2.9765995595855266 2.026383210237104 1.09728 2.6800637823521534 2.4052100301063666
10246 10852193 1.5951112410212693 -4.239969737668682 0.762 2.6800637823521534 2.4052100301063666
10247 11322591 3.0138435874100153 2.0656815822555776 1.09728 2.6800637823521534 2.4052100301063666
10247 10852193 1.555618936467758 -4.174510989535783 0.762 2.6800637823521534 2.4052100301063666
10247 11226599 -2.4005512546439185 -0.18098844246120452 0.57912 2.6800637823521534 2.4052100301063666
10248 11322591 3.051087615234504 2.1049799542740506 1.09728 2.6800637823521534 2.4052100301063666
10248 11226599 -2.338918468968723 -0.19788163898397051 0.57912 2.6800637823521534 2.4052100301063666
10248 10852193 1.5161266319142463 -4.109052241402883 0.762 2.6800637823521534 2.4052100301063666
10249 11226599 -2.3166915121848777 -0.201356233434601 0.58293 2.6800637823521534 2.4052100301063666
10249 11322591 3.09291402023357 2.148798470842531 1.09728 2.6800637823521534 2.4052100301063666
10249 10852193 1.4766917470162773 -4.046415114067708 0.762 2.6800637823521534 2.4052100301063666
10250 11226599 -2.2944645554010323 -0.20483082788523146 0.58674 2.6800637823521534 2.4052100301063666
10250 11322591 3.1421050491171094 2.200492621734795 1.09728 2.6800637823521534 2.4052100301063666
10250 10852193 1.4349296782957977 -3.9822000744295685 0.73152 2.6800637823521534 2.4052100301063666
10251 11322591 3.183747716612702 2.244838628189996 1.09728 2.6800637823521534 2.4052100301063666
10251 10852193 1.3972306485074117 -3.9153391999628906 0.73152 2.6800637823521534 2.4052100301063666
10251 11226599 -2.250409412045448 -0.219243959731543 0.58674 2.6800637823521534 2.4052100301063666
10252 11322591 3.211622967405188 2.273119567484322 1.09728 2.6800637823521534 2.4052100301063666
10252 10852193 1.3567447669899584 -3.8488530150996496 0.73152 2.6800637823521534 2.4052100301063666
10252 11226599 -2.195310847750706 -0.23411493373812356 0.58674 2.6800637823521534 2.4052100301063666
10253 11226599 -2.1503728087604888 -0.2488162175699388 0.58674 2.6800637823521534 2.4052100301063666
10253 11322591 3.2800132364034633 2.341208563901898 1.09728 2.6800637823521534 2.4052100301063666
10253 10852193 1.3170140621998194 -3.788220133143622 0.73152 2.6800637823521534 2.4052100301063666
10254 10852193 1.2748066306351686 -3.727011792543764 0.73152 2.6800637823521534 2.4052100301063666
10254 11322591 3.3157779064392674 2.3746239168054544 1.09728 2.6800637823521534 2.4052100301063666
10254 11226599 -2.096719450452995 -0.2640314551069548 0.58674 2.6800637823521534 2.4052100301063666
10255 11226599 -2.043695829483317 -0.27845604753289943 0.58674 2.6800637823521534 2.4052100301063666
10255 11322591 3.342204897780767 2.3984715237356418 1.09728 2.6800637823521534 2.4052100301063666
10255 10852193 1.2355146657769744 -3.6639512220012276 0.73152 2.6800637823521534 2.4052100301063666
10256 10852193 1.1896948164141268 -3.6040155942673007 0.73152 2.6800637823521534 2.4052100301063666
10256 11322591 3.3853276564945216 2.4394728053491868 1.09728 2.6800637823521534 2.4052100301063666
10256 11226599 -1.998757507464225 -0.2931563635981068 0.58674 2.6800637823521534 2.4052100301063666
10257 11226599 -1.9500764080634336 -0.31433845129770255 0.58674 2.6800637823521534 2.4052100301063666
10257 10852193 1.1483670921290055 -3.5442025316852748 0.73152 2.6800637823521534 2.4052100301063666
10257 11322591 3.4284504152082764 2.4804740869627313 1.09728 2.6800637823521534 2.4052100301063666
10258 10852193 1.1070393678438841 -3.4843894691032493 0.73152 2.6800637823521534 2.4052100301063666
10258 11322591 3.4728273971124217 2.521241369119326 1.09728 2.6800637823521534 2.4052100301063666
10258 11226599 -1.886471924317749 -0.33280704894095636 0.58674 2.6800637823521534 2.4052100301063666
10259 11322591 3.517204379016567 2.5620086512759204 1.09728 2.6800637823521534 2.4052100301063666
10259 10852193 1.0649050049910056 -3.422968866208799 0.7010400000000001 2.6800637823521534 2.4052100301063666
10259 11226599 -1.8615307185077579 -0.3448209260349929 0.58674 2.6800637823521534 2.4052100301063666
10260 11226599 -1.8365895126977667 -0.3568348031290295 0.58674 2.6800637823521534 2.4052100301063666
10260 11322591 3.573299310091884 2.608763379945081 1.09728 2.6800637823521534 2.4052100301063666
10260 10852193 1.0243526258098168 -3.3648680319757047 0.7010400000000001 2.6800637823521534 2.4052100301063666
10261 11226599 -1.77237424168666 -0.38321339338386884 0.57912 2.6800637823521534 2.4052100301063666
10261 11322591 3.6137523677189374 2.645672080796024 1.09728 2.6800637823521534 2.4052100301063666
10261 10852193 0.9872501236143606 -3.3036875790215 0.7010400000000001 2.6800637823521534 2.4052100301063666
10262 10852193 0.9501476214189044 -3.242507126067295 0.7010400000000001 2.6800637823521534 2.4052100301063666
10262 11322591 3.6542054253459906 2.682580781646967 1.09728 2.6800637823521534 2.4052100301063666
10262 11226599 -1.7042153006039953 -0.4111148415078446 0.58674 2.6800637823521534 2.4052100301063666
10263 10852193 0.9100924423423341 -3.181529988788597 0.7010400000000001 2.6800637823521534 2.4052100301063666
10263 11322591 3.7080649236011647 2.7306498791089897 1.09728 2.6800637823521534 2.4052100301063666
10263 11226599 -1.6641000488739353 -0.4324139235073845 0.58674 2.6800637823521534 2.4052100301063666
10264 11322591 3.76412348856815 2.7773003966599386 1.09728 2.6800637823521534 2.4052100301063666
10264 11226599 -1.6119298196079377 -0.4521640090541762 0.58674 2.6800637823521534 2.4052100301063666
10264 10852193 0.8921596321888332 -3.1493888798964846 0.7010400000000001 2.6800637823521534 2.4052100301063666
10265 11226599 -1.5597423256603038 -0.4772938241053436 0.57912 2.6800637823521534 2.4052100301063666
10265 10852193 0.8742268220353324 -3.117247771004372 0.7010400000000001 2.6800637823521534 2.4052100301063666
10265 11322591 3.809954824901922 2.8198133741043443 1.09728 2.6800637823521534 2.4052100301063666
10266 11322591 3.846963042718829 2.8502540980171744 1.09728 2.6800637823521534 2.4052100301063666
10266 11226599 -1.5139659682816908 -0.5030137316560005 0.57912 2.6800637823521534 2.4052100301063666
10266 10852193 0.8073146997003645 -2.9902559799735227 0.7010400000000001 2.6800637823521534 2.4052100301063666
10267 11322591 3.883971260535736 2.8806948219300046 1.09728 2.6800637823521534 2.4052100301063666
10267 10852193 0.7762681108603804 -2.927546452498279 0.67056 2.6800637823521534 2.4052100301063666
10267 11226599 -1.4686396814660807 -0.5208748358298201 0.57912 2.6800637823521534 2.4052100301063666
10268 10852193 0.7452222516252942 -2.8648368186202786 0.67056 2.6800637823521534 2.4052100301063666
10268 11226599 -1.4006931855809308 -0.5559472185029393 0.57912 2.6800637823521534 2.4052100301063666
10268 11322591 3.9299834227802233 2.921046434367744 1.09728 2.6800637823521534 2.4052100301063666
10269 11322591 3.974847331979838 2.9589694010878147 1.09728 2.6800637823521534 2.4052100301063666
10269 10852193 0.7234888067969691 -2.8150982045041166 0.67056 2.6800637823521534 2.4052100301063666
10269 11226599 -1.3727695926953325 -0.5683501880948068 0.57912 2.6800637823521534 2.4052100301063666
10270 11322591 4.020308570566999 2.999267495232583 1.09728 2.6800637823521534 2.4052100301063666
10270 11226599 -1.3467494782077305 -0.5805978525539406 0.57912 2.6800637823521534 2.4052100301063666
10270 10852193 0.7017553619686442 -2.7653595903879546 0.67056 2.6800637823521534 2.4052100301063666
10271 10852193 0.664117149122252 -2.6654490565517595 0.67056 2.6800637823521534 2.4052100301063666
10271 11322591 4.065527055408652 3.03719181978949 1.09728 2.6800637823521534 2.4052100301063666
10271 11226599 -1.3207293637201285 -0.5928455170130745 0.57912 2.6800637823521534 2.4052100301063666
10272 11322591 4.102929878995335 3.0688477907330087 1.11252 2.6800637823521534 2.4052100301063666
10272 11226599 -1.2731122059840045 -0.6140246648643436 0.57912 2.6800637823521534 2.4052100301063666
10272 10852193 0.6443645695580063 -2.5975482310410003 0.67056 2.6800637823521534 2.4052100301063666
10273 11322591 4.1403327025820165 3.1005037616765274 1.12776 2.6800637823521534 2.4052100301063666
10273 10852193 0.6246119899937604 -2.529647405530241 0.67056 2.6800637823521534 2.4052100301063666
10273 11226599 -1.2080051997499341 -0.6458295513983076 0.57912 2.6800637823521534 2.4052100301063666
10274 10852193 0.6116387809952606 -2.4796149659129014 0.67056 2.6800637823521534 2.4052100301063666
10274 11322591 4.196386991447775 3.1471573590507584 1.12776 2.6800637823521534 2.4052100301063666
10274 11226599 -1.1148268048469792 -0.6923036438202113 0.58674 2.6800637823521534 2.4052100301063666
10275 11226599 -1.0919548133107355 -0.705214930515329 0.58674 2.6800637823521534 2.4052100301063666
10275 11322591 4.268061103621123 3.2090389532612997 1.12776 2.6800637823521534 2.4052100301063666
10275 10852193 0.5986655719967607 -2.4295825262955613 0.67056 2.6800637823521534 2.4052100301063666
10276 11226599 -1.0690828217744917 -0.7181262172104467 0.58674 2.6800637823521534 2.4052100301063666
10276 11322591 4.306648456316903 3.2402504316231826 1.12776 2.6800637823521534 2.4052100301063666
10276 10852193 0.5816552050413146 -2.347039114570374 0.6553200000000001 2.6800637823521534 2.4052100301063666
10277 11322591 4.345235809012685 3.2714619099850655 1.12776 2.6800637823521534 2.4052100301063666
10277 11226599 -1.0031719936671093 -0.7501916109167589 0.58674 2.6800637823521534 2.4052100301063666
10277 10852193 0.5646448380858686 -2.2644957028451875 0.6400800000000001 2.6800637823521534 2.4052100301063666
10278 11322591 4.395554783623677 3.314147507912409 1.12776 2.6800637823521534 2.4052100301063666
10278 11226599 -0.9402461900934758 -0.7859536731892213 0.59436 2.6800637823521534 2.4052100301063666
10278 10852193 0.5577546362104367 -2.194486940358575 0.6400800000000001 2.6800637823521534 2.4052100301063666
10279 10852193 0.5500373379174408 -2.127011652592061 0.6400800000000001 2.6800637823521534 2.4052100301063666
10279 11226599 -0.9019487705683984 -0.8046669052157559 0.59436 2.6800637823521534 2.4052100301063666
10279 11322591 4.445873758234669 3.3568331058397534 1.12776 2.6800637823521534 2.4052100301063666
10280 11226599 -0.8561691835220473 -0.8303825489260581 0.59436 2.6800637823521534 2.4052100301063666
10280 11322591 4.483210082146897 3.3869347175760853 1.12776 2.6800637823521534 2.4052100301063666
10280 10852193 0.5463034892849961 -2.055229965032934 0.6400800000000001 2.6800637823521534 2.4052100301063666
10281 11322591 4.482932256363204 3.387225963772898 1.12776 2.6800637823521534 2.4052100301063666
10281 11226599 -0.7990325955776731 -0.8648345005194741 0.6019800000000001 2.6800637823521534 2.4052100301063666
10281 10852193 0.5491270065984191 -1.9883941163645724 0.6400800000000001 2.6800637823521534 2.4052100301063666
10282 11226599 -0.7533036688708978 -0.8961407057244356 0.6019800000000001 2.6800637823521534 2.4052100301063666
10282 11322591 4.482654430579512 3.3875172099697104 1.12776 2.6800637823521534 2.4052100301063666
10282 10852193 0.553720237113624 -1.9172297087981447 0.6400800000000001 2.6800637823521534 2.4052100301063666
10283 10852193 0.5611652675848771 -1.8520203483844175 0.6400800000000001 2.6800637823521534 2.4052100301063666
10283 11322591 4.482376604795819 3.3878084561665225 1.12776 2.6800637823521534 2.4052100301063666
10283 11226599 -0.7083769542921141 -0.9271842609099971 0.6019800000000001 2.6800637823521534 2.4052100301063666
10284 11226599 -0.6745986981523415 -0.9597236310681369 0.6019800000000001 2.6800637823521534 2.4052100301063666
10284 11322591 4.482098779012126 3.388099702363335 1.12776 2.6800637823521534 2.4052100301063666
10284 10852193 0.571868667199356 -1.7855389179715746 0.6096 2.6800637823521534 2.4052100301063666
10285 10852193 0.5902549458194297 -1.7211000473539404 0.6096 2.6800637823521534 2.4052100301063666
10285 11322591 4.481820953228433 3.3883909485601476 1.12776 2.6800637823521534 2.4052100301063666
10285 11226599 -0.6588269863582604 -0.9753358329792542 0.6019800000000001 2.6800637823521534 2.4052100301063666
10286 11322591 4.48154312744474 3.38868219475696 1.12776 2.6800637823521534 2.4052100301063666
10286 11226599 -0.6430552745641793 -0.9909480348903715 0.6019800000000001 2.6800637823521534 2.4052100301063666
10286 10852193 0.6153993262659871 -1.6604460646306007 0.6096 2.6800637823521534 2.4052100301063666
10287 10852193 0.6405437067125446 -1.5997920819072609 0.6096 2.6800637823521534 2.4052100301063666
10287 11322591 4.481265301661048 3.3889734409537726 1.12776 2.6800637823521534 2.4052100301063666
10287 11226599 -0.5939575196979707 -1.03912633741455 0.6019800000000001 2.6800637823521534 2.4052100301063666
10288 11322591 4.480987475877355 3.389264687150585 1.12776 2.6800637823521534 2.4052100301063666
10288 11226599 -0.5534698026864397 -1.0973411519393952 0.59436 2.6800637823521534 2.4052100301063666
10288 10852193 0.6762002494273196 -1.5450255074652772 0.6096 2.6800637823521534 2.4052100301063666
10289 11226599 -0.5277141631323365 -1.1381222760423484 0.59436 2.6800637823521534 2.4052100301063666
10289 11322591 4.4807096500936625 3.3895559333473972 1.12776 2.6800637823521534 2.4052100301063666
10289 10852193 0.7118567921420945 -1.4902589330232934 0.6096 2.6800637823521534 2.4052100301063666
10290 10852193 0.7573420903316743 -1.4423830664230315 0.6096 2.6800637823521534 2.4052100301063666
10290 11226599 -0.5042683098765974 -1.1843402632709303 0.59436 2.6800637823521534 2.4052100301063666
10290 11322591 4.480431824309969 3.3898471795442098 1.12776 2.6800637823521534 2.4052100301063666
10291 11322591 4.480153998526276 3.3901384257410223 1.12776 2.6800637823521534 2.4052100301063666
10291 10852193 0.805275131262134 -1.4027834426582217 0.6096 2.6800637823521534 2.4052100301063666
10291 11226599 -0.49035326769500653 -1.2186804513733296 0.59436 2.6800637823521534 2.4052100301063666
10292 10852193 0.8581253534292299 -1.3660748770309017 0.59436 2.6800637823521534 2.4052100301063666
10292 11322591 4.479876172742584 3.390429671937835 1.12776 2.6800637823521534 2.4052100301063666
10292 11226599 -0.47643822551341564 -1.2530206394757288 0.59436 2.6800637823521534 2.4052100301063666
10293 11226599 -0.46838077898066044 -1.2908787239039488 0.59055 2.6800637823521534 2.4052100301063666
10293 11322591 4.479598346958891 3.3907209181346474 1.12776 2.6800637823521534 2.4052100301063666
10293 10852193 0.9109755755963258 -1.3293663114035816 0.57912 2.6800637823521534 2.4052100301063666
10294 10852193 0.9675857735905294 -1.3015374289430175 0.57912 2.6800637823521534 2.4052100301063666
10294 11322591 4.4793205211751985 3.39101216433146 1.12776 2.6800637823521534 2.4052100301063666
10294 11226599 -0.46032333244790524 -1.3287368083321687 0.58674 2.6800637823521534 2.4052100301063666
10295 11322591 4.479042695391506 3.391303410528272 1.12776 2.6800637823521534 2.4052100301063666
10295 11226599 -0.45167632529324364 -1.3810992450351909 0.58674 2.6800637823521534 2.4052100301063666
10295 10852193 1.024195971584733 -1.2737085464824534 0.57912 2.6800637823521534 2.4052100301063666
10296 11322591 4.478764869607813 3.3915946567250845 1.12776 2.6800637823521534 2.4052100301063666
10296 10852193 1.0812918503852713 -1.2473813339487507 0.57912 2.6800637823521534 2.4052100301063666
10296 11226599 -0.44769365402949934 -1.4558873044206848 0.57912 2.6800637823521534 2.4052100301063666
10297 10852193 1.1396566418355318 -1.2261412042954538 0.57912 2.6800637823521534 2.4052100301063666
10297 11322591 4.47848704382412 3.391885902921897 1.12776 2.6800637823521534 2.4052100301063666
10297 11226599 -0.4507784722999424 -1.4816331973018648 0.57912 2.6800637823521534 2.4052100301063666
10298 11226599 -0.4700669739938481 -1.570545574293649 0.57912 2.6800637823521534 2.4052100301063666
10298 11322591 4.478209218040427 3.3921771491187096 1.12776 2.6800637823521534 2.4052100301063666
10298 10852193 1.1962107672651028 -1.2025569863275443 0.57912 2.6800637823521534 2.4052100301063666
10299 11226599 -0.4741034266982329 -1.582895431304859 0.57912 2.6800637823521534 2.4052100301063666
10299 10852193 1.2539654927691 -1.1834533849912428 0.57912 2.6800637823521534 2.4052100301063666
10299 11322591 4.4779313922567345 3.392468395315522 1.12776 2.6800637823521534 2.4052100301063666
10300 11322591 4.477653566473042 3.3927596415123347 1.12776 2.6800637823521534 2.4052100301063666
10300 10852193 1.3049172003354415 -1.1675013476038372 0.57912 2.6800637823521534 2.4052100301063666
10300 11226599 -0.4781398794026177 -1.595245288316069 0.57912 2.6800637823521534 2.4052100301063666
10301 10852193 1.360984577171414 -1.149481355993867 0.57912 2.6800637823521534 2.4052100301063666
10301 11226599 -0.4990466328727272 -1.6592112097143177 0.57912 2.6800637823521534 2.4052100301063666
10301 11322591 4.477375740689349 3.3930508877091468 1.12776 2.6800637823521534 2.4052100301063666
10302 10852193 1.4170519540073863 -1.1314613643838969 0.57912 2.6800637823521534 2.4052100301063666
10302 11226599 -0.5327447981430964 -1.7133884848428544 0.57912 2.6800637823521534 2.4052100301063666
10302 11322591 4.477097914905657 3.3933421339059593 1.12776 2.6800637823521534 2.4052100301063666
10303 11322591 4.476820089121963 3.393633380102772 1.12776 2.6800637823521534 2.4052100301063666
10303 11226599 -0.55933618971882 -1.745821488676469 0.57912 2.6800637823521534 2.4052100301063666
10303 10852193 1.4683696125810086 -1.1157448009979594 0.57912 2.6800637823521534 2.4052100301063666
10304 10852193 1.5245023821481527 -1.1016004857679607 0.57912 2.6800637823521534 2.4052100301063666
10304 11322591 4.4765422633382705 3.3939246262995844 1.12776 2.6800637823521534 2.4052100301063666
10304 11226599 -0.6038105758099508 -1.7935557204187198 0.57912 2.6800637823521534 2.4052100301063666
10305 11226599 -0.6251110630217822 -1.8084409280989375 0.57912 2.6800637823521534 2.4052100301063666
10305 10852193 1.5766468748851394 -1.083349653582434 0.57912 2.6800637823521534 2.4052100301063666
10305 11322591 4.476264437554578 3.394215872496397 1.12776 2.6800637823521534 2.4052100301063666
10306 10852193 1.6279637078476552 -1.0676319628251183 0.57912 2.6800637823521534 2.4052100301063666
10306 11322591 4.475986611770885 3.3945071186932094 1.12776 2.6800637823521534 2.4052100301063666
10306 11226599 -0.6507044730820712 -1.8269466282093485 0.57912 2.6800637823521534 2.4052100301063666
10307 11322591 4.475708785987193 3.3947983648900215 1.12776 2.6800637823521534 2.4052100301063666
10307 11226599 -0.6762978831423603 -1.8454523283197592 0.57912 2.6800637823521534 2.4052100301063666
10307 10852193 1.6784928275045932 -1.046166183667717 0.54864 2.6800637823521534 2.4052100301063666
10308 10852193 1.730935916164595 -1.0259092781250325 0.54864 2.6800637823521534 2.4052100301063666
10308 11322591 4.4754309602035 3.395089611086834 1.12776 2.6800637823521534 2.4052100301063666
10308 11226599 -0.7221809832881558 -1.8635180459748637 0.57912 2.6800637823521534 2.4052100301063666
10309 11322591 4.475153134419807 3.3953808572836466 1.12776 2.6800637823521534 2.4052100301063666
10309 11226599 -0.7655183641057393 -1.8819483510900195 0.58674 2.6800637823521534 2.4052100301063666
10309 10852193 1.781131541875317 -1.0049181954388555 0.54864 2.6800637823521534 2.4052100301063666
10310 10852193 1.8273214894769265 -0.9798734762153585 0.54864 2.6800637823521534 2.4052100301063666
10310 11322591 4.474875308636114 3.395672103480459 1.12776 2.6800637823521534 2.4052100301063666
10310 11226599 -0.7839084665772831 -1.8865688009197255 0.58674 2.6800637823521534 2.4052100301063666
10311 11322591 4.474597482852421 3.3959633496772716 1.12776 2.6800637823521534 2.4052100301063666
10311 10852193 1.8735114370785362 -0.9548287569918613 0.54864 2.6800637823521534 2.4052100301063666
10311 11226599 -0.8462964070269654 -1.8907100081459418 0.58293 2.6800637823521534 2.4052100301063666
10312 11226599 -0.9086843474766477 -1.8948512153721582 0.57912 2.6800637823521534 2.4052100301063666
10312 10852193 1.9157650510291604 -0.9247017002915261 0.54864 2.6800637823521534 2.4052100301063666
10312 11322591 4.474319657068729 3.396254595874084 1.12776 2.6800637823521534 2.4052100301063666
10313 11226599 -0.9357734035308263 -1.8918376323409436 0.57912 2.6800637823521534 2.4052100301063666
10313 11322591 4.474041831285036 3.3965458420708963 1.12776 2.6800637823521534 2.4052100301063666
10313 10852193 1.9580186649797846 -0.8945746435911909 0.54864 2.6800637823521534 2.4052100301063666
10314 11322591 4.4737640055013435 3.396837088267709 1.12776 2.6800637823521534 2.4052100301063666
10314 10852193 1.9978518721423022 -0.8650588936389311 0.54864 2.6800637823521534 2.4052100301063666
10314 11226599 -0.9921915534780787 -1.8768996349178777 0.57912 2.6800637823521534 2.4052100301063666
10315 11226599 -1.0369239351429778 -1.8642625251080658 0.57912 2.6800637823521534 2.4052100301063666
10315 11322591 4.473486179717651 3.3971283344645213 1.12776 2.6800637823521534 2.4052100301063666
10315 10852193 2.0304522800963682 -0.8304945185173355 0.54864 2.6800637823521534 2.4052100301063666
10316 10852193 2.061770007531682 -0.7930580563895412 0.54864 2.6800637823521534 2.4052100301063666
10316 11226599 -1.093775432013336 -1.8343442276182016 0.57912 2.6800637823521534 2.4052100301063666
10316 11322591 4.473208353933957 3.397419580661334 1.12776 2.6800637823521534 2.4052100301063666
10317 11226599 -1.1355143910278709 -1.8098333841972383 0.57912 2.6800637823521534 2.4052100301063666
10317 11322591 4.472930528150265 3.3977108268581464 1.12776 2.6800637823521534 2.4052100301063666
10317 10852193 2.0904620187716456 -0.7548225966704379 0.54864 2.6800637823521534 2.4052100301063666
10318 11226599 -1.1769949687387642 -1.7790976979008313 0.57912 2.6800637823521534 2.4052100301063666
10318 10852193 2.119154030011609 -0.7165871369513347 0.54864 2.6800637823521534 2.4052100301063666
10318 11322591 4.472652702366572 3.3980020730549585 1.12776 2.6800637823521534 2.4052100301063666
10319 11226599 -1.1907446148999266 -1.764087445279574 0.57912 2.6800637823521534 2.4052100301063666
10319 10852193 2.1421234732440606 -0.6788779273393405 0.54864 2.6800637823521534 2.4052100301063666
10319 11322591 4.4723748765828795 3.398293319251771 1.12776 2.6800637823521534 2.4052100301063666
10320 10852193 2.1647702350652986 -0.6435165431805472 0.54864 2.6800637823521534 2.4052100301063666
10320 11226599 -1.204494261061089 -1.7490771926583168 0.57912 2.6800637823521534 2.4052100301063666
10320 11322591 4.472097050799187 3.3985845654485836 1.12776 2.6800637823521534 2.4052100301063666
10321 10852193 2.1848715000554355 -0.6077912880534208 0.54864 2.6800637823521534 2.4052100301063666
10321 11226599 -1.2365853901444035 -1.7113630490944884 0.57912 2.6800637823521534 2.4052100301063666
10321 11322591 4.471819225015494 3.398875811645396 1.12776 2.6800637823521534 2.4052100301063666
10322 10852193 2.2046748380376906 -0.5716182881848973 0.54864 2.6800637823521534 2.4052100301063666
10322 11226599 -1.2735798194189305 -1.6560392565255893 0.57912 2.6800637823521534 2.4052100301063666
10322 11322591 4.471541399231801 3.3991670578422086 1.12776 2.6800637823521534 2.4052100301063666
10323 11322591 4.471263573448108 3.399458304039021 1.12776 2.6800637823521534 2.4052100301063666
10323 11226599 -1.2993013940892422 -1.6151495813680343 0.57912 2.6800637823521534 2.4052100301063666
10323 10852193 2.2188557363539765 -0.5322660858216037 0.54864 2.6800637823521534 2.4052100301063666
10324 11226599 -1.3173760669592116 -1.5780451381115281 0.57912 2.6800637823521534 2.4052100301063666
10324 10852193 2.233036634670262 -0.4929138834583101 0.54864 2.6800637823521534 2.4052100301063666
10324 11322591 4.4709857476644155 3.3997495502358333 1.12776 2.6800637823521534 2.4052100301063666
10325 11226599 -1.3344762016488827 -1.529809435964697 0.57912 2.6800637823521534 2.4052100301063666
10325 10852193 2.2439682258041205 -0.4512741503702111 0.54864 2.6800637823521534 2.4052100301063666
10325 11322591 4.470707921880723 3.400040796432646 1.12776 2.6800637823521534 2.4052100301063666
10326 11226599 -1.3514475637098913 -1.4675955339787314 0.57912 2.6800637823521534 2.4052100301063666
10326 10852193 2.2450471376880916 -0.4142443025736615 0.54864 2.6800637823521534 2.4052100301063666
10326 11322591 4.47043009609703 3.4003320426294583 1.12776 2.6800637823521534 2.4052100301063666
10327 11226599 -1.3593900451856415 -1.426676750398498 0.57912 2.6800637823521534 2.4052100301063666
10327 10852193 2.24146052877943 -0.37545743201491616 0.54864 2.6800637823521534 2.4052100301063666
10327 11322591 4.470152270313338 3.400623288826271 1.12776 2.6800637823521534 2.4052100301063666
10328 10852193 2.2378739198707684 -0.3366705614561708 0.54864 2.6800637823521534 2.4052100301063666
10328 11322591 4.469874444529645 3.4009145350230834 1.12776 2.6800637823521534 2.4052100301063666
10328 11226599 -1.359258805155903 -1.3751954676900007 0.58293 2.6800637823521534 2.4052100301063666
10329 10852193 2.2325237219066394 -0.29485458673034515 0.54864 2.6800637823521534 2.4052100301063666
10329 11322591 4.4695966187459515 3.401205781219896 1.12776 2.6800637823521534 2.4052100301063666
10329 11226599 -1.3591275651261643 -1.323714184981503 0.58674 2.6800637823521534 2.4052100301063666
10330 11226599 -1.355020054566405 -1.2761033824106571 0.57912 2.6800637823521534 2.4052100301063666
10330 10852193 2.2161028312545765 -0.2619234453944155 0.5181600000000001 2.6800637823521534 2.4052100301063666
10330 11322591 4.469318792962259 3.401497027416708 1.12776 2.6800637823521534 2.4052100301063666
10331 10852193 2.1970871817837914 -0.2289625768665829 0.5181600000000001 2.6800637823521534 2.4052100301063666
10331 11322591 4.469040967178566 3.4017882736135205 1.12776 2.6800637823521534 2.4052100301063666
10331 11226599 -1.3408154128344785 -1.2014170154831363 0.57912 2.6800637823521534 2.4052100301063666
10332 11226599 -1.328054362791226 -1.1596734527894517 0.57912 2.6800637823521534 2.4052100301063666
10332 10852193 2.1780715323130058 -0.1960017083387503 0.5181600000000001 2.6800637823521534 2.4052100301063666
10332 11322591 4.468763141394874 3.402079519810333 1.12776 2.6800637823521534 2.4052100301063666
10333 11226599 -1.3075612898519064 -1.1160183887384016 0.57912 2.6800637823521534 2.4052100301063666
10333 11322591 4.468485315611181 3.4023707660071456 1.12776 2.6800637823521534 2.4052100301063666
10333 10852193 2.1590558828422206 -0.1630408398109177 0.5181600000000001 2.6800637823521534 2.4052100301063666
10334 10852193 2.136324854892436 -0.1369270574777856 0.5181600000000001 2.6800637823521534 2.4052100301063666
10334 11322591 4.468207489827488 3.402662012203958 1.12776 2.6800637823521534 2.4052100301063666
10334 11226599 -1.2821236419820894 -1.070825550231336 0.57912 2.6800637823521534 2.4052100301063666
10335 10852193 2.113593826942651 -0.11081327514465353 0.5181600000000001 2.6800637823521534 2.4052100301063666
10335 11226599 -1.255277838500856 -1.0335510654560953 0.57912 2.6800637823521534 2.4052100301063666
10335 11322591 4.467929664043795 3.4029532584007707 1.12776 2.6800637823521534 2.4052100301063666
10336 11322591 4.467651838260102 3.4032445045975828 1.12776 2.6800637823521534 2.4052100301063666
10336 11226599 -1.2284320350196227 -0.9962765806808546 0.57912 2.6800637823521534 2.4052100301063666
10336 10852193 2.0888659731159587 -0.08755186057007072 0.5181600000000001 2.6800637823521534 2.4052100301063666
10337 11322591 4.46737401247641 3.4035357507943953 1.12776 2.6800637823521534 2.4052100301063666
10337 10852193 2.0577152864014527 -0.06709938818253386 0.48768 2.6800637823521534 2.4052100301063666
10337 11226599 -1.2015862315383894 -0.9590020959056139 0.57912 2.6800637823521534 2.4052100301063666
10338 10852193 2.025542499369418 -0.04923338575351974 0.48768 2.6800637823521534 2.4052100301063666
10338 11226599 -1.153375649387914 -0.9243042893027371 0.57912 2.6800637823521534 2.4052100301063666
10338 11322591 4.467096186692717 3.403826996991208 1.12776 2.6800637823521534 2.4052100301063666
10339 11226599 -1.1051650672374385 -0.8896064826998603 0.57912 2.6800637823521534 2.4052100301063666
10339 11322591 4.466818360909024 3.4041182431880204 1.12776 2.6800637823521534 2.4052100301063666
10339 10852193 1.993369712337383 -0.031367383324505616 0.48768 2.6800637823521534 2.4052100301063666
10340 10852193 1.9593462392786536 -0.020256464450937706 0.48768 2.6800637823521534 2.4052100301063666
10340 11226599 -1.056954485086963 -0.8549086760969835 0.57912 2.6800637823521534 2.4052100301063666
10340 11322591 4.466540535125332 3.404409489384833 1.12776 2.6800637823521534 2.4052100301063666
10341 10852193 1.9265936635805094 -0.011780012849877758 0.48768 2.6800637823521534 2.4052100301063666
10341 11226599 -1.0087439029364875 -0.8202108694941066 0.57912 2.6800637823521534 2.4052100301063666
10342 10852193 1.8912269560182415 -0.0031506076809466876 0.45720000000000005 2.6800637823521534 2.4052100301063666
10342 11226599 -0.9605333207860121 -0.7855130628912298 0.57912 2.6800637823521534 2.4052100301063666
10343 10852193 1.8574389952954968 0.0005241625194306321 0.45720000000000005 2.6800637823521534 2.4052100301063666
10343 11226599 -0.9166365073902358 -0.7664504229711876 0.57912 2.6800637823521534 2.4052100301063666
10344 10852193 1.8203592343455337 0.0028208965800499697 0.45720000000000005 2.6800637823521534 2.4052100301063666
10344 11226599 -0.8750328320933782 -0.7582043220683711 0.57912 2.6800637823521534 2.4052100301063666
10345 11226599 -0.8334291567965206 -0.7499582211655546 0.57912 2.6800637823521534 2.4052100301063666
10345 10852193 1.7852278729775617 0.004014188442235805 0.45720000000000005 2.6800637823521534 2.4052100301063666
10346 11226599 -0.7772808442936021 -0.7385221764177997 0.57912 2.6800637823521534 2.4052100301063666
10346 10852193 1.7510290274786393 0.0026251214146389007 0.44196 2.6800637823521534 2.4052100301063666
10347 10852193 1.7168301819797167 0.001236054387041996 0.42672000000000004 2.6800637823521534 2.4052100301063666
10347 11226599 -0.7220122342923849 -0.7352101618709567 0.57912 2.6800637823521534 2.4052100301063666
10348 11226599 -0.6894653559613273 -0.7351015778382834 0.57912 2.6800637823521534 2.4052100301063666
10348 10852193 1.6841749573720715 0.001854732570806844 0.42672000000000004 2.6800637823521534 2.4052100301063666
10349 11226599 -0.6038977374868106 -0.7434462499281015 0.57912 2.6800637823521534 2.4052100301063666
10349 10852193 1.6515980979230807 -5.323844134402789e-06 0.42672000000000004 2.6800637823521534 2.4052100301063666
10350 11226599 -0.5627543022683466 -0.7480165239133907 0.57531 2.6800637823521534 2.4052100301063666
10350 10852193 1.6158114341048178 -0.0008168676547692794 0.42672000000000004 2.6800637823521534 2.4052100301063666
10351 11226599 -0.5216108670498825 -0.7525867978986799 0.5715 2.6800637823521534 2.4052100301063666
10351 10852193 1.5839146187332385 0.002124628376255072 0.42672000000000004 2.6800637823521534 2.4052100301063666
10352 10852193 1.552061679991869 0.002481820070559429 0.42672000000000004 2.6800637823521534 2.4052100301063666
10352 11226599 -0.4780074903276763 -0.7632182581835839 0.57912 2.6800637823521534 2.4052100301063666
10353 10852193 1.5180688379341116 0.003538256747418718 0.41656000000000004 2.6800637823521534 2.4052100301063666
10353 11226599 -0.4056946118354523 -0.7811307946936018 0.57912 2.6800637823521534 2.4052100301063666
10354 10852193 1.484075995876354 0.004594693424278007 0.40640000000000004 2.6800637823521534 2.4052100301063666
10354 11226599 -0.3519582676249997 -0.7971765403801582 0.57912 2.6800637823521534 2.4052100301063666
10355 11226599 -0.30658764027843133 -0.8067488898250307 0.57912 2.6800637823521534 2.4052100301063666
10355 10852193 1.4500831538185968 0.005651130101137297 0.39624000000000004 2.6800637823521534 2.4052100301063666
10356 10852193 1.4184557026490858 0.0012622653308713983 0.39624000000000004 2.6800637823521534 2.4052100301063666
10356 11226599 -0.28211046529999284 -0.8147492659389735 0.57912 2.6800637823521534 2.4052100301063666
10357 10852193 1.3853424958889953 0.0032001178329769397 0.39624000000000004 2.6800637823521534 2.4052100301063666
10357 11226599 -0.25763329032155435 -0.8227496420529162 0.57912 2.6800637823521534 2.4052100301063666
10358 10852193 1.3522292891289047 0.005137970335082481 0.39624000000000004 2.6800637823521534 2.4052100301063666
10358 11226599 -0.18179029241191236 -0.8434491623762336 0.57912 2.6800637823521534 2.4052100301063666
10359 11226599 -0.11558479267340682 -0.8691761275000176 0.57912 2.6800637823521534 2.4052100301063666
10359 10852193 1.318849523823415 0.003541560539339683 0.39624000000000004 2.6800637823521534 2.4052100301063666
10360 11226599 -0.09352772936179088 -0.8777868292807876 0.57912 2.6800637823521534 2.4052100301063666
10360 10852193 1.2899500100065848 0.0029741090828112327 0.39624000000000004 2.6800637823521534 2.4052100301063666
10361 10852193 1.2610504961897546 0.002406657626282782 0.39624000000000004 2.5390711460496336 3.2389230595520795
10361 11226599 -0.033658347748850126 -0.8973531042352482 0.57912 2.5390711460496336 3.2389230595520795
10362 10852193 1.2321509823729244 0.0018392061697543316 0.39624000000000004 2.5390711460496336 3.2389230595520795
10362 11226599 0.0365766709438633 -0.9189043700644958 0.57912 2.5390711460496336 3.2389230595520795
10363 10852193 1.2037262051769533 0.0023630662323669213 0.39624000000000004 2.5390711460496336 3.2389230595520795
10363 11226599 0.09185923363091109 -0.938372435735937 0.57912 2.5390711460496336 3.2389230595520795
10364 10852193 1.175301427980982 0.002886926294979511 0.39624000000000004 2.5390711460496336 3.2389230595520795
10364 11226599 0.11333364684190145 -0.9446890508867908 0.57912 2.5390711460496336 3.2389230595520795
10365 10852193 1.1484708722363575 0.003941562095246015 0.39624000000000004 2.5390711460496336 3.2389230595520795
10365 11226599 0.1348080600528918 -0.9510056660376446 0.57912 2.5390711460496336 3.2389230595520795
10366 11226599 0.2030245659865053 -0.9732974263601454 0.58674 2.5390711460496336 3.2389230595520795
10366 10852193 1.1263156493236568 0.0013660583971392692 0.39624000000000004 2.5390711460496336 3.2389230595520795
10367 11226599 0.24716477314826202 -0.98772115437981 0.57912 2.5390711460496336 3.2389230595520795
10367 10852193 1.107587333211343 0.00044570309690622825 0.39624000000000004 2.5390711460496336 3.2389230595520795
10368 10852193 1.0888590170990295 -0.00047465220332681274 0.39624000000000004 2.5390711460496336 3.2389230595520795
10368 11226599 0.29612038139478747 -1.0037180563534274 0.57912 2.5390711460496336 3.2389230595520795
10369 11226599 0.3647386752383276 -1.026139370630217 0.58674 2.5390711460496336 3.2389230595520795
10369 10852193 1.0598289374320988 -0.00030744198506986106 0.41148000000000007 2.5390711460496336 3.2389230595520795
10370 10852193 1.030798857765168 -0.00014023176681290939 0.42672000000000004 2.5390711460496336 3.2389230595520795
10370 11226599 0.3940319315597042 -1.0357108391310836 0.58674 2.5390711460496336 3.2389230595520795
10371 11226599 0.4677743182734066 -1.0612072269550743 0.58674 2.5390711460496336 3.2389230595520795
10371 10852193 1.0121669956199448 0.0012738234273592663 0.42672000000000004 2.5390711460496336 3.2389230595520795
10372 11226599 0.5123966125899013 -1.075786625355323 0.58674 2.5390711460496336 3.2389230595520795
10372 10852193 0.9915508845128893 0.0020511645115410073 0.41656000000000004 2.5390711460496336 3.2389230595520795
10373 11226599 0.5487188014067266 -1.086952847778076 0.59055 2.5390711460496336 3.2389230595520795
10373 10852193 0.9709347734058338 0.0028285055957227483 0.40640000000000004 2.5390711460496336 3.2389230595520795
10374 11226599 0.5850409902235518 -1.0981190702008292 0.59436 2.5390711460496336 3.2389230595520795
10374 10852193 0.9503186622987783 0.0036058466799044897 0.39624000000000004 2.5390711460496336 3.2389230595520795
10375 11226599 0.6379976313061808 -1.1168224425165296 0.59436 2.5390711460496336 3.2389230595520795
10375 10852193 0.940526201025714 0.003534060603061643 0.39624000000000004 2.5390711460496336 3.2389230595520795
10376 10852193 0.93073373975265 0.003462274526218797 0.39624000000000004 2.5390711460496336 3.2389230595520795
10376 11226599 0.6913538151526804 -1.1381092300989506 0.59436 2.5390711460496336 3.2389230595520795
10377 11226599 0.7435351554643339 -1.1513012850685622 0.6019800000000001 2.5390711460496336 3.2389230595520795
10377 10852193 0.9209412784795857 0.00339048844937595 0.39624000000000004 2.5390711460496336 3.2389230595520795
10378 10852193 0.8958434305229358 0.006216435042404836 0.39624000000000004 2.5390711460496336 3.2389230595520795
10378 11226599 0.791387164819437 -1.172307782306142 0.6019800000000001 2.5390711460496336 3.2389230595520795
10379 10852193 0.8778647209392466 0.007183791321260909 0.39624000000000004 2.5390711460496336 3.2389230595520795
10379 11226599 0.836652221432252 -1.1870948737498794 0.6019800000000001 2.5390711460496336 3.2389230595520795
10380 10852193 0.8598860113555574 0.008151147600116981 0.39624000000000004 2.5390711460496336 3.2389230595520795
10380 11226599 0.902108988337404 -1.2069588648321234 0.6019800000000001 2.5390711460496336 3.2389230595520795
10381 10852193 0.8500900719830702 0.003991667908918403 0.39624000000000004 2.5390711460496336 3.2389230595520795
10381 11226599 0.9494454702438654 -1.2279125446549741 0.6019800000000001 2.5390711460496336 3.2389230595520795
10382 11226599 1.0002932689989559 -1.2462744551061433 0.6096 2.5390711460496336 3.2389230595520795
10382 10852193 0.8389778059747084 0.00259881358836013 0.39624000000000004 2.5390711460496336 3.2389230595520795
10383 10852193 0.8285553133963434 0.003317138933551997 0.39624000000000004 2.5390711460496336 3.2389230595520795
10383 11226599 1.050534805121737 -1.2626855694981354 0.6019800000000001 2.5390711460496336 3.2389230595520795
10384 10852193 0.8289939205601777 0.003318051166037836 0.39624000000000004 2.5390711460496336 3.2389230595520795
10384 11226599 1.1043625746494832 -1.2838891840625084 0.6096 2.5390711460496336 3.2389230595520795
10385 11226599 1.1487901307428825 -1.300152824296385 0.6019800000000001 2.5390711460496336 3.2389230595520795
10385 10852193 0.8294325277240121 0.003318963398523675 0.39624000000000004 2.5390711460496336 3.2389230595520795
10386 11226599 1.1841039574170353 -1.3116869970037028 0.6019800000000001 2.5390711460496336 3.2389230595520795
10386 10852193 0.8298711348878465 0.003319875631009514 0.39624000000000004 2.5390711460496336 3.2389230595520795
10387 10852193 0.8303097420516808 0.0033207878634953533 0.39624000000000004 2.5390711460496336 3.2389230595520795
10387 11226599 1.219417784091188 -1.3232211697110208 0.6019800000000001 2.5390711460496336 3.2389230595520795
10388 11226599 1.2491135710725896 -1.3329201488445046 0.6019800000000001 2.5390711460496336 3.2389230595520795
10388 10852193 0.8307483492155152 0.0033217000959811925 0.39624000000000004 2.5390711460496336 3.2389230595520795
10389 11226599 1.3054107543813418 -1.349554733003268 0.59436 2.5390711460496336 3.2389230595520795
10389 10852193 0.8311869563793496 0.0033226123284670313 0.39624000000000004 2.5390711460496336 3.2389230595520795
10390 10852193 0.831625563543184 0.0033235245609528705 0.39624000000000004 2.5390711460496336 3.2389230595520795
10390 11226599 1.3707671560263754 -1.3672783373980362 0.59436 2.5390711460496336 3.2389230595520795
10391 10852193 0.8320641707070183 0.0033244367934387098 0.39624000000000004 2.5390711460496336 3.2389230595520795
10391 11226599 1.4225383044115891 -1.3784618202390886 0.59436 2.5390711460496336 3.2389230595520795
10392 10852193 0.8325027778708527 0.0033253490259245485 0.39624000000000004 2.5390711460496336 3.2389230595520795
10392 11226599 1.4795032067917688 -1.3916915168796706 0.59436 2.5390711460496336 3.2389230595520795
10393 11226599 1.5272162127714826 -1.4006143512738196 0.59436 2.5390711460496336 3.2389230595520795
10393 10852193 0.8329413850346871 0.0033262612584103878 0.39624000000000004 2.5390711460496336 3.2389230595520795
10394 10852193 0.8333799921985214 0.003327173490896227 0.39624000000000004 2.5390711460496336 3.2389230595520795
10394 11226599 1.5777604317216123 -1.4117464413477865 0.58674 2.5390711460496336 3.2389230595520795
10395 10852193 0.8338185993623558 0.0033280857233820658 0.39624000000000004 2.5390711460496336 3.2389230595520795
10395 11226599 1.6283046943262705 -1.4228781689191492 0.59436 2.5390711460496336 3.2389230595520795
10396 11226599 1.7093653492331011 -1.4343951329107085 0.59436 2.5390711460496336 3.2389230595520795
10396 10852193 0.8342572065261902 0.003328997955867905 0.39624000000000004 2.5390711460496336 3.2389230595520795
10397 10852193 0.8346958136900245 0.0033299101883537442 0.39624000000000004 2.5390711460496336 3.2389230595520795
10397 11226599 1.7675492856137391 -1.4425299575764674 0.59436 2.5390711460496336 3.2389230595520795
10398 10852193 0.8351344208538589 0.0033308224208395834 0.39624000000000004 2.5390711460496336 3.2389230595520795
10398 11226599 1.8101094977182357 -1.4481911151662898 0.59436 2.5390711460496336 3.2389230595520795
10399 11226599 1.8526697098227323 -1.4538522727561125 0.59436 2.5390711460496336 3.2389230595520795
10399 10852193 0.8355730280176933 0.0033317346533254222 0.39624000000000004 2.5390711460496336 3.2389230595520795
10400 11226599 1.8761520245610834 -1.460818704506065 0.59436 2.5390711460496336 3.2389230595520795
10400 10852193 0.8360116351815277 0.0033326468858112615 0.39624000000000004 2.5390711460496336 3.2389230595520795
10401 11226599 1.9658270766608181 -1.4690708767852623 0.59436 2.5390711460496336 3.2389230595520795
10401 10852193 0.8364502423453621 0.0033335591182971007 0.39624000000000004 2.5390711460496336 3.2389230595520795
10402 10852193 0.8368888495091965 0.0033344713507829395 0.39624000000000004 2.5390711460496336 3.2389230595520795
10402 11226599 2.0179914037421667 -1.4752382513768234 0.59436 2.5390711460496336 3.2389230595520795
10403 10852193 0.8373274566730309 0.0033353835832687787 0.39624000000000004 2.5390711460496336 3.2389230595520795
10403 11226599 2.099881462348642 -1.4801293098035626 0.58674 2.5390711460496336 3.2389230595520795
10404 11226599 2.140278932118404 -1.4806237486108709 0.58928 2.5390711460496336 3.2389230595520795
10404 10852193 0.8377660638368652 0.003336295815754618 0.39624000000000004 2.5390711460496336 3.2389230595520795
10405 11226599 2.1806764018881664 -1.481118187418179 0.59182 2.5390711460496336 3.2389230595520795
10405 10852193 0.8382046710006996 0.003337208048240457 0.39624000000000004 2.5390711460496336 3.2389230595520795
10406 11226599 2.2210738716579286 -1.4816126262254872 0.59436 2.5390711460496336 3.2389230595520795
10406 10852193 0.838643278164534 0.003338120280726296 0.39624000000000004 2.5390711460496336 3.2389230595520795
10407 10852193 0.8390818853283684 0.003339032513212135 0.39624000000000004 2.5390711460496336 3.2389230595520795
10407 11226599 2.2829694392896736 -1.4756518078224774 0.59055 2.5390711460496336 3.2389230595520795
10408 10852193 0.8395204924922027 0.0033399447456979744 0.39624000000000004 2.5390711460496336 3.2389230595520795
10408 11226599 2.3448650069214185 -1.4696909894194679 0.58674 2.5390711460496336 3.2389230595520795
10409 10852193 0.8399590996560371 0.003340856978183813 0.39624000000000004 2.5390711460496336 3.2389230595520795
10409 11226599 2.4001303722431366 -1.4663545363068866 0.59436 2.5390711460496336 3.2389230595520795
10410 11226599 2.452165141870063 -1.4565895861534386 0.59436 2.5390711460496336 3.2389230595520795
10410 10852193 0.8403977068198715 0.0033417692106696524 0.39624000000000004 2.5390711460496336 3.2389230595520795
10411 11226599 2.499442983091937 -1.442351141802856 0.59436 2.5390711460496336 3.2389230595520795
10411 10852193 0.8408363139837058 0.0033426814431554916 0.39624000000000004 2.5390711460496336 3.2389230595520795
10412 10852193 0.8412749211475402 0.003343593675641331 0.39624000000000004 2.5390711460496336 3.2389230595520795
10412 11226599 2.552933776924145 -1.4324768108056734 0.59436 2.5390711460496336 3.2389230595520795
10413 11226599 2.6173279446218016 -1.404433239922463 0.59055 2.5390711460496336 3.2389230595520795
10413 10852193 0.8417135283113746 0.0033445059081271696 0.39624000000000004 2.5390711460496336 3.2389230595520795
10414 10852193 0.842152135475209 0.003345418140613009 0.39624000000000004 2.5390711460496336 3.2389230595520795
10414 11226599 2.6817221123194583 -1.3763896690392527 0.58674 2.5390711460496336 3.2389230595520795
10415 11226599 2.7099336788529707 -1.358886147029505 0.58674 2.5390711460496336 3.2389230595520795
10415 10852193 0.8425907426390433 0.003346330373098848 0.39624000000000004 2.5390711460496336 3.2389230595520795
10416 11226599 2.738145245386483 -1.3413826250197576 0.58674 2.5390711460496336 3.2389230595520795
10416 10852193 0.8430293498028777 0.003347242605584687 0.39624000000000004 2.5390711460496336 3.2389230595520795
10417 11226599 2.7663568119199953 -1.3238791030100099 0.58674 2.5390711460496336 3.2389230595520795
10417 10852193 0.8434679569667121 0.003348154838070526 0.39624000000000004 2.5390711460496336 3.2389230595520795
10418 11226599 2.8310006891613035 -1.2754733687183437 0.58674 2.5390711460496336 3.2389230595520795
10418 10852193 0.8439065641305464 0.0033490670705563653 0.39624000000000004 2.5390711460496336 3.2389230595520795
10419 10852193 0.8443451712943808 0.003349979303042204 0.39624000000000004 2.5390711460496336 3.2389230595520795
10419 11226599 2.8732809939898516 -1.230281580752944 0.58674 2.5390711460496336 3.2389230595520795
10420 10852193 0.8447837784582152 0.0033508915355280433 0.39624000000000004 2.5390711460496336 3.2389230595520795
10420 11226599 2.9082890762575495 -1.1883232848152112 0.58674 2.5390711460496336 3.2389230595520795
10421 11226599 2.93238659424281 -1.1561208041330833 0.58674 2.5390711460496336 3.2389230595520795
10421 10852193 0.8452223856220495 0.0033518037680138825 0.39624000000000004 2.5390711460496336 3.2389230595520795
10422 11226599 2.95648411222807 -1.1239183234509553 0.58674 2.5390711460496336 3.2389230595520795
10422 10852193 0.8456609927858839 0.0033527160004997217 0.39624000000000004 2.5390711460496336 3.2389230595520795
10423 11226599 2.9773665408930423 -1.077349634921308 0.57912 2.5390711460496336 3.2389230595520795
10423 10852193 0.8460995999497183 0.0033536282329855605 0.39624000000000004 2.5390711460496336 3.2389230595520795
10424 10852193 0.8465382071135527 0.0033545404654713997 0.39624000000000004 2.5390711460496336 3.2389230595520795
10424 11226599 2.991691507976868 -1.0497841608180802 0.57912 2.5390711460496336 3.2389230595520795
10425 10852193 0.846976814277387 0.003355452697957239 0.39624000000000004 2.5390711460496336 3.2389230595520795
10425 11226599 3.0195429738240698 -0.986215590610738 0.57912 2.5390711460496336 3.2389230595520795
10426 11226599 3.0454934419228064 -0.9175876252014857 0.57912 2.5390711460496336 3.2389230595520795
10426 10852193 0.8474154214412214 0.0033563649304430778 0.39624000000000004 2.5390711460496336 3.2389230595520795
10427 10852193 0.8478540286050558 0.003357277162928917 0.39624000000000004 2.5390711460496336 3.2389230595520795
10427 11226599 3.0580292104302638 -0.8682947783753822 0.57912 2.5390711460496336 3.2389230595520795
10428 10852193 0.8482926357688901 0.003358189395414756 0.39624000000000004 2.5390711460496336 3.2389230595520795
10428 11226599 3.0725003128194874 -0.8239557024486774 0.5715 2.5390711460496336 3.2389230595520795
10429 11226599 3.078073354200026 -0.7905550379986619 0.56769 2.5390711460496336 3.2389230595520795
10429 10852193 0.8487312429327245 0.0033591016279005954 0.39624000000000004 2.5390711460496336 3.2389230595520795
10430 10852193 0.8491698500965589 0.003360013860386434 0.39624000000000004 2.5390711460496336 3.2389230595520795
10430 11226599 3.0836463955805646 -0.7571543735486462 0.56388 2.5390711460496336 3.2389230595520795
10431 11226599 3.094852934558152 -0.7064931620627579 0.56388 2.5390711460496336 3.2389230595520795
10431 10852193 0.8496084572603932 0.0033609260928722734 0.39624000000000004 2.5390711460496336 3.2389230595520795
10432 10852193 0.8500470644242276 0.0033618383253581127 0.39624000000000004 2.5390711460496336 3.2389230595520795
10432 11226599 3.097211837815146 -0.6475708025811172 0.56388 2.5390711460496336 3.2389230595520795
10433 11226599 3.0958397475699977 -0.5973599284871052 0.55626 2.5390711460496336 3.2389230595520795
10433 10852193 0.850485671588062 0.0033627505578439514 0.39624000000000004 2.5390711460496336 3.2389230595520795
10434 11226599 3.0943263674654653 -0.5863526617097237 0.55626 2.5390711460496336 3.2389230595520795
10434 10852193 0.8509242787518964 0.0033636627903297907 0.39624000000000004 2.5390711460496336 3.2389230595520795
10435 11226599 3.092812987360933 -0.5753453949323423 0.55626 2.5390711460496336 3.2389230595520795
10435 10852193 0.8513628859157307 0.00336457502281563 0.39624000000000004 2.5390711460496336 3.2389230595520795
10436 11226599 3.0850379178981093 -0.5134657909644658 0.55626 2.5390711460496336 3.2389230595520795
10436 10852193 0.8518014930795651 0.003365487255301469 0.39624000000000004 2.5390711460496336 3.2389230595520795
10437 10852193 0.8522401002433995 0.003366399487787308 0.39624000000000004 2.5390711460496336 3.2389230595520795
10437 11226599 3.0667130511476994 -0.45398347897674995 0.55626 2.5390711460496336 3.2389230595520795
10438 10852193 0.852678707407234 0.003367311720273147 0.39624000000000004 2.5390711460496336 3.2389230595520795
10438 11226599 3.0535583955830723 -0.4283126839770598 0.55245 2.5390711460496336 3.2389230595520795
10439 11226599 3.040403740018445 -0.40264188897736963 0.54864 2.5390711460496336 3.2389230595520795
10439 10852193 0.8531173145710683 0.0033682239527589863 0.39624000000000004 2.5390711460496336 3.2389230595520795
10440 10852193 0.8535559217349027 0.003369136185244825 0.39624000000000004 2.5390711460496336 3.2389230595520795
10440 11226599 3.0250968177703133 -0.38152519733269685 0.54864 2.5390711460496336 3.2389230595520795
10441 10852193 0.8539945288987371 0.0033700484177306643 0.39624000000000004 2.5390711460496336 3.2389230595520795
10441 11226599 2.9600598373738487 -0.3032906074900089 0.54864 2.5390711460496336 3.2389230595520795
10442 11226599 2.94614686671751 -0.2915066176170179 0.54102 2.5390711460496336 3.2389230595520795
10442 10852193 0.8544331360625714 0.0033709606502165036 0.39624000000000004 2.5390711460496336 3.2389230595520795
10443 11226599 2.9153623766281838 -0.26884174754129403 0.53721 2.5390711460496336 3.2389230595520795
10443 10852193 0.8548717432264058 0.0033718728827023424 0.39624000000000004 2.5390711460496336 3.2389230595520795
10444 11226599 2.8845778865388576 -0.24617687746557013 0.5334 2.5390711460496336 3.2389230595520795
10445 11226599 2.8512558547845592 -0.22992601678051836 0.52578 2.5390711460496336 3.2389230595520795
10446 11226599 2.8107314775112977 -0.21669741305061616 0.5181600000000001 2.5390711460496336 3.2389230595520795
10447 11226599 2.757348145572803 -0.19389720811518432 0.5181600000000001 2.5390711460496336 3.2389230595520795
10448 11226599 2.7023797355529706 -0.1759526688220899 0.5181600000000001 2.5390711460496336 3.2389230595520795
10449 11226599 2.680518957857786 -0.1681151022056066 0.5181600000000001 2.5390711460496336 3.2389230595520795
10450 11226599 2.6586581801626012 -0.1602775355891233 0.5181600000000001 2.5390711460496336 3.2389230595520795
10451 11226599 2.6236850183944087 -0.1450050046978126 0.51054 2.5390711460496336 3.2389230595520795
10452 11226599 2.57393292842702 -0.12876230565910626 0.51054 2.5390711460496336 3.2389230595520795
10453 11226599 2.5326190434912377 -0.11387233483457496 0.50292 2.5390711460496336 3.2389230595520795
10454 11226599 2.495170960691235 -0.09638922288564414 0.50292 2.5390711460496336 3.2389230595520795
10455 11226599 2.4511165859112136 -0.08200578841900605 0.50292 2.5390711460496336 3.2389230595520795
10456 11226599 2.421827297305474 -0.07244287885795422 0.4953 2.5390711460496336 3.2389230595520795
10457 11226599 2.3776928279842497 -0.05803278496362965 0.50292 2.5390711460496336 3.2389230595520795
10458 11226599 2.334818649193604 -0.04520208196200834 0.4953 2.5390711460496336 3.2389230595520795
10459 11226599 2.283058400734243 -0.032390090285699974 0.4953 2.5390711460496336 3.2389230595520795
10460 11226599 2.2277437588521325 -0.019585277973239362 0.4953 2.5390711460496336 3.2389230595520795
10461 11226599 2.179684467441752 -0.010667826705417133 0.48768 2.5390711460496336 3.2389230595520795
10462 11226599 2.143112491918216 -0.004099316285447657 0.48768 2.5390711460496336 3.2389230595520795
10463 11226599 2.1240449577695912 -0.0034802658556967736 0.48387 2.5390711460496336 3.2389230595520795
10464 11226599 2.1049774236209666 -0.00286121542594589 0.48006 2.5390711460496336 3.2389230595520795
10465 11226599 2.0516423492518547 0.004041650528371771 0.47243999999999997 2.5390711460496336 3.2389230595520795
10466 11226599 2.0136450910777755 0.005702497953364971 0.47243999999999997 2.5390711460496336 3.2389230595520795
10467 11226599 1.970440914100415 0.005559313803998822 0.47243999999999997 2.5390711460496336 3.2389230595520795
10468 11226599 1.9303322829391476 0.005106371434683982 0.46482000000000007 2.5390711460496336 3.2389230595520795
10469 11226599 1.894669052215646 0.0039904938945759735 0.46101000000000003 2.5390711460496336 3.2389230595520795
10470 11226599 1.8590058214921443 0.0028746163544679654 0.45720000000000005 2.5390711460496336 3.2389230595520795
10471 11226599 1.8307977628018923 0.004873276838383352 0.45339000000000007 2.5390711460496336 3.2389230595520795
10472 11226599 1.8025897041116403 0.006871937322298738 0.44958000000000004 2.5390711460496336 3.2389230595520795
10473 11226599 1.774047198620631 0.0024087501506896702 0.44196 2.5390711460496336 3.2389230595520795
10474 11226599 1.71968569520482 0.001822123589528185 0.43434000000000006 2.5390711460496336 3.2389230595520795
10475 11226599 1.6857703766557472 0.004020574366927071 0.43434000000000006 2.5390711460496336 3.2389230595520795
10476 11226599 1.657550492325422 0.0019056963613223454 0.43434000000000006 2.5390711460496336 3.2389230595520795
10477 11226599 1.6077870600685196 0.0018040476589853693 0.42672000000000004 2.5390711460496336 3.2389230595520795
10478 11226599 1.5944045957214938 -1.6580615969707946e-05 0.41910000000000003 2.5390711460496336 3.2389230595520795
10479 11226599 1.5422036147752074 0.006285863041238099 0.41910000000000003 2.5390711460496336 3.2389230595520795
10480 11226599 1.5139271286153397 0.005358218239692042 0.41910000000000003 2.5390711460496336 3.2389230595520795
10481 11226599 1.4753630827709825 0.0014825079395038854 0.41910000000000003 2.5390711460496336 3.2389230595520795
10482 11226599 1.4409130366361977 0.002046026470002689 0.41529000000000005 2.5390711460496336 3.2389230595520795
10483 11226599 1.4064629905014128 0.0026095450005014925 0.41148 2.5390711460496336 3.2389230595520795
10484 11226599 1.3821885089269357 0.002244335772279525 0.41148 2.5390711460496336 3.2389230595520795
10485 11226599 1.3579140273524586 0.0018791265440575577 0.41148 2.5390711460496336 3.2389230595520795
10486 11226599 1.3127590489715528 0.0012085809482820092 0.40386 2.5390711460496336 3.2389230595520795
10487 11226599 1.2819380845859418 0.0020087288724966825 0.40386 2.5390711460496336 3.2389230595520795
10488 11226599 1.2511171202003306 0.002808876796711356 0.40386 2.5390711460496336 3.2389230595520795
10489 11226599 1.2202961558147196 0.0036090247209260296 0.40386 2.5390711460496336 3.2389230595520795
10490 11226599 1.183597682877358 0.0032725649565185644 0.39624000000000004 2.5390711460496336 3.2389230595520795
10491 11226599 1.1603964335023174 0.004562980298871884 0.39624000000000004 2.5390711460496336 3.2389230595520795
10492 11226599 1.137195184127277 0.005853395641225204 0.39624000000000004 2.5390711460496336 3.2389230595520795
10493 11226599 1.1139939347522363 0.007143810983578525 0.39624000000000004 2.5390711460496336 3.2389230595520795
10494 11226599 1.0753707649908808 0.0020042557356102775 0.40386 2.5390711460496336 3.2389230595520795
10495 11226599 1.050276280579504 0.0018495652708231947 0.40767 2.5390711460496336 3.2389230595520795
10496 11226599 1.0251817961681273 0.0016948748060361118 0.41148 2.5390711460496336 3.2389230595520795
10497 11226599 0.9984271151125484 0.002258034216088778 0.40894 2.5390711460496336 3.2389230595520795
10498 11226599 0.9716724340569697 0.002821193626141444 0.4064 2.5390711460496336 3.2389230595520795
10499 11226599 0.9449177530013908 0.00338435303619411 0.40386 2.5390711460496336 3.2389230595520795
10500 11226599 0.9068997838021235 0.0025457715634400677 0.40005 2.5390711460496336 3.2389230595520795
10501 11226599 0.8688818146028562 0.0017071900906860255 0.39624000000000004 2.5390711460496336 3.2389230595520795
10502 11226599 0.833110850775063 0.002763488203825502 0.39624000000000004 2.5390711460496336 3.2389230595520795
10503 11226599 0.7973398869472699 0.0038197863169649785 0.39624000000000004 2.5390711460496336 3.2389230595520795
10504 11226599 0.7615689231194767 0.004876084430104455 0.39624000000000004 2.5390711460496336 3.2389230595520795
10505 11226599 0.739852475901735 0.006364053764918762 0.40386 2.5390711460496336 3.2389230595520795
10506 11226599 0.6960485475492528 0.004671614134314946 0.40767 2.5390711460496336 3.2389230595520795
10507 11226599 0.6522446191967706 0.0029791745037111295 0.41148 2.5390711460496336 3.2389230595520795
10508 11226599 0.6100729422684366 0.006010990115679599 0.41148 2.5390711460496336 3.2389230595520795
10509 11226599 0.5798747606142823 0.005188973020140757 0.41148 2.5390711460496336 3.2389230595520795
10510 11226599 0.5496765789601281 0.004366955924601915 0.41148 2.5390711460496336 3.2389230595520795
10511 11226599 0.5060378821461307 0.008346043868712016 0.41148 2.5390711460496336 3.2389230595520795
10512 11226599 0.4732088061343582 0.00844251331615449 0.41148 2.5390711460496336 3.2389230595520795
10513 11226599 0.409785369700257 0.007321440558589243 0.41910000000000003 2.5390711460496336 3.2389230595520795
10514 11226599 0.36729243870379613 0.010459593137622264 0.42672000000000004 2.5390711460496336 3.2389230595520795
10515 11226599 0.3303130355786389 0.011445667870098847 0.42672000000000004 2.5390711460496336 3.2389230595520795
10516 11226599 0.30629250288940585 0.01403838809039823 0.42672000000000004 2.5390711460496336 3.2389230595520795
10517 11226599 0.2822719702001728 0.016631108310697612 0.42672000000000004 2.5390711460496336 3.2389230595520795
10518 11226599 0.22034948943722954 0.014670576133034852 0.43434000000000006 2.5390711460496336 3.2389230595520795
10519 11226599 0.18233875172413216 0.016578575084766595 0.43434000000000006 2.5390711460496336 3.2389230595520795
10520 11226599 0.14897009741413403 0.016385451534858264 0.44196 2.5390711460496336 3.2389230595520795
10521 11226599 0.10567445342974069 0.019787432594328108 0.44196 2.5390711460496336 3.2389230595520795
10522 11226599 0.06543391047955804 0.01623278236564732 0.44958000000000004 2.5390711460496336 3.2389230595520795
10523 11226599 -0.011161685728821258 0.01965401238156031 0.45720000000000005 2.5390711460496336 3.2389230595520795
10524 11226599 -0.039612462262047954 0.018204780916216107 0.45720000000000005 2.5390711460496336 3.2389230595520795
10525 11226599 -0.08508926660122673 0.019283166139957092 0.46482000000000007 2.5390711460496336 3.2389230595520795
10526 11226599 -0.10703206285603128 0.018452537333333296 0.46863 2.5390711460496336 3.2389230595520795
10527 11226599 -0.12897485911083584 0.0176219085267095 0.47243999999999997 2.5390711460496336 3.2389230595520795
10528 11226599 -0.18276500012992392 0.019081603103362016 0.47243999999999997 2.5390711460496336 3.2389230595520795
10529 11226599 -0.2225447379153509 0.01829856931881721 0.48006 2.5390711460496336 3.2389230595520795
10530 11226599 -0.26412360774545407 0.018804840656159033 0.48006 2.5390711460496336 3.2389230595520795
10531 11226599 -0.31446833146140873 0.014232236282128635 0.48768 2.5390711460496336 3.2389230595520795
10532 11226599 -0.3586183768689222 0.012308199295205297 0.48768 2.5390711460496336 3.2389230595520795
10533 11226599 -0.37942957970740343 0.01385394162811629 0.4953 2.5390711460496336 3.2389230595520795
10534 11226599 -0.4232001833988477 0.013091385653707849 0.50292 2.5390711460496336 3.2389230595520795
10535 11226599 -0.4633727656849982 0.009750830081608625 0.50292 2.5390711460496336 3.2389230595520795
10536 11226599 -0.5064687184317589 0.0072493467811839685 0.51054 2.5390711460496336 3.2389230595520795
10537 11226599 -0.5438814584055099 0.006103109810069729 0.5143500000000001 2.5390711460496336 3.2389230595520795
10538 11226599 -0.581294198379261 0.0049568728389554895 0.5181600000000001 2.5390711460496336 3.2389230595520795
10539 11226599 -0.6173168966289182 0.0007276857433815842 0.52578 2.5390711460496336 3.2389230595520795
10540 11226599 -0.6658577047988754 0.0005913471268846615 0.5334 2.5390711460496336 3.2389230595520795
10541 11226599 -0.7046433748949408 -0.002850955759536339 0.5334 2.5390711460496336 3.2389230595520795
10542 11226599 -0.7337378763182028 -0.004905092695825425 0.54102 2.5390711460496336 3.2389230595520795
10543 11226599 -0.7782942488451521 -0.010783175412493823 0.54102 2.5390711460496336 3.2389230595520795
10544 11226599 -0.820486626878927 -0.014863601998614168 0.54864 2.5390711460496336 3.2389230595520795
10545 11226599 -0.8589344977484472 -0.012924390079863152 0.54864 2.5390711460496336 3.2389230595520795
10546 11226599 -0.9000398590479128 -0.019112350910911152 0.55626 2.5390711460496336 3.2389230595520795
10547 11226599 -0.9440531270035701 -0.020610555360270816 0.56388 2.5390711460496336 3.2389230595520795
10548 11226599 -0.9556928037410266 -0.020893816426240636 0.56388 2.5390711460496336 3.2389230595520795
10549 11226599 -0.9673324804784831 -0.021177077492210455 0.56388 2.5390711460496336 3.2389230595520795
10550 11226599 -1.0366314053502645 -0.02258518399764911 0.57912 2.5390711460496336 3.2389230595520795
10551 11226599 -1.111342272727895 -0.023157640174902988 0.57912 2.5390711460496336 3.2389230595520795
10552 11226599 -1.1430474654213039 -0.02096800594315894 0.58166 2.5390711460496336 3.2389230595520795
10553 11226599 -1.1747526581147125 -0.018778371711414898 0.5841999999999999 2.5390711460496336 3.2389230595520795
10554 11226599 -1.2064578508081212 -0.01658873747967085 0.58674 2.5390711460496336 3.2389230595520795
10555 11226599 -1.23816304350153 -0.014399103247926806 0.58928 2.5390711460496336 3.2389230595520795
10556 11226599 -1.269868236194939 -0.01220946901618276 0.59182 2.5390711460496336 3.2389230595520795
10557 11226599 -1.3015734288883476 -0.010019834784438714 0.59436 2.5390711460496336 3.2389230595520795
10558 11226599 -1.3438993508844477 -0.004180963581485092 0.60198 2.5390711460496336 3.2389230595520795
10559 11226599 -1.3862252728805478 0.0016579076214685295 0.6096 2.5390711460496336 3.2389230595520795
10560 11226599 -1.4279004825767647 0.010030025232414225 0.6096 2.5390711460496336 3.2389230595520795
10561 11226599 -1.4692780146178197 0.0179545244398914 0.61722 2.5390711460496336 3.2389230595520795
10562 11226599 -1.5091197030414454 0.0251432765222602 0.61722 2.5390711460496336 3.2389230595520795
10563 11226599 -1.541148020270598 0.0358523358159448 0.6248400000000001 2.5390711460496336 3.2389230595520795
10564 11226599 -1.578043063041745 0.04254508985275793 0.63246 2.5390711460496336 3.2389230595520795
10565 11226599 -1.613350068904918 0.05409320437511897 0.6400800000000001 2.5390711460496336 3.2389230595520795
10566 11226599 -1.6498438536092703 0.060655104819939826 0.6400800000000001 2.5390711460496336 3.2389230595520795
10567 11226599 -1.7015492669687309 0.07230963944992849 0.6477 2.5390711460496336 3.2389230595520795
10568 11226599 -1.739115056869532 0.08401307154240731 0.6477 2.5390711460496336 3.2389230595520795
10569 11226599 -1.778273501924794 0.09682188705012104 0.65532 2.5390711460496336 3.2389230595520795
10570 11226599 -1.803564424928801 0.10246588718080293 0.65913 2.5390711460496336 3.2389230595520795
10571 11226599 -1.828855347932808 0.10810988731148483 0.6629400000000001 2.5390711460496336 3.2389230595520795
10572 11226599 -1.863760813044151 0.11952801588475578 0.67056 2.5390711460496336 3.2389230595520795
10573 11226599 -1.9170707923673302 0.13170911344231115 0.67056 2.5390711460496336 3.2389230595520795
10574 11226599 -1.9493599661596477 0.1395845896772315 0.6743700000000001 2.5390711460496336 3.2389230595520795
10575 11226599 -1.981649139951965 0.14746006591215186 0.6781800000000001 2.5390711460496336 3.2389230595520795
10576 11226599 -2.0245620683777528 0.15612391928447897 0.6781800000000001 2.5390711460496336 3.2389230595520795
10577 11226599 -2.05826366783794 0.16714925332553074 0.6858000000000001 2.5390711460496336 3.2389230595520795
10578 11226599 -2.090143284813581 0.1722040200989318 0.6858000000000001 2.5390711460496336 3.2389230595520795
10579 11226599 -2.125734084864601 0.178473139360996 0.6896100000000001 2.5390711460496336 3.2389230595520795
10580 11226599 -2.1613248849156212 0.18474225862306023 0.69342 2.5390711460496336 3.2389230595520795
10581 11226599 -2.1996930427044403 0.19462771568768866 0.69723 2.5390711460496336 3.2389230595520795
10582 11226599 -2.238061200493259 0.20451317275231706 0.7010400000000001 2.5390711460496336 3.2389230595520795
10583 11226599 -2.276429358282078 0.2143986298169455 0.7048500000000001 2.5390711460496336 3.2389230595520795
10584 11226599 -2.314797516070897 0.22428408688157392 0.7086600000000001 2.5390711460496336 3.2389230595520795
10585 11226599 -2.3531656738597158 0.23416954394620232 0.7124700000000002 2.5390711460496336 3.2389230595520795
10586 11226599 -2.391533831648535 0.24405500101083075 0.7162800000000001 2.5390711460496336 3.2389230595520795
10587 11226599 -2.4254605058886094 0.24896319747169113 0.7162800000000001 2.5390711460496336 3.2389230595520795
10588 11226599 -2.4568336577270804 0.26004660809936164 0.7239000000000001 2.5390711460496336 3.2389230595520795
10589 11226599 -2.4904555432508575 0.27023018754958306 0.7162800000000001 2.5390711460496336 3.2389230595520795
10590 11226599 -2.536771702988326 0.2807119350529711 0.7239000000000001 2.5390711460496336 3.2389230595520795
10591 11226599 -2.5654001944358704 0.29475360991860555 0.7239000000000001 2.5390711460496336 3.2389230595520795
10592 11226599 -2.60600179150077 0.3080396516152476 0.73152 2.5390711460496336 3.2389230595520795
10593 11226599 -2.6500727727176034 0.32538253529173405 0.73533 2.5390711460496336 3.2389230595520795
10594 11226599 -2.694143753934437 0.3427254189682205 0.73914 2.5390711460496336 3.2389230595520795
10595 11226599 -2.720047194595376 0.35314981134839935 0.74422 2.5390711460496336 3.2389230595520795
10596 11226599 -2.7459506352563143 0.3635742037285781 0.7493000000000001 2.5390711460496336 3.2389230595520795
10597 11226599 -2.771854075917253 0.37399859610875696 0.75438 2.5390711460496336 3.2389230595520795
10598 11226599 -2.8273201894882902 0.40266670902644464 0.762 2.5390711460496336 3.2389230595520795
10599 11226599 -2.8602340687304735 0.41881345324835834 0.76581 2.5390711460496336 3.2389230595520795
10600 11226599 -2.8931479479726567 0.43496019747027204 0.76962 2.5390711460496336 3.2389230595520795
10601 11226599 -2.9453189290998667 0.45740980940476006 0.77724 2.5390711460496336 3.2389230595520795
10602 11226599 -2.9785534601730372 0.4736620735381398 0.77724 2.5390711460496336 3.2389230595520795
10603 11226599 -3.0032471753939474 0.4857462578530781 0.78105 2.5390711460496336 3.2389230595520795
10604 11226599 -3.027940890614858 0.4978304421680165 0.78486 2.5390711460496336 3.2389230595520795
10605 11226599 -3.0576816268773728 0.5088792807613471 0.78867 2.5390711460496336 3.2389230595520795
10606 11226599 -3.087422363139888 0.5199281193546778 0.7924800000000001 2.5390711460496336 3.2389230595520795
10607 11226599 -3.1389729508857735 0.54264374867372 0.7924800000000001 2.5390711460496336 3.2389230595520795
10608 11226599 -3.17240194266685 0.5588439137476529 0.7924800000000001 2.5390711460496336 3.2389230595520795
10609 11226599 -3.212319997665344 0.5719102187283049 0.8001 2.5390711460496336 3.2389230595520795
10610 11226599 -3.2468939652849644 0.5850193021875078 0.80264 2.5390711460496336 3.2389230595520795
10611 11226599 -3.2814679329045853 0.5981283856467106 0.80518 2.5390711460496336 3.2389230595520795
10612 11226599 -3.3160419005242057 0.6112374691059134 0.80772 2.5390711460496336 3.2389230595520795
10613 11226599 -3.351430048075346 0.622763863990344 0.8128 2.5390711460496336 3.2389230595520795
10614 11226599 -3.3868181956264864 0.6342902588747747 0.81788 2.5390711460496336 3.2389230595520795
10615 11226599 -3.422206343177627 0.6458166537592054 0.82296 2.5390711460496336 3.2389230595520795
10616 11226599 -3.4575944907287672 0.657343048643636 0.82804 2.5390711460496336 3.2389230595520795
10617 11226599 -3.4929826382799076 0.6688694435280668 0.8331200000000001 2.5390711460496336 3.2389230595520795
10618 11226599 -3.528370785831048 0.6803958384124974 0.8382000000000001 2.5390711460496336 3.2389230595520795
10619 11226599 -3.562471054670489 0.6915597125282489 0.8382000000000001 2.5390711460496336 3.2389230595520795
10620 11226599 -3.59686879185995 0.7031717066429231 0.84582 2.5390711460496336 3.2389230595520795
10621 11226599 -3.6381748649660404 0.7113200276999629 0.8534400000000001 2.5390711460496336 3.2389230595520795
10622 11226599 -3.6523197556580698 0.7156005046780909 0.8534400000000001 2.5390711460496336 3.2389230595520795
10623 11226599 -3.7030853979711633 0.7325719450368262 0.8534400000000001 2.5390711460496336 3.2389230595520795
10624 11226599 -3.7404252929620787 0.739539186693837 0.86106 2.5390711460496336 3.2389230595520795
10625 11226599 -3.7652982121933682 0.7476830247598717 0.86487 2.5390711460496336 3.2389230595520795
10626 11226599 -3.790171131424658 0.7558268628259064 0.8686800000000001 2.5390711460496336 3.2389230595520795
10627 11226599 -3.825567604713523 0.7695436299707162 0.8702040000000001 2.5390711460496336 3.2389230595520795
10628 11226599 -3.8609640780023886 0.7832603971155261 0.8717280000000001 2.5390711460496336 3.2389230595520795
10629 11226599 -3.8963605512912545 0.7969771642603359 0.8732520000000001 2.5390711460496336 3.2389230595520795
10630 11226599 -3.93175702458012 0.8106939314051458 0.8747760000000001 2.5390711460496336 3.2389230595520795
10631 11226599 -3.9671534978689853 0.8244106985499556 0.8763000000000001 2.5390711460496336 3.2389230595520795
10632 11226599 -3.9959213471919606 0.8389723394075161 0.8801100000000001 2.5390711460496336 3.2389230595520795
10633 11226599 -4.024689196514935 0.8535339802650767 0.88392 2.5390711460496336 3.2389230595520795
10634 11226599 -4.057600079319679 0.8696862429510362 0.88392 2.5390711460496336 3.2389230595520795
10635 11226599 -4.057610716726011 0.8695378151276245 0.8838732852506311 2.5390711460496336 3.2389230595520795
10636 11226599 -4.057621354132345 0.8693893873042129 0.8838265705012622 2.5390711460496336 3.2389230595520795
10637 11226599 -4.057631991538678 0.8692409594808012 0.8837798557518933 2.5390711460496336 3.2389230595520795
10638 11226599 -4.05764262894501 0.8690925316573894 0.8837331410025244 2.5390711460496336 3.2389230595520795
10639 11226599 -4.057653266351344 0.8689441038339778 0.8836864262531555 2.5390711460496336 3.2389230595520795
10640 11226599 -4.0576639037576765 0.8687956760105661 0.8836397115037865 2.5390711460496336 3.2389230595520795
10641 11226599 -4.05767454116401 0.8686472481871543 0.8835929967544176 2.5390711460496336 3.2389230595520795
10642 11226599 -4.057685178570343 0.8684988203637427 0.8835462820050487 2.5390711460496336 3.2389230595520795
10643 11226599 -4.057695815976675 0.868350392540331 0.8834995672556798 2.5390711460496336 3.2389230595520795
10644 11226599 -4.057706453383009 0.8682019647169192 0.8834528525063109 2.5390711460496336 3.2389230595520795
10645 11226599 -4.057717090789342 0.8680535368935076 0.883406137756942 2.5390711460496336 3.2389230595520795
10646 11226599 -4.057727728195674 0.8679051090700959 0.8833594230075731 2.5390711460496336 3.2389230595520795
10647 11226599 -4.057738365602008 0.8677566812466841 0.8833127082582042 2.5390711460496336 3.2389230595520795
10648 11226599 -4.0577490030083405 0.8676082534232725 0.8832659935088353 2.5390711460496336 3.2389230595520795
10649 11226599 -4.057759640414674 0.8674598255998608 0.8832192787594664 2.5390711460496336 3.2389230595520795
10650 11226599 -4.057770277821007 0.8673113977764491 0.8831725640100974 2.5390711460496336 3.2389230595520795
10651 11226599 -4.057780915227339 0.8671629699530374 0.8831258492607285 2.5390711460496336 3.2389230595520795
10652 11226599 -4.057791552633673 0.8670145421296257 0.8830791345113596 2.5390711460496336 3.2389230595520795
10653 11226599 -4.057802190040006 0.866866114306214 0.8830324197619907 2.5390711460496336 3.2389230595520795
10654 11226599 -4.057812827446338 0.8667176864828023 0.8829857050126217 2.5390711460496336 3.2389230595520795
10655 11226599 -4.057823464852672 0.8665692586593906 0.8829389902632528 2.5390711460496336 3.2389230595520795
10656 11226599 -4.0578341022590045 0.8664208308359789 0.8828922755138839 2.5390711460496336 3.2389230595520795
10657 11226599 -4.057844739665338 0.8662724030125672 0.882845560764515 2.5390711460496336 3.2389230595520795
10658 11226599 -4.057855377071671 0.8661239751891555 0.8827988460151461 2.5390711460496336 3.2389230595520795
10659 11226599 -4.057866014478003 0.8659755473657438 0.8827521312657772 2.5390711460496336 3.2389230595520795
10660 11226599 -4.057876651884337 0.8658271195423322 0.8827054165164082 2.5390711460496336 3.2389230595520795
10661 11226599 -4.05788728929067 0.8656786917189204 0.8826587017670393 1.5869194662810213 2.024326912220049
10662 11226599 -4.057897926697002 0.8655302638955087 0.8826119870176704 1.5869194662810213 2.024326912220049
10663 11226599 -4.057908564103336 0.8653818360720971 0.8825652722683015 1.5869194662810213 2.024326912220049
10664 11226599 -4.057919201509669 0.8652334082486853 0.8825185575189326 1.5869194662810213 2.024326912220049
10665 11226599 -4.057929838916002 0.8650849804252737 0.8824718427695637 1.5869194662810213 2.024326912220049
10666 11226599 -4.057940476322335 0.864936552601862 0.8824251280201948 1.5869194662810213 2.024326912220049
10667 11226599 -4.0579511137286675 0.8647881247784502 0.8823784132708259 1.5869194662810213 2.024326912220049
10668 11226599 -4.057961751135001 0.8646396969550386 0.882331698521457 1.5869194662810213 2.024326912220049
10669 11226599 -4.057972388541334 0.8644912691316269 0.8822849837720881 1.5869194662810213 2.024326912220049
10670 11226599 -4.057983025947666 0.8643428413082151 0.8822382690227191 1.5869194662810213 2.024326912220049
10671 11226599 -4.057993663354 0.8641944134848035 0.8821915542733502 1.5869194662810213 2.024326912220049
10672 11226599 -4.058004300760333 0.8640459856613918 0.8821448395239813 1.5869194662810213 2.024326912220049
10673 11226599 -4.058014938166666 0.8638975578379801 0.8820981247746124 1.5869194662810213 2.024326912220049
10674 11226599 -4.058025575572999 0.8637491300145684 0.8820514100252435 1.5869194662810213 2.024326912220049
10675 11226599 -4.0580362129793315 0.8636007021911567 0.8820046952758746 1.5869194662810213 2.024326912220049
10676 11226599 -4.058046850385665 0.863452274367745 0.8819579805265056 1.5869194662810213 2.024326912220049
10677 11226599 -4.058057487791998 0.8633038465443333 0.8819112657771367 1.5869194662810213 2.024326912220049
10678 11226599 -4.05806812519833 0.8631554187209216 0.8818645510277678 1.5869194662810213 2.024326912220049
10679 11226599 -4.058078762604664 0.8630069908975099 0.8818178362783989 1.5869194662810213 2.024326912220049
10680 11226599 -4.058089400010997 0.8628585630740983 0.8817711215290299 1.5869194662810213 2.024326912220049
10681 11226599 -4.05810003741733 0.8627101352506865 0.881724406779661 1.5869194662810213 2.024326912220049
10682 11226599 -4.058110674823663 0.8625617074272748 0.8816776920302921 1.5869194662810213 2.024326912220049
10683 11226599 -4.0581213122299955 0.8624132796038632 0.8816309772809232 1.5869194662810213 2.024326912220049
10684 11226599 -4.058131949636329 0.8622648517804514 0.8815842625315543 1.5869194662810213 2.024326912220049
10685 11226599 -4.058142587042662 0.8621164239570397 0.8815375477821854 1.5869194662810213 2.024326912220049
10686 11226599 -4.058153224448994 0.8619679961336281 0.8814908330328165 1.5869194662810213 2.024326912220049
10687 11226599 -4.058163861855328 0.8618195683102163 0.8814441182834476 1.5869194662810213 2.024326912220049
10688 11226599 -4.058174499261661 0.8616711404868046 0.8813974035340787 1.5869194662810213 2.024326912220049
10689 11226599 -4.058185136667994 0.861522712663393 0.8813506887847098 1.5869194662810213 2.024326912220049
10690 11226599 -4.058195774074327 0.8613742848399812 0.8813039740353408 1.5869194662810213 2.024326912220049
10691 11226599 -4.0582064114806595 0.8612258570165695 0.8812572592859719 1.5869194662810213 2.024326912220049
10692 11226599 -4.058217048886993 0.8610774291931579 0.881210544536603 1.5869194662810213 2.024326912220049
10693 11226599 -4.058227686293326 0.8609290013697461 0.8811638297872341 1.5869194662810213 2.024326912220049
10694 11226599 -4.058238323699658 0.8607805735463344 0.8811171150378652 1.5869194662810213 2.024326912220049
