16169 10561439 0.7861234462708087 0.17045826312515813 0.42672000000000004 1.9380638631846554 3.6306216179351116
16170 10561439 0.786320948091459 0.17343123953923506 0.42672000000000004 1.9380638631846554 3.6306216179351116
16171 10561439 0.7865184499121093 0.176404215953312 0.42672000000000004 1.9380638631846554 3.6306216179351116
16172 10561439 0.7867159517327595 0.17937719236738894 0.42672000000000004 1.9380638631846554 3.6306216179351116
16173 10561439 0.7869134535534098 0.18235016878146587 0.42672000000000004 1.9380638631846554 3.6306216179351116
16174 10561439 0.7871109553740602 0.1853231451955428 0.42672000000000004 1.9380638631846554 3.6306216179351116
16175 10561439 0.7873084571947104 0.18829612160961973 0.42672000000000004 1.9380638631846554 3.6306216179351116
16176 10561439 0.7866735867541477 0.19224203639523954 0.42672000000000004 1.9380638631846554 3.6306216179351116
16177 10561439 0.7860387163135848 0.19618795118085933 0.42672000000000004 1.9380638631846554 3.6306216179351116
16178 10561439 0.785403845873022 0.20013386596647914 0.42672000000000004 1.9380638631846554 3.6306216179351116
16179 10561439 0.7864561467637842 0.2015424407617844 0.42672000000000004 1.9380638631846554 3.6306216179351116
16180 11226599 -4.116595134842505 0.04650553430976698 0.6248400000000001 1.9380638631846554 3.6306216179351116
16180 10561439 0.7875084476545463 0.2029510155570897 0.42672000000000004 1.9380638631846554 3.6306216179351116
16181 11226599 -4.064540457087777 0.05353243190584797 0.63246 1.9380638631846554 3.6306216179351116
16181 10561439 0.7885607485453084 0.20435959035239495 0.42672000000000004 1.9380638631846554 3.6306216179351116
16182 11226599 -4.006592510200773 0.05956487302169164 0.6248400000000001 1.9380638631846554 3.6306216179351116
16182 10561439 0.7885688621608387 0.20710238117283641 0.42672000000000004 1.9380638631846554 3.6306216179351116
16183 10561439 0.788576975776369 0.2098451719932779 0.42672000000000004 1.9380638631846554 3.6306216179351116
16183 11226599 -3.9271058971175963 0.06625782727706095 0.6248400000000001 1.9380638631846554 3.6306216179351116
16184 11226599 -3.8806211735577447 0.06821537945117914 0.6248400000000001 1.9380638631846554 3.6306216179351116
16184 10561439 0.7853673218593771 0.21089391421812803 0.42672000000000004 1.9380638631846554 3.6306216179351116
16185 10561439 0.7833612884045563 0.2115493788516501 0.42672000000000004 1.9380638631846554 3.6306216179351116
16185 11226599 -3.8187630874500202 0.07425429531035829 0.6248400000000001 1.9380638631846554 3.6306216179351116
16186 10561439 0.7829014799466654 0.21398609862042395 0.42672000000000004 1.9380638631846554 3.6306216179351116
16186 11226599 -3.7805342811245346 0.07535155932473273 0.6248400000000001 1.9380638631846554 3.6306216179351116
16187 10561439 0.7824416714887744 0.21642281838919777 0.42672000000000004 1.9380638631846554 3.6306216179351116
16187 11226599 -3.7423054747990485 0.07644882333910716 0.6248400000000001 1.9380638631846554 3.6306216179351116
16188 10561439 0.7819818630308835 0.21885953815797163 0.42672000000000004 1.9380638631846554 3.6306216179351116
16188 11226599 -3.689559462473296 0.080505940370357 0.62103 1.9380638631846554 3.6306216179351116
16189 10561439 0.7815220545729924 0.22129625792674548 0.42672000000000004 1.9380638631846554 3.6306216179351116
16189 11226599 -3.636813450147544 0.08456305740160683 0.61722 1.9380638631846554 3.6306216179351116
16190 11226599 -3.5764864019936393 0.08701532023610756 0.61722 1.9380638631846554 3.6306216179351116
16190 10561439 0.7810622461151014 0.22373297769551934 0.42672000000000004 1.9380638631846554 3.6306216179351116
16191 11226599 -3.5278615530534347 0.08628790338231615 0.61722 1.9380638631846554 3.6306216179351116
16191 10561439 0.7806024376572105 0.22616969746429316 0.42672000000000004 1.9380638631846554 3.6306216179351116
16192 10561439 0.7801426291993195 0.22860641723306702 0.42672000000000004 1.9380638631846554 3.6306216179351116
16192 11226599 -3.4817555407515757 0.08872228192779294 0.61722 1.9380638631846554 3.6306216179351116
16193 11226599 -3.4333538377218646 0.09274240376224249 0.6096 1.9380638631846554 3.6306216179351116
16193 10561439 0.7781598319760967 0.22960477482230568 0.42672000000000004 1.9380638631846554 3.6306216179351116
16194 10561439 0.7798716429241982 0.22904544411730884 0.42672000000000004 1.9380638631846554 3.6306216179351116
16194 11226599 -3.3685315866626793 0.09536064275960707 0.6096 1.9380638631846554 3.6306216179351116
16195 10561439 0.7815834538722995 0.228486113412312 0.42672000000000004 1.9380638631846554 3.6306216179351116
16195 11226599 -3.313115615654578 0.09638441701476416 0.6096 1.9380638631846554 3.6306216179351116
16196 10561439 0.783295264820401 0.22792678270731517 0.42672000000000004 1.9380638631846554 3.6306216179351116
16196 11226599 -3.257880394218475 0.09957098446640508 0.6019800000000001 1.9380638631846554 3.6306216179351116
16197 10561439 0.7868301426531906 0.23167852030434605 0.42672000000000004 1.9380638631846554 3.6306216179351116
16197 11226599 -3.1734204689547205 0.09704844799099152 0.59436 1.9380638631846554 3.6306216179351116
16198 10561439 0.7864404814836523 0.23189930296690067 0.42672000000000004 1.9380638631846554 3.6306216179351116
16198 11226599 -3.1189375992848714 0.09522415525224756 0.59436 1.9380638631846554 3.6306216179351116
16199 11226599 -3.065905588762461 0.08896757741773195 0.59436 1.9380638631846554 3.6306216179351116
16199 10561439 0.786050820314114 0.23212008562945532 0.42672000000000004 1.9380638631846554 3.6306216179351116
16200 10561439 0.7856611591445758 0.23234086829200995 0.42672000000000004 1.9380638631846554 3.6306216179351116
16200 11226599 -3.0364509104256228 0.0880325439306757 0.59436 1.9380638631846554 3.6306216179351116
16201 10561439 0.7852714979750375 0.2325616509545646 0.42672000000000004 1.9380638631846554 3.6306216179351116
16201 11226599 -3.0069962320887846 0.08709751044361944 0.59436 1.9380638631846554 3.6306216179351116
16202 11226599 -2.948466926935141 0.08406698090137885 0.58674 1.9380638631846554 3.6306216179351116
16202 10561439 0.7848818368054992 0.23278243361711923 0.42672000000000004 1.9380638631846554 3.6306216179351116
16203 10561439 0.7848812336679175 0.23278227230252332 0.42669328491829966 1.9380638631846554 3.6306216179351116
16203 11226599 -2.894821358133971 0.08240148198776795 0.58674 1.9380638631846554 3.6306216179351116
16204 11226599 -2.8139784559178116 0.07697709971365282 0.59436 1.9380638631846554 3.6306216179351116
16204 10561439 0.7848806305303357 0.2327821109879274 0.4266665698365993 1.9380638631846554 3.6306216179351116
16205 11226599 -2.7609121780659054 0.07082835086954428 0.58674 1.9380638631846554 3.6306216179351116
16205 10561439 0.7848800273927541 0.2327819496733315 0.42663985475489896 1.9380638631846554 3.6306216179351116
16206 10561439 0.7848794242551723 0.2327817883587356 0.4266131396731986 1.9380638631846554 3.6306216179351116
16206 11226599 -2.712833194601684 0.06572779482407873 0.58674 1.9380638631846554 3.6306216179351116
16207 10561439 0.7848788211175907 0.23278162704413968 0.4265864245914982 1.9380638631846554 3.6306216179351116
16207 11226599 -2.6577425419968437 0.06440901051111755 0.59436 1.9380638631846554 3.6306216179351116
16208 10561439 0.784878217980009 0.23278146572954375 0.4265597095097978 1.9380638631846554 3.6306216179351116
16208 11226599 -2.614249695061214 0.06022559398522262 0.58674 1.9380638631846554 3.6306216179351116
16209 11226599 -2.5621241373152763 0.05391874028628449 0.59436 1.9380638631846554 3.6306216179351116
16209 10561439 0.7848776148424272 0.23278130441494785 0.42653299442809745 1.9380638631846554 3.6306216179351116
16210 10561439 0.7848770117048456 0.23278114310035194 0.42650627934639707 1.9380638631846554 3.6306216179351116
16210 11226599 -2.5223103631340034 0.05152403964271776 0.59436 1.9380638631846554 3.6306216179351116
16211 10561439 0.7848764085672639 0.23278098178575604 0.42647956426469674 1.9380638631846554 3.6306216179351116
16211 11226599 -2.4824965889527304 0.049129338999151034 0.59436 1.9380638631846554 3.6306216179351116
16212 11226599 -2.430290879306609 0.04279720172947096 0.59436 1.9380638631846554 3.6306216179351116
16212 10561439 0.7848758054296822 0.2327808204711601 0.42645284918299636 1.9380638631846554 3.6306216179351116
16213 11226599 -2.3781867943698485 0.03778395896411876 0.59436 1.9380638631846554 3.6306216179351116
16213 10561439 0.7848752022921005 0.2327806591565642 0.426426134101296 1.9380638631846554 3.6306216179351116
16214 11226599 -2.3100127001620336 0.026228056898381896 0.59436 1.9380638631846554 3.6306216179351116
16214 10561439 0.7848745991545187 0.2327804978419683 0.4263994190195956 1.9380638631846554 3.6306216179351116
16215 11226599 -2.277828140828083 0.021423322488793722 0.59436 1.9380638631846554 3.6306216179351116
16215 10561439 0.7848739960169371 0.2327803365273724 0.4263727039378952 1.9380638631846554 3.6306216179351116
16216 10561439 0.7848733928793554 0.23278017521277647 0.42634598885619485 1.9380638631846554 3.6306216179351116
16216 11226599 -2.229714926195631 0.016431597028381567 0.59436 1.9380638631846554 3.6306216179351116
16217 11226599 -2.1598143516604127 0.010154365829636774 0.59436 1.9380638631846554 3.6306216179351116
16217 10561439 0.7848727897417737 0.23278001389818057 0.4263192737744945 1.9380638631846554 3.6306216179351116
16218 10561439 0.784872186604192 0.23277985258358466 0.42629255869279414 1.9380638631846554 3.6306216179351116
16218 11226599 -2.1076462281974147 0.0012663600715275558 0.58674 1.9380638631846554 3.6306216179351116
16219 11226599 -2.0532254784079393 -0.003450870014045787 0.59436 1.9380638631846554 3.6306216179351116
16219 10561439 0.7848715834666103 0.23277969126898876 0.42626584361109376 1.9380638631846554 3.6306216179351116
16220 11226599 -2.0307006043908613 -0.006554893865956007 0.59436 1.9380638631846554 3.6306216179351116
16220 10561439 0.7848709803290286 0.23277952995439283 0.4262391285293934 1.9380638631846554 3.6306216179351116
16221 10561439 0.7848703771914469 0.23277936863979692 0.426212413447693 1.9380638631846554 3.6306216179351116
16221 11226599 -2.0081757303737833 -0.009658917717866228 0.59436 1.9380638631846554 3.6306216179351116
16222 11226599 -1.9316908280804344 -0.02404674886645433 0.59436 1.9380638631846554 3.6306216179351116
16222 10561439 0.7848697740538652 0.23277920732520102 0.4261856983659927 1.9380638631846554 3.6306216179351116
16223 10561439 0.7848691709162835 0.23277904601060512 0.4261589832842923 1.9380638631846554 3.6306216179351116
16223 11226599 -1.8911040162870785 -0.03194880407455272 0.59436 1.9380638631846554 3.6306216179351116
16224 11226599 -1.8380643708670565 -0.0408862151830173 0.59436 1.9380638631846554 3.6306216179351116
16224 10561439 0.7848685677787018 0.2327788846960092 0.4261322682025919 1.9380638631846554 3.6306216179351116
16225 10561439 0.7848679646411201 0.23277872338141328 0.42610555312089154 1.9380638631846554 3.6306216179351116
16225 11226599 -1.7996935948132637 -0.05121751645600561 0.59436 1.9380638631846554 3.6306216179351116
16226 11226599 -1.741115154405214 -0.07037834181591487 0.58674 1.9380638631846554 3.6306216179351116
16226 10561439 0.7848673615035384 0.23277856206681738 0.42607883803919117 1.9380638631846554 3.6306216179351116
16227 10561439 0.7848667583659568 0.23277840075222145 0.4260521229574908 1.9380638631846554 3.6306216179351116
16227 11226599 -1.6769194201737967 -0.09137594681387654 0.57912 1.9380638631846554 3.6306216179351116
16228 11226599 -1.6331057216265321 -0.10570647612044407 0.57912 1.9380638631846554 3.6306216179351116
16228 10561439 0.784866155228375 0.23277823943762554 0.42602540787579046 1.9380638631846554 3.6306216179351116
16229 11226599 -1.596433716627573 -0.11770077151151473 0.57912 1.9380638631846554 3.6306216179351116
16229 10561439 0.7848655520907933 0.23277807812302964 0.4259986927940901 1.9380638631846554 3.6306216179351116
16230 10561439 0.7848649489532116 0.23277791680843374 0.4259719777123897 1.9380638631846554 3.6306216179351116
16230 11226599 -1.559761711628614 -0.1296950669025854 0.57912 1.9380638631846554 3.6306216179351116
16231 10561439 0.7848643458156299 0.2327777554938378 0.4259452626306893 1.9380638631846554 3.6306216179351116
16231 11226599 -1.512270404563418 -0.14744749404018156 0.57912 1.9380638631846554 3.6306216179351116
16232 11226599 -1.468135374690996 -0.16188197568077947 0.57912 1.9380638631846554 3.6306216179351116
16232 10561439 0.7848637426780483 0.2327775941792419 0.42591854754898895 1.9380638631846554 3.6306216179351116
16233 11226599 -1.4223953391512232 -0.17684105559593513 0.57912 1.9380638631846554 3.6306216179351116
16233 10561439 0.7848631395404665 0.232777432864646 0.42589183246728857 1.9380638631846554 3.6306216179351116
16234 11226599 -1.3454542660723756 -0.2050413172677982 0.57912 1.9380638631846554 3.6306216179351116
16234 10561439 0.7848625364028848 0.2327772715500501 0.42586511738558824 1.9380638631846554 3.6306216179351116
16235 10561439 0.7848619332653032 0.23277711023545417 0.42583840230388786 1.9380638631846554 3.6306216179351116
16235 11226599 -1.321332926539193 -0.21141074648466682 0.57912 1.9380638631846554 3.6306216179351116
16236 10561439 0.7848613301277214 0.23277694892085826 0.4258116872221875 1.9380638631846554 3.6306216179351116
16236 11226599 -1.2972115870060106 -0.21778017570153543 0.57912 1.9380638631846554 3.6306216179351116
16237 10561439 0.7848607269901398 0.23277678760626236 0.4257849721404871 1.9380638631846554 3.6306216179351116
16237 11226599 -1.2537923638235184 -0.23711988779400253 0.57912 1.9380638631846554 3.6306216179351116
16238 11226599 -1.2136691020687527 -0.2502406821205626 0.57912 1.9380638631846554 3.6306216179351116
16238 10561439 0.784860123852558 0.23277662629166646 0.4257582570587867 1.9380638631846554 3.6306216179351116
16239 11226599 -1.1687309601258853 -0.26493570028485103 0.58674 1.9380638631846554 3.6306216179351116
16239 10561439 0.7848595207149763 0.23277646497707052 0.4257315419770864 1.9380638631846554 3.6306216179351116
16240 11226599 -1.1219504785887713 -0.2835042359497969 0.59436 1.9380638631846554 3.6306216179351116
16240 10561439 0.7848589175773947 0.23277630366247462 0.425704826895386 1.9380638631846554 3.6306216179351116
16241 11226599 -1.0581540370014748 -0.30436499693246866 0.59436 1.9380638631846554 3.6306216179351116
16241 10561439 0.7848583144398129 0.23277614234787872 0.42567811181368564 1.9380638631846554 3.6306216179351116
16242 11226599 -1.0147772997563589 -0.32111873787251666 0.59436 1.9380638631846554 3.6306216179351116
16242 10561439 0.7848577113022313 0.2327759810332828 0.42565139673198527 1.9380638631846554 3.6306216179351116
16243 11226599 -0.9923080025741916 -0.32846561216955683 0.59436 1.9380638631846554 3.6306216179351116
16243 10561439 0.7848571081646496 0.23277581971868688 0.4256246816502849 1.9380638631846554 3.6306216179351116
16244 11226599 -0.9698387053920243 -0.335812486466597 0.59436 1.9380638631846554 3.6306216179351116
16244 10561439 0.7848565050270678 0.23277565840409098 0.4255979665685845 1.9380638631846554 3.6306216179351116
16245 10561439 0.7848559018894862 0.23277549708949508 0.4255712514868842 1.9380638631846554 3.6306216179351116
16245 11226599 -0.9032588990481476 -0.36038579154039674 0.58674 1.9380638631846554 3.6306216179351116
16246 10561439 0.7848552987519044 0.23277533577489917 0.4255445364051838 1.9380638631846554 3.6306216179351116
16246 11226599 -0.8799695332129482 -0.37337481629765323 0.59436 1.9380638631846554 3.6306216179351116
16247 11226599 -0.8117673878030933 -0.39298636127609876 0.58674 1.9380638631846554 3.6306216179351116
16247 10561439 0.7848546956143228 0.23277517446030324 0.4255178213234834 1.9380638631846554 3.6306216179351116
16248 11226599 -0.7724369422536652 -0.4085323204692707 0.58674 1.9380638631846554 3.6306216179351116
16248 10561439 0.7848540924767411 0.23277501314570734 0.42549110624178305 1.9380638631846554 3.6306216179351116
16249 10561439 0.7848534893391593 0.23277485183111143 0.42546439116008267 1.9380638631846554 3.6306216179351116
16249 11226599 -0.7331063942650622 -0.42407806001823245 0.59436 1.9380638631846554 3.6306216179351116
16250 10561439 0.7848528862015777 0.2327746905165155 0.4254376760783823 1.9380638631846554 3.6306216179351116
16250 11226599 -0.680901431400214 -0.44371568570358344 0.59436 1.9380638631846554 3.6306216179351116
16251 11226599 -0.6367645441801426 -0.4581449552990694 0.59436 1.9380638631846554 3.6306216179351116
16251 10561439 0.784852283063996 0.2327745292019196 0.42541096099668196 1.9380638631846554 3.6306216179351116
16252 11226599 -0.5941803442765152 -0.47732380483255243 0.59436 1.9380638631846554 3.6306216179351116
16252 10561439 0.7848516799264142 0.2327743678873237 0.4253842459149816 1.9380638631846554 3.6306216179351116
16253 11226599 -0.5253295822054247 -0.5031027744186111 0.59436 1.9380638631846554 3.6306216179351116
16253 10561439 0.7848510767888326 0.2327742065727278 0.4253575308332812 1.9380638631846554 3.6306216179351116
16254 10561439 0.7848504736512508 0.23277404525813186 0.4253308157515808 1.9380638631846554 3.6306216179351116
16254 11226599 -0.48759450950505734 -0.5208125199518624 0.59436 1.9380638631846554 3.6306216179351116
16255 11226599 -0.44343931906154954 -0.5406206729086563 0.6019800000000001 1.9380638631846554 3.6306216179351116
16255 10561439 0.7848498705136692 0.23277388394353596 0.42530410066988045 1.9380638631846554 3.6306216179351116
16256 10561439 0.7848492673760875 0.23277372262894006 0.4252773855881801 1.9380638631846554 3.6306216179351116
16256 11226599 -0.41048448085962685 -0.5566504961930202 0.59436 1.9380638631846554 3.6306216179351116
16257 11226599 -0.34772446238624033 -0.584759266793783 0.6019800000000001 1.9380638631846554 3.6306216179351116
16257 10561439 0.7848486642385057 0.23277356131434415 0.42525067050647974 1.9380638631846554 3.6306216179351116
16258 11226599 -0.32797874071720134 -0.5929659666997806 0.6019800000000001 1.9380638631846554 3.6306216179351116
16258 10561439 0.7848480611009241 0.23277339999974822 0.42522395542477937 1.9380638631846554 3.6306216179351116
16259 11226599 -0.30823301904816236 -0.6011726666057782 0.6019800000000001 1.9380638631846554 3.6306216179351116
16259 10561439 0.7848474579633424 0.23277323868515232 0.425197240343079 1.9380638631846554 3.6306216179351116
16260 11226599 -0.2500332795271438 -0.6255700257085816 0.59436 1.9380638631846554 3.6306216179351116
16260 10561439 0.7848468548257607 0.2327730773705564 0.4251705252613786 1.9380638631846554 3.6306216179351116
16261 11226599 -0.2065371617633721 -0.6460370642270312 0.59436 1.9380638631846554 3.6306216179351116
16261 10561439 0.784846251688179 0.2327729160559605 0.4251438101796782 1.9380638631846554 3.6306216179351116
16262 11226599 -0.1630410439996004 -0.6665041027454809 0.59436 1.9380638631846554 3.6306216179351116
16262 10561439 0.7848456485505972 0.23277275474136458 0.4251170950979779 1.9380638631846554 3.6306216179351116
16263 11226599 -0.11916970840158869 -0.6844646121936304 0.6019800000000001 1.9380638631846554 3.6306216179351116
16264 11226599 -0.08486466836082346 -0.6985387881265002 0.5981700000000001 1.9380638631846554 3.6306216179351116
16265 11226599 -0.050559628320058225 -0.7126129640593699 0.59436 1.9380638631846554 3.6306216179351116
16266 11226599 0.013601696844149025 -0.7402412692320214 0.59436 1.9380638631846554 3.6306216179351116
16267 11226599 0.05774044300757741 -0.7546661848211375 0.59436 1.9380638631846554 3.6306216179351116
16268 11226599 0.09066218295166739 -0.7707992208469642 0.59436 1.9380638631846554 3.6306216179351116
16269 11226599 0.1400485129305098 -0.7909106356497424 0.59436 1.9380638631846554 3.6306216179351116
16270 11226599 0.1853913706597594 -0.805728139811312 0.58674 1.9380638631846554 3.6306216179351116
16271 11226599 0.23916661666649852 -0.8300768609532648 0.59436 1.9380638631846554 3.6306216179351116
16272 11226599 0.2700733557973334 -0.8428633220266792 0.59055 1.9380638631846554 3.6306216179351116
16273 11226599 0.30098009492816824 -0.8556497831000935 0.58674 1.9380638631846554 3.6306216179351116
16274 11226599 0.3458039521995714 -0.8745023182716253 0.58674 1.9380638631846554 3.6306216179351116
16275 11226599 0.3957509142284932 -0.8972482167049568 0.59436 1.9380638631846554 3.6306216179351116
16276 11226599 0.4398906446761856 -0.9116707365258306 0.58674 1.9380638631846554 3.6306216179351116
16277 11226599 0.477102058022914 -0.9282686312063514 0.59436 1.9380638631846554 3.6306216179351116
16278 11226599 0.5164108183254517 -0.9466030004540275 0.59436 1.9380638631846554 3.6306216179351116
16279 11226599 0.5627702006676435 -0.9678248450122379 0.59436 1.9380638631846554 3.6306216179351116
16280 11226599 0.6078695416335991 -0.987466388798539 0.59436 1.9380638631846554 3.6306216179351116
16281 11226599 0.6493952608130678 -1.00173432726251 0.6019800000000001 1.9380638631846554 3.6306216179351116
16282 11226599 0.7064642208685701 -1.0255193654357546 0.6019800000000001 1.9380638631846554 3.6306216179351116
16283 11226599 0.7309421425164132 -1.0335162622163965 0.6019800000000001 1.9380638631846554 3.6306216179351116
16284 11226599 0.7629221388765741 -1.0464171780799554 0.60579 1.9380638631846554 3.6306216179351116
16285 11226599 0.794902135236735 -1.0593180939435143 0.6096 1.9380638631846554 3.6306216179351116
16286 11226599 0.8613766340739408 -1.081501343583339 0.6096 1.9380638631846554 3.6306216179351116
16287 11226599 0.8943005433446398 -1.0976306255791441 0.6096 1.9380638631846554 3.6306216179351116
16288 11226599 0.9528876907150488 -1.1167690343128043 0.6096 1.9380638631846554 3.6306216179351116
16289 11226599 0.9888889994963128 -1.1278282138597278 0.6096 1.9380638631846554 3.6306216179351116
16290 11226599 1.027614302698459 -1.1463191143727587 0.61722 1.9380638631846554 3.6306216179351116
16291 11226599 1.0837941444169266 -1.1646699590626115 0.61722 1.9380638631846554 3.6306216179351116
16292 11226599 1.1279355513424045 -1.179088165426464 0.6096 1.9380638631846554 3.6306216179351116
16293 11226599 1.1712591063923243 -1.198729613268078 0.6096 1.9380638631846554 3.6306216179351116
16294 11226599 1.2194136059061047 -1.2144579537643827 0.6096 1.9380638631846554 3.6306216179351116
16295 11226599 1.2454973538353649 -1.222977285711174 0.6096 1.9380638631846554 3.6306216179351116
16296 11226599 1.271581101764625 -1.2314966176579651 0.6096 1.9380638631846554 3.6306216179351116
16297 11226599 1.312512609973196 -1.2448651448814687 0.6096 1.9380638631846554 3.6306216179351116
16298 11226599 1.351839034199005 -1.257709192005261 0.6096 1.9380638631846554 3.6306216179351116
16299 11226599 1.4168481784896032 -1.2789407066176732 0.6096 1.9380638631846554 3.6306216179351116
16300 11226599 1.4519211230588782 -1.2903949031988544 0.60198 1.9380638631846554 3.6306216179351116
16301 11226599 1.486994067628153 -1.3018490997800356 0.59436 1.9380638631846554 3.6306216179351116
16302 11226599 1.531617887039627 -1.3164220388448455 0.59436 1.9380638631846554 3.6306216179351116
16303 11226599 1.5770443879938634 -1.3312567906497927 0.59436 1.9380638631846554 3.6306216179351116
16304 11226599 1.6260023848681866 -1.3472444459136905 0.59436 1.9380638631846554 3.6306216179351116
16305 11226599 1.6699064562953854 -1.358105523817801 0.592455 1.9380638631846554 3.6306216179351116
16306 11226599 1.7138105277225841 -1.3689666017219113 0.59055 1.9380638631846554 3.6306216179351116
16307 11226599 1.757714599149783 -1.3798276796260218 0.5886450000000001 1.9380638631846554 3.6306216179351116
16308 11226599 1.8016186705769817 -1.3906887575301323 0.58674 1.9380638631846554 3.6306216179351116
16309 11226599 1.8411357662985117 -1.4025406054300138 0.59055 1.9380638631846554 3.6306216179351116
16310 11226599 1.8806528620200416 -1.4143924533298955 0.59436 1.9380638631846554 3.6306216179351116
16311 11226599 1.9471603299146008 -1.4255941312565217 0.59436 1.9380638631846554 3.6306216179351116
16312 11226599 1.9896759384192828 -1.4286697284831655 0.59436 1.9380638631846554 3.6306216179351116
16313 11226599 2.032191546923965 -1.4317453257098096 0.59436 1.9380638631846554 3.6306216179351116
16314 11226599 2.0804506711555906 -1.4281094615837415 0.59436 1.9380638631846554 3.6306216179351116
16315 11226599 2.1287097953872163 -1.4244735974576734 0.59436 1.9380638631846554 3.6306216179351116
16316 11226599 2.1667761905855487 -1.416691921557575 0.59436 1.9380638631846554 3.6306216179351116
16317 11226599 2.212427337281756 -1.4006389485659947 0.59436 1.9380638631846554 3.6306216179351116
16318 11226599 2.258078483977963 -1.3845859755744143 0.59436 1.9380638631846554 3.6306216179351116
16319 11226599 2.299307400360103 -1.3603136154354696 0.59436 1.9380638631846554 3.6306216179351116
16320 11226599 2.335754992591676 -1.3343634104667117 0.59436 1.9380638631846554 3.6306216179351116
16321 11226599 2.3895996542312803 -1.2864067584243914 0.59436 1.9380638631846554 3.6306216179351116
16322 11226599 2.4245395462286954 -1.248749714883626 0.58674 1.9380638631846554 3.6306216179351116
16323 11226599 2.44395147361454 -1.2226115673070304 0.58293 1.9380638631846554 3.6306216179351116
16324 11226599 2.463363401000384 -1.196473419730435 0.57912 1.9380638631846554 3.6306216179351116
16325 11226599 2.486655570564374 -1.1523271664198353 0.58674 1.9380638631846554 3.6306216179351116
16326 11226599 2.5040838551055518 -1.1152615720248147 0.57912 1.9380638631846554 3.6306216179351116
16327 11226599 2.513851350728907 -1.0894211374634681 0.57912 1.9380638631846554 3.6306216179351116
16328 11226599 2.523618846352263 -1.0635807029021216 0.57912 1.9380638631846554 3.6306216179351116
16329 11226599 2.5411706150892654 -0.9807048454930309 0.5715 1.9380638631846554 3.6306216179351116
16330 11226599 2.558722383826268 -0.8978289880839404 0.56388 1.9380638631846554 3.6306216179351116
16331 11226599 2.564423622649489 -0.8542483809850295 0.56388 1.9380638631846554 3.6306216179351116
16332 11226599 2.5650595325896264 -0.8352980040856705 0.56388 1.9380638631846554 3.6306216179351116
16333 11226599 2.5656954425297642 -0.8163476271863114 0.56388 1.9380638631846554 3.6306216179351116
16334 11226599 2.56837078803326 -0.790469910010091 0.56388 1.9380638631846554 3.6306216179351116
16335 11226599 2.5697320338557184 -0.6981615800868709 0.54864 1.9380638631846554 3.6306216179351116
16336 11226599 2.5684622834426336 -0.6541742774989504 0.54864 1.9380638631846554 3.6306216179351116
16337 11226599 2.5653058960333137 -0.5631945662325926 0.54102 1.9380638631846554 3.6306216179351116
16338 11226599 2.558333003061527 -0.5274305018718716 0.54102 1.9380638631846554 3.6306216179351116
16339 11226599 2.5513601100897394 -0.4916664375111505 0.54102 1.9380638631846554 3.6306216179351116
16340 11226599 2.5443872171179525 -0.4559023731504295 0.54102 1.9380638631846554 3.6306216179351116
16341 11226599 2.5293572733829515 -0.414898803451733 0.53848 1.9380638631846554 3.6306216179351116
16342 11226599 2.514327329647951 -0.37389523375303657 0.53594 1.9380638631846554 3.6306216179351116
16343 11226599 2.49929738591295 -0.3328916640543401 0.5334 1.9380638631846554 3.6306216179351116
16344 11226599 2.469395586389971 -0.27488337118459627 0.5334 1.9380638631846554 3.6306216179351116
16345 11226599 2.444468187111732 -0.23917557307651965 0.52832 1.9380638631846554 3.6306216179351116
16346 11226599 2.419540787833493 -0.20346777496844304 0.52324 1.9380638631846554 3.6306216179351116
16347 11226599 2.3946133885552543 -0.1677599768603664 0.5181600000000001 1.9380638631846554 3.6306216179351116
16348 11226599 2.3727160461430366 -0.1458912015868984 0.5181600000000001 1.9380638631846554 3.6306216179351116
16349 11226599 2.3508187037308184 -0.12402242631343036 0.5181600000000001 1.9380638631846554 3.6306216179351116
16350 11226599 2.317232023673634 -0.09942685240700878 0.5156200000000001 1.9380638631846554 3.6306216179351116
16351 11226599 2.283645343616449 -0.07483127850058721 0.51308 1.9380638631846554 3.6306216179351116
16352 11226599 2.2500586635592645 -0.050235704594165626 0.51054 1.9380638631846554 3.6306216179351116
16353 11226599 2.216956163456567 -0.033585784484385955 0.50292 1.9380638631846554 3.6306216179351116
16354 11226599 2.1591239584733213 -0.013533268487166988 0.50292 1.9380638631846554 3.6306216179351116
16355 11226599 2.118688952565913 -0.0054695596878144015 0.4953 1.9380638631846554 3.6306216179351116
16356 11226599 2.0729691801588523 0.004086504964515708 0.48768 1.9380638631846554 3.6306216179351116
16357 11226599 2.036878670241741 0.010498342776554065 0.48768 1.9380638631846554 3.6306216179351116
16358 11226599 2.0238429936756095 0.01218522839354852 0.48768 1.9380638631846554 3.6306216179351116
16359 11226599 2.010807317109478 0.013872114010542974 0.48768 1.9380638631846554 3.6306216179351116
16360 11226599 1.9456592754339337 0.016689622101528384 0.47243999999999997 1.9380638631846554 3.6306216179351116
16361 11226599 1.883042060739619 0.015293340341071493 0.48006 2.180321846082738 4.084449320177002
16362 11226599 1.8494027681538134 0.01833551196312541 0.47243999999999997 2.180321846082738 4.084449320177002
16363 11226599 1.8119878106463938 0.016886658638489593 0.47243999999999997 2.180321846082738 4.084449320177002
16364 11226599 1.7620856416939126 0.014726564161200023 0.48006 2.180321846082738 4.084449320177002
16365 11226599 1.6986060149850557 0.010692850333255982 0.48006 2.180321846082738 4.084449320177002
16366 11226599 1.660894843962341 0.012145194388777703 0.48768 2.180321846082738 4.084449320177002
16367 11226599 1.6138930013753243 0.009622857208136826 0.48768 2.180321846082738 4.084449320177002
16368 11226599 1.5948179565864486 0.008318100347062152 0.49149 2.180321846082738 4.084449320177002
16369 11226599 1.5757429117975732 0.007013343485987478 0.4953 2.180321846082738 4.084449320177002
16370 11226599 1.5207383746145156 0.0058205715120003415 0.49911000000000005 2.180321846082738 4.084449320177002
16371 11226599 1.4657338374314577 0.004627799538013205 0.50292 2.180321846082738 4.084449320177002
16372 11226599 1.4478356969295132 0.00556747906691106 0.50292 2.180321846082738 4.084449320177002
16373 11226599 1.4072466966351689 0.007727436135052335 0.50292 2.180321846082738 4.084449320177002
16374 11226599 1.3471388118576315 0.00586621519069741 0.50292 2.180321846082738 4.084449320177002
16375 11226599 1.3094961419988205 0.0075315483844656805 0.50292 2.180321846082738 4.084449320177002
16376 11226599 1.2794248355436246 0.00654857144939628 0.50292 2.180321846082738 4.084449320177002
16377 11226599 1.2493535290884286 0.00556559451432688 0.50292 2.180321846082738 4.084449320177002
16378 11226599 1.2053443390207295 0.004054079997176524 0.50292 2.180321846082738 4.084449320177002
16379 11226599 1.159779166068877 0.0023114904932589235 0.50546 2.180321846082738 4.084449320177002
16380 11226599 1.1142139931170247 0.0005689009893413235 0.508 2.180321846082738 4.084449320177002
16381 11226599 1.0686488201651723 -0.0011736885145762765 0.51054 2.180321846082738 4.084449320177002
16382 11226599 1.0178173150631982 -0.0018179717673630033 0.51562 2.180321846082738 4.084449320177002
16383 11226599 0.9669858099612243 -0.00246225502014973 0.5207 2.180321846082738 4.084449320177002
16384 11226599 0.9161543048592503 -0.003106538272936457 0.52578 2.180321846082738 4.084449320177002
16385 11226599 0.8760094241551182 -0.003658857541071814 0.52832 2.180321846082738 4.084449320177002
16386 11226599 0.8358645434509859 -0.0042111768092071705 0.53086 2.180321846082738 4.084449320177002
16387 11226599 0.7957196627468538 -0.004763496077342527 0.5334 2.180321846082738 4.084449320177002
16388 11226599 0.7279820996512504 -0.009851653300245608 0.54102 2.180321846082738 4.084449320177002
16389 11226599 0.6881735173770538 -0.008964834874308002 0.5448299999999999 2.180321846082738 4.084449320177002
16390 11226599 0.6483649351028571 -0.008078016448370397 0.54864 2.180321846082738 4.084449320177002
16391 11226599 0.6085563528286605 -0.007191198022432791 0.55245 2.180321846082738 4.084449320177002
16392 11226599 0.5687477705544639 -0.006304379596495185 0.55626 2.180321846082738 4.084449320177002
16393 11226599 0.5381707905020807 -0.007469784053795961 0.5600700000000001 2.180321846082738 4.084449320177002
16394 11226599 0.5075938104496975 -0.008635188511096736 0.56388 2.180321846082738 4.084449320177002
16395 11226599 0.4454774776028787 -0.009833240054429468 0.56388 2.180321846082738 4.084449320177002
16396 11226599 0.4217728197622885 -0.013068780141299516 0.56388 2.180321846082738 4.084449320177002
16397 11226599 0.3813796190519985 -0.012563847115249457 0.56642 2.180321846082738 4.084449320177002
16398 11226599 0.3409864183417085 -0.012058914089199397 0.56896 2.180321846082738 4.084449320177002
16399 11226599 0.30059321763141855 -0.011553981063149338 0.5715 2.180321846082738 4.084449320177002
16400 11226599 0.2456420494251218 -0.01392377286058541 0.5715 2.180321846082738 4.084449320177002
16401 11226599 0.20314880419169745 -0.010784638360315901 0.5715 2.180321846082738 4.084449320177002
16402 11226599 0.1655046508234742 -0.009113233521984732 0.57912 2.180321846082738 4.084449320177002
16403 11226599 0.12337805122443479 -0.006210303414108137 0.57912 2.180321846082738 4.084449320177002
16404 11226599 0.08135491093398983 -0.002990458169202015 0.57912 2.180321846082738 4.084449320177002
16405 11226599 0.022509675300813048 0.00011995404003337096 0.57912 2.180321846082738 4.084449320177002
16406 11226599 0.006126403213148612 0.00325498215398326 0.57912 2.180321846082738 4.084449320177002
16407 11226599 -0.027204165195542085 0.007256135641079076 0.58293 2.180321846082738 4.084449320177002
16408 11226599 -0.06053473360423278 0.011257289128174891 0.58674 2.180321846082738 4.084449320177002
16409 11226599 -0.10584564948592556 0.018006295439549153 0.58674 2.180321846082738 4.084449320177002
16410 11226599 -0.14715327503994913 0.026134159026342835 0.59436 2.180321846082738 4.084449320177002
16411 11226599 -0.19284862627218957 0.038500479472118015 0.59436 2.180321846082738 4.084449320177002
16412 11226599 -0.2334340056159694 0.046392781388362475 0.59436 2.180321846082738 4.084449320177002
16413 11226599 -0.2741798543760898 0.05433777827201988 0.6019800000000001 2.180321846082738 4.084449320177002
16414 11226599 -0.3109175279343508 0.0685668669691353 0.6019800000000001 2.180321846082738 4.084449320177002
16415 11226599 -0.35772725821828355 0.0786114641477377 0.6019800000000001 2.180321846082738 4.084449320177002
16416 11226599 -0.39752767496613584 0.09162245222843177 0.6096 2.180321846082738 4.084449320177002
16417 11226599 -0.44775954754501535 0.10804389953824559 0.6096 2.180321846082738 4.084449320177002
16418 11226599 -0.4873993131515917 0.12100293048484242 0.61722 2.180321846082738 4.084449320177002
16419 11226599 -0.5242159850896679 0.13607692925091233 0.61722 2.180321846082738 4.084449320177002
16420 11226599 -0.5861491367139178 0.15854481897624242 0.6248400000000001 2.180321846082738 4.084449320177002
16421 11226599 -0.6138325699726748 0.1675957295169359 0.6248400000000001 2.180321846082738 4.084449320177002
16422 11226599 -0.6415160032314318 0.1766466400576294 0.6248400000000001 2.180321846082738 4.084449320177002
16423 11226599 -0.6867722927174713 0.1914432346557258 0.63246 2.180321846082738 4.084449320177002
16424 11226599 -0.7344754810144047 0.21288192919182888 0.6248400000000001 2.180321846082738 4.084449320177002
16425 11226599 -0.7750775503020877 0.22615741093486505 0.63246 2.180321846082738 4.084449320177002
16426 11226599 -0.8099021890429341 0.2375440778967696 0.6400800000000001 2.180321846082738 4.084449320177002
16427 11226599 -0.880514186850337 0.26063277936109475 0.6400800000000001 2.180321846082738 4.084449320177002
16428 11226599 -0.9270623685776207 0.278540748604047 0.6400800000000001 2.180321846082738 4.084449320177002
16429 11226599 -0.9751980931311965 0.2915937407310286 0.6477 2.180321846082738 4.084449320177002
16430 11226599 -0.9978659884995628 0.2990062302341507 0.6477 2.180321846082738 4.084449320177002
16431 11226599 -1.020533883867929 0.30641871973727275 0.6477 2.180321846082738 4.084449320177002
16432 11226599 -1.069087710505469 0.3249836074146861 0.6477 2.180321846082738 4.084449320177002
16433 11226599 -1.1196819025897735 0.3440992879073568 0.65532 2.180321846082738 4.084449320177002
16434 11226599 -1.1657134845529178 0.361956942351795 0.65532 2.180321846082738 4.084449320177002
16435 11226599 -1.2095242724935653 0.37628456323775716 0.6629400000000001 2.180321846082738 4.084449320177002
16436 11226599 -1.2476007185672027 0.39130752920959144 0.67056 2.180321846082738 4.084449320177002
16437 11226599 -1.3163022996828608 0.4191508580147326 0.67056 2.180321846082738 4.084449320177002
16438 11226599 -1.3471984613910617 0.430599382345326 0.67818 2.180321846082738 4.084449320177002
16439 11226599 -1.3780946230992626 0.4420479066759194 0.6858000000000001 2.180321846082738 4.084449320177002
16440 11226599 -1.4206723965022137 0.46123145982306457 0.6858000000000001 2.180321846082738 4.084449320177002
16441 11226599 -1.4678488117646202 0.47993317890586085 0.69342 2.180321846082738 4.084449320177002
16442 11226599 -1.5272762706334893 0.5046286907970803 0.69342 2.180321846082738 4.084449320177002
16443 11226599 -1.5749999551079858 0.525730193190245 0.7010400000000001 2.180321846082738 4.084449320177002
16444 11226599 -1.618780630090541 0.5453086258594411 0.7086600000000001 2.180321846082738 4.084449320177002
16445 11226599 -1.6542315102613452 0.5591247882748717 0.7086600000000001 2.180321846082738 4.084449320177002
16446 11226599 -1.6733717623265028 0.567138398331449 0.7124700000000002 2.180321846082738 4.084449320177002
16447 11226599 -1.6925120143916603 0.5751520083880263 0.7162800000000001 2.180321846082738 4.084449320177002
16448 11226599 -1.7302399898840688 0.5928681709311177 0.7239000000000001 2.180321846082738 4.084449320177002
16449 11226599 -1.7899326969006315 0.6248971612971107 0.7239000000000001 2.180321846082738 4.084449320177002
16450 11226599 -1.8276603236490516 0.6426138449647422 0.73152 2.180321846082738 4.084449320177002
16451 11226599 -1.8650323509632163 0.6603312805928675 0.73152 2.180321846082738 4.084449320177002
16452 11226599 -1.9115349965911836 0.6848918048481939 0.73914 2.180321846082738 4.084449320177002
16453 11226599 -1.9433004007669104 0.701827107169923 0.74676 2.180321846082738 4.084449320177002
16454 11226599 -1.984253221470034 0.7259746705111315 0.74676 2.180321846082738 4.084449320177002
16455 11226599 -2.036765801843935 0.7582277199671478 0.75438 2.180321846082738 4.084449320177002
16456 11226599 -2.0687541694558718 0.7799103730351776 0.762 2.180321846082738 4.084449320177002
16457 11226599 -2.1189037771803365 0.8123258555061571 0.762 2.180321846082738 4.084449320177002
16458 11226599 -2.154667742202406 0.8403854372325016 0.76962 2.180321846082738 4.084449320177002
16459 11226599 -2.1923570722423475 0.869075257895617 0.77724 2.180321846082738 4.084449320177002
16460 11226599 -2.2104602960282955 0.8802566270818319 0.77724 2.180321846082738 4.084449320177002
16461 11226599 -2.2285635198142435 0.891437996268047 0.77724 2.180321846082738 4.084449320177002
16462 11226599 -2.2648465492430647 0.9255103749028192 0.78486 2.180321846082738 4.084449320177002
16463 11226599 -2.305768843376768 0.9540904846346242 0.78486 2.180321846082738 4.084449320177002
16464 11226599 -2.346767448076534 0.9943802804687288 0.7924800000000001 2.180321846082738 4.084449320177002
16465 11226599 -2.3689136636942876 1.0176348688757355 0.79629 2.180321846082738 4.084449320177002
16466 11226599 -2.3910598793120412 1.0408894572827423 0.8001 2.180321846082738 4.084449320177002
16467 11226599 -2.424053033074287 1.0730686271582797 0.8001 2.180321846082738 4.084449320177002
16468 11226599 -2.4667557004255647 1.1244331994324825 0.80772 2.180321846082738 4.084449320177002
16469 11226599 -2.4940017386979454 1.1578869778071563 0.8153400000000001 2.180321846082738 4.084449320177002
16470 11226599 -2.5280083125476382 1.203251560957079 0.8153400000000001 2.180321846082738 4.084449320177002
16471 11226599 -2.5532661060453368 1.2482069955508865 0.82296 2.180321846082738 4.084449320177002
16472 11226599 -2.567497065408033 1.264432063200239 0.82296 2.180321846082738 4.084449320177002
16473 11226599 -2.594290091830046 1.3055086450007494 0.82677 2.180321846082738 4.084449320177002
16474 11226599 -2.6210831182520593 1.34658522680126 0.8305800000000001 2.180321846082738 4.084449320177002
16475 11226599 -2.6417275746808953 1.3850071137062805 0.8305800000000001 2.180321846082738 4.084449320177002
16476 11226599 -2.6616608393497767 1.423430068425921 0.8382000000000001 2.180321846082738 4.084449320177002
16477 11226599 -2.6845543774393468 1.468547523410974 0.8382000000000001 2.180321846082738 4.084449320177002
16478 11226599 -2.705770405765844 1.5115971927156604 0.8382000000000001 2.180321846082738 4.084449320177002
16479 11226599 -2.726986434092341 1.554646862020347 0.8382000000000001 2.180321846082738 4.084449320177002
16480 11226599 -2.7457950646718534 1.5969088541436407 0.84201 2.180321846082738 4.084449320177002
16481 11226599 -2.764603695251366 1.6391708462669343 0.84582 2.180321846082738 4.084449320177002
16482 11226599 -2.7861358752615732 1.6889848280405184 0.84582 2.180321846082738 4.084449320177002
16483 11226599 -2.8048778201997173 1.7332117766839656 0.8534400000000001 2.180321846082738 4.084449320177002
16484 11226599 -2.8220302925209992 1.7822935746991704 0.8534400000000001 2.180321846082738 4.084449320177002
16485 11226599 -2.83584907476603 1.8209365030921805 0.8572500000000001 2.180321846082738 4.084449320177002
16486 11226599 -2.8496678570110605 1.8595794314851903 0.86106 2.180321846082738 4.084449320177002
16487 11226599 -2.85933995298615 1.9032917497622384 0.8686800000000001 2.180321846082738 4.084449320177002
16488 11226599 -2.870055851202281 1.9465278922374118 0.8686800000000001 2.180321846082738 4.084449320177002
16489 11226599 -2.8852631626467913 2.015655682767693 0.8686800000000001 2.180321846082738 4.084449320177002
16490 11226599 -2.8913209164934983 2.060638921465617 0.8686800000000001 2.180321846082738 4.084449320177002
16491 11226599 -2.90242518519611 2.112181877506494 0.8763000000000001 2.180321846082738 4.084449320177002
16492 11226599 -2.9051975251730466 2.1532269593115547 0.8763000000000001 2.180321846082738 4.084449320177002
16493 11226599 -2.9079698651499832 2.1942720411166157 0.8763000000000001 2.180321846082738 4.084449320177002
16494 11226599 -2.915248663231541 2.2425764589041477 0.88392 2.180321846082738 4.084449320177002
16495 11226599 -2.920871850030495 2.309502191944559 0.88392 2.180321846082738 4.084449320177002
16496 11226599 -2.924225714218591 2.3600273223655 0.88392 2.180321846082738 4.084449320177002
16497 11226599 -2.9345371257048347 2.4115449046755186 0.88392 2.180321846082738 4.084449320177002
16498 11226599 -2.9415892814691285 2.4727457146718756 0.8915400000000001 2.180321846082738 4.084449320177002
16499 11226599 -2.9454520645399347 2.5274105428480436 0.8991600000000001 2.180321846082738 4.084449320177002
16500 11226599 -2.950468316306737 2.5771948320140736 0.8991600000000001 2.180321846082738 4.084449320177002
16501 11226599 -2.9562864496650247 2.6272417113278963 0.9067800000000001 2.180321846082738 4.084449320177002
16502 11226599 -2.9660804236951837 2.67870717336142 0.9067800000000001 2.180321846082738 4.084449320177002
16503 11226599 -2.9709427208505277 2.723533585307901 0.9105900000000001 2.180321846082738 4.084449320177002
16504 11226599 -2.9758050180058717 2.768359997254382 0.9144000000000001 2.180321846082738 4.084449320177002
16505 11226599 -2.9878860477140545 2.8155499225567793 0.9220200000000001 2.180321846082738 4.084449320177002
16506 11226599 -2.99732593878315 2.8653807318828655 0.9220200000000001 2.180321846082738 4.084449320177002
16507 11226599 -3.009701983149724 2.94421709977563 0.9296400000000001 2.180321846082738 4.084449320177002
16508 11226599 -3.019721185138633 2.9895637753591364 0.9296400000000001 2.180321846082738 4.084449320177002
16509 11226599 -3.0366028725817147 3.0600602324912427 0.93726 2.180321846082738 4.084449320177002
16510 11226599 -3.039766074713731 3.0829470770057092 0.94107 2.180321846082738 4.084449320177002
16511 11226599 -3.042929276845747 3.105833921520176 0.9448799999999999 2.180321846082738 4.084449320177002
16512 11226599 -3.0532804282805905 3.15830064340243 0.9448799999999999 2.180321846082738 4.084449320177002
16513 11226599 -3.0533272222583747 3.1581608249736277 0.9448674842595127 2.180321846082738 4.084449320177002
16514 11226599 -3.053374016236159 3.1580210065448258 0.9448549685190254 2.180321846082738 4.084449320177002
16515 11226599 -3.053420810213943 3.1578811881160234 0.9448424527785382 2.180321846082738 4.084449320177002
16516 11226599 -3.0534676041917272 3.157741369687221 0.9448299370380508 2.180321846082738 4.084449320177002
16517 11226599 -3.0535143981695114 3.157601551258419 0.9448174212975636 2.180321846082738 4.084449320177002
16518 11226599 -3.0535611921472956 3.1574617328296166 0.9448049055570763 2.180321846082738 4.084449320177002
16519 11226599 -3.0536079861250798 3.1573219144008142 0.9447923898165891 2.180321846082738 4.084449320177002
16520 11226599 -3.053654780102864 3.157182095972012 0.9447798740761018 2.180321846082738 4.084449320177002
16521 11226599 -3.053701574080648 3.15704227754321 0.9447673583356145 2.180321846082738 4.084449320177002
16522 11226599 -3.0537483680584323 3.1569024591144075 0.9447548425951272 2.180321846082738 4.084449320177002
16523 11226599 -3.0537951620362165 3.156762640685605 0.94474232685464 2.180321846082738 4.084449320177002
16524 11226599 -3.0538419560140007 3.156622822256803 0.9447298111141527 2.180321846082738 4.084449320177002
16525 11226599 -3.053888749991785 3.1564830038280007 0.9447172953736654 2.180321846082738 4.084449320177002
16526 11226599 -3.053935543969569 3.1563431853991983 0.9447047796331781 2.180321846082738 4.084449320177002
16527 11226599 -3.053982337947353 3.1562033669703964 0.9446922638926909 2.180321846082738 4.084449320177002
16528 11226599 -3.0540291319251374 3.156063548541594 0.9446797481522036 2.180321846082738 4.084449320177002
16529 11226599 -3.054075925902922 3.1559237301127916 0.9446672324117164 2.180321846082738 4.084449320177002
16530 11226599 -3.054122719880706 3.1557839116839896 0.944654716671229 2.180321846082738 4.084449320177002
16531 11226599 -3.0541695138584903 3.1556440932551872 0.9446422009307418 2.180321846082738 4.084449320177002
16532 11226599 -3.0542163078362745 3.155504274826385 0.9446296851902545 2.180321846082738 4.084449320177002
16533 11226599 -3.0542631018140587 3.155364456397583 0.9446171694497673 2.180321846082738 4.084449320177002
16534 11226599 -3.054309895791843 3.1552246379687805 0.94460465370928 2.180321846082738 4.084449320177002
16535 11226599 -3.054356689769627 3.155084819539978 0.9445921379687927 2.180321846082738 4.084449320177002
16536 11226599 -3.054403483747411 3.1549450011111757 0.9445796222283055 2.180321846082738 4.084449320177002
16537 11226599 -3.0544502777251954 3.1548051826823738 0.9445671064878182 2.180321846082738 4.084449320177002
16538 11226599 -3.0544970717029796 3.1546653642535714 0.944554590747331 2.180321846082738 4.084449320177002
16539 11226599 -3.0545438656807637 3.154525545824769 0.9445420750068436 2.180321846082738 4.084449320177002
16540 11226599 -3.054590659658548 3.154385727395967 0.9445295592663564 2.180321846082738 4.084449320177002
16541 11226599 -3.054637453636332 3.1542459089671646 0.9445170435258691 2.180321846082738 4.084449320177002
16542 11226599 -3.0546842476141163 3.154106090538362 0.9445045277853819 2.180321846082738 4.084449320177002
16543 11226599 -3.0547310415919005 3.1539662721095603 0.9444920120448945 2.180321846082738 4.084449320177002
16544 11226599 -3.0547778355696846 3.153826453680758 0.9444794963044073 2.180321846082738 4.084449320177002
16545 11226599 -3.054824629547469 3.1536866352519555 0.94446698056392 2.180321846082738 4.084449320177002
16546 11226599 -3.054871423525253 3.1535468168231535 0.9444544648234328 2.180321846082738 4.084449320177002
16547 11226599 -3.054918217503037 3.153406998394351 0.9444419490829454 2.180321846082738 4.084449320177002
16548 11226599 -3.0549650114808213 3.1532671799655487 0.9444294333424582 2.180321846082738 4.084449320177002
16549 11226599 -3.0550118054586055 3.1531273615367463 0.9444169176019709 2.180321846082738 4.084449320177002
16550 11226599 -3.0550585994363897 3.1529875431079444 0.9444044018614837 2.180321846082738 4.084449320177002
16551 11226599 -3.055105393414174 3.152847724679142 0.9443918861209963 2.180321846082738 4.084449320177002
16552 11226599 -3.055152187391958 3.1527079062503396 0.9443793703805091 2.180321846082738 4.084449320177002
16553 11226599 -3.055198981369742 3.1525680878215376 0.9443668546400218 2.180321846082738 4.084449320177002
16554 11226599 -3.0552457753475264 3.1524282693927352 0.9443543388995346 2.180321846082738 4.084449320177002
16555 11226599 -3.0552925693253106 3.152288450963933 0.9443418231590474 2.180321846082738 4.084449320177002
16556 11226599 -3.0553393633030947 3.152148632535131 0.94432930741856 2.180321846082738 4.084449320177002
16557 11226599 -3.055386157280879 3.1520088141063285 0.9443167916780728 2.180321846082738 4.084449320177002
16558 11226599 -3.055432951258663 3.151868995677526 0.9443042759375855 2.180321846082738 4.084449320177002
16559 11226599 -3.0554797452364473 3.151729177248724 0.9442917601970983 2.180321846082738 4.084449320177002
16560 11226599 -3.0555265392142315 3.1515893588199217 0.9442792444566109 2.180321846082738 4.084449320177002
16561 11226599 -3.055573333192016 3.1514495403911194 0.9442667287161237 2.180321846082738 4.084449320177002
16562 11226599 -3.0556201271698002 3.151309721962317 0.9442542129756364 2.180321846082738 4.084449320177002
16563 11226599 -3.0556669211475844 3.151169903533515 0.9442416972351492 2.180321846082738 4.084449320177002
16564 11226599 -3.0557137151253686 3.1510300851047126 0.9442291814946618 2.180321846082738 4.084449320177002
16565 11226599 -3.0557605091031528 3.15089026667591 0.9442166657541746 2.180321846082738 4.084449320177002
16566 11226599 -3.055807303080937 3.1507504482471083 0.9442041500136873 2.180321846082738 4.084449320177002
16567 11226599 -3.055854097058721 3.150610629818306 0.9441916342732001 2.180321846082738 4.084449320177002
16568 11226599 -3.0559008910365053 3.1504708113895035 0.9441791185327127 2.180321846082738 4.084449320177002
16569 11226599 -3.0559476850142895 3.1503309929607015 0.9441666027922255 2.180321846082738 4.084449320177002
16570 11226599 -3.0559944789920737 3.150191174531899 0.9441540870517382 2.180321846082738 4.084449320177002
16571 11226599 -3.056041272969858 3.1500513561030967 0.944141571311251 2.180321846082738 4.084449320177002
16572 11226599 -3.056088066947642 3.1499115376742948 0.9441290555707637 2.180321846082738 4.084449320177002
