27554 11322591 1.1569940001938006 0.07896279387521021 0.42672000000000004 2.4225798289808194 4.53827702241889
27555 11322591 1.162377570355276 0.07913167341546629 0.42672000000000004 2.4225798289808194 4.53827702241889
27556 11322591 1.1677611405167512 0.07930055295572236 0.42672000000000004 2.4225798289808194 4.53827702241889
27557 11322591 1.1731447106782265 0.07946943249597843 0.42672000000000004 2.4225798289808194 4.53827702241889
27558 11322591 1.1785282808397017 0.0796383120362345 0.42672000000000004 2.4225798289808194 4.53827702241889
27559 11322591 1.1841015120460934 0.08038778180981809 0.42672000000000004 2.4225798289808194 4.53827702241889
27560 11322591 1.189674743252485 0.0811372515834017 0.42672000000000004 2.4225798289808194 4.53827702241889
27561 11322591 1.1952165811835491 0.0808845021279043 0.42672000000000004 2.4225798289808194 4.53827702241889
27562 11322591 1.2007584191146132 0.08063175267240688 0.42672000000000004 2.4225798289808194 4.53827702241889
27563 11322591 1.2063002570456773 0.08037900321690948 0.42672000000000004 2.4225798289808194 4.53827702241889
27564 11322591 1.2142462801047962 0.08023652628459195 0.42672000000000004 2.4225798289808194 4.53827702241889
27565 11322591 1.222192303163915 0.08009404935227442 0.42672000000000004 2.4225798289808194 4.53827702241889
27566 11322591 1.2226931509465877 0.07986226275530671 0.42672000000000004 2.4225798289808194 4.53827702241889
27567 11322591 1.2231939987292604 0.079630476158339 0.42672000000000004 2.4225798289808194 4.53827702241889
27568 11322591 1.2236948465119333 0.07939868956137129 0.42672000000000004 2.4225798289808194 4.53827702241889
27569 11322591 1.224195694294606 0.07916690296440358 0.42672000000000004 2.4225798289808194 4.53827702241889
27570 11322591 1.2246965420772786 0.07893511636743587 0.42672000000000004 2.4225798289808194 4.53827702241889
27571 11322591 1.2251973898599513 0.07870332977046816 0.42672000000000004 2.4225798289808194 4.53827702241889
27572 11322591 1.225698237642624 0.07847154317350045 0.42672000000000004 2.4225798289808194 4.53827702241889
27573 11322591 1.2261990854252969 0.07823975657653276 0.42672000000000004 2.4225798289808194 4.53827702241889
27574 11322591 1.2266999332079696 0.07800796997956505 0.42672000000000004 2.4225798289808194 4.53827702241889
27575 11322591 1.2272007809906422 0.07777618338259734 0.42672000000000004 2.4225798289808194 4.53827702241889
27576 11322591 1.227701628773315 0.07754439678562963 0.42672000000000004 2.4225798289808194 4.53827702241889
27577 11322591 1.2282024765559876 0.07731261018866192 0.42672000000000004 2.4225798289808194 4.53827702241889
27578 11322591 1.2287033243386605 0.07708082359169421 0.42672000000000004 2.4225798289808194 4.53827702241889
27579 11322591 1.2292041721213331 0.0768490369947265 0.42672000000000004 2.4225798289808194 4.53827702241889
27580 11322591 1.2297050199040058 0.0766172503977588 0.42672000000000004 2.4225798289808194 4.53827702241889
27581 11322591 1.2302058676866785 0.07638546380079109 0.42672000000000004 2.4225798289808194 4.53827702241889
27582 11322591 1.2307067154693512 0.07615367720382338 0.42672000000000004 2.4225798289808194 4.53827702241889
27583 11322591 1.231207563252024 0.07592189060685567 0.42672000000000004 2.4225798289808194 4.53827702241889
27584 11322591 1.2317084110346967 0.07569010400988796 0.42672000000000004 2.4225798289808194 4.53827702241889
27585 11322591 1.2322092588173694 0.07545831741292025 0.42672000000000004 2.4225798289808194 4.53827702241889
27586 11322591 1.232710106600042 0.07522653081595254 0.42672000000000004 2.4225798289808194 4.53827702241889
27587 11322591 1.2332109543827148 0.07499474421898483 0.42672000000000004 2.4225798289808194 4.53827702241889
27588 11322591 1.2337118021653877 0.07476295762201712 0.42672000000000004 2.4225798289808194 4.53827702241889
27589 11322591 1.2342126499480603 0.07453117102504943 0.42672000000000004 2.4225798289808194 4.53827702241889
27590 11322591 1.234713497730733 0.07429938442808172 0.42672000000000004 2.4225798289808194 4.53827702241889
27591 11322591 1.2352143455134057 0.07406759783111401 0.42672000000000004 2.4225798289808194 4.53827702241889
27592 11322591 1.2357151932960786 0.0738358112341463 0.42672000000000004 2.4225798289808194 4.53827702241889
27593 11322591 1.2362160410787513 0.07360402463717859 0.42672000000000004 2.4225798289808194 4.53827702241889
27594 11322591 1.236716888861424 0.07337223804021088 0.42672000000000004 2.4225798289808194 4.53827702241889
27595 11322591 1.2372177366440966 0.07314045144324317 0.42672000000000004 2.4225798289808194 4.53827702241889
27596 11322591 1.2377185844267693 0.07290866484627546 0.42672000000000004 2.4225798289808194 4.53827702241889
27597 11322591 1.2382194322094422 0.07267687824930776 0.42672000000000004 2.4225798289808194 4.53827702241889
27598 11322591 1.2387202799921149 0.07244509165234005 0.42672000000000004 2.4225798289808194 4.53827702241889
27599 11322591 1.2392211277747875 0.07221330505537234 0.42672000000000004 2.4225798289808194 4.53827702241889
27600 11322591 1.2397219755574602 0.07198151845840463 0.42672000000000004 2.4225798289808194 4.53827702241889
27601 11322591 1.240222823340133 0.07174973186143692 0.42672000000000004 2.4225798289808194 4.53827702241889
27602 11322591 1.2407236711228058 0.07151794526446921 0.42672000000000004 2.4225798289808194 4.53827702241889
27603 11322591 1.2412245189054785 0.07128615866750151 0.42672000000000004 2.4225798289808194 4.53827702241889
27604 11322591 1.2417253666881511 0.0710543720705338 0.42672000000000004 2.4225798289808194 4.53827702241889
27605 11322591 1.2422262144708238 0.0708225854735661 0.42672000000000004 2.4225798289808194 4.53827702241889
27606 11322591 1.2427270622534965 0.07059079887659839 0.42672000000000004 2.4225798289808194 4.53827702241889
27607 11322591 1.2432279100361694 0.07035901227963068 0.42672000000000004 2.4225798289808194 4.53827702241889
27608 11322591 1.243728757818842 0.07012722568266297 0.42672000000000004 2.4225798289808194 4.53827702241889
27609 11322591 1.2442296056015147 0.06989543908569526 0.42672000000000004 2.4225798289808194 4.53827702241889
27610 11322591 1.2447304533841874 0.06966365248872755 0.42672000000000004 2.4225798289808194 4.53827702241889
27611 11322591 1.24523130116686 0.06943186589175984 0.42672000000000004 2.4225798289808194 4.53827702241889
27612 11322591 1.245732148949533 0.06920007929479213 0.42672000000000004 2.4225798289808194 4.53827702241889
27613 11322591 1.2462329967322057 0.06896829269782442 0.42672000000000004 2.4225798289808194 4.53827702241889
27614 11322591 1.2467338445148783 0.06873650610085671 0.42672000000000004 2.4225798289808194 4.53827702241889
27615 11322591 1.247234692297551 0.068504719503889 0.42672000000000004 2.4225798289808194 4.53827702241889
27616 11322591 1.2477355400802237 0.0682729329069213 0.42672000000000004 2.4225798289808194 4.53827702241889
27617 11322591 1.2482363878628966 0.06804114630995359 0.42672000000000004 2.4225798289808194 4.53827702241889
27618 11322591 1.2487372356455693 0.06780935971298588 0.42672000000000004 2.4225798289808194 4.53827702241889
27619 11322591 1.249238083428242 0.06757757311601817 0.42672000000000004 2.4225798289808194 4.53827702241889
27620 11322591 1.2497389312109146 0.06734578651905046 0.42672000000000004 2.4225798289808194 4.53827702241889
27621 11322591 1.2502397789935873 0.06711399992208276 0.42672000000000004 2.4225798289808194 4.53827702241889
27622 11322591 1.2507406267762602 0.06688221332511506 0.42672000000000004 2.4225798289808194 4.53827702241889
27623 11322591 1.2512414745589329 0.06665042672814735 0.42672000000000004 2.4225798289808194 4.53827702241889
27624 11322591 1.2517423223416055 0.06641864013117964 0.42672000000000004 2.4225798289808194 4.53827702241889
27625 11322591 1.2522431701242782 0.06618685353421193 0.42672000000000004 2.4225798289808194 4.53827702241889
