41743 11390060 1.1955948365276414 0.005019407998545791 0.44704000000000005 0.7242982308987657 5.093156529375169
41744 11390060 1.1746298314125023 0.004274630493123738 0.43688000000000005 0.7242982308987657 5.093156529375169
41745 11390060 1.153664826297363 0.0035298529877016843 0.42672000000000004 0.7242982308987657 5.093156529375169
41746 11390060 1.1086805863781883 0.001753282808272319 0.42672000000000004 0.7242982308987657 5.093156529375169
41747 11390060 1.0755670761373282 0.0036925052040886475 0.42672000000000004 0.7242982308987657 5.093156529375169
41748 11390060 1.0534025112815049 0.0038072434915767256 0.42672000000000004 0.7242982308987657 5.093156529375169
41749 11390060 1.0146800045683546 0.0037245138657267906 0.43107428571428574 0.7242982308987657 5.093156529375169
41750 11390060 0.9759574978552045 0.0036417842398768557 0.4354285714285715 0.7242982308987657 5.093156529375169
41751 11390060 0.9372349911420542 0.0035590546140269203 0.4397828571428572 0.7242982308987657 5.093156529375169
41752 11390060 0.8985124844289041 0.0034763249881769854 0.4441371428571429 0.7242982308987657 5.093156529375169
41753 11390060 0.8597899777157538 0.0033935953623270504 0.4484914285714286 0.7242982308987657 5.093156529375169
41754 11390060 0.8210674710026036 0.0033108657364771155 0.45284571428571435 0.7242982308987657 5.093156529375169
41755 11390060 0.7823449642894534 0.0032281361106271805 0.45720000000000005 0.7242982308987657 5.093156529375169
41756 11390060 0.7422837022159918 0.0036135381001683436 0.46101000000000003 0.7242982308987657 5.093156529375169
41757 11390060 0.7022224401425302 0.003998940089709507 0.46482 0.7242982308987657 5.093156529375169
41758 11390060 0.6621611780690686 0.00438434207925067 0.46863000000000005 0.7242982308987657 5.093156529375169
41759 11390060 0.622099915995607 0.004769744068791833 0.47244 0.7242982308987657 5.093156529375169
41760 11390060 0.5820386539221454 0.005155146058332996 0.47625 0.7242982308987657 5.093156529375169
41761 11390060 0.5419773918486837 0.005540548047874159 0.48006000000000004 0.7242982308987657 5.093156529375169
41762 11390060 0.5019161297752222 0.005925950037415322 0.48387 0.7242982308987657 5.093156529375169
41763 11390060 0.4618548677017605 0.006311352026956485 0.48768 0.7242982308987657 5.093156529375169
41764 11390060 0.4258159828569975 0.007456931755497553 0.48768 0.7242982308987657 5.093156529375169
41765 11390060 0.40960762976822 0.00732112664818467 0.48768 0.7242982308987657 5.093156529375169
41766 11390060 0.3933992766794425 0.007185321540871786 0.48768 0.7242982308987657 5.093156529375169
41767 11390060 0.35677536292764234 0.008171921932577514 0.48768 0.7242982308987657 5.093156529375169
41768 11390060 0.3184325356124956 0.010421419797868842 0.48768 0.7242982308987657 5.093156529375169
41769 11390060 0.2599088117592009 0.013424968192127018 0.5181600000000001 0.7242982308987657 5.093156529375169
41770 11390060 0.2289873002139976 0.018273225996452036 0.5181600000000001 0.7242982308987657 5.093156529375169
41771 11390060 0.17870982724964823 0.02313876960126285 0.5181600000000001 0.7242982308987657 5.093156529375169
41772 11390060 0.1352762617512221 0.026118349765376636 0.5181600000000001 0.7242982308987657 5.093156529375169
41773 11390060 0.10729590323851657 0.024748511125580297 0.5181600000000001 0.7242982308987657 5.093156529375169
41774 11390060 0.0795697638130996 0.025515509828659952 0.5181600000000001 0.7242982308987657 5.093156529375169
41775 11390060 0.05184362438768264 0.026282508531739607 0.5181600000000001 0.7242982308987657 5.093156529375169
41776 11390060 0.030375668408505474 0.02418638390126604 0.54864 0.7242982308987657 5.093156529375169
41777 11390060 -0.008500088427390695 0.021003853958570212 0.54864 0.7242982308987657 5.093156529375169
41778 11390060 -0.05898218218305806 0.016007224932284653 0.54864 0.7242982308987657 5.093156529375169
41779 11390060 -0.09541398666879375 0.014596567905812236 0.54864 0.7242982308987657 5.093156529375169
41780 11390060 -0.11901576590966711 0.011679492290978338 0.54864 0.7242982308987657 5.093156529375169
41781 11390060 -0.15188898228664738 0.014363327428715628 0.54864 0.7242982308987657 5.093156529375169
41782 11390060 -0.20071532260385605 0.01443428175190628 0.57912 0.7242982308987657 5.093156529375169
41783 11390060 -0.21808355815609626 0.012926448679264263 0.57912 0.7242982308987657 5.093156529375169
41784 11390060 -0.23545179370833647 0.011418615606622246 0.57912 0.7242982308987657 5.093156529375169
41785 11390060 -0.2832600025773744 0.009171125759475068 0.57912 0.7242982308987657 5.093156529375169
41786 11390060 -0.3036739493343532 0.006497670286420315 0.57912 0.7242982308987657 5.093156529375169
41787 11390060 -0.33981649541480685 -0.0035351936718794608 0.57912 0.7242982308987657 5.093156529375169
41788 11390060 -0.3931594707724584 -0.013202526873030723 0.57912 0.7242982308987657 5.093156529375169
41789 11390060 -0.42488888877674635 -0.024677724949622698 0.57912 0.7242982308987657 5.093156529375169
41790 11390060 -0.4561136789959135 -0.03596729168908738 0.57912 0.7242982308987657 5.093156529375169
41791 11390060 -0.49262346885869457 -0.045762677370860566 0.57912 0.7242982308987657 5.093156529375169
41792 11390060 -0.5155807908529909 -0.05145963951530025 0.59436 0.7242982308987657 5.093156529375169
41793 11390060 -0.5385381128472873 -0.05715660165973993 0.6096 0.7242982308987657 5.093156529375169
41794 11390060 -0.5653112181032687 -0.06569517017346868 0.6096 0.7242982308987657 5.093156529375169
41795 11390060 -0.5969423415212727 -0.07007509839227602 0.6096 0.7242982308987657 5.093156529375169
41796 11390060 -0.6179282679854926 -0.07653315132627789 0.6096 0.7242982308987657 5.093156529375169
41797 11390060 -0.6389141944497125 -0.08299120426027976 0.6096 0.7242982308987657 5.093156529375169
41798 11390060 -0.6680042627763718 -0.09182348800397436 0.6096 0.7242982308987657 5.093156529375169
41799 11390060 -0.6974682064875617 -0.09609375640927612 0.6400800000000001 0.7242982308987657 5.093156529375169
41800 11390060 -0.7233719198924831 -0.10631812604382848 0.6400800000000001 0.7242982308987657 5.093156529375169
41801 11390060 -0.7525657594314719 -0.11546672472694572 0.6400800000000001 0.7242982308987657 5.093156529375169
41802 11390060 -0.7945727763092751 -0.12848748220102016 0.6400800000000001 0.7242982308987657 5.093156529375169
41803 11390060 -0.8229772782389615 -0.13929595957524363 0.6400800000000001 0.7242982308987657 5.093156529375169
41804 11390060 -0.8609336071366855 -0.14943479169954868 0.6400800000000001 0.7242982308987657 5.093156529375169
41805 11390060 -0.8903133278759627 -0.16050838731665 0.6400800000000001 0.7242982308987657 5.093156529375169
41806 11390060 -0.9104261493720156 -0.1704058413798251 0.6400800000000001 0.7242982308987657 5.093156529375169
41807 11390060 -0.925715818805356 -0.17370183389676433 0.6553200000000001 0.7242982308987657 5.093156529375169
41808 11390060 -0.9410054882386965 -0.17699782641370357 0.67056 0.7242982308987657 5.093156529375169
41809 11390060 -0.9794539456701472 -0.1967894251364132 0.6400800000000001 0.7242982308987657 5.093156529375169
41810 11390060 -0.9861772734061687 -0.19996545886583764 0.67056 0.7242982308987657 5.093156529375169
41811 11390060 -1.0363419152544742 -0.2159258907051649 0.67056 0.7242982308987657 5.093156529375169
41812 11390060 -1.0881911328193483 -0.23051736972210737 0.67056 0.7242982308987657 5.093156529375169
41813 11390060 -1.117459422281424 -0.24396344966317599 0.67056 0.7242982308987657 5.093156529375169
41814 11390060 -1.130415347152374 -0.24691229891286984 0.67056 0.7242982308987657 5.093156529375169
41815 11390060 -1.1433712720233238 -0.2498611481625637 0.67056 0.7242982308987657 5.093156529375169
41816 11390060 -1.172027106912618 -0.2587170698132917 0.7010400000000001 0.7242982308987657 5.093156529375169
41817 11390060 -1.1985517435830484 -0.2692045096126142 0.7010400000000001 0.7242982308987657 5.093156529375169
41818 11390060 -1.2377003530688302 -0.28841570104198555 0.7010400000000001 0.7242982308987657 5.093156529375169
41819 11390060 -1.262758322524675 -0.2998499394129074 0.7010400000000001 0.7242982308987657 5.093156529375169
41820 11390060 -1.284358009604748 -0.31592012703334404 0.7010400000000001 0.7242982308987657 5.093156529375169
41821 11390060 -1.3108381653580008 -0.32735652517378955 0.7010400000000001 0.7242982308987657 5.093156529375169
41822 11390060 -1.3274444749474357 -0.33875038254510403 0.7010400000000001 0.7242982308987657 5.093156529375169
41823 11390060 -1.3440507845368705 -0.3501442399164185 0.7010400000000001 0.7242982308987657 5.093156529375169
41824 11390060 -1.358856314038601 -0.36119227037924884 0.7010400000000001 0.7242982308987657 5.093156529375169
41825 11390060 -1.3952549311592934 -0.3817695802996386 0.73152 0.7242982308987657 5.093156529375169
41826 11390060 -1.418686932526812 -0.39502041630474494 0.73152 0.7242982308987657 5.093156529375169
41827 11390060 -1.4430147183575042 -0.40938029714421775 0.73152 0.7242982308987657 5.093156529375169
41828 11390060 -1.4670139111594087 -0.42735270347685816 0.73152 0.7242982308987657 5.093156529375169
41829 11390060 -1.481122562400136 -0.440614728536215 0.73152 0.7242982308987657 5.093156529375169
41830 11390060 -1.5171837268746484 -0.4666765430875579 0.73152 0.7242982308987657 5.093156529375169
41831 11390060 -1.538519357067173 -0.481664287716853 0.73152 0.7242982308987657 5.093156529375169
41832 11390060 -1.563443280821413 -0.5059938272119539 0.73152 0.7242982308987657 5.093156529375169
41833 11390060 -1.586769991162584 -0.5273405698870897 0.73152 0.7242982308987657 5.093156529375169
41834 11390060 -1.6046931949422854 -0.5468325347107431 0.73152 0.7242982308987657 5.093156529375169
41835 11390060 -1.6320485706663062 -0.581583172552275 0.73152 0.7242982308987657 5.093156529375169
41836 11390060 -1.6545367837331877 -0.6014514882513216 0.762 0.7242982308987657 5.093156529375169
41837 11390060 -1.6625104080669095 -0.6095343194287918 0.762 0.7242982308987657 5.093156529375169
41838 11390060 -1.6704840324006314 -0.617617150606262 0.762 0.7242982308987657 5.093156529375169
41839 11390060 -1.7015654893563734 -0.6403999615556484 0.762 0.7242982308987657 5.093156529375169
41840 11390060 -1.7207677646080486 -0.6545662764593607 0.762 0.7242982308987657 5.093156529375169
41841 11390060 -1.7445246849661549 -0.6701638508830846 0.762 0.7242982308987657 5.093156529375169
41842 11390060 -1.7725273901673513 -0.6878778641956913 0.762 0.7242982308987657 5.093156529375169
41843 11390060 -1.7966297145538175 -0.7045307497813195 0.762 0.7242982308987657 5.093156529375169
41844 11390060 -1.8254261996218852 -0.7138063362870126 0.7924800000000001 0.7242982308987657 5.093156529375169
41845 11390060 -1.8479837648851885 -0.7230193309677642 0.7924800000000001 0.7242982308987657 5.093156529375169
41846 11390060 -1.8705413301484917 -0.7322323256485156 0.7924800000000001 0.7242982308987657 5.093156529375169
41847 11390060 -1.9068732534282027 -0.7417302639307453 0.7924800000000001 0.7242982308987657 5.093156529375169
41848 11390060 -1.930376487594075 -0.745142360936145 0.7924800000000001 0.7242982308987657 5.093156529375169
41849 11390060 -1.963895234961435 -0.7514708662100021 0.7924800000000001 0.7242982308987657 5.093156529375169
41850 11390060 -2.0113013750291016 -0.7565282051306208 0.7924800000000001 0.7242982308987657 5.093156529375169
41851 11390060 -2.0511136218062136 -0.7600967347626326 0.7924800000000001 0.7242982308987657 5.093156529375169
41852 11390060 -2.087314599893009 -0.7648463525324496 0.7924800000000001 0.7242982308987657 5.093156529375169
41853 11390060 -2.12493043512612 -0.7630573314024968 0.7924800000000001 0.7242982308987657 5.093156529375169
41854 11390060 -2.15102214315311 -0.7681341022572908 0.7924800000000001 0.7242982308987657 5.093156529375169
41855 11390060 -2.1771138511801 -0.7732108731120849 0.7924800000000001 0.7242982308987657 5.093156529375169
41856 11390060 -2.2192248654009523 -0.7808170624067604 0.82296 0.7242982308987657 5.093156529375169
41857 11390060 -2.240239831726928 -0.7842244025745906 0.82296 0.7242982308987657 5.093156529375169
41858 11390060 -2.283923446805864 -0.7928347599669676 0.82296 0.7242982308987657 5.093156529375169
41859 11390060 -2.3162766100338494 -0.8021136996382183 0.82296 0.7242982308987657 5.093156529375169
41860 11390060 -2.3448327734216052 -0.8106484017787772 0.82296 0.7242982308987657 5.093156529375169
41861 11390060 -2.38749871027065 -0.821577481871669 0.82296 0.7967280539886421 5.602472182312685
41862 11390060 -2.411118505898322 -0.8258848325109251 0.82296 0.7967280539886421 5.602472182312685
41863 11390060 -2.434738301525994 -0.8301921831501812 0.82296 0.7967280539886421 5.602472182312685
41864 11390060 -2.46278518252939 -0.834453172505011 0.8534400000000001 0.7967280539886421 5.602472182312685
41865 11390060 -2.506254089511133 -0.8451189943010097 0.8534400000000001 0.7967280539886421 5.602472182312685
41866 11390060 -2.5388234319476943 -0.8523401249221653 0.8534400000000001 0.7967280539886421 5.602472182312685
41867 11390060 -2.5656798423709173 -0.8583923719671226 0.8534400000000001 0.7967280539886421 5.602472182312685
41868 11390060 -2.59561664321362 -0.8602819788095718 0.8534400000000001 0.7967280539886421 5.602472182312685
41869 11390060 -2.628997056501145 -0.8645500487075625 0.8534400000000001 0.7967280539886421 5.602472182312685
41870 11390060 -2.6589173779180877 -0.8718195534594624 0.8534400000000001 0.7967280539886421 5.602472182312685
41871 11390060 -2.673871016800168 -0.8747553374097028 0.8534400000000001 0.7967280539886421 5.602472182312685
41872 11390060 -2.6888246556822484 -0.8776911213599431 0.8534400000000001 0.7967280539886421 5.602472182312685
41873 11390060 -2.740609177663755 -0.8879718684603414 0.88392 0.7967280539886421 5.602472182312685
41874 11390060 -2.766344420600511 -0.8960261484432072 0.88392 0.7967280539886421 5.602472182312685
41875 11390060 -2.8070532394152226 -0.909112581404154 0.88392 0.7967280539886421 5.602472182312685
41876 11390060 -2.8344973457125304 -0.9169580586947702 0.88392 0.7967280539886421 5.602472182312685
41877 11390060 -2.8622440968441767 -0.928443403065858 0.88392 0.7967280539886421 5.602472182312685
41878 11390060 -2.88588284913191 -0.9382349503911663 0.88392 0.7967280539886421 5.602472182312685
41879 11390060 -2.9122187401924515 -0.9494807563071722 0.88392 0.7967280539886421 5.602472182312685
41880 11390060 -2.9244156155492735 -0.9534934660242618 0.88392 0.7967280539886421 5.602472182312685
41881 11390060 -2.9366124909060956 -0.9575061757413513 0.88392 0.7967280539886421 5.602472182312685
41882 11390060 -2.9754140414425203 -0.9767076526997781 0.88392 0.7967280539886421 5.602472182312685
41883 11390060 -2.9950160238639594 -0.9866514515554913 0.9144000000000001 0.7967280539886421 5.602472182312685
41884 11390060 -3.0370790288871428 -0.9995275012428718 0.9144000000000001 0.7967280539886421 5.602472182312685
41885 11390060 -3.0677623532872618 -1.0107524092618212 0.9144000000000001 0.7967280539886421 5.602472182312685
41886 11390060 -3.0757896379241174 -1.018992060269412 0.9144000000000001 0.7967280539886421 5.602472182312685
41887 11390060 -3.0969645689891245 -1.0253245555689134 0.9144000000000001 0.7967280539886421 5.602472182312685
41888 11390060 -3.1181395000541317 -1.0316570508684146 0.9144000000000001 0.7967280539886421 5.602472182312685
41889 11390060 -3.1476304537642763 -1.0430382239448004 0.9144000000000001 0.7967280539886421 5.602472182312685
41890 11390060 -3.1846208341533018 -1.0528998705455928 0.9144000000000001 0.7967280539886421 5.602472182312685
41891 11390060 -3.2285945013645794 -1.0705246701496618 0.9144000000000001 0.7967280539886421 5.602472182312685
41892 11390060 -3.239883098399293 -1.0724389267821537 0.9144000000000001 0.7967280539886421 5.602472182312685
41893 11390060 -3.2953001426715174 -1.0870195387037558 0.9448799999999999 0.7967280539886421 5.602472182312685
41894 11390060 -3.3069900876468017 -1.0888023552021777 0.9448799999999999 0.7967280539886421 5.602472182312685
41895 11390060 -3.318680032622086 -1.0905851717005997 0.9448799999999999 0.7967280539886421 5.602472182312685
41896 11390060 -3.3652672250838602 -1.0971885052295431 0.9448799999999999 0.7967280539886421 5.602472182312685
41897 11390060 -3.3959658056056368 -1.1013966717523935 0.9448799999999999 0.7967280539886421 5.602472182312685
41898 11390060 -3.431780472547284 -1.0968027425238855 0.9448799999999999 0.7967280539886421 5.602472182312685
41899 11390060 -3.457481916217163 -1.0993160245366265 0.9448799999999999 0.7967280539886421 5.602472182312685
41900 11390060 -3.4831833598870423 -1.1018293065493672 0.9448799999999999 0.7967280539886421 5.602472182312685
41901 11390060 -3.519378073068964 -1.0983958768685338 0.9448799999999999 0.7967280539886421 5.602472182312685
41902 11390060 -3.5546504859594297 -1.100288519509997 0.9448799999999999 0.7967280539886421 5.602472182312685
41903 11390060 -3.5895723302750993 -1.097037671716157 0.9448799999999999 0.7967280539886421 5.602472182312685
41904 11390060 -3.626117779741649 -1.098747012522167 0.9448799999999999 0.7967280539886421 5.602472182312685
41905 11390060 -3.674040143705856 -1.0904225977689688 0.97536 0.7967280539886421 5.602472182312685
41906 11390060 -3.7111066442149667 -1.0869365721640203 0.97536 0.7967280539886421 5.602472182312685
41907 11390060 -3.7575275250577995 -1.0794536044943592 0.97536 0.7967280539886421 5.602472182312685
41908 11390060 -3.776880625462957 -1.077500434337081 0.97536 0.7967280539886421 5.602472182312685
41909 11390060 -3.796233725868115 -1.0755472641798027 0.97536 0.7967280539886421 5.602472182312685
41910 11390060 -3.8339906898271776 -1.0649405973722448 0.97536 0.7967280539886421 5.602472182312685
41911 11390060 -3.8861202628794667 -1.0461234030164293 0.97536 0.7967280539886421 5.602472182312685
41912 11390060 -3.921950958199689 -1.036146787910977 0.97536 0.7967280539886421 5.602472182312685
41913 11390060 -3.9516454931362563 -1.0264260019671307 0.97536 0.7967280539886421 5.602472182312685
41914 11390060 -4.0006012585325905 -1.0103995679499072 0.97536 0.7967280539886421 5.602472182312685
41915 11390060 -3.996221231575519 -1.0058082981262397 0.9751481231380338 0.7967280539886421 5.602472182312685
41916 11390060 -3.991841204618448 -1.0012170283025723 0.9749362462760676 0.7967280539886421 5.602472182312685
41917 11390060 -3.9874611776613764 -0.9966257584789048 0.9747243694141013 0.7967280539886421 5.602472182312685
41918 11390060 -3.9830811507043054 -0.9920344886552372 0.974512492552135 0.7967280539886421 5.602472182312685
41919 11390060 -3.978701123747234 -0.9874432188315698 0.9743006156901688 0.7967280539886421 5.602472182312685
41920 11390060 -3.9743210967901623 -0.9828519490079024 0.9740887388282026 0.7967280539886421 5.602472182312685
41921 11390060 -3.9699410698330913 -0.9782606791842349 0.9738768619662364 0.7967280539886421 5.602472182312685
41922 11390060 -3.9655610428760197 -0.9736694093605675 0.9736649851042701 0.7967280539886421 5.602472182312685
41923 11390060 -3.9611810159189487 -0.9690781395368999 0.9734531082423039 0.7967280539886421 5.602472182312685
41924 11390060 -3.956800988961877 -0.9644868697132325 0.9732412313803377 0.7967280539886421 5.602472182312685
41925 11390060 -3.9524209620048056 -0.959895599889565 0.9730293545183714 0.7967280539886421 5.602472182312685
41926 11390060 -3.9480409350477346 -0.9553043300658975 0.9728174776564051 0.7967280539886421 5.602472182312685
41927 11390060 -3.943660908090663 -0.9507130602422301 0.9726056007944389 0.7967280539886421 5.602472182312685
41928 11390060 -3.939280881133592 -0.9461217904185626 0.9723937239324727 0.7967280539886421 5.602472182312685
41929 11390060 -3.9349008541765205 -0.9415305205948952 0.9721818470705065 0.7967280539886421 5.602472182312685
41930 11390060 -3.930520827219449 -0.9369392507712276 0.9719699702085403 0.7967280539886421 5.602472182312685
41931 11390060 -3.926140800262378 -0.9323479809475602 0.971758093346574 0.7967280539886421 5.602472182312685
41932 11390060 -3.9217607733053064 -0.9277567111238927 0.9715462164846077 0.7967280539886421 5.602472182312685
41933 11390060 -3.917380746348235 -0.9231654413002253 0.9713343396226415 0.7967280539886421 5.602472182312685
41934 11390060 -3.913000719391164 -0.9185741714765578 0.9711224627606753 0.7967280539886421 5.602472182312685
41935 11390060 -3.9086206924340923 -0.9139829016528903 0.970910585898709 0.7967280539886421 5.602472182312685
41936 11390060 -3.904240665477021 -0.9093916318292229 0.9706987090367428 0.7967280539886421 5.602472182312685
41937 11390060 -3.8998606385199497 -0.9048003620055554 0.9704868321747766 0.7967280539886421 5.602472182312685
41938 11390060 -3.895480611562878 -0.9002090921818879 0.9702749553128104 0.7967280539886421 5.602472182312685
41939 11390060 -3.891100584605807 -0.8956178223582205 0.970063078450844 0.7967280539886421 5.602472182312685
41940 11390060 -3.8867205576487356 -0.891026552534553 0.9698512015888778 0.7967280539886421 5.602472182312685
41941 11390060 -3.8823405306916645 -0.8864352827108856 0.9696393247269116 0.7967280539886421 5.602472182312685
41942 11390060 -3.877960503734593 -0.881844012887218 0.9694274478649454 0.7967280539886421 5.602472182312685
41943 11390060 -3.8735804767775215 -0.8772527430635506 0.9692155710029792 0.7967280539886421 5.602472182312685
41944 11390060 -3.8692004498204504 -0.8726614732398832 0.969003694141013 0.7967280539886421 5.602472182312685
41945 11390060 -3.864820422863379 -0.8680702034162157 0.9687918172790467 0.7967280539886421 5.602472182312685
41946 11390060 -3.860440395906308 -0.8634789335925482 0.9685799404170804 0.7967280539886421 5.602472182312685
41947 11390060 -3.8560603689492363 -0.8588876637688807 0.9683680635551142 0.7967280539886421 5.602472182312685
41948 11390060 -3.851680341992165 -0.8542963939452133 0.968156186693148 0.7967280539886421 5.602472182312685
41949 11390060 -3.8473003150350937 -0.8497051241215459 0.9679443098311817 0.7967280539886421 5.602472182312685
41950 11390060 -3.842920288078022 -0.8451138542978783 0.9677324329692155 0.7967280539886421 5.602472182312685
41951 11390060 -3.8385402611209507 -0.8405225844742109 0.9675205561072493 0.7967280539886421 5.602472182312685
41952 11390060 -3.8341602341638796 -0.8359313146505434 0.9673086792452831 0.7967280539886421 5.602472182312685
41953 11390060 -3.829780207206808 -0.831340044826876 0.9670968023833167 0.7967280539886421 5.602472182312685
41954 11390060 -3.825400180249737 -0.8267487750032085 0.9668849255213505 0.7967280539886421 5.602472182312685
41955 11390060 -3.8210201532926655 -0.822157505179541 0.9666730486593843 0.7967280539886421 5.602472182312685
41956 11390060 -3.816640126335594 -0.8175662353558735 0.9664611717974181 0.7967280539886421 5.602472182312685
41957 11390060 -3.812260099378523 -0.812974965532206 0.9662492949354519 0.7967280539886421 5.602472182312685
41958 11390060 -3.8078800724214514 -0.8083836957085386 0.9660374180734856 0.7967280539886421 5.602472182312685
41959 11390060 -3.8035000454643804 -0.8037924258848711 0.9658255412115194 0.7967280539886421 5.602472182312685
41960 11390060 -3.799120018507309 -0.7992011560612037 0.9656136643495531 0.7967280539886421 5.602472182312685
41961 11390060 -3.7947399915502373 -0.7946098862375361 0.9654017874875869 0.7967280539886421 5.602472182312685
41962 11390060 -3.7903599645931663 -0.7900186164138687 0.9651899106256207 0.7967280539886421 5.602472182312685
41963 11390060 -3.7859799376360947 -0.7854273465902013 0.9649780337636544 0.7967280539886421 5.602472182312685
41964 11390060 -3.7815999106790237 -0.7808360767665338 0.9647661569016882 0.7967280539886421 5.602472182312685
41965 11390060 -3.777219883721952 -0.7762448069428663 0.964554280039722 0.7967280539886421 5.602472182312685
41966 11390060 -3.7728398567648807 -0.7716535371191988 0.9643424031777558 0.7967280539886421 5.602472182312685
41967 11390060 -3.7684598298078096 -0.7670622672955314 0.9641305263157894 0.7967280539886421 5.602472182312685
41968 11390060 -3.764079802850738 -0.762470997471864 0.9639186494538232 0.7967280539886421 5.602472182312685
41969 11390060 -3.759699775893667 -0.7578797276481964 0.963706772591857 0.7967280539886421 5.602472182312685
41970 11390060 -3.7553197489365955 -0.753288457824529 0.9634948957298908 0.7967280539886421 5.602472182312685
41971 11390060 -3.750939721979524 -0.7486971880008615 0.9632830188679246 0.7967280539886421 5.602472182312685
41972 11390060 -3.746559695022453 -0.7441059181771941 0.9630711420059583 0.7967280539886421 5.602472182312685
41973 11390060 -3.7421796680653814 -0.7395146483535266 0.962859265143992 0.7967280539886421 5.602472182312685
41974 11390060 -3.7377996411083103 -0.7349233785298591 0.9626473882820258 0.7967280539886421 5.602472182312685
