38127 10924421 -3.5735675195999734 2.182350941971839 0.9448799999999999 0.6347677865124084 0.8097307648880199
38128 10924421 -3.5573052156665144 2.109952793532121 0.9448799999999999 0.6347677865124084 0.8097307648880199
38129 10924421 -3.5477264020956465 2.045352220657755 0.9448799999999999 0.6347677865124084 0.8097307648880199
38130 10924421 -3.527425851850376 1.9584279534681086 0.9448799999999999 0.6347677865124084 0.8097307648880199
38131 10924421 -3.5204038183208923 1.9235855954626766 0.9448799999999999 0.6347677865124084 0.8097307648880199
38132 10924421 -3.5133817847914086 1.8887432374572446 0.9448799999999999 0.6347677865124084 0.8097307648880199
38133 10924421 -3.5000370080271104 1.8264155813969356 0.9448799999999999 0.6347677865124084 0.8097307648880199
38134 10924421 -3.483717209494918 1.7596084550125644 0.9448799999999999 0.6347677865124084 0.8097307648880199
38135 10924421 -3.470889708954232 1.695697728530358 0.9448799999999999 0.6347677865124084 0.8097307648880199
38136 10924421 -3.457520875966286 1.6252999895264637 0.9448799999999999 0.6347677865124084 0.8097307648880199
38137 10924421 -3.4445390469679085 1.5564313392438003 0.9448799999999999 0.6347677865124084 0.8097307648880199
38138 10924421 -3.4337862717097423 1.499743968937981 0.9448799999999999 0.6347677865124084 0.8097307648880199
38139 10924421 -3.413364782803119 1.4128988498078026 0.9448799999999999 0.6347677865124084 0.8097307648880199
38140 10924421 -3.4047657993494314 1.372691635697971 0.9448799999999999 0.6347677865124084 0.8097307648880199
38141 10924421 -3.382627639028751 1.27453480534687 0.9448799999999999 0.6347677865124084 0.8097307648880199
38142 10924421 -3.370838044554958 1.2117829838934833 0.9448799999999999 0.6347677865124084 0.8097307648880199
38143 10924421 -3.3622724732333835 1.1714702039027973 0.9448799999999999 0.6347677865124084 0.8097307648880199
38144 10924421 -3.353706901911809 1.1311574239121114 0.9448799999999999 0.6347677865124084 0.8097307648880199
38145 10924421 -3.3445673045810684 1.0668196396998912 0.9448799999999999 0.6347677865124084 0.8097307648880199
38146 10924421 -3.3298954324359205 1.0058122302093004 0.9448799999999999 0.6347677865124084 0.8097307648880199
38147 10924421 -3.3134379601569988 0.9421171669244562 0.9448799999999999 0.6347677865124084 0.8097307648880199
38148 10924421 -3.2971945828538667 0.8560574991444183 0.9448799999999999 0.6347677865124084 0.8097307648880199
38149 10924421 -3.287895598967191 0.7976273858843034 0.9448799999999999 0.6347677865124084 0.8097307648880199
38150 10924421 -3.278209079621866 0.7620895781556517 0.9448799999999999 0.6347677865124084 0.8097307648880199
38151 10924421 -3.2578785759759237 0.661371932641117 0.9448799999999999 0.6347677865124084 0.8097307648880199
38152 10924421 -3.2460841987374165 0.5986199473524141 0.9448799999999999 0.6347677865124084 0.8097307648880199
38153 10924421 -3.2321652501448073 0.5293302910249874 0.9448799999999999 0.6347677865124084 0.8097307648880199
38154 10924421 -3.2181856300286764 0.47053720166188706 0.9448799999999999 0.6347677865124084 0.8097307648880199
38155 10924421 -3.210026477511371 0.43643463848074593 0.9448799999999999 0.6347677865124084 0.8097307648880199
38156 10924421 -3.2018673249940655 0.4023320752996048 0.9448799999999999 0.6347677865124084 0.8097307648880199
38157 10924421 -3.1813861743836345 0.2993464084666496 0.9448799999999999 0.6347677865124084 0.8097307648880199
38158 10924421 -3.1760068799510384 0.26556970473959784 0.9448799999999999 0.6347677865124084 0.8097307648880199
38159 10924421 -3.1544444864683125 0.17239628610175148 0.9448799999999999 0.6347677865124084 0.8097307648880199
38160 10924421 -3.1405020333051388 0.10940975523316973 0.9448799999999999 0.6347677865124084 0.8097307648880199
38161 10924421 -3.126673388221998 0.0379308733258433 0.9448799999999999 0.6347677865124084 0.8097307648880199
38162 10924421 -3.114788004035412 -0.011529029112327477 0.9448799999999999 0.6347677865124084 0.8097307648880199
38163 10924421 -3.103171147494522 -0.07375396821210903 0.9448799999999999 0.6347677865124084 0.8097307648880199
38164 10924421 -3.0958692585075474 -0.10301825934462863 0.9448799999999999 0.6347677865124084 0.8097307648880199
38165 10924421 -3.074191112658246 -0.20779586105343775 0.9448799999999999 0.6347677865124084 0.8097307648880199
38166 10924421 -3.0623124846476504 -0.263796386325004 0.9448799999999999 0.6347677865124084 0.8097307648880199
38167 10924421 -3.0500293575953767 -0.3267061782754924 0.9448799999999999 0.6347677865124084 0.8097307648880199
38168 10924421 -3.029538749273021 -0.42969212624945674 0.9448799999999999 0.6347677865124084 0.8097307648880199
38169 10924421 -3.024381309764587 -0.4553330797552583 0.9448799999999999 0.6347677865124084 0.8097307648880199
38170 10924421 -3.0192238702561527 -0.4809740332610598 0.9448799999999999 0.6347677865124084 0.8097307648880199
38171 10924421 -2.9989984190824597 -0.5682154892733992 0.9448799999999999 0.6347677865124084 0.8097307648880199
38172 10924421 -2.9876881251676046 -0.6221597495309729 0.9448799999999999 0.6347677865124084 0.8097307648880199
38173 10924421 -2.9735736982993224 -0.6811110600839004 0.9448799999999999 0.6347677865124084 0.8097307648880199
38174 10924421 -2.9548442088183258 -0.7742886758621 0.9448799999999999 0.6347677865124084 0.8097307648880199
38175 10924421 -2.9420998720824 -0.8385166234013562 0.9448799999999999 0.6347677865124084 0.8097307648880199
38176 10924421 -2.9354856953647306 -0.8698918083240078 0.9448799999999999 0.6347677865124084 0.8097307648880199
38177 10924421 -2.9288715186470613 -0.9012669932466594 0.9448799999999999 0.6347677865124084 0.8097307648880199
38178 10924421 -2.915636023790915 -0.9775733567496915 0.9448799999999999 0.6347677865124084 0.8097307648880199
38179 10924421 -2.899540183577055 -1.031563711805852 0.9448799999999999 0.6347677865124084 0.8097307648880199
38180 10924421 -2.880255956361764 -1.124687920524183 0.9448799999999999 0.6347677865124084 0.8097307648880199
38181 10924421 -2.8678988723110326 -1.1890219946879856 0.9448799999999999 0.6347677865124084 0.8097307648880199
38182 10924421 -2.8539453908835375 -1.2520087761368337 0.9448799999999999 0.6347677865124084 0.8097307648880199
38183 10924421 -2.8420557353950873 -1.3147875034548944 0.9448799999999999 0.6347677865124084 0.8097307648880199
38184 10924421 -2.822757611617104 -1.3888700258053028 0.9448799999999999 0.6347677865124084 0.8097307648880199
38185 10924421 -2.812938771720777 -1.4579814049563906 0.9448799999999999 0.6347677865124084 0.8097307648880199
38186 10924421 -2.796146956257461 -1.5383708274406829 0.9448799999999999 0.6347677865124084 0.8097307648880199
38187 10924421 -2.7802904249278013 -1.61483192592379 0.9448799999999999 0.6347677865124084 0.8097307648880199
38188 10924421 -2.773465570134662 -1.6401409413285284 0.9448799999999999 0.6347677865124084 0.8097307648880199
38189 10924421 -2.7666407153415227 -1.6654499567332668 0.9448799999999999 0.6347677865124084 0.8097307648880199
38190 10924421 -2.7522409066225135 -1.7327878559568726 0.9448799999999999 0.6347677865124084 0.8097307648880199
38191 10924421 -2.7362104499714475 -1.819587262163035 0.9448799999999999 0.6347677865124084 0.8097307648880199
38192 10924421 -2.723984079700898 -1.8827085168351043 0.9448799999999999 0.6347677865124084 0.8097307648880199
38193 10924421 -2.7097115415329958 -1.9422927607135503 0.9448799999999999 0.6347677865124084 0.8097307648880199
38194 10924421 -2.690451087841639 -2.035522807894637 0.9448799999999999 0.6347677865124084 0.8097307648880199
38195 10924421 -2.676505515089354 -2.101542758199811 0.9448799999999999 0.6347677865124084 0.8097307648880199
38196 10924421 -2.664207854661634 -2.164452989911376 0.9448799999999999 0.6347677865124084 0.8097307648880199
38197 10924421 -2.6474949003898613 -2.228807413188443 0.9448799999999999 0.6347677865124084 0.8097307648880199
38198 10924421 -2.641736124977528 -2.260777398735866 0.9448799999999999 0.6347677865124084 0.8097307648880199
38199 10924421 -2.635977349565195 -2.292747384283289 0.9448799999999999 0.6347677865124084 0.8097307648880199
38200 10924421 -2.6265264695139363 -2.348066109561626 0.9448799999999999 0.6347677865124084 0.8097307648880199
38201 10924421 -2.6043869669566746 -2.4460921683256034 0.9448799999999999 0.6347677865124084 0.8097307648880199
38202 10924421 -2.592854783276792 -2.508634365932914 0.9448799999999999 0.6347677865124084 0.8097307648880199
38203 10924421 -2.5807093836153197 -2.5665866201925787 0.9448799999999999 0.6347677865124084 0.8097307648880199
38204 10924421 -2.5686842448737757 -2.6303413369415027 0.9448799999999999 0.6347677865124084 0.8097307648880199
38205 10924421 -2.551867940154837 -2.6984671520813728 0.9448799999999999 0.6347677865124084 0.8097307648880199
38206 10924421 -2.5396000874611673 -2.761483074139701 0.9448799999999999 0.6347677865124084 0.8097307648880199
38207 10924421 -2.522836289878888 -2.825969366127174 0.9448799999999999 0.6347677865124084 0.8097307648880199
38208 10924421 -2.514156575407651 -2.887460890551713 0.9448799999999999 0.6347677865124084 0.8097307648880199
38209 10924421 -2.4932970213494716 -2.9758360817911607 0.9448799999999999 0.6347677865124084 0.8097307648880199
38210 10924421 -2.4798268262285745 -3.043333896899877 0.9448799999999999 0.6347677865124084 0.8097307648880199
38211 10924421 -2.473345921823863 -3.0792194921102634 0.9448799999999999 0.6347677865124084 0.8097307648880199
38212 10924421 -2.4668650174191518 -3.1151050873206496 0.9448799999999999 0.6347677865124084 0.8097307648880199
38213 10924421 -2.4559153787088706 -3.168575632697018 0.9448799999999999 0.6347677865124084 0.8097307648880199
38214 10924421 -2.43380004246303 -3.26670746862406 0.9448799999999999 0.6347677865124084 0.8097307648880199
38215 10924421 -2.4198708335601102 -3.3246572318686085 0.9448799999999999 0.6347677865124084 0.8097307648880199
38216 10924421 -2.410278750437908 -3.383642033485498 0.9448799999999999 0.6347677865124084 0.8097307648880199
38217 10924421 -2.39784569784758 -3.4475282358422903 0.9448799999999999 0.6347677865124084 0.8097307648880199
38218 10924421 -2.3825638605897925 -3.508139811772996 0.9448799999999999 0.6347677865124084 0.8097307648880199
38219 10924421 -2.3771689009473853 -3.5419171580512416 0.9448799999999999 0.6347677865124084 0.8097307648880199
38220 10924421 -2.3505919608887558 -3.6590319042755537 0.9448799999999999 0.6347677865124084 0.8097307648880199
38221 10924421 -2.3378678135363664 -3.7206759241903513 0.9448799999999999 0.6347677865124084 0.8097307648880199
