4140 11381227 0.34349106674512364 0.0017649375876657436 0.5181600000000001 3.8286625462173616 3.436014328723381
4141 11381227 0.2773389667061539 0.001536649568850551 0.52578 3.8286625462173616 3.436014328723381
4142 11381227 0.21746970778542185 0.00042387548902694805 0.54102 3.8286625462173616 3.436014328723381
4143 11381227 0.15106076269542457 -0.004392603556696434 0.54864 3.8286625462173616 3.436014328723381
4144 11381227 0.08135491093398983 -0.002990458169202015 0.55626 3.8286625462173616 3.436014328723381
4145 11381227 -0.030817808247957212 -0.006517169896489233 0.5715 3.8286625462173616 3.436014328723381
4146 11381227 -0.0777683550861562 -0.008520377926544545 0.5791200000000001 3.8286625462173616 3.436014328723381
4147 11381227 -0.1247189019243552 -0.010523585956599857 0.58674 3.8286625462173616 3.436014328723381
4148 11381227 -0.19994188361078408 -0.012747885314740984 0.5981700000000001 3.8286625462173616 3.436014328723381
4149 11381227 -0.27516486529721296 -0.01497218467288211 0.6096 3.8286625462173616 3.436014328723381
4150 11381227 -0.3400227195569381 -0.015034187193613074 0.6248400000000001 3.8286625462173616 3.436014328723381
4151 11381227 -0.37928931093129115 -0.018320877923752726 0.63246 3.8286625462173616 3.436014328723381
4152 11381227 -0.45623546347470256 -0.02003820071899673 0.6477 3.8286625462173616 3.436014328723381
4153 11381227 -0.5386778901406648 -0.02498174662588501 0.65532 3.8286625462173616 3.436014328723381
4154 11381227 -0.603570976671415 -0.025146895776556516 0.67056 3.8286625462173616 3.436014328723381
4155 11381227 -0.6753477577146529 -0.028435295827192925 0.6858000000000001 3.8286625462173616 3.436014328723381
4156 11381227 -0.746964299360819 -0.031775444078981335 0.7010400000000001 3.8286625462173616 3.436014328723381
4157 11381227 -0.8083807856484067 -0.02945371821873774 0.7162800000000001 3.8286625462173616 3.436014328723381
4158 11381227 -0.9151911337875 -0.032851867581597666 0.73152 3.8286625462173616 3.436014328723381
4159 11381227 -0.9882304142781122 -0.03619198012790262 0.75438 3.8286625462173616 3.436014328723381
4160 11381227 -1.0603466709971614 -0.03399146139345169 0.762 3.8286625462173616 3.436014328723381
4161 11381227 -1.1440037024265821 -0.035844358578747154 0.77724 3.8286625462173616 3.436014328723381
4162 11381227 -1.2091960402842556 -0.03555612370028807 0.7924800000000001 3.8286625462173616 3.436014328723381
4163 11381227 -1.2693107335511786 -0.03739521661783188 0.80772 3.8286625462173616 3.436014328723381
4164 11381227 -1.3406082101668424 -0.04083435405798033 0.82296 3.8286625462173616 3.436014328723381
4165 11381227 -1.4139752829365768 -0.04897053034266943 0.8382000000000001 3.8286625462173616 3.436014328723381
4166 11381227 -1.44576407834623 -0.05463915178010706 0.84582 3.8286625462173616 3.436014328723381
4167 11381227 -1.4775528737558832 -0.060307773217544686 0.8534400000000001 3.8286625462173616 3.436014328723381
4168 11381227 -1.5499649760465062 -0.07529803599581833 0.86106 3.8286625462173616 3.436014328723381
4169 11381227 -1.6480312773011654 -0.10082467807906084 0.88392 3.8286625462173616 3.436014328723381
4170 11381227 -1.7060543560391734 -0.12776402966623648 0.8991600000000001 3.8286625462173616 3.436014328723381
4171 11381227 -1.763547887927283 -0.15253949692001004 0.9144000000000001 3.8286625462173616 3.436014328723381
4172 11381227 -1.823283098722136 -0.181722326446377 0.9220200000000001 3.8286625462173616 3.436014328723381
4173 11381227 -1.874209435987684 -0.21927771266497956 0.93726 3.8286625462173616 3.436014328723381
4174 11381227 -1.9341238723303247 -0.2639410144342762 0.9525 3.8286625462173616 3.436014328723381
4175 11381227 -1.9780397380556078 -0.29771353922583754 0.96012 3.8286625462173616 3.436014328723381
4176 11381227 -2.021215152207776 -0.34551525405494576 0.97536 3.8286625462173616 3.436014328723381
4177 11381227 -2.0818106463771784 -0.41262212142479093 0.99822 3.8286625462173616 3.436014328723381
4178 11381227 -2.103252008130485 -0.4459179306463727 1.00584 3.8286625462173616 3.436014328723381
4179 11381227 -2.1246933698837918 -0.47921373986795446 1.01346 3.8286625462173616 3.436014328723381
4180 11381227 -2.1461347316370984 -0.5125095490895362 1.02108 3.8286625462173616 3.436014328723381
4181 11381227 -2.167576093390405 -0.545805358311118 1.0287 3.8286625462173616 3.436014328723381
4182 11381227 -2.2074958959303057 -0.6433941173420417 1.04394 3.8286625462173616 3.436014328723381
4183 11381227 -2.2245271826552644 -0.7036037387001927 1.05918 3.8286625462173616 3.436014328723381
4184 11381227 -2.2404796846244723 -0.763231534526609 1.08204 3.8286625462173616 3.436014328723381
4185 11381227 -2.2575564673647595 -0.8534541940475627 1.09728 3.8286625462173616 3.436014328723381
4186 11381227 -2.2628517195646465 -0.9212418546730633 1.1201400000000001 3.8286625462173616 3.436014328723381
4187 11381227 -2.262580244767711 -0.9855926825188753 1.12776 3.8286625462173616 3.436014328723381
4188 11381227 -2.255923191477179 -1.0630152411639515 1.1506200000000002 3.8286625462173616 3.436014328723381
4189 11381227 -2.2467185033745665 -1.1190714954156398 1.15824 3.8286625462173616 3.436014328723381
4190 11381227 -2.2327506301988453 -1.1931601055734526 1.17348 3.8286625462173616 3.436014328723381
4191 11381227 -2.2245368056523143 -1.2332355283626188 1.18872 3.8286625462173616 3.436014328723381
4192 11381227 -2.1993832626855374 -1.305724915129767 1.1963400000000002 3.8286625462173616 3.436014328723381
4193 11381227 -2.1740733886589183 -1.3723063423095354 1.2192 3.8286625462173616 3.436014328723381
4194 11381227 -2.1295713359208044 -1.4579003521525795 1.2420600000000002 3.8286625462173616 3.436014328723381
4195 11381227 -2.094790573796552 -1.5183485224915825 1.2572999999999999 3.8286625462173616 3.436014328723381
4196 11381227 -2.0742463161154756 -1.549253430082942 1.26492 3.8286625462173616 3.436014328723381
4197 11381227 -2.053702058434399 -1.5801583376743014 1.27254 3.8286625462173616 3.436014328723381
4198 11381227 -1.9680396653528551 -1.685521381449091 1.2953999999999999 3.8286625462173616 3.436014328723381
4199 11381227 -1.9144790818010413 -1.738906428487809 1.3080999999999998 3.8286625462173616 3.436014328723381
4200 11381227 -1.8609184982492275 -1.7922914755265271 1.3208 3.8286625462173616 3.436014328723381
4201 11381227 -1.8073579146974137 -1.8456765225652452 1.3335 3.8286625462173616 3.436014328723381
4202 11381227 -1.7373873294673403 -1.9006877170904295 1.34874 3.8286625462173616 3.436014328723381
4203 11381227 -1.6722149120661889 -1.9486376787121344 1.36398 3.8286625462173616 3.436014328723381
4204 11381227 -1.6099683764116628 -1.9865169518935824 1.3792200000000001 3.8286625462173616 3.436014328723381
4205 11381227 -1.5002502856774178 -2.0531195856000735 1.39446 3.8286625462173616 3.436014328723381
4206 11381227 -1.4305739716380794 -2.0834951965591992 1.4020800000000002 3.8286625462173616 3.436014328723381
4207 11381227 -1.3593550132603773 -2.1205665319148688 1.4173200000000001 3.8286625462173616 3.436014328723381
4208 11381227 -1.2432077173373377 -2.1718579510792617 1.44018 3.8286625462173616 3.436014328723381
4209 11381227 -1.208085665828739 -2.1846835557910302 1.4439899999999999 3.8286625462173616 3.436014328723381
4210 11381227 -1.1729636143201405 -2.1975091605027988 1.4478 3.8286625462173616 3.436014328723381
4211 11381227 -1.077621213675995 -2.2353942071462187 1.46304 3.8286625462173616 3.436014328723381
4212 11381227 -0.9822788130318496 -2.273279253789639 1.47828 3.8286625462173616 3.436014328723381
4213 11381227 -0.8951241001984802 -2.3097124883180897 1.49352 3.8286625462173616 3.436014328723381
4214 11381227 -0.8052649468684805 -2.349832352545501 1.5011400000000001 3.8286625462173616 3.436014328723381
4215 11381227 -0.7300947204834871 -2.385149927055358 1.51638 3.8286625462173616 3.436014328723381
4216 11381227 -0.6577977645224418 -2.4140364743175526 1.5316200000000002 3.8286625462173616 3.436014328723381
4217 11381227 -0.5779708572147781 -2.4508740567934635 1.53924 3.8286625462173616 3.436014328723381
4218 11381227 -0.4947188413987329 -2.4940871862694762 1.55448 3.8286625462173616 3.436014328723381
4219 11381227 -0.43727422009402184 -2.5222062581477016 1.56972 3.8286625462173616 3.436014328723381
4220 11381227 -0.32120188465815613 -2.577544191826213 1.5849600000000001 3.8286625462173616 3.436014328723381
4221 11381227 -0.2727087073590746 -2.5977129431303982 1.59258 3.8286625462173616 3.436014328723381
4222 11381227 -0.15572847929029998 -2.6529937904963012 1.6078200000000002 3.8286625462173616 3.436014328723381
4223 11381227 -0.0793801062981675 -2.6830803115090642 1.6230600000000002 3.8286625462173616 3.436014328723381
4224 11381227 0.0008634740920440143 -2.7202798283913068 1.6306800000000001 3.8286625462173616 3.436014328723381
4225 11381227 0.04187264769993915 -2.7334445063587474 1.6383 3.8286625462173616 3.436014328723381
4226 11381227 0.08288182130783428 -2.746609184326188 1.64592 3.8286625462173616 3.436014328723381
4227 11381227 0.1561345612915721 -2.7763823457080097 1.6611600000000002 3.8286625462173616 3.436014328723381
4228 11381227 0.2820186057549803 -2.8169229443334114 1.6764000000000001 3.8286625462173616 3.436014328723381
4229 11381227 0.367111175479228 -2.8447201994550118 1.68402 3.8286625462173616 3.436014328723381
4230 11381227 0.46646204762520904 -2.872384025826861 1.69926 3.8286625462173616 3.436014328723381
4231 11381227 0.5508709768055462 -2.894114384629512 1.7068800000000002 3.8286625462173616 3.436014328723381
4232 11381227 0.6326649179625534 -2.9156904893453093 1.7145 3.8286625462173616 3.436014328723381
4233 11381227 0.730736250935602 -2.9363903605824024 1.72974 3.8286625462173616 3.436014328723381
4234 11381227 0.830266536572123 -2.95371019613601 1.7373600000000002 3.8286625462173616 3.436014328723381
4235 11381227 0.9214568860023395 -2.97262734231057 1.7526000000000002 3.8286625462173616 3.436014328723381
4236 11381227 1.056692567307537 -2.993777496530426 1.76784 3.8286625462173616 3.436014328723381
4237 11381227 1.1465098425197304 -3.0071032043215817 1.7830800000000002 3.8286625462173616 3.436014328723381
4238 11381227 1.257465217750344 -3.0237086174514958 1.7907 3.8286625462173616 3.436014328723381
4239 11381227 1.2975521379554769 -3.027452409992844 1.79451 3.8286625462173616 3.436014328723381
4240 11381227 1.3376390581606095 -3.031196202534192 1.7983200000000001 3.8286625462173616 3.436014328723381
4241 11381227 1.4976001135002828 -3.050072578967205 1.8173700000000002 3.8286625462173616 3.436014328723381
