4822 11322591 1.4092088315924742 0.002179944351132994 0.33528 1.9043033595372254 2.429192294664059
4823 11322591 1.394492196865528 0.0026646481752636703 0.33528 1.9043033595372254 2.429192294664059
4824 11322591 1.3797755621385814 0.0031493519993943467 0.33528 1.9043033595372254 2.429192294664059
4825 11322591 1.3650589274116351 0.003634055823525023 0.33528 1.9043033595372254 2.429192294664059
4826 11322591 1.3440940478757875 0.00288883993088151 0.33528 1.9043033595372254 2.429192294664059
4827 11322591 1.3231291683399398 0.002143624038237997 0.33528 1.9043033595372254 2.429192294664059
4828 11322591 1.302164288804092 0.0013984081455944847 0.33528 1.9043033595372254 2.429192294664059
4829 11322591 1.2760555776660154 0.0016717031444747437 0.33528 1.9043033595372254 2.429192294664059
4830 11322591 1.2499468665279387 0.0019449981433550026 0.33528 1.9043033595372254 2.429192294664059
4831 11322591 1.223838155389862 0.0022182931422352614 0.33528 1.9043033595372254 2.429192294664059
4832 11322591 1.193773021466638 0.001934571561666265 0.33528 1.9043033595372254 2.429192294664059
4833 11322591 1.1637078875434137 0.0016508499810972688 0.33528 1.9043033595372254 2.429192294664059
4834 11322591 1.1306010281329568 0.0023416671539906544 0.33528 1.9043033595372254 2.429192294664059
4835 11322591 1.0974941687225002 0.00303248432688404 0.33528 1.9043033595372254 2.429192294664059
4836 11322591 1.0643873093120433 0.003723301499777426 0.33528 1.9043033595372254 2.429192294664059
4837 11322591 1.0290812726854326 0.0027574223080302773 0.33528 1.9043033595372254 2.429192294664059
4838 11322591 0.9938370450685419 0.002706274207473195 0.34544 1.9043033595372254 2.429192294664059
4839 11322591 0.958592817451651 0.0026551261069161134 0.35559999999999997 1.9043033595372254 2.429192294664059
4840 11322591 0.9233485898347603 0.002603978006359031 0.36576 1.9043033595372254 2.429192294664059
4841 11322591 0.8851535705110274 0.0025826268047430267 0.36576 1.9043033595372254 2.429192294664059
4842 11322591 0.8485288532586377 0.0019316600528368547 0.36576 1.9043033595372254 2.429192294664059
4843 11322591 0.8119041360062479 0.0012806933009306826 0.36576 1.9043033595372254 2.429192294664059
4844 11322591 0.7720604142668633 0.004368776240396444 0.36576 1.9043033595372254 2.429192294664059
4845 11322591 0.7314578729397807 0.005134814574454846 0.36576 1.9043033595372254 2.429192294664059
4846 11322591 0.6907173126688477 0.005478855372963026 0.36576 1.9043033595372254 2.429192294664059
4847 11322591 0.6596367228744702 0.005149322183297399 0.36576 1.9043033595372254 2.429192294664059
4848 11322591 0.6285561330800927 0.0048197889936317725 0.36576 1.9043033595372254 2.429192294664059
4849 11322591 0.5772493883354093 0.00578411832725639 0.36576 1.9043033595372254 2.429192294664059
4850 11322591 0.5259426435907257 0.006748447660881007 0.36576 1.9043033595372254 2.429192294664059
4851 11322591 0.48559770779515055 0.007490121861919087 0.381 1.9043033595372254 2.429192294664059
4852 11322591 0.44525277199957536 0.008231796062957167 0.39624000000000004 1.9043033595372254 2.429192294664059
4853 11322591 0.4049707504882452 0.008894813515806288 0.39624000000000004 1.9043033595372254 2.429192294664059
4854 11322591 0.3725146146998737 0.009454063761681543 0.39624000000000004 1.9043033595372254 2.429192294664059
4855 11322591 0.3400584789115021 0.010013314007556798 0.39624000000000004 1.9043033595372254 2.429192294664059
4856 11322591 0.2743526633292268 0.00870456156005725 0.39624000000000004 1.9043033595372254 2.429192294664059
4857 11322591 0.23296420711272386 0.009788595935362979 0.39624000000000004 1.9043033595372254 2.429192294664059
4858 11322591 0.19157575089622092 0.010872630310668707 0.39624000000000004 1.9043033595372254 2.429192294664059
4859 11322591 0.15176586062759223 0.01406975822790632 0.39624000000000004 1.9043033595372254 2.429192294664059
4860 11322591 0.10990703730883083 0.015074532891480683 0.41148000000000007 1.9043033595372254 2.429192294664059
4861 11322591 0.06804821399006944 0.016079307555055045 0.42672000000000004 1.9043033595372254 2.429192294664059
4862 11322591 0.027270671091795817 0.014686477264809872 0.42672000000000004 1.9043033595372254 2.429192294664059
4863 11322591 -0.014763721559703735 0.01814423134271373 0.42672000000000004 1.9043033595372254 2.429192294664059
4864 11322591 -0.05292555645668329 0.01823358677063569 0.42672000000000004 1.9043033595372254 2.429192294664059
4865 11322591 -0.09108739135366284 0.01832294219855765 0.42672000000000004 1.9043033595372254 2.429192294664059
4866 11322591 -0.13380071046406172 0.019432986590838225 0.42672000000000004 1.9043033595372254 2.429192294664059
4867 11322591 -0.17393426847894244 0.020284170626686998 0.45720000000000005 1.9043033595372254 2.429192294664059
4868 11322591 -0.21226881117651608 0.019846512299113522 0.45720000000000005 1.9043033595372254 2.429192294664059
4869 11322591 -0.2520791167341152 0.023045910649222207 0.45720000000000005 1.9043033595372254 2.429192294664059
4870 11322591 -0.28987452998801566 0.022899732762067665 0.45720000000000005 1.9043033595372254 2.429192294664059
4871 11322591 -0.3276354937841808 0.022859308979309073 0.45720000000000005 1.9043033595372254 2.429192294664059
4872 11322591 -0.36823953909225104 0.023631643070470137 0.48768 1.9043033595372254 2.429192294664059
4873 11322591 -0.4040290308933143 0.022830280080972903 0.48768 1.9043033595372254 2.429192294664059
4874 11322591 -0.4426660225501927 0.02418680515704863 0.48768 1.9043033595372254 2.429192294664059
4875 11322591 -0.4813030142070711 0.025543330233124356 0.48768 1.9043033595372254 2.429192294664059
4876 11322591 -0.5189133395888301 0.027323925153459855 0.48768 1.9043033595372254 2.429192294664059
4877 11322591 -0.5570758296769618 0.027415889638936736 0.48768 1.9043033595372254 2.429192294664059
4878 11322591 -0.593997727753387 0.02967279119201474 0.48768 1.9043033595372254 2.429192294664059
4879 11322591 -0.6336254817616356 0.03234719062771871 0.48768 1.9043033595372254 2.429192294664059
4880 11322591 -0.6714430410327831 0.03349538702495786 0.50292 1.9043033595372254 2.429192294664059
4881 11322591 -0.7092606003039306 0.034643583422197005 0.5181600000000001 1.9043033595372254 2.429192294664059
4882 11322591 -0.7427296455276859 0.03822582577619496 0.5181600000000001 1.9043033595372254 2.429192294664059
4883 11322591 -0.779395438113323 0.03882272589741381 0.5181600000000001 1.9043033595372254 2.429192294664059
4884 11322591 -0.8160612306989601 0.039419626018632664 0.5181600000000001 1.9043033595372254 2.429192294664059
4885 11322591 -0.8527357599083397 0.042706940468817595 0.5334000000000001 1.9043033595372254 2.429192294664059
4886 11322591 -0.8894102891177194 0.045994254919002525 0.54864 1.9043033595372254 2.429192294664059
4887 11322591 -0.9245101842391972 0.047306525262608784 0.54864 1.9043033595372254 2.429192294664059
4888 11322591 -0.9598646551128571 0.04648232609520206 0.54864 1.9043033595372254 2.429192294664059
4889 11322591 -0.9944943872221648 0.04787485064443672 0.54864 1.9043033595372254 2.429192294664059
4890 11322591 -1.0293592932673796 0.0492276786245974 0.54864 1.9043033595372254 2.429192294664059
4891 11322591 -1.0642241993125945 0.050580506604758074 0.54864 1.9043033595372254 2.429192294664059
4892 11322591 -1.0972060771769125 0.04886425243642975 0.57912 1.9043033595372254 2.429192294664059
4893 11322591 -1.1295322280802822 0.0491536612313658 0.57912 1.9043033595372254 2.429192294664059
4894 11322591 -1.1618583789836519 0.049443070026301855 0.57912 1.9043033595372254 2.429192294664059
4895 11322591 -1.1960266296304736 0.05360651178863693 0.57912 1.9043033595372254 2.429192294664059
4896 11322591 -1.2279601830816336 0.056455128581355124 0.57912 1.9043033595372254 2.429192294664059
4897 11322591 -1.2618180289044807 0.05613605674885222 0.57912 1.9043033595372254 2.429192294664059
4898 11322591 -1.2956758747273278 0.055816984916349316 0.57912 1.9043033595372254 2.429192294664059
4899 11322591 -1.32704469874883 0.05088691227316586 0.6096 1.9043033595372254 2.429192294664059
4900 11322591 -1.3480369012843725 0.04475408517065957 0.6096 1.9043033595372254 2.429192294664059
4901 11322591 -1.3690291038199147 0.03862125806815328 0.6096 1.9043033595372254 2.429192294664059
4902 11322591 -1.4009241731001203 0.01952177587897172 0.6096 1.9043033595372254 2.429192294664059
4903 11322591 -1.4328192423803257 0.0004222936897901597 0.6096 1.9043033595372254 2.429192294664059
4904 11322591 -1.4529422586197334 -0.023082127821044213 0.6096 1.9043033595372254 2.429192294664059
4905 11322591 -1.473065274859141 -0.046586549331878585 0.6096 1.9043033595372254 2.429192294664059
4906 11322591 -1.489849326083417 -0.07346130859468394 0.6096 1.9043033595372254 2.429192294664059
4907 11322591 -1.5017587596595774 -0.10987531120088659 0.6096 1.9043033595372254 2.429192294664059
4908 11322591 -1.5082812022305774 -0.135929233397463 0.6096 1.9043033595372254 2.429192294664059
4909 11322591 -1.5148036448015774 -0.1619831555940394 0.6096 1.9043033595372254 2.429192294664059
4910 11322591 -1.5132073405501698 -0.20938637178144165 0.6096 1.9043033595372254 2.429192294664059
4911 11322591 -1.5116110362987623 -0.2567895879688439 0.6096 1.9043033595372254 2.429192294664059
4912 11322591 -1.5099298487660808 -0.2923907008096047 0.6096 1.9043033595372254 2.429192294664059
4913 11322591 -1.5031360159094287 -0.33001437585743076 0.6096 1.9043033595372254 2.429192294664059
4914 11322591 -1.496490769301869 -0.3674141281707196 0.6248400000000001 1.9043033595372254 2.429192294664059
4915 11322591 -1.4898455226943093 -0.40481388048400846 0.6400800000000001 1.9043033595372254 2.429192294664059
4916 11322591 -1.4784218180179718 -0.4459377858440837 0.6400800000000001 1.9043033595372254 2.429192294664059
4917 11322591 -1.470175334042217 -0.48251741178200314 0.6400800000000001 1.9043033595372254 2.429192294664059
4918 11322591 -1.4619288500664622 -0.5190970377199225 0.6400800000000001 1.9043033595372254 2.429192294664059
4919 11322591 -1.4533132502850046 -0.5593023985604614 0.6400800000000001 1.9043033595372254 2.429192294664059
4920 11322591 -1.4444212049815282 -0.5986633762645466 0.6400800000000001 1.9043033595372254 2.429192294664059
4921 11322591 -1.4355291596780517 -0.6380243539686319 0.6400800000000001 1.9043033595372254 2.429192294664059
4922 11322591 -1.4242163258035314 -0.6767748442964535 0.6400800000000001 1.9043033595372254 2.429192294664059
4923 11322591 -1.4086200156015223 -0.7178216565423172 0.6400800000000001 1.9043033595372254 2.429192294664059
4924 11322591 -1.393023705399513 -0.758868468788181 0.6400800000000001 1.9043033595372254 2.429192294664059
4925 11322591 -1.3774273951975038 -0.7999152810340447 0.6400800000000001 1.9043033595372254 2.429192294664059
4926 11322591 -1.3570856577745853 -0.8365939553989011 0.6400800000000001 1.9043033595372254 2.429192294664059
4927 11322591 -1.3318024396470316 -0.8750051799911097 0.6400800000000001 1.9043033595372254 2.429192294664059
4928 11322591 -1.3006233326371526 -0.9127737417410567 0.6400800000000001 1.9043033595372254 2.429192294664059
4929 11322591 -1.2710922216345402 -0.9474328147439327 0.6400800000000001 1.9043033595372254 2.429192294664059
4930 11322591 -1.2320945481017527 -0.9775927576956752 0.6400800000000001 1.9043033595372254 2.429192294664059
4931 11322591 -1.1908269771183162 -1.0089619228342894 0.6400800000000001 1.9043033595372254 2.429192294664059
4932 11322591 -1.1471472303071457 -1.0370300529406178 0.6400800000000001 1.9043033595372254 2.429192294664059
4933 11322591 -1.103467483495975 -1.0650981830469461 0.6400800000000001 1.9043033595372254 2.429192294664059
4934 11322591 -1.0559607445709134 -1.0855376212437664 0.6400800000000001 1.9043033595372254 2.429192294664059
4935 11322591 -1.0068053383179876 -1.109086038783193 0.6400800000000001 1.9043033595372254 2.429192294664059
4936 11322591 -0.9569555462304298 -1.1264350235688612 0.6400800000000001 1.9043033595372254 2.429192294664059
4937 11322591 -0.907105754142872 -1.1437840083545294 0.6400800000000001 1.9043033595372254 2.429192294664059
4938 11322591 -0.8543610859801987 -1.1563539711810402 0.6400800000000001 1.9043033595372254 2.429192294664059
4939 11322591 -0.7997952440329628 -1.1715050284790036 0.6400800000000001 1.9043033595372254 2.429192294664059
4940 11322591 -0.743976233833475 -1.1835016774245655 0.6553200000000001 1.9043033595372254 2.429192294664059
4941 11322591 -0.6881572236339872 -1.1954983263701275 0.67056 1.9043033595372254 2.429192294664059
4942 11322591 -0.6286774181593113 -1.2051275693770538 0.67056 1.9043033595372254 2.429192294664059
4943 11322591 -0.5726276683394451 -1.2157380815365098 0.67056 1.9043033595372254 2.429192294664059
4944 11322591 -0.5166468941917437 -1.226559255566335 0.67056 1.9043033595372254 2.429192294664059
4945 11322591 -0.45872045118432614 -1.235503828976591 0.67056 1.9043033595372254 2.429192294664059
4946 11322591 -0.4007940081769086 -1.2444484023868467 0.67056 1.9043033595372254 2.429192294664059
4947 11322591 -0.34135991300017277 -1.253943436983601 0.67056 1.9043033595372254 2.429192294664059
4948 11322591 -0.28294164314574544 -1.25784862226947 0.67056 1.9043033595372254 2.429192294664059
4949 11322591 -0.2233196132556141 -1.2621465254815025 0.67056 1.9043033595372254 2.429192294664059
4950 11322591 -0.1636975833654828 -1.266444428693535 0.67056 1.9043033595372254 2.429192294664059
4951 11322591 -0.10244587543081496 -1.2692881065860802 0.67056 1.9043033595372254 2.429192294664059
4952 11322591 -0.044188433556471396 -1.2731388642612054 0.67056 1.9043033595372254 2.429192294664059
4953 11322591 0.017453107583053518 -1.2758753057659677 0.67056 1.9043033595372254 2.429192294664059
4954 11322591 0.07649178503925891 -1.2778775149727761 0.67056 1.9043033595372254 2.429192294664059
4955 11322591 0.1233134225271601 -1.2798882750899099 0.67056 1.9043033595372254 2.429192294664059
4956 11322591 0.1701350600150613 -1.2818990352070436 0.67056 1.9043033595372254 2.429192294664059
4957 11322591 0.26407792080823533 -1.2839145326244124 0.67056 1.9043033595372254 2.429192294664059
4958 11322591 0.326447047605348 -1.2842376249224365 0.67056 1.9043033595372254 2.429192294664059
4959 11322591 0.3888161744024606 -1.2845607172204607 0.67056 1.9043033595372254 2.429192294664059
4960 11322591 0.45118530119957323 -1.284883809518485 0.67056 1.9043033595372254 2.429192294664059
4961 11322591 0.5132981109112424 -1.285083214128741 0.67056 1.9043033595372254 2.429192294664059
4962 11322591 0.5651895212708483 -1.2864790711797582 0.67056 1.9043033595372254 2.429192294664059
4963 11322591 0.6170809316304543 -1.2878749282307758 0.67056 1.9043033595372254 2.429192294664059
4964 11322591 0.6689723419900602 -1.289270785281793 0.67056 1.9043033595372254 2.429192294664059
4965 11322591 0.7313553588329292 -1.2916301009615103 0.67056 1.9043033595372254 2.429192294664059
4966 11322591 0.7937383756757983 -1.2939894166412276 0.67056 1.9043033595372254 2.429192294664059
4967 11322591 0.8660946630100691 -1.295000404350837 0.67056 1.9043033595372254 2.429192294664059
4968 11322591 0.9384509503443398 -1.2960113920604464 0.67056 1.9043033595372254 2.429192294664059
4969 11322591 1.0108072376786106 -1.2970223797700557 0.67056 1.9043033595372254 2.429192294664059
4970 11322591 1.07386070830549 -1.2950125852704675 0.67056 1.9043033595372254 2.429192294664059
4971 11322591 1.1369141789323698 -1.2930027907708794 0.67056 1.9043033595372254 2.429192294664059
4972 11322591 1.1941409863915118 -1.2918344839884217 0.67056 1.9043033595372254 2.429192294664059
4973 11322591 1.2566485274870964 -1.290813152592547 0.67056 1.9043033595372254 2.429192294664059
4974 11322591 1.3191560685826813 -1.2897918211966724 0.67056 1.9043033595372254 2.429192294664059
4975 11322591 1.3823690092862835 -1.2882407809604792 0.67056 1.9043033595372254 2.429192294664059
4976 11322591 1.4422151319828114 -1.287750657176815 0.67056 1.9043033595372254 2.429192294664059
4977 11322591 1.5020612546793393 -1.2872605333931506 0.67056 1.9043033595372254 2.429192294664059
4978 11322591 1.5617638838897856 -1.2866644522605262 0.67056 1.9043033595372254 2.429192294664059
4979 11322591 1.6198514881618578 -1.2828536412685305 0.67056 1.9043033595372254 2.429192294664059
4980 11322591 1.677128755578834 -1.2815228700191743 0.67056 1.9043033595372254 2.429192294664059
4981 11322591 1.73440602299581 -1.2801920987698179 0.67056 1.9043033595372254 2.429192294664059
4982 11322591 1.7892925636443748 -1.2780216396890973 0.67056 1.9043033595372254 2.429192294664059
4983 11322591 1.8457594421871668 -1.2791704957703356 0.67056 1.9043033595372254 2.429192294664059
4984 11322591 1.9004787163903898 -1.278054241409331 0.67056 1.9043033595372254 2.429192294664059
4985 11322591 1.9551979905936125 -1.2769379870483264 0.67056 1.9043033595372254 2.429192294664059
4986 11322591 2.0076762491442075 -1.2739796846525246 0.67056 1.9043033595372254 2.429192294664059
4987 11322591 2.059327167284545 -1.2735545621706044 0.67056 1.9043033595372254 2.429192294664059
4988 11322591 2.11101244547511 -1.2730234985646833 0.67056 1.9043033595372254 2.429192294664059
4989 11322591 2.1617217422467627 -1.2743929963388398 0.67056 1.9043033595372254 2.429192294664059
4990 11322591 2.2141822036223187 -1.271485759856769 0.67056 1.9043033595372254 2.429192294664059
4991 11322591 2.2666426649978746 -1.2685785233746982 0.67056 1.9043033595372254 2.429192294664059
4992 11322591 2.3191028489160246 -1.2656705139603501 0.6553200000000001 1.9043033595372254 2.429192294664059
4993 11322591 2.3715630328341746 -1.262762504546002 0.6400800000000001 1.9043033595372254 2.429192294664059
4994 11322591 2.426447982882819 -1.2605871284302126 0.6400800000000001 1.9043033595372254 2.429192294664059
4995 11322591 2.480361403845263 -1.2590283970960026 0.6400800000000001 1.9043033595372254 2.429192294664059
4996 11322591 2.534274824807706 -1.2574696657617928 0.6400800000000001 1.9043033595372254 2.429192294664059
4997 11322591 2.5881882457701497 -1.2559109344275827 0.6400800000000001 1.9043033595372254 2.429192294664059
4998 11322591 2.6438996628111564 -1.2512002580532593 0.6400800000000001 1.9043033595372254 2.429192294664059
4999 11322591 2.697218164183841 -1.2497380947123111 0.6400800000000001 1.9043033595372254 2.429192294664059
5000 11322591 2.7505366655565258 -1.2482759313713632 0.6400800000000001 1.9043033595372254 2.429192294664059
5001 11322591 2.8028406217516295 -1.2458396075140032 0.6400800000000001 1.9043033595372254 2.429192294664059
5002 11322591 2.8554683106243948 -1.2377845204360434 0.6400800000000001 1.9043033595372254 2.429192294664059
5003 11322591 2.90809599949716 -1.2297294333580835 0.6400800000000001 1.9043033595372254 2.429192294664059
5004 11322591 2.9599059274039425 -1.2165590317320372 0.6400800000000001 1.9043033595372254 2.429192294664059
5005 11322591 3.011715855310725 -1.203388630105991 0.6400800000000001 1.9043033595372254 2.429192294664059
5006 11322591 3.063027851941631 -1.187660604323877 0.6400800000000001 1.9043033595372254 2.429192294664059
5007 11322591 3.110500449790705 -1.1668243511352148 0.6248400000000001 1.9043033595372254 2.429192294664059
5008 11322591 3.1579730476397794 -1.1459880979465527 0.6096 1.9043033595372254 2.429192294664059
5009 11322591 3.1796921578755457 -1.1330425065649479 0.6248400000000001 1.9043033595372254 2.429192294664059
5010 11322591 3.201411268111312 -1.1200969151833433 0.6400800000000001 1.9043033595372254 2.429192294664059
5011 11322591 3.2848601361879153 -1.0643920331207444 0.6400800000000001 1.9043033595372254 2.429192294664059
5012 11322591 3.322601709561786 -1.0317352787306235 0.6400800000000001 1.9043033595372254 2.429192294664059
5013 11322591 3.3579353750199585 -0.9982926671625524 0.6400800000000001 1.9043033595372254 2.429192294664059
5014 11322591 3.3902410655790254 -0.9659645097432418 0.6400800000000001 1.9043033595372254 2.429192294664059
5015 11322591 3.403615225997062 -0.9453892834959067 0.6400800000000001 1.9043033595372254 2.429192294664059
5016 11322591 3.416989386415098 -0.9248140572485716 0.6400800000000001 1.9043033595372254 2.429192294664059
5017 11322591 3.469290049862793 -0.8488979293808515 0.6400800000000001 1.9043033595372254 2.429192294664059
5018 11322591 3.490637120237743 -0.8079707011504462 0.6400800000000001 1.9043033595372254 2.429192294664059
5019 11322591 3.5093698344935067 -0.7668912348977001 0.6400800000000001 1.9043033595372254 2.429192294664059
5020 11322591 3.5275857531975436 -0.7273953104640851 0.6400800000000001 1.9043033595372254 2.429192294664059
5021 11322591 3.5379540109337615 -0.6976622927409628 0.6400800000000001 1.9043033595372254 2.429192294664059
5022 11322591 3.548322268669979 -0.6679292750178406 0.6400800000000001 1.9043033595372254 2.429192294664059
5023 11322591 3.5634464799447505 -0.6195396350534769 0.6400800000000001 1.9043033595372254 2.429192294664059
5024 11322591 3.5785706912195216 -0.5711499950891131 0.6400800000000001 1.9043033595372254 2.429192294664059
5025 11322591 3.588633838783621 -0.5321476312003502 0.6400800000000001 1.9043033595372254 2.429192294664059
5026 11322591 3.59811137430622 -0.4949399823569435 0.6400800000000001 1.9043033595372254 2.429192294664059
5027 11322591 3.6050781185632967 -0.45726345957832215 0.6400800000000001 1.9043033595372254 2.429192294664059
5028 11322591 3.611424822731049 -0.4214872277603906 0.6400800000000001 1.9043033595372254 2.429192294664059
5029 11322591 3.6133458161974463 -0.38566855067301786 0.6400800000000001 1.9043033595372254 2.429192294664059
5030 11322591 3.6152668096638436 -0.3498498735856451 0.6400800000000001 1.9043033595372254 2.429192294664059
5031 11322591 3.6124622941115856 -0.31762889401197913 0.6248400000000001 1.9043033595372254 2.429192294664059
5032 11322591 3.6096577785593276 -0.28540791443831315 0.6096 1.9043033595372254 2.429192294664059
5033 11322591 3.5962600388433756 -0.251365446217247 0.6096 1.9043033595372254 2.429192294664059
5034 11322591 3.5810248365797532 -0.22349843834343644 0.6096 1.9043033595372254 2.429192294664059
5035 11322591 3.5624754099772584 -0.19735328230264462 0.6096 1.9043033595372254 2.429192294664059
5036 11322591 3.5439259833747636 -0.1712081262618528 0.6096 1.9043033595372254 2.429192294664059
5037 11322591 3.52191656209228 -0.1515849197757885 0.6096 1.9043033595372254 2.429192294664059
5038 11322591 3.499907140809796 -0.1319617132897242 0.6096 1.9043033595372254 2.429192294664059
5039 11322591 3.474863199994184 -0.11619580851762559 0.6096 1.9043033595372254 2.429192294664059
5040 11322591 3.449829374036348 -0.10311980712575233 0.6096 1.9043033595372254 2.429192294664059
5041 11322591 3.423924259188179 -0.08999297180061863 0.6096 1.9043033595372254 2.429192294664059
5042 11322591 3.3970422773494784 -0.08121977455212939 0.6096 1.9043033595372254 2.429192294664059
5043 11322591 3.371676319849051 -0.06780141229066253 0.57912 1.9043033595372254 2.429192294664059
5044 11322591 3.3432634505877514 -0.05963802700356244 0.57912 1.9043033595372254 2.429192294664059
5045 11322591 3.3148505813264517 -0.05147464171646235 0.57912 1.9043033595372254 2.429192294664059
5046 11322591 3.2875675254235244 -0.04257007769242019 0.57912 1.9043033595372254 2.429192294664059
5047 11322591 3.255871077349373 -0.032224936700367884 0.57912 1.9043033595372254 2.429192294664059
5048 11322591 3.222854236286574 -0.025245087249732873 0.57912 1.9043033595372254 2.429192294664059
5049 11322591 3.1898373952237753 -0.01826523779909786 0.57912 1.9043033595372254 2.429192294664059
5050 11322591 3.1573485341893974 -0.010347733755843885 0.57912 1.9043033595372254 2.429192294664059
5051 11322591 3.1274048429618135 -0.0027935628749673758 0.54864 1.9043033595372254 2.429192294664059
5052 11322591 3.0939917972183753 0.0029728553909421918 0.54864 1.9043033595372254 2.429192294664059
5053 11322591 3.060578751474937 0.00873927365685176 0.54864 1.9043033595372254 2.429192294664059
5054 11322591 3.0275041597894647 0.014862718665316604 0.54864 1.9043033595372254 2.429192294664059
5055 11322591 2.9963585407785076 0.019188632490534163 0.54864 1.9043033595372254 2.429192294664059
5056 11322591 2.965212921767551 0.02351454631575172 0.54864 1.9043033595372254 2.429192294664059
5057 11322591 2.9340673027565938 0.027840460140969275 0.54864 1.9043033595372254 2.429192294664059
5058 11322591 2.8997348796153055 0.030111373093335475 0.5334000000000001 1.9043033595372254 2.429192294664059
5059 11322591 2.8654024564740173 0.032382286045701675 0.5181600000000001 1.9043033595372254 2.429192294664059
5060 11322591 2.833472392007522 0.03521258896918708 0.5181600000000001 1.9043033595372254 2.429192294664059
5061 11322591 2.79920882143401 0.03769512357025154 0.5181600000000001 1.9043033595372254 2.429192294664059
5062 11322591 2.7649452508604973 0.040177658171315994 0.5181600000000001 1.9043033595372254 2.429192294664059
5063 11322591 2.7320899931412086 0.039630750122988806 0.5181600000000001 1.9043033595372254 2.429192294664059
5064 11322591 2.6992347354219195 0.03908384207466162 0.5181600000000001 1.9043033595372254 2.429192294664059
5065 11322591 2.668711343160488 0.036432447386320926 0.48768 1.9043033595372254 2.429192294664059
5066 11322591 2.6344051191326976 0.03524987717766359 0.48768 1.9043033595372254 2.429192294664059
5067 11322591 2.6000988951049067 0.034067306969006256 0.48768 1.9043033595372254 2.429192294664059
5068 11322591 2.568656610346595 0.029146284119004523 0.48768 1.9043033595372254 2.429192294664059
5069 11322591 2.5349103485538436 0.025328054908044045 0.48768 1.9043033595372254 2.429192294664059
5070 11322591 2.5013767047426954 0.02243357039031532 0.47244 1.9043033595372254 2.429192294664059
5071 11322591 2.467843060931547 0.019539085872586598 0.45720000000000005 1.9043033595372254 2.429192294664059
5072 11322591 2.431700593020158 0.016269996470680143 0.45720000000000005 1.9043033595372254 2.429192294664059
5073 11322591 2.394598395207015 0.018220831882995198 0.45720000000000005 1.9043033595372254 2.429192294664059
5074 11322591 2.3593524992949386 0.018514447392238148 0.45720000000000005 1.9043033595372254 2.429192294664059
5075 11322591 2.3241066033828623 0.0188080629014811 0.45720000000000005 1.9043033595372254 2.429192294664059
5076 11322591 2.2894573697296554 0.019841652459770626 0.45720000000000005 1.9043033595372254 2.429192294664059
5077 11322591 2.2707572911293896 0.021041293989056492 0.44196 1.9043033595372254 2.429192294664059
5078 11322591 2.252057212529124 0.02224093551834236 0.42672000000000004 1.9043033595372254 2.429192294664059
5079 11322591 2.1829371333598973 0.017241465053079136 0.42672000000000004 1.9043033595372254 2.429192294664059
5080 11322591 2.1653716986387126 0.017837213709325783 0.42672000000000004 1.9043033595372254 2.429192294664059
5081 11322591 2.1478062639175284 0.01843296236557243 0.42672000000000004 1.9043033595372254 2.429192294664059
5082 11322591 2.0771058488668843 0.016754148114451167 0.42672000000000004 1.9043033595372254 2.429192294664059
5083 11322591 2.04362375866428 0.014837644556066315 0.39624000000000004 1.9043033595372254 2.429192294664059
5084 11322591 2.00549936209159 0.015021393700124314 0.39624000000000004 1.9043033595372254 2.429192294664059
5085 11322591 1.970515707961217 0.013946017975391384 0.39624000000000004 1.9043033595372254 2.429192294664059
5086 11322591 1.9322877809808272 0.013813470588800503 0.39624000000000004 1.9043033595372254 2.429192294664059
5087 11322591 1.8957086626942456 0.010572567827500767 0.39624000000000004 1.9043033595372254 2.429192294664059
5088 11322591 1.8619724339155213 0.00652027383231589 0.39624000000000004 1.9043033595372254 2.429192294664059
5089 11322591 1.8282362051367969 0.0024679798371310124 0.39624000000000004 1.9043033595372254 2.429192294664059
5090 11322591 1.7928854748221439 0.0016301612015655886 0.381 1.9043033595372254 2.429192294664059
5091 11322591 1.7575347445074911 0.0007923425660001648 0.36576 1.9043033595372254 2.429192294664059
5092 11322591 1.7220585068795637 0.0009304128529206424 0.36576 1.9043033595372254 2.429192294664059
5093 11322591 1.6865822692516366 0.0010684831398411199 0.36576 1.9043033595372254 2.429192294664059
5094 11322591 1.657940189408505 0.001739588208097618 0.36576 1.9043033595372254 2.429192294664059
5095 11322591 1.6292981095653738 0.002410693276354116 0.36576 1.9043033595372254 2.429192294664059
5096 11322591 1.6006560297222423 0.0030817983446106145 0.36576 1.9043033595372254 2.429192294664059
5097 11322591 1.5597035916512014 0.002088696040825788 0.35052 1.9043033595372254 2.429192294664059
5098 11322591 1.5187511535801606 0.0010955937370409619 0.33528 1.9043033595372254 2.429192294664059
5099 11322591 1.486427956194774 0.0013730085883881527 0.33528 1.9043033595372254 2.429192294664059
5100 11322591 1.454849141638639 0.000531297068467794 0.33528 1.9043033595372254 2.429192294664059
5101 11322591 1.4232703270825042 -0.00031041445145256474 0.33528 1.9043033595372254 2.429192294664059
5102 11322591 1.3921068212199998 0.002158710995791721 0.33528 1.9043033595372254 2.429192294664059
5103 11322591 1.3612033785472146 -1.312622103527561e-05 0.33528 1.9043033595372254 2.429192294664059
5104 11322591 1.332887489693287 0.00029945092619260844 0.33528 1.9043033595372254 2.429192294664059
5105 11322591 1.3045716008393593 0.0006120280734204925 0.33528 1.9043033595372254 2.429192294664059
5106 11322591 1.275448568359464 0.0025319109372578807 0.33528 1.9043033595372254 2.429192294664059
5107 11322591 1.2501307775640254 0.0025079790738596155 0.33528 1.9043033595372254 2.429192294664059
5108 11322591 1.2248129867685864 0.0024840472104613507 0.33528 1.9043033595372254 2.429192294664059
5109 11322591 1.1994951959731477 0.0024601153470630854 0.33528 1.9043033595372254 2.429192294664059
5110 11322591 1.1760627409632733 0.0014115905320932348 0.33528 1.9043033595372254 2.429192294664059
5111 11322591 1.1526302859533988 0.0003630657171233842 0.33528 1.9043033595372254 2.429192294664059
5112 11322591 1.1311302736861388 -0.00020682119762724382 0.33528 1.9043033595372254 2.429192294664059
5113 11322591 1.1109260452041543 -0.000615739432699064 0.33528 1.9043033595372254 2.429192294664059
5114 11322591 1.0907218167221697 -0.0010246576677708842 0.33528 1.9043033595372254 2.429192294664059
5115 11322591 1.070517588240185 -0.0014335759028427041 0.33528 1.9043033595372254 2.429192294664059
5116 11322591 1.0503133597582004 -0.0018424941379145243 0.33528 1.9043033595372254 2.429192294664059
5117 11322591 1.0301091312762158 -0.0022514123729863444 0.33528 1.9043033595372254 2.429192294664059
5118 11322591 1.0121669956199448 0.0012738234273592663 0.33528 1.9043033595372254 2.429192294664059
5119 11322591 0.9956257383827647 0.0002525377651446947 0.33528 1.9043033595372254 2.429192294664059
5120 11322591 0.9790844811455844 -0.0007687478970698769 0.33528 1.9043033595372254 2.429192294664059
5121 11322591 0.9635496467522353 0.0019701208703268996 0.33528 1.9043033595372254 2.429192294664059
5122 11322591 0.9497950309944294 0.001323586253884644 0.33528 1.9043033595372254 2.429192294664059
5123 11322591 0.9360404152366236 0.0006770516374423885 0.33528 1.9043033595372254 2.429192294664059
5124 11322591 0.9273994747982857 0.0018646274270849399 0.33528 1.9043033595372254 2.429192294664059
5125 11322591 0.9187585343599477 0.0030522032167274913 0.33528 1.9043033595372254 2.429192294664059
5126 11322591 0.9101175939216097 0.0042397790063700425 0.33528 1.9043033595372254 2.429192294664059
5127 11322591 0.8858088483563019 0.004588235929384954 0.33528 1.9043033595372254 2.429192294664059
5128 11322591 0.8771384036692396 0.0025143579855738674 0.33528 1.9043033595372254 2.429192294664059
5129 11322591 0.866911932613363 0.00451209907694354 0.33528 1.9043033595372254 2.429192294664059
5130 11322591 0.8566854615574864 0.0065098401683132134 0.33528 1.9043033595372254 2.429192294664059
5131 11322591 0.8493629340948132 0.005163860351301529 0.33528 1.9043033595372254 2.429192294664059
5132 11322591 0.8420404066321402 0.003817880534289844 0.33528 1.9043033595372254 2.429192294664059
5133 11322591 0.834163183531329 0.004171893000952415 0.33528 1.9043033595372254 2.429192294664059
5134 11322591 0.8285553133963434 0.003317138933551997 0.33528 1.9043033595372254 2.429192294664059
5135 11322591 0.8253202635793369 0.0015702871929437895 0.33528 1.9043033595372254 2.429192294664059
5136 11322591 0.8180983292634124 0.003929921559082894 0.33528 1.9043033595372254 2.429192294664059
5137 11322591 0.8149888864604624 0.004945878728912313 0.33528 1.9043033595372254 2.429192294664059
5138 11322591 0.8118794436575125 0.0059618358987417325 0.33528 1.9043033595372254 2.429192294664059
5139 11322591 0.8120412308835688 0.005993419292194284 0.33528 1.9043033595372254 2.429192294664059
5140 11322591 0.812203018109625 0.006025002685646836 0.33528 1.9043033595372254 2.429192294664059
5141 11322591 0.8123648053356813 0.006056586079099388 0.33528 1.9043033595372254 2.429192294664059
5142 11322591 0.8125265925617376 0.0060881694725519395 0.33528 1.9043033595372254 2.429192294664059
5143 11322591 0.8126883797877938 0.006119752866004491 0.33528 1.9043033595372254 2.429192294664059
5144 11322591 0.8128501670138502 0.006151336259457043 0.33528 1.9043033595372254 2.429192294664059
5145 11322591 0.8130119542399065 0.006182919652909595 0.33528 1.9043033595372254 2.429192294664059
5146 11322591 0.8131737414659627 0.0062145030463621465 0.33528 1.9043033595372254 2.429192294664059
5147 11322591 0.813335528692019 0.006246086439814698 0.33528 1.9043033595372254 2.429192294664059
5148 11322591 0.8134973159180753 0.00627766983326725 0.33528 1.9043033595372254 2.429192294664059
5149 11322591 0.8136591031441315 0.006309253226719802 0.33528 1.9043033595372254 2.429192294664059
5150 11322591 0.8138208903701878 0.0063408366201723534 0.33528 1.9043033595372254 2.429192294664059
5151 11322591 0.8139826775962441 0.006372420013624905 0.33528 1.9043033595372254 2.429192294664059
5152 11322591 0.8141444648223003 0.006404003407077457 0.33528 1.9043033595372254 2.429192294664059
5153 11322591 0.8143062520483566 0.006435586800530009 0.33528 1.9043033595372254 2.429192294664059
5154 11322591 0.8144680392744129 0.00646717019398256 0.33528 1.9043033595372254 2.429192294664059
5155 11322591 0.8146298265004692 0.006498753587435112 0.33528 1.9043033595372254 2.429192294664059
5156 11322591 0.8147916137265254 0.006530336980887664 0.33528 1.9043033595372254 2.429192294664059
5157 11322591 0.8149534009525817 0.006561920374340216 0.33528 1.9043033595372254 2.429192294664059
5158 11322591 0.815115188178638 0.006593503767792767 0.33528 1.9043033595372254 2.429192294664059
5159 11322591 0.8152769754046942 0.006625087161245319 0.33528 1.9043033595372254 2.429192294664059
5160 11322591 0.8154387626307505 0.006656670554697871 0.33528 1.9043033595372254 2.429192294664059
5161 11322591 0.8156005498568069 0.006688253948150423 0.33528 1.9043033595372254 2.429192294664059
5162 11322591 0.815762337082863 0.006719837341602974 0.33528 1.9043033595372254 2.429192294664059
5163 11322591 0.8159241243089194 0.006751420735055526 0.33528 1.9043033595372254 2.429192294664059
5164 11322591 0.8160859115349757 0.006783004128508078 0.33528 1.9043033595372254 2.429192294664059
5165 11322591 0.8162476987610319 0.00681458752196063 0.33528 1.9043033595372254 2.429192294664059
5166 11322591 0.8164094859870882 0.006846170915413181 0.33528 1.9043033595372254 2.429192294664059
5167 11322591 0.8165712732131445 0.006877754308865733 0.33528 1.9043033595372254 2.429192294664059
5168 11322591 0.8167330604392007 0.006909337702318285 0.33528 1.9043033595372254 2.429192294664059
5169 11322591 0.816894847665257 0.006940921095770837 0.33528 1.9043033595372254 2.429192294664059
5170 11322591 0.8170566348913133 0.006972504489223388 0.33528 1.9043033595372254 2.429192294664059
5171 11322591 0.8172184221173695 0.00700408788267594 0.33528 1.9043033595372254 2.429192294664059
5172 11322591 0.8173802093434258 0.007035671276128492 0.33528 1.9043033595372254 2.429192294664059
5173 11322591 0.8175419965694821 0.007067254669581044 0.33528 1.9043033595372254 2.429192294664059
5174 11322591 0.8177037837955383 0.007098838063033595 0.33528 1.9043033595372254 2.429192294664059
5175 11322591 0.8178655710215946 0.007130421456486147 0.33528 1.9043033595372254 2.429192294664059
5176 11322591 0.8180273582476509 0.007162004849938699 0.33528 1.9043033595372254 2.429192294664059
5177 11322591 0.8181891454737071 0.007193588243391251 0.33528 1.9043033595372254 2.429192294664059
5178 11322591 0.8183509326997634 0.007225171636843802 0.33528 1.9043033595372254 2.429192294664059
5179 11322591 0.8185127199258198 0.007256755030296354 0.33528 1.9043033595372254 2.429192294664059
5180 11322591 0.818674507151876 0.007288338423748906 0.33528 1.9043033595372254 2.429192294664059
5181 11322591 0.8188362943779323 0.007319921817201458 0.33528 1.9043033595372254 2.429192294664059
5182 11322591 0.8189980816039886 0.007351505210654009 0.33528 1.9043033595372254 2.429192294664059
5183 11322591 0.8191598688300448 0.007383088604106561 0.33528 1.9043033595372254 2.429192294664059
5184 11322591 0.8193216560561011 0.007414671997559113 0.33528 1.9043033595372254 2.429192294664059
5185 11322591 0.8194834432821574 0.007446255391011665 0.33528 1.9043033595372254 2.429192294664059
5186 11322591 0.8196452305082136 0.007477838784464216 0.33528 1.9043033595372254 2.429192294664059
5187 11322591 0.8198070177342699 0.007509422177916768 0.33528 1.9043033595372254 2.429192294664059
5188 11322591 0.8199688049603262 0.00754100557136932 0.33528 1.9043033595372254 2.429192294664059
5189 11322591 0.8201305921863825 0.007572588964821872 0.33528 1.9043033595372254 2.429192294664059
5190 11322591 0.8202923794124387 0.007604172358274423 0.33528 1.9043033595372254 2.429192294664059
5191 11322591 0.820454166638495 0.007635755751726975 0.33528 1.9043033595372254 2.429192294664059
5192 11322591 0.8206159538645513 0.007667339145179527 0.33528 1.9043033595372254 2.429192294664059
5193 11322591 0.8207777410906075 0.007698922538632079 0.33528 1.9043033595372254 2.429192294664059
5194 11322591 0.8209395283166638 0.00773050593208463 0.33528 1.9043033595372254 2.429192294664059
5195 11322591 0.8211013155427201 0.007762089325537182 0.33528 1.9043033595372254 2.429192294664059
5196 11322591 0.8212631027687763 0.007793672718989734 0.33528 1.9043033595372254 2.429192294664059
5197 11322591 0.8214248899948327 0.007825256112442286 0.33528 1.9043033595372254 2.429192294664059
5198 11322591 0.821586677220889 0.007856839505894837 0.33528 1.9043033595372254 2.429192294664059
