15507 11364079 0.3312243637645922 -4.826337266077545 0.7239000000000001 2.4052100301063666 -2.6800637823521534
15508 11364079 0.33625403698173073 -4.806718493265591 0.7239000000000001 2.4052100301063666 -2.6800637823521534
15509 11364079 0.3409791307907822 -4.788168456072183 0.7239000000000001 2.4052100301063666 -2.6800637823521534
15510 11364079 0.34570422459983363 -4.7696184188787765 0.7239000000000001 2.4052100301063666 -2.6800637823521534
15511 11364079 0.35052353360712196 -4.746426323123273 0.7239000000000001 2.4052100301063666 -2.6800637823521534
15512 11364079 0.35467436403812463 -4.729090588964516 0.7239000000000001 2.4052100301063666 -2.6800637823521534
15513 11364079 0.3588251944691273 -4.711754854805759 0.7239000000000001 2.4052100301063666 -2.6800637823521534
15514 11364079 0.36468797936839303 -4.68972127631014 0.7239000000000001 2.4052100301063666 -2.6800637823521534
15515 11364079 0.37055076426765876 -4.667687697814521 0.7239000000000001 2.4052100301063666 -2.6800637823521534
15516 11364079 0.3777946913144553 -4.6373436169895585 0.7239000000000001 2.4052100301063666 -2.6800637823521534
15517 11364079 0.3817614097963594 -4.621115958018498 0.7277100000000001 2.4052100301063666 -2.6800637823521534
15518 11364079 0.3857281282782635 -4.604888299047437 0.73152 2.4052100301063666 -2.6800637823521534
15519 11364079 0.3905632217477172 -4.57375753524433 0.7239000000000001 2.4052100301063666 -2.6800637823521534
15520 11364079 0.39452996783593836 -4.557529882156976 0.7277100000000001 2.4052100301063666 -2.6800637823521534
15521 11364079 0.39849671392415953 -4.54130222906962 0.73152 2.4052100301063666 -2.6800637823521534
15522 11364079 0.4057407365613409 -4.5109581683171545 0.7239000000000001 2.4052100301063666 -2.6800637823521534
15523 11364079 0.411256672532908 -4.494068241223408 0.7239000000000001 2.4052100301063666 -2.6800637823521534
15524 11364079 0.41677260850447506 -4.47717831412966 0.7239000000000001 2.4052100301063666 -2.6800637823521534
15525 11364079 0.4218598084645909 -4.457519900219245 0.7239000000000001 2.4052100301063666 -2.6800637823521534
15526 11364079 0.4269470084247068 -4.43786148630883 0.7239000000000001 2.4052100301063666 -2.6800637823521534
15527 11364079 0.434122138833709 -4.407728560978262 0.73152 2.4052100301063666 -2.6800637823521534
15528 11364079 0.44113773577027077 -4.38624668598151 0.73152 2.4052100301063666 -2.6800637823521534
15529 11364079 0.44815333270683255 -4.364764810984758 0.73152 2.4052100301063666 -2.6800637823521534
15530 11364079 0.4536197880485964 -4.343945220791651 0.73152 2.4052100301063666 -2.6800637823521534
15531 11364079 0.4590862433903602 -4.323125630598544 0.73152 2.4052100301063666 -2.6800637823521534
15532 11364079 0.4665672571870315 -4.300218667836246 0.73152 2.4052100301063666 -2.6800637823521534
15533 11364079 0.4716695156648521 -4.284595485160956 0.73152 2.4052100301063666 -2.6800637823521534
15534 11364079 0.4767717741426727 -4.268972302485667 0.73152 2.4052100301063666 -2.6800637823521534
15535 11364079 0.48435621274978125 -4.245748651518603 0.73152 2.4052100301063666 -2.6800637823521534
15536 11364079 0.4879438222722154 -4.230682197323234 0.73152 2.4052100301063666 -2.6800637823521534
15537 11364079 0.49153143179464953 -4.215615743127865 0.73152 2.4052100301063666 -2.6800637823521534
15538 11364079 0.4996674751449882 -4.1907030999455985 0.73152 2.4052100301063666 -2.6800637823521534
15539 11364079 0.5066658517947173 -4.169274003127355 0.73533 2.4052100301063666 -2.6800637823521534
15540 11364079 0.5136642284444465 -4.147844906309111 0.73914 2.4052100301063666 -2.6800637823521534
15541 11364079 0.520679842955291 -4.126363026940892 0.73914 2.4052100301063666 -2.6800637823521534
15542 11364079 0.5276954574661357 -4.104881147572671 0.73914 2.4052100301063666 -2.6800637823521534
15543 11364079 0.5344007995486868 -4.084349325326331 0.73914 2.4052100301063666 -2.6800637823521534
15544 11364079 0.5411061416312378 -4.0638175030799895 0.73914 2.4052100301063666 -2.6800637823521534
15545 11364079 0.5477252972277467 -4.043549584638473 0.73914 2.4052100301063666 -2.6800637823521534
15546 11364079 0.5543444528242556 -4.023281666196956 0.73914 2.4052100301063666 -2.6800637823521534
15547 11364079 0.5603752596848606 -4.008896291051608 0.73914 2.4052100301063666 -2.6800637823521534
15548 11364079 0.5664060665454654 -3.9945109159062597 0.73914 2.4052100301063666 -2.6800637823521534
15549 11364079 0.5783987113826518 -3.965951280974742 0.73914 2.4052100301063666 -2.6800637823521534
15550 11364079 0.5854982134621496 -3.948293470946771 0.73914 2.4052100301063666 -2.6800637823521534
15551 11364079 0.5925977155416475 -3.9306356609188 0.73914 2.4052100301063666 -2.6800637823521534
15552 11364079 0.6060382540485475 -3.897642397092007 0.73914 2.4052100301063666 -2.6800637823521534
15553 11364079 0.6167184998312164 -3.877182074585903 0.73914 2.4052100301063666 -2.6800637823521534
15554 11364079 0.6273987456138853 -3.8567217520797987 0.73914 2.4052100301063666 -2.6800637823521534
15555 11364079 0.636874640286575 -3.835868107660577 0.73914 2.4052100301063666 -2.6800637823521534
15556 11364079 0.6463505349592646 -3.8150144632413547 0.73914 2.4052100301063666 -2.6800637823521534
15557 11364079 0.6550334901677841 -3.7965887377827263 0.73914 2.4052100301063666 -2.6800637823521534
15558 11364079 0.6637164453763035 -3.7781630123240983 0.73914 2.4052100301063666 -2.6800637823521534
15559 11364079 0.6745821427034695 -3.754141795144441 0.73914 2.4052100301063666 -2.6800637823521534
15560 11364079 0.6832879630788804 -3.7357819422715526 0.73914 2.4052100301063666 -2.6800637823521534
15561 11364079 0.6919937834542912 -3.7174220893986636 0.73914 2.4052100301063666 -2.6800637823521534
15562 11364079 0.6975786163345687 -3.7003209961503742 0.73914 2.4052100301063666 -2.6800637823521534
15563 11364079 0.7031634492148464 -3.6832199029020853 0.73914 2.4052100301063666 -2.6800637823521534
15564 11364079 0.7139258840816205 -3.6591065433574834 0.73914 2.4052100301063666 -2.6800637823521534
15565 11364079 0.7246883189483947 -3.6349931838128815 0.73914 2.4052100301063666 -2.6800637823521534
15566 11364079 0.736055514728595 -3.6165094884375937 0.73914 2.4052100301063666 -2.6800637823521534
15567 11364079 0.7450164609852666 -3.5931512388148446 0.73914 2.4052100301063666 -2.6800637823521534
15568 11364079 0.7539774072419383 -3.5697929891920954 0.73914 2.4052100301063666 -2.6800637823521534
15569 11364079 0.7588037810747572 -3.5550142544587655 0.73533 2.4052100301063666 -2.6800637823521534
15570 11364079 0.7636301549075762 -3.5402355197254356 0.73152 2.4052100301063666 -2.6800637823521534
15571 11364079 0.7693575284342876 -3.5145362320649913 0.73914 2.4052100301063666 -2.6800637823521534
15572 11364079 0.7759765629649878 -3.4942682532570606 0.73914 2.4052100301063666 -2.6800637823521534
15573 11364079 0.7825955974956881 -3.4740002744491294 0.73914 2.4052100301063666 -2.6800637823521534
15574 11364079 0.7904557015558679 -3.4499320478517994 0.73914 2.4052100301063666 -2.6800637823521534
15575 11364079 0.7983158056160476 -3.4258638212544694 0.73914 2.4052100301063666 -2.6800637823521534
15576 11364079 0.8022309793982112 -3.40979452936866 0.73914 2.4052100301063666 -2.6800637823521534
15577 11364079 0.8061461531803747 -3.3937252374828506 0.73914 2.4052100301063666 -2.6800637823521534
15578 11364079 0.8136270503202169 -3.3708181972837763 0.73914 2.4052100301063666 -2.6800637823521534
15579 11364079 0.8191429194283331 -3.3539282129353927 0.73914 2.4052100301063666 -2.6800637823521534
15580 11364079 0.8246587885364491 -3.3370382285870095 0.73914 2.4052100301063666 -2.6800637823521534
15581 11364079 0.8312136324559795 -3.3088054615054197 0.73914 2.4052100301063666 -2.6800637823521534
15582 11364079 0.8378671572175846 -3.2884319179806636 0.73914 2.4052100301063666 -2.6800637823521534
15583 11364079 0.8445206819791897 -3.2680583744559075 0.73914 2.4052100301063666 -2.6800637823521534
15584 11364079 0.8500365577566295 -3.2511683891471224 0.73533 2.4052100301063666 -2.6800637823521534
15585 11364079 0.8555524335340692 -3.234278403838337 0.73152 2.4052100301063666 -2.6800637823521534
15586 11364079 0.8637228249120383 -3.209260111882752 0.73152 2.4052100301063666 -2.6800637823521534
15587 11364079 0.8692387012058392 -3.192370124932852 0.73152 2.4052100301063666 -2.6800637823521534
15588 11364079 0.8747545774996401 -3.1754801379829525 0.73152 2.4052100301063666 -2.6800637823521534
15589 11364079 0.8780578235048462 -3.156524115050323 0.73152 2.4052100301063666 -2.6800637823521534
15590 11364079 0.8813610695100522 -3.1375680921176943 0.73152 2.4052100301063666 -2.6800637823521534
15591 11364079 0.8880490853594907 -3.117088985750093 0.73152 2.4052100301063666 -2.6800637823521534
15592 11364079 0.8943751212674269 -3.0977182836781183 0.73152 2.4052100301063666 -2.6800637823521534
15593 11364079 0.900701157175363 -3.0783475816061436 0.73152 2.4052100301063666 -2.6800637823521534
15594 11364079 0.9076477311154031 -3.0570767547410322 0.73152 2.4052100301063666 -2.6800637823521534
15595 11364079 0.9145943050554431 -3.035805927875921 0.73152 2.4052100301063666 -2.6800637823521534
15596 11364079 0.9205411243110397 -3.0175964098926373 0.73152 2.4052100301063666 -2.6800637823521534
15597 11364079 0.9264879435666364 -2.9993868919093534 0.73152 2.4052100301063666 -2.6800637823521534
15598 11364079 0.9343308506487208 -2.975371438981008 0.73152 2.4052100301063666 -2.6800637823521534
15599 11364079 0.9421737577308051 -2.9513559860526626 0.73152 2.4052100301063666 -2.6800637823521534
15600 11364079 0.94872387828659 -2.9312991231363723 0.73152 2.4052100301063666 -2.6800637823521534
15601 11364079 0.9553601849596223 -2.9109783531118243 0.73152 2.4052100301063666 -2.6800637823521534
15602 11364079 0.9619964916326547 -2.8906575830872767 0.73152 2.4052100301063666 -2.6800637823521534
15603 11364079 0.9670839117805725 -2.870999189754538 0.73152 2.4052100301063666 -2.6800637823521534
15604 11364079 0.9721713319284905 -2.8513407964217996 0.73152 2.4052100301063666 -2.6800637823521534
15605 11364079 0.9762737808146409 -2.8387788657810926 0.73152 2.4052100301063666 -2.6800637823521534
15606 11364079 0.9803762297007912 -2.826216935140386 0.73152 2.4052100301063666 -2.6800637823521534
15607 11364079 0.9881329612369824 -2.8024653841845666 0.73152 2.4052100301063666 -2.6800637823521534
15608 11364079 0.9958896927731735 -2.7787138332287467 0.73152 2.4052100301063666 -2.6800637823521534
15609 11364079 1.0025260079974925 -2.75839306037534 0.73152 2.4052100301063666 -2.6800637823521534
15610 11364079 1.0091623232218114 -2.7380722875219337 0.73152 2.4052100301063666 -2.6800637823521534
15611 11364079 1.0120032783884707 -2.7251567886281993 0.73152 2.4052100301063666 -2.6800637823521534
15612 11364079 1.01484423355513 -2.712241289734465 0.73152 2.4052100301063666 -2.6800637823521534
15613 11364079 1.021078251366072 -2.6839037119267117 0.73152 2.4052100301063666 -2.6800637823521534
15614 11364079 1.0260265859603985 -2.6667115402033796 0.73152 2.4052100301063666 -2.6800637823521534
15615 11364079 1.030974920554725 -2.6495193684800475 0.73152 2.4052100301063666 -2.6800637823521534
15616 11364079 1.0359232551490516 -2.6323271967567154 0.73152 2.4052100301063666 -2.6800637823521534
15617 11364079 1.040871589743378 -2.6151350250333834 0.73152 2.4052100301063666 -2.6800637823521534
15618 11364079 1.0450135427807132 -2.59429169239431 0.73152 2.4052100301063666 -2.6800637823521534
15619 11364079 1.0516671261294555 -2.5739181416909043 0.73152 2.4052100301063666 -2.6800637823521534
15620 11364079 1.058320709478198 -2.553544590987498 0.73152 2.4052100301063666 -2.6800637823521534
15621 11364079 1.063905582881116 -2.5364434748326428 0.73152 2.4052100301063666 -2.6800637823521534
15622 11364079 1.069490456284034 -2.5193423586777874 0.73152 2.4052100301063666 -2.6800637823521534
15623 11364079 1.076523260261853 -2.4978076184389058 0.73152 2.4052100301063666 -2.6800637823521534
15624 11364079 1.0835560642396722 -2.476272878200024 0.73152 2.4052100301063666 -2.6800637823521534
15625 11364079 1.0894684463883315 -2.458168916471303 0.7277100000000001 2.4052100301063666 -2.6800637823521534
15626 11364079 1.0953808285369908 -2.4400649547425823 0.7239000000000001 2.4052100301063666 -2.6800637823521534
15627 11364079 1.1020171762533635 -2.4197441800830584 0.7239000000000001 2.4052100301063666 -2.6800637823521534
15628 11364079 1.1086535239697364 -2.399423405423534 0.7239000000000001 2.4052100301063666 -2.6800637823521534
15629 11364079 1.11065814120728 -2.3851249645719492 0.7239000000000001 2.4052100301063666 -2.6800637823521534
15630 11364079 1.1126627584448234 -2.3708265237203645 0.7239000000000001 2.4052100301063666 -2.6800637823521534
15631 11364079 1.1216261568175638 -2.3433802859825072 0.7239000000000001 2.4052100301063666 -2.6800637823521534
15632 11364079 1.126351739339109 -2.324830323841376 0.7200900000000001 2.4052100301063666 -2.6800637823521534
15633 11364079 1.131077321860654 -2.3062803617002445 0.7162800000000001 2.4052100301063666 -2.6800637823521534
15634 11364079 1.138420422008831 -2.2837955594795507 0.7162800000000001 2.4052100301063666 -2.6800637823521534
15635 11364079 1.1428848891772674 -2.2701252214162926 0.7162800000000001 2.4052100301063666 -2.6800637823521534
15636 11364079 1.1473493563457038 -2.2564548833530345 0.7162800000000001 2.4052100301063666 -2.6800637823521534
15637 11364079 1.1547269317287472 -2.2338645168190236 0.7162800000000001 2.4052100301063666 -2.6800637823521534
15638 11364079 1.1582140273944013 -2.215026906165019 0.7162800000000001 2.4052100301063666 -2.6800637823521534
15639 11364079 1.1640428367436138 -2.19309895216581 0.7200900000000001 2.4052100301063666 -2.6800637823521534
15640 11364079 1.169871646092826 -2.171170998166601 0.7239000000000001 2.4052100301063666 -2.6800637823521534
15641 11364079 1.1765080313479035 -2.150850225955972 0.7239000000000001 2.4052100301063666 -2.6800637823521534
15642 11364079 1.183144416602981 -2.1305294537453427 0.7239000000000001 2.4052100301063666 -2.6800637823521534
15643 11364079 1.1879708788768522 -2.115750709463524 0.7239000000000001 2.4052100301063666 -2.6800637823521534
15644 11364079 1.1927973411507231 -2.1009719651817056 0.7239000000000001 2.4052100301063666 -2.6800637823521534
15645 11364079 1.2017607714951473 -2.07352572450579 0.7239000000000001 2.4052100301063666 -2.6800637823521534
15646 11364079 1.2091702278607417 -2.054917685023525 0.7239000000000001 2.4052100301063666 -2.6800637823521534
15647 11364079 1.216579684226336 -2.03630964554126 0.7239000000000001 2.4052100301063666 -2.6800637823521534
15648 11364079 1.2241097894371058 -2.01733213144817 0.7239000000000001 2.4052100301063666 -2.6800637823521534
15649 11364079 1.2316398946478757 -1.9983546173550797 0.7239000000000001 2.4052100301063666 -2.6800637823521534
15650 11364079 1.2382762678531363 -1.9780338347503377 0.7239000000000001 2.4052100301063666 -2.6800637823521534
15651 11364079 1.2449126410583968 -1.9577130521455957 0.7239000000000001 2.4052100301063666 -2.6800637823521534
15652 11364079 1.249359873213319 -1.9440954879738717 0.7239000000000001 2.4052100301063666 -2.6800637823521534
15653 11364079 1.2538071053682414 -1.9304779238021477 0.7239000000000001 2.4052100301063666 -2.6800637823521534
15654 11364079 1.2616819332864146 -1.9104447724269285 0.7239000000000001 2.4052100301063666 -2.6800637823521534
15655 11364079 1.2695567612045877 -1.8904116210517092 0.7239000000000001 2.4052100301063666 -2.6800637823521534
15656 11364079 1.2785493685748137 -1.871035565660941 0.7239000000000001 2.4052100301063666 -2.6800637823521534
15657 11364079 1.2874782901136697 -1.8436948647095668 0.7239000000000001 2.4052100301063666 -2.6800637823521534
15658 11364079 1.2941318882697577 -1.823321291381306 0.7239000000000001 2.4052100301063666 -2.6800637823521534
15659 11364079 1.2997658381270014 -1.810149692293309 0.7239000000000001 2.4052100301063666 -2.6800637823521534
15660 11364079 1.3053997879842454 -1.7969780932053119 0.7239000000000001 2.4052100301063666 -2.6800637823521534
15661 11364079 1.3135702607169146 -1.771959762554931 0.73152 2.4052100301063666 -2.6800637823521534
15662 11364079 1.3190861919336758 -1.7550697494816205 0.7277100000000001 2.4052100301063666 -2.6800637823521534
15663 11364079 1.324602123150437 -1.7381797364083098 0.7239000000000001 2.4052100301063666 -2.6800637823521534
15664 11364079 1.3301034811548638 -1.717254628670219 0.7239000000000001 2.4052100301063666 -2.6800637823521534
15665 11364079 1.3356048391592905 -1.696329520932128 0.7239000000000001 2.4052100301063666 -2.6800637823521534
15666 11364079 1.3405745211316513 -1.6729527614327095 0.7239000000000001 2.4052100301063666 -2.6800637823521534
15667 11364079 1.3441307570454843 -1.6539040704331647 0.7239000000000001 2.4052100301063666 -2.6800637823521534
15668 11364079 1.3488219954251495 -1.6354596902592546 0.7239000000000001 2.4052100301063666 -2.6800637823521534
15669 11364079 1.3535132338048146 -1.6170153100853448 0.7239000000000001 2.4052100301063666 -2.6800637823521534
15670 11364079 1.3570350270900122 -1.5980721884997922 0.7239000000000001 2.4052100301063666 -2.6800637823521534
15671 11364079 1.362139985434214 -1.5783610624158442 0.7239000000000001 2.4052100301063666 -2.6800637823521534
15672 11364079 1.3672449437784158 -1.5586499363318962 0.7239000000000001 2.4052100301063666 -2.6800637823521534
15673 11364079 1.3708674979430022 -1.5434780020762364 0.7239000000000001 2.4052100301063666 -2.6800637823521534
15674 11364079 1.3744900521075887 -1.5283060678205764 0.7239000000000001 2.4052100301063666 -2.6800637823521534
15675 11364079 1.3793908900484229 -1.5051404557212928 0.7239000000000001 2.4052100301063666 -2.6800637823521534
15676 11364079 1.3821715425271919 -1.488466943192021 0.7239000000000001 2.4052100301063666 -2.6800637823521534
15677 11364079 1.384952195005961 -1.4717934306627491 0.7239000000000001 2.4052100301063666 -2.6800637823521534
15678 11364079 1.3911086962238834 -1.4488626597598953 0.7239000000000001 2.4052100301063666 -2.6800637823521534
15679 11364079 1.3972651974418058 -1.4259318888570411 0.7239000000000001 2.4052100301063666 -2.6800637823521534
15680 11364079 1.3990089939443107 -1.407809945844801 0.7239000000000001 2.4052100301063666 -2.6800637823521534
15681 11364079 1.4007527904468156 -1.3896880028325609 0.7239000000000001 2.4052100301063666 -2.6800637823521534
15682 11364079 1.404366842760684 -1.3701908875109094 0.7239000000000001 2.4052100301063666 -2.6800637823521534
15683 11364079 1.4059352946492782 -1.357093410380759 0.7239000000000001 2.4052100301063666 -2.6800637823521534
15684 11364079 1.4075037465378724 -1.3439959332506086 0.7239000000000001 2.4052100301063666 -2.6800637823521534
15685 11364079 1.4105033355173597 -1.3174056641306668 0.7239000000000001 2.4052100301063666 -2.6800637823521534
15686 11364079 1.410413711318284 -1.2972830724352349 0.7239000000000001 2.4052100301063666 -2.6800637823521534
15687 11364079 1.4103240871192084 -1.2771604807398032 0.7239000000000001 2.4052100301063666 -2.6800637823521534
15688 11364079 1.41136943231292 -1.257642192094097 0.7239000000000001 2.4052100301063666 -2.6800637823521534
15689 11364079 1.4116763740591973 -1.2363056472376788 0.7239000000000001 2.4052100301063666 -2.6800637823521534
15690 11364079 1.4119833158054744 -1.2149691023812605 0.7239000000000001 2.4052100301063666 -2.6800637823521534
15691 11364079 1.4112393721172873 -1.1960346461546891 0.7239000000000001 2.4052100301063666 -2.6800637823521534
15692 11364079 1.4104954284291003 -1.1771001899281177 0.7239000000000001 2.4052100301063666 -2.6800637823521534
15693 11364079 1.4120126051169097 -1.1637522991242588 0.7239000000000001 2.4052100301063666 -2.6800637823521534
15694 11364079 1.4135297818047192 -1.1504044083204 0.7239000000000001 2.4052100301063666 -2.6800637823521534
15695 11364079 1.4128282817913211 -1.119918427153986 0.7239000000000001 2.4052100301063666 -2.6800637823521534
15696 11364079 1.4139917003288622 -1.104118553443043 0.7239000000000001 2.4052100301063666 -2.6800637823521534
15697 11364079 1.415155118866403 -1.0883186797321 0.7239000000000001 2.4052100301063666 -2.6800637823521534
15698 11364079 1.4158904510166055 -1.0697504931600434 0.7277100000000001 2.4052100301063666 -2.6800637823521534
15699 11364079 1.4166257831668077 -1.051182306587987 0.73152 2.4052100301063666 -2.6800637823521534
15700 11364079 1.417287156193042 -1.0235946585734386 0.73152 2.4052100301063666 -2.6800637823521534
15701 11364079 1.417646411268856 -1.0099853932297738 0.73152 2.4052100301063666 -2.6800637823521534
15702 11364079 1.41800566634467 -0.9963761278861089 0.73152 2.4052100301063666 -2.6800637823521534
15703 11364079 1.4187993333349882 -0.9765419306544546 0.73152 2.4052100301063666 -2.6800637823521534
15704 11364079 1.4221205605654403 -0.9500566147812658 0.73152 2.4052100301063666 -2.6800637823521534
15705 11364079 1.4222757036859837 -0.9251073304262115 0.73152 2.4052100301063666 -2.6800637823521534
15706 11364079 1.425384388848959 -0.9074310774818275 0.73152 2.4052100301063666 -2.6800637823521534
15707 11364079 1.4284930740119344 -0.8897548245374435 0.73152 2.4052100301063666 -2.6800637823521534
15708 11364079 1.4297601550889367 -0.8736383044210818 0.73152 2.4052100301063666 -2.6800637823521534
15709 11364079 1.431027236165939 -0.85752178430472 0.73152 2.4052100301063666 -2.6800637823521534
15710 11364079 1.4342107228486158 -0.8314587476816785 0.73152 2.4052100301063666 -2.6800637823521534
15711 11364079 1.435124992450084 -0.8116639052459487 0.73152 2.4052100301063666 -2.6800637823521534
15712 11364079 1.4360392620515523 -0.7918690628102188 0.73152 2.4052100301063666 -2.6800637823521534
15713 11364079 1.438157370953666 -0.772467395876369 0.73152 2.4052100301063666 -2.6800637823521534
15714 11364079 1.4402754798557797 -0.7530657289425192 0.73152 2.4052100301063666 -2.6800637823521534
15715 11364079 1.4425597819694493 -0.7338351590862271 0.73152 2.4052100301063666 -2.6800637823521534
15716 11364079 1.4448440840831192 -0.714604589229935 0.73152 2.4052100301063666 -2.6800637823521534
15717 11364079 1.448780405420955 -0.6943948883099653 0.73152 2.4052100301063666 -2.6800637823521534
15718 11364079 1.4527167267587908 -0.6741851873899958 0.73152 2.4052100301063666 -2.6800637823521534
15719 11364079 1.454360310418047 -0.6609953499699747 0.73152 2.4052100301063666 -2.6800637823521534
15720 11364079 1.456003894077303 -0.6478055125499536 0.73152 2.4052100301063666 -2.6800637823521534
15721 11364079 1.4610090675681153 -0.6243234060515086 0.73152 2.4052100301063666 -2.6800637823521534
15722 11364079 1.4644642657187386 -0.6035476753283018 0.73152 2.4052100301063666 -2.6800637823521534
15723 11364079 1.4679194638693618 -0.5827719446050948 0.73152 2.4052100301063666 -2.6800637823521534
15724 11364079 1.471374662019985 -0.5619962138818879 0.73152 2.4052100301063666 -2.6800637823521534
15725 11364079 1.4748298601706082 -0.5412204831586811 0.73152 2.4052100301063666 -2.6800637823521534
15726 11364079 1.4789161117497776 -0.5200083323500739 0.7277100000000001 2.4052100301063666 -2.6800637823521534
15727 11364079 1.4830023633289469 -0.4987961815414669 0.7239000000000001 2.4052100301063666 -2.6800637823521534
15728 11364079 1.4853472044949994 -0.483323683707659 0.7239000000000001 2.4052100301063666 -2.6800637823521534
15729 11364079 1.4876920456610518 -0.4678511858738511 0.7239000000000001 2.4052100301063666 -2.6800637823521534
15730 11364079 1.4907038856332702 -0.4497927914448352 0.7239000000000001 2.4052100301063666 -2.6800637823521534
15731 11364079 1.4937157256054885 -0.4317343970158193 0.7239000000000001 2.4052100301063666 -2.6800637823521534
15732 11364079 1.49604381846162 -0.40013487779175794 0.7239000000000001 2.4052100301063666 -2.6800637823521534
15733 11364079 1.4984288547487994 -0.3846754992514478 0.7239000000000001 2.4052100301063666 -2.6800637823521534
15734 11364079 1.500813891035979 -0.36921612071113763 0.7239000000000001 2.4052100301063666 -2.6800637823521534
15735 11364079 1.504791002408837 -0.3407252886452613 0.7239000000000001 2.4052100301063666 -2.6800637823521534
15736 11364079 1.5072622756636007 -0.32500201435714987 0.7239000000000001 2.4052100301063666 -2.6800637823521534
15737 11364079 1.5097335489183643 -0.30927874006903844 0.7239000000000001 2.4052100301063666 -2.6800637823521534
15738 11364079 1.5154975345002408 -0.2834743395317946 0.7239000000000001 2.4052100301063666 -2.6800637823521534
15739 11364079 1.5178826466600184 -0.2680149764265356 0.7239000000000001 2.4052100301063666 -2.6800637823521534
15740 11364079 1.520267758819796 -0.25255561332127663 0.7239000000000001 2.4052100301063666 -2.6800637823521534
15741 11364079 1.5234520071698796 -0.2264927258256 0.7239000000000001 2.4052100301063666 -2.6800637823521534
15742 11364079 1.526966553748982 -0.21111019811643664 0.7239000000000001 2.4052100301063666 -2.6800637823521534
15743 11364079 1.5304811003280845 -0.19572767040727326 0.7239000000000001 2.4052100301063666 -2.6800637823521534
15744 11364079 1.5368545074691935 -0.1677858493528475 0.7239000000000001 2.4052100301063666 -2.6800637823521534
15745 11364079 1.5422707451213304 -0.14712489020177683 0.7239000000000001 2.4052100301063666 -2.6800637823521534
15746 11364079 1.5476869827734674 -0.1264639310507062 0.7239000000000001 2.4052100301063666 -2.6800637823521534
15747 11364079 1.5513886428061356 -0.10629435697382991 0.7239000000000001 2.4052100301063666 -2.6800637823521534
15748 11364079 1.5550903028388037 -0.08612478289695363 0.7239000000000001 2.4052100301063666 -2.6800637823521534
15749 11364079 1.5585960956302558 -0.06723469621720875 0.7239000000000001 2.4052100301063666 -2.6800637823521534
15750 11364079 1.562101888421708 -0.04834460953746386 0.7239000000000001 2.4052100301063666 -2.6800637823521534
15751 11364079 1.5670730560659094 -0.024968164678251054 0.73152 2.4052100301063666 -2.6800637823521534
15752 11364079 1.5713719065995242 -0.0036501731244711483 0.73152 2.4052100301063666 -2.6800637823521534
15753 11364079 1.575670757133139 0.017667818429308757 0.73152 2.4052100301063666 -2.6800637823521534
15754 11364079 1.5803975036343694 0.036217529593453035 0.7277100000000001 2.4052100301063666 -2.6800637823521534
15755 11364079 1.5851242501355995 0.05476724075759731 0.7239000000000001 2.4052100301063666 -2.6800637823521534
15756 11364079 1.5892679865942179 0.07561019696114099 0.7239000000000001 2.4052100301063666 -2.6800637823521534
15757 11364079 1.5955776631308942 0.09492793994898896 0.7239000000000001 2.4052100301063666 -2.6800637823521534
15758 11364079 1.6018873396675704 0.11424568293683693 0.7239000000000001 2.4052100301063666 -2.6800637823521534
15759 11364079 1.6074212366249934 0.13118829460468556 0.7239000000000001 2.4052100301063666 -2.6800637823521534
15760 11364079 1.6129551335824164 0.14813090627253422 0.7239000000000001 2.4052100301063666 -2.6800637823521534
15761 11364079 1.6196096018643478 0.16850426576329275 0.7239000000000001 2.4052100301063666 -2.6800637823521534
15762 11364079 1.6284707335450208 0.1956335589987156 0.7239000000000001 2.4052100301063666 -2.6800637823521534
15763 11364079 1.6351252023365905 0.21600692008772698 0.7239000000000001 2.4052100301063666 -2.6800637823521534
15764 11364079 1.6425382120051624 0.23870263444902692 0.7239000000000001 2.4052100301063666 -2.6800637823521534
15765 11364079 1.6499512216737342 0.26139834881032686 0.7239000000000001 2.4052100301063666 -2.6800637823521534
15766 11364079 1.6566056911706215 0.2817717121108538 0.7239000000000001 2.4052100301063666 -2.6800637823521534
15767 11364079 1.6632774005543771 0.30219785717764414 0.7239000000000001 2.4052100301063666 -2.6800637823521534
15768 11364079 1.6699491099381327 0.32262400224443444 0.7239000000000001 2.4052100301063666 -2.6800637823521534
15769 11364079 1.673917382438884 0.3388513499630389 0.7239000000000001 2.4052100301063666 -2.6800637823521534
15770 11364079 1.6778856549396355 0.35507869768164335 0.7239000000000001 2.4052100301063666 -2.6800637823521534
15771 11364079 1.6837502944171787 0.3771119236887841 0.7239000000000001 2.4052100301063666 -2.6800637823521534
15772 11364079 1.689614933894722 0.39914514969592485 0.7239000000000001 2.4052100301063666 -2.6800637823521534
15773 11364079 1.695476397259482 0.4170905992243017 0.7239000000000001 2.4052100301063666 -2.6800637823521534
15774 11364079 1.7028204663005981 0.43957519261859435 0.7239000000000001 2.4052100301063666 -2.6800637823521534
15775 11364079 1.7071508025683804 0.45691092959869756 0.7239000000000001 2.4052100301063666 -2.6800637823521534
15776 11364079 1.7114811388361626 0.47424666657880077 0.7239000000000001 2.4052100301063666 -2.6800637823521534
15777 11364079 1.7185978969522806 0.4919573407596532 0.7239000000000001 2.4052100301063666 -2.6800637823521534
15778 11364079 1.7257146550683986 0.5096680149405056 0.7239000000000001 2.4052100301063666 -2.6800637823521534
15779 11364079 1.7332311212227802 0.5326804192194746 0.7239000000000001 2.4052100301063666 -2.6800637823521534
15780 11364079 1.7422754846294104 0.552214778940284 0.7200900000000001 2.4052100301063666 -2.6800637823521534
15781 11364079 1.7513198480360406 0.5717491386610934 0.7162800000000001 2.4052100301063666 -2.6800637823521534
15782 11364079 1.7642711408344798 0.5950892114118641 0.7162800000000001 2.4052100301063666 -2.6800637823521534
15783 11364079 1.7738121850150446 0.6120664725089343 0.7162800000000001 2.4052100301063666 -2.6800637823521534
15784 11364079 1.7833532291956096 0.6290437336060045 0.7162800000000001 2.4052100301063666 -2.6800637823521534
15785 11364079 1.7954016929084053 0.6489403624742143 0.7162800000000001 2.4052100301063666 -2.6800637823521534
15786 11364079 1.8074501566212011 0.668836991342424 0.7162800000000001 2.4052100301063666 -2.6800637823521534
15787 11364079 1.8194985617807466 0.6887336489367083 0.7162800000000001 2.4052100301063666 -2.6800637823521534
15788 11364079 1.831546966940292 0.7086303065309926 0.7162800000000001 2.4052100301063666 -2.6800637823521534
15789 11364079 1.8493466575912572 0.7305036507346647 0.7162800000000001 2.4052100301063666 -2.6800637823521534
15790 11364079 1.858936038488308 0.7435515772502173 0.7162800000000001 2.4052100301063666 -2.6800637823521534
15791 11364079 1.8685254193853589 0.7565995037657699 0.7162800000000001 2.4052100301063666 -2.6800637823521534
15792 11364079 1.8909041492544576 0.7843371407408563 0.7162800000000001 2.4052100301063666 -2.6800637823521534
15793 11364079 1.9091160774756346 0.8058422475958599 0.7162800000000001 2.4052100301063666 -2.6800637823521534
15794 11364079 1.9213073160074288 0.8181572241388928 0.7162800000000001 2.4052100301063666 -2.6800637823521534
15795 11364079 1.9334985545392231 0.8304722006819256 0.7162800000000001 2.4052100301063666 -2.6800637823521534
15796 11364079 1.9553878931778532 0.848556636448631 0.7162800000000001 2.4052100301063666 -2.6800637823521534
15797 11364079 1.9742946546906295 0.8645778475440669 0.7162800000000001 2.4052100301063666 -2.6800637823521534
15798 11364079 1.9979382904726268 0.8831408072014626 0.7162800000000001 2.4052100301063666 -2.6800637823521534
15799 11364079 2.021581926254624 0.9017037668588584 0.7162800000000001 2.4052100301063666 -2.6800637823521534
15800 11364079 2.0411688280003473 0.9154585528059583 0.7162800000000001 2.4052100301063666 -2.6800637823521534
15801 11364079 2.06075572974607 0.9292133387530582 0.7162800000000001 2.4052100301063666 -2.6800637823521534
15802 11364079 2.0760691195100867 0.9393989427911614 0.7162800000000001 2.4052100301063666 -2.6800637823521534
15803 11364079 2.091382509274103 0.9495845468292646 0.7162800000000001 2.4052100301063666 -2.6800637823521534
15804 11364079 2.114065685512285 0.9646646694180487 0.7124700000000002 2.4052100301063666 -2.6800637823521534
15805 11364079 2.1367488617504664 0.9797447920068328 0.7086600000000001 2.4052100301063666 -2.6800637823521534
15806 11364079 2.1673752770578423 1.0001163055770033 0.7086600000000001 2.4052100301063666 -2.6800637823521534
15807 11364079 2.183399847629189 1.0111211781158516 0.7086600000000001 2.4052100301063666 -2.6800637823521534
15808 11364079 2.199424418200536 1.0221260506546999 0.7086600000000001 2.4052100301063666 -2.6800637823521534
15809 11364079 2.2235818286771636 1.039002918236508 0.7086600000000001 2.4052100301063666 -2.6800637823521534
15810 11364079 2.2467957955826643 1.0516318907478344 0.7086600000000001 2.4052100301063666 -2.6800637823521534
15811 11364079 2.269312317609851 1.066883543178562 0.7124700000000002 2.4052100301063666 -2.6800637823521534
15812 11364079 2.291828839637038 1.0821351956092893 0.7162800000000001 2.4052100301063666 -2.6800637823521534
15813 11364079 2.3075083584686924 1.0920846956055892 0.7162800000000001 2.4052100301063666 -2.6800637823521534
15814 11364079 2.323187877300347 1.102034195601889 0.7162800000000001 2.4052100301063666 -2.6800637823521534
15815 11364079 2.354433924178476 1.1243066024097386 0.7162800000000001 2.4052100301063666 -2.6800637823521534
15816 11364079 2.372638632129677 1.1384548637033465 0.7162800000000001 2.4052100301063666 -2.6800637823521534
15817 11364079 2.3908433400808775 1.1526031249969546 0.7162800000000001 2.4052100301063666 -2.6800637823521534
15818 11364079 2.408209305727595 1.164455268684618 0.7162800000000001 2.4052100301063666 -2.6800637823521534
15819 11364079 2.4255752713743126 1.1763074123722812 0.7162800000000001 2.4052100301063666 -2.6800637823521534
15820 11364079 2.449321200457179 1.1910216476009492 0.7162800000000001 2.4052100301063666 -2.6800637823521534
15821 11364079 2.4730671295400453 1.2057358828296172 0.7162800000000001 2.4052100301063666 -2.6800637823521534
15822 11364079 2.496813058622912 1.2204501180582852 0.7162800000000001 2.4052100301063666 -2.6800637823521534
15823 11364079 2.5163640072963593 1.234100557276508 0.7162800000000001 2.4052100301063666 -2.6800637823521534
15824 11364079 2.535914955969807 1.2477509964947309 0.7162800000000001 2.4052100301063666 -2.6800637823521534
15825 11364079 2.560929145356189 1.2623628068622312 0.7162800000000001 2.4052100301063666 -2.6800637823521534
15826 11364079 2.585943334742571 1.2769746172297316 0.7162800000000001 2.4052100301063666 -2.6800637823521534
15827 11364079 2.6067497565583433 1.2912082123529502 0.7200900000000001 2.4052100301063666 -2.6800637823521534
15828 11364079 2.6275561783741157 1.305441807476169 0.7239000000000001 2.4052100301063666 -2.6800637823521534
15829 11364079 2.6540486586714858 1.3196878936016836 0.7239000000000001 2.4052100301063666 -2.6800637823521534
15830 11364079 2.6761789302471852 1.3338981999911899 0.7239000000000001 2.4052100301063666 -2.6800637823521534
15831 11364079 2.6983092018228847 1.3481085063806963 0.7239000000000001 2.4052100301063666 -2.6800637823521534
15832 11364079 2.7111987312085315 1.3535957971810035 0.7239000000000001 2.4052100301063666 -2.6800637823521534
15833 11364079 2.7339115670815155 1.3678691203983864 0.7239000000000001 2.4052100301063666 -2.6800637823521534
15834 11364079 2.756624402954499 1.3821424436157692 0.7239000000000001 2.4052100301063666 -2.6800637823521534
15835 11364079 2.779337238827483 1.396415766833152 0.7239000000000001 2.4052100301063666 -2.6800637823521534
15836 11364079 2.8040659251413453 1.4136913192985774 0.7239000000000001 2.4052100301063666 -2.6800637823521534
15837 11364079 2.821875883311164 1.4228290427379475 0.7239000000000001 2.4052100301063666 -2.6800637823521534
15838 11364079 2.839685841480983 1.4319667661773174 0.7239000000000001 2.4052100301063666 -2.6800637823521534
15839 11364079 2.8738519851332613 1.4534038412905683 0.7239000000000001 2.4052100301063666 -2.6800637823521534
15840 11364079 2.8893066620322063 1.4634859109256741 0.7239000000000001 2.4052100301063666 -2.6800637823521534
15841 11364079 2.9047613389311513 1.47356798056078 0.7239000000000001 2.4052100301063666 -2.6800637823521534
15842 11364079 2.9249748519747287 1.485717724148218 0.7239000000000001 2.4052100301063666 -2.6800637823521534
15843 11364079 2.945188365018306 1.497867467735656 0.7239000000000001 2.4052100301063666 -2.6800637823521534
15844 11364079 2.976832476614896 1.5200114541677712 0.7239000000000001 2.4052100301063666 -2.6800637823521534
15845 11364079 2.9923442538015625 1.530133419627052 0.7239000000000001 2.4052100301063666 -2.6800637823521534
15846 11364079 3.007856030988229 1.5402553850863328 0.7239000000000001 2.4052100301063666 -2.6800637823521534
15847 11364079 3.033321880997864 1.5557136875031237 0.7239000000000001 2.4052100301063666 -2.6800637823521534
15848 11364079 3.0587877310074987 1.5711719899199144 0.7239000000000001 2.4052100301063666 -2.6800637823521534
15849 11364079 3.074443405278288 1.5824152657886486 0.7200900000000001 2.4052100301063666 -2.6800637823521534
15850 11364079 3.090099079549077 1.5936585416573827 0.7162800000000001 2.4052100301063666 -2.6800637823521534
15851 11364079 3.1174965880735455 1.6095961176535674 0.7162800000000001 2.4052100301063666 -2.6800637823521534
15852 11364079 3.141684979012293 1.626581461197236 0.7162800000000001 2.4052100301063666 -2.6800637823521534
15853 11364079 3.1610907371451704 1.640338721868631 0.7162800000000001 2.4052100301063666 -2.6800637823521534
15854 11364079 3.1804964952780477 1.6540959825400259 0.7162800000000001 2.4052100301063666 -2.6800637823521534
15855 11364079 3.1966569553632698 1.6663427917232383 0.7162800000000001 2.4052100301063666 -2.6800637823521534
15856 11364079 3.212817415448492 1.6785896009064507 0.7162800000000001 2.4052100301063666 -2.6800637823521534
15857 11364079 3.2412494785940433 1.6993297006608883 0.7162800000000001 2.4052100301063666 -2.6800637823521534
15858 11364079 3.2555801316098325 1.7097791796175403 0.7162800000000001 2.4052100301063666 -2.6800637823521534
15859 11364079 3.2699107846256217 1.7202286585741924 0.7162800000000001 2.4052100301063666 -2.6800637823521534
15860 11364079 3.2862236152072413 1.737565812397215 0.7162800000000001 2.4052100301063666 -2.6800637823521534
15861 11364079 3.304805252993548 1.753695034689427 0.7162800000000001 2.4052100301063666 -2.6800637823521534
15862 11364079 3.3353035166509484 1.7791344190281018 0.7162800000000001 2.4052100301063666 -2.6800637823521534
15863 11364079 3.353660953789587 1.7945775919970701 0.7162800000000001 2.4052100301063666 -2.6800637823521534
15864 11364079 3.3720183909282255 1.8100207649660385 0.7162800000000001 2.4052100301063666 -2.6800637823521534
15865 11364079 3.3838731125867896 1.8210450137482765 0.7162800000000001 2.4052100301063666 -2.6800637823521534
15866 11364079 3.3957278342453536 1.8320692625305146 0.7162800000000001 2.4052100301063666 -2.6800637823521534
15867 11364079 3.4218212562147263 1.8538068207819036 0.7162800000000001 2.4052100301063666 -2.6800637823521534
15868 11364079 3.4428435800719193 1.8692562806980706 0.7162800000000001 2.4052100301063666 -2.6800637823521534
15869 11364079 3.4596747532583896 1.8827446650003719 0.7162800000000001 2.4052100301063666 -2.6800637823521534
15870 11364079 3.47650592644486 1.896233049302673 0.7162800000000001 2.4052100301063666 -2.6800637823521534
15871 11364079 3.4966865387432287 1.9131839585137695 0.7162800000000001 2.4052100301063666 -2.6800637823521534
15872 11364079 3.5168671510415974 1.9301348677248662 0.7162800000000001 2.4052100301063666 -2.6800637823521534
15873 11364079 3.5344217888034404 1.945840335055796 0.7162800000000001 2.4052100301063666 -2.6800637823521534
15874 11364079 3.5519764265652833 1.9615458023867256 0.7162800000000001 2.4052100301063666 -2.6800637823521534
15875 11364079 3.567461335420661 1.9763498987264012 0.7162800000000001 2.4052100301063666 -2.6800637823521534
15876 11364079 3.5837387697621326 1.9935821024667082 0.7162800000000001 2.4052100301063666 -2.6800637823521534
15877 11364079 3.6000162041036043 2.010814306207015 0.7162800000000001 2.4052100301063666 -2.6800637823521534
15878 11364079 3.613320334122954 2.0216576487766638 0.7162800000000001 2.4052100301063666 -2.6800637823521534
15879 11364079 3.6266244641423038 2.032500991346313 0.7162800000000001 2.4052100301063666 -2.6800637823521534
15880 11364079 3.6460320146321283 2.0511646479125045 0.7162800000000001 2.4052100301063666 -2.6800637823521534
15881 11364079 3.666415353530663 2.0721381958600213 0.7162800000000001 2.4052100301063666 -2.6800637823521534
15882 11364079 3.686798692429198 2.0931117438075386 0.7162800000000001 2.4052100301063666 -2.6800637823521534
15883 11364079 3.703373501167267 2.109896537609541 0.7162800000000001 2.4052100301063666 -2.6800637823521534
15884 11364079 3.7189268675327427 2.1249120756017943 0.7162800000000001 2.4052100301063666 -2.6800637823521534
15885 11364079 3.7344802338982186 2.1399276135940473 0.7162800000000001 2.4052100301063666 -2.6800637823521534
15886 11364079 3.754645491487924 2.160914034293693 0.7162800000000001 2.4052100301063666 -2.6800637823521534
15887 11364079 3.769792797062478 2.177405552626068 0.7162800000000001 2.4052100301063666 -2.6800637823521534
15888 11364079 3.784940102637032 2.193897070958443 0.7162800000000001 2.4052100301063666 -2.6800637823521534
15889 11364079 3.8019060585150353 2.2132410620898675 0.7162800000000001 2.4052100301063666 -2.6800637823521534
15890 11364079 3.82156516241988 2.2319980538127617 0.7162800000000001 2.4052100301063666 -2.6800637823521534
15891 11364079 3.8412242663247245 2.250755045535656 0.7162800000000001 2.4052100301063666 -2.6800637823521534
15892 11364079 3.8534341212859564 2.263007120484426 0.7162800000000001 2.4052100301063666 -2.6800637823521534
15893 11364079 3.8656439762471884 2.275259195433196 0.7162800000000001 2.4052100301063666 -2.6800637823521534
15894 11364079 3.89355069990569 2.3036483014414535 0.7162800000000001 2.4052100301063666 -2.6800637823521534
15895 11364079 3.9092868212238376 2.318545961892168 0.7162800000000001 2.4052100301063666 -2.6800637823521534
15896 11364079 3.925022942541985 2.3334436223428825 0.7162800000000001 2.4052100301063666 -2.6800637823521534
15897 11364079 3.9417348296430914 2.350651175899621 0.7162800000000001 2.4052100301063666 -2.6800637823521534
15898 11364079 3.958080036781058 2.368095244593796 0.7162800000000001 2.4052100301063666 -2.6800637823521534
15899 11364079 3.9764435264862086 2.3871000824188977 0.7162800000000001 2.4052100301063666 -2.6800637823521534
15900 11364079 3.994807016191359 2.4061049202439997 0.7162800000000001 2.4052100301063666 -2.6800637823521534
15901 11364079 4.006729283696886 2.4173412259898996 0.7162800000000001 2.4052100301063666 -2.6800637823521534
15902 11364079 4.018651551202413 2.4285775317357996 0.7162800000000001 2.4052100301063666 -2.6800637823521534
15903 11364079 4.040262886964732 2.453998563983507 0.7162800000000001 2.4052100301063666 -2.6800637823521534
15904 11364079 4.059668921008759 2.4726632085871407 0.7162800000000001 2.4052100301063666 -2.6800637823521534
15905 11364079 4.078855749911835 2.4892967441731533 0.7162800000000001 2.4052100301063666 -2.6800637823521534
15906 11364079 4.094094445292985 2.5067516512232615 0.7162800000000001 2.4052100301063666 -2.6800637823521534
15907 11364079 4.109333140674134 2.5242065582733693 0.7162800000000001 2.4052100301063666 -2.6800637823521534
15908 11364079 4.1236648659286175 2.5395627931182734 0.7124700000000002 2.4052100301063666 -2.6800637823521534
15909 11364079 4.137996591183101 2.5549190279631775 0.7086600000000001 2.4052100301063666 -2.6800637823521534
15910 11364079 4.152568879433179 2.5701967723208856 0.7086600000000001 2.4052100301063666 -2.6800637823521534
15911 11364079 4.167141167683258 2.5854745166785933 0.7086600000000001 2.4052100301063666 -2.6800637823521534
15912 11364079 4.185253641056043 2.6072482441936136 0.7086600000000001 2.4052100301063666 -2.6800637823521534
15913 11364079 4.202907372930439 2.62870444892423 0.7086600000000001 2.4052100301063666 -2.6800637823521534
15914 11364079 4.215294853646473 2.6421837805966213 0.7086600000000001 2.4052100301063666 -2.6800637823521534
15915 11364079 4.227682334362506 2.655663112269013 0.7086600000000001 2.4052100301063666 -2.6800637823521534
15916 11364079 4.249153870659926 2.679027346825387 0.7086600000000001 2.4052100301063666 -2.6800637823521534
15917 11364079 4.2632402917315 2.696624823799893 0.7086600000000001 2.4052100301063666 -2.6800637823521534
15918 11364079 4.279584452021892 2.714069542688376 0.7086600000000001 2.4052100301063666 -2.6800637823521534
15919 11364079 4.295928612312284 2.7315142615768586 0.7086600000000001 2.4052100301063666 -2.6800637823521534
15920 11364079 4.310064123538826 2.745591314321949 0.7086600000000001 2.4052100301063666 -2.6800637823521534
15921 11364079 4.324199634765367 2.759668367067039 0.7086600000000001 2.4052100301063666 -2.6800637823521534
15922 11364079 4.344798115383243 2.780630912204313 0.7086600000000001 2.4052100301063666 -2.6800637823521534
15923 11364079 4.356033758392654 2.794661476914092 0.7086600000000001 2.4052100301063666 -2.6800637823521534
15924 11364079 4.367269401402064 2.808692041623871 0.7086600000000001 2.4052100301063666 -2.6800637823521534
15925 11364079 4.383296958192985 2.8244879653362824 0.7086600000000001 2.4052100301063666 -2.6800637823521534
15926 11364079 4.399324514983906 2.840283889048694 0.7086600000000001 2.4052100301063666 -2.6800637823521534
15927 11364079 4.422363484371614 2.860566879119417 0.7086600000000001 2.4052100301063666 -2.6800637823521534
15928 11364079 4.43404415045305 2.8718823411955543 0.7086600000000001 2.4052100301063666 -2.6800637823521534
15929 11364079 4.4457248165344865 2.8831978032716914 0.7086600000000001 2.4052100301063666 -2.6800637823521534
15930 11364079 4.46864295979627 2.9031114633770247 0.7086600000000001 2.4052100301063666 -2.6800637823521534
15931 11364079 4.491561103058054 2.9230251234823585 0.7086600000000001 2.4052100301063666 -2.6800637823521534
15932 11364079 4.504065797037036 2.932786766376653 0.7086600000000001 2.4052100301063666 -2.6800637823521534
15933 11364079 4.51657049101602 2.9425484092709477 0.7086600000000001 2.4052100301063666 -2.6800637823521534
15934 11364079 4.541073763596629 2.9594333699452027 0.7086600000000001 2.4052100301063666 -2.6800637823521534
15935 11364079 4.55541832496586 2.969938001773281 0.7048500000000001 2.4052100301063666 -2.6800637823521534
15936 11364079 4.569762886335091 2.980442633601359 0.7010400000000001 2.4052100301063666 -2.6800637823521534
15937 11364079 4.595529879340667 3.002288737111568 0.7010400000000001 2.4052100301063666 -2.6800637823521534
15938 11364079 4.617775667496216 3.0201441629729318 0.7010400000000001 2.4052100301063666 -2.6800637823521534
15939 11364079 4.642324290653664 3.036897700077893 0.7010400000000001 2.4052100301063666 -2.6800637823521534
15940 11364079 4.658681862666178 3.0503083568113882 0.7010400000000001 2.4052100301063666 -2.6800637823521534
15941 11364079 4.675039434678692 3.0637190135448833 0.7010400000000001 2.4052100301063666 -2.6800637823521534
15942 11364079 4.695240740448683 3.079730285713987 0.7010400000000001 2.4052100301063666 -2.6800637823521534
15943 11364079 4.715442046218674 3.095741557883091 0.7010400000000001 2.4052100301063666 -2.6800637823521534
15944 11364079 4.7356433519886645 3.111752830052195 0.7010400000000001 2.4052100301063666 -2.6800637823521534
15945 11364079 4.755844657758655 3.127764102221299 0.7010400000000001 2.4052100301063666 -2.6800637823521534
15946 11364079 4.776441491845808 3.148727756524911 0.7010400000000001 2.4052100301063666 -2.6800637823521534
15947 11364079 4.794363538899732 3.1628545869860525 0.7010400000000001 2.4052100301063666 -2.6800637823521534
15948 11364079 4.792603628689337 3.1643735626368605 0.7010400000000001 2.4052100301063666 -2.6800637823521534
15949 11364079 4.790843718478942 3.165892538287669 0.7010400000000001 2.4052100301063666 -2.6800637823521534
15950 11364079 4.789083808268547 3.167411513938477 0.7010400000000001 2.4052100301063666 -2.6800637823521534
15951 11364079 4.787323898058152 3.1689304895892856 0.7010400000000001 2.4052100301063666 -2.6800637823521534
15952 11364079 4.785563987847757 3.1704494652400936 0.7010400000000001 2.4052100301063666 -2.6800637823521534
15953 11364079 4.783804077637362 3.171968440890902 0.7010400000000001 2.4052100301063666 -2.6800637823521534
15954 11364079 4.782044167426967 3.17348741654171 0.7010400000000001 2.4052100301063666 -2.6800637823521534
15955 11364079 4.7802842572165725 3.1750063921925182 0.7010400000000001 2.4052100301063666 -2.6800637823521534
15956 11364079 4.778524347006178 3.1765253678433267 0.7010400000000001 2.4052100301063666 -2.6800637823521534
15957 11364079 4.776764436795783 3.178044343494135 0.7010400000000001 2.4052100301063666 -2.6800637823521534
15958 11364079 4.775004526585388 3.1795633191449433 0.7010400000000001 2.4052100301063666 -2.6800637823521534
15959 11364079 4.773244616374993 3.1810822947957513 0.7010400000000001 2.4052100301063666 -2.6800637823521534
15960 11364079 4.771484706164598 3.1826012704465594 0.7010400000000001 2.4052100301063666 -2.6800637823521534
15961 11364079 4.769724795954203 3.184120246097368 0.7010400000000001 2.4052100301063666 -2.6800637823521534
15962 11364079 4.767964885743808 3.185639221748176 0.7010400000000001 2.4052100301063666 -2.6800637823521534
15963 11364079 4.766204975533412 3.1871581973989844 0.7010400000000001 2.4052100301063666 -2.6800637823521534
15964 11364079 4.7644450653230175 3.1886771730497925 0.7010400000000001 2.4052100301063666 -2.6800637823521534
15965 11364079 4.762685155112623 3.190196148700601 0.7010400000000001 2.4052100301063666 -2.6800637823521534
15966 11364079 4.760925244902228 3.191715124351409 0.7010400000000001 2.4052100301063666 -2.6800637823521534
15967 11364079 4.759165334691833 3.193234100002217 0.7010400000000001 2.4052100301063666 -2.6800637823521534
15968 11364079 4.757405424481438 3.1947530756530256 0.7010400000000001 2.4052100301063666 -2.6800637823521534
15969 11364079 4.755645514271043 3.1962720513038336 0.7010400000000001 2.4052100301063666 -2.6800637823521534
15970 11364079 4.753885604060648 3.197791026954642 0.7010400000000001 2.4052100301063666 -2.6800637823521534
15971 11364079 4.752125693850253 3.19931000260545 0.7010400000000001 2.4052100301063666 -2.6800637823521534
15972 11364079 4.750365783639858 3.2008289782562582 0.7010400000000001 2.4052100301063666 -2.6800637823521534
15973 11364079 4.748605873429463 3.2023479539070667 0.7010400000000001 2.4052100301063666 -2.6800637823521534
15974 11364079 4.7468459632190685 3.2038669295578748 0.7010400000000001 2.4052100301063666 -2.6800637823521534
15975 11364079 4.745086053008674 3.2053859052086833 0.7010400000000001 2.4052100301063666 -2.6800637823521534
15976 11364079 4.743326142798279 3.2069048808594913 0.7010400000000001 2.4052100301063666 -2.6800637823521534
15977 11364079 4.741566232587884 3.2084238565103 0.7010400000000001 2.4052100301063666 -2.6800637823521534
15978 11364079 4.739806322377489 3.209942832161108 0.7010400000000001 2.4052100301063666 -2.6800637823521534
15979 11364079 4.738046412167094 3.211461807811916 0.7010400000000001 2.4052100301063666 -2.6800637823521534
15980 11364079 4.736286501956699 3.2129807834627244 0.7010400000000001 2.4052100301063666 -2.6800637823521534
15981 11364079 4.734526591746304 3.2144997591135325 0.7010400000000001 2.4052100301063666 -2.6800637823521534
15982 11364079 4.732766681535909 3.216018734764341 0.7010400000000001 2.4052100301063666 -2.6800637823521534
15983 11364079 4.731006771325514 3.217537710415149 0.7010400000000001 2.4052100301063666 -2.6800637823521534
15984 11364079 4.7292468611151195 3.219056686065957 0.7010400000000001 2.4052100301063666 -2.6800637823521534
15985 11364079 4.727486950904725 3.2205756617167656 0.7010400000000001 2.4052100301063666 -2.6800637823521534
15986 11364079 4.72572704069433 3.2220946373675736 0.7010400000000001 2.4052100301063666 -2.6800637823521534
15987 11364079 4.723967130483935 3.223613613018382 0.7010400000000001 2.4052100301063666 -2.6800637823521534
15988 11364079 4.72220722027354 3.22513258866919 0.7010400000000001 2.4052100301063666 -2.6800637823521534
15989 11364079 4.720447310063145 3.2266515643199987 0.7010400000000001 2.4052100301063666 -2.6800637823521534
15990 11364079 4.71868739985275 3.2281705399708067 0.7010400000000001 2.4052100301063666 -2.6800637823521534
15991 11364079 4.716927489642355 3.2296895156216148 0.7010400000000001 2.4052100301063666 -2.6800637823521534
15992 11364079 4.715167579431959 3.2312084912724233 0.7010400000000001 2.4052100301063666 -2.6800637823521534
15993 11364079 4.7134076692215645 3.2327274669232313 0.7010400000000001 2.4052100301063666 -2.6800637823521534
15994 11364079 4.71164775901117 3.23424644257404 0.7010400000000001 2.4052100301063666 -2.6800637823521534
15995 11364079 4.709887848800775 3.235765418224848 0.7010400000000001 2.4052100301063666 -2.6800637823521534
15996 11364079 4.70812793859038 3.237284393875656 0.7010400000000001 2.4052100301063666 -2.6800637823521534
15997 11364079 4.706368028379985 3.2388033695264644 0.7010400000000001 2.4052100301063666 -2.6800637823521534
15998 11364079 4.70460811816959 3.2403223451772725 0.7010400000000001 2.4052100301063666 -2.6800637823521534
15999 11364079 4.702848207959195 3.241841320828081 0.7010400000000001 2.4052100301063666 -2.6800637823521534
16000 11364079 4.7010882977488 3.243360296478889 0.7010400000000001 2.4052100301063666 -2.6800637823521534
16001 11364079 4.699328387538405 3.2448792721296975 0.7010400000000001 2.4052100301063666 -2.6800637823521534
16002 11364079 4.69756847732801 3.2463982477805056 0.7010400000000001 2.4052100301063666 -2.6800637823521534
16003 11364079 4.6958085671176155 3.2479172234313136 0.7010400000000001 2.4052100301063666 -2.6800637823521534
16004 11364079 4.694048656907221 3.249436199082122 0.7010400000000001 2.4052100301063666 -2.6800637823521534
16005 11364079 4.692288746696826 3.25095517473293 0.7010400000000001 2.4052100301063666 -2.6800637823521534
16006 11364079 4.690528836486431 3.2524741503837387 0.7010400000000001 2.4052100301063666 -2.6800637823521534
16007 11364079 4.688768926276036 3.2539931260345467 0.7010400000000001 2.4052100301063666 -2.6800637823521534
