39956 11038509 1.0729964702596333 0.001261600755354054 0.37084 0.36214911544938283 2.5465782646875845
39957 11038509 1.0373123541410785 0.0007699187024357891 0.37592 0.36214911544938283 2.5465782646875845
39958 11038509 1.0016282380225234 0.00027823664951752425 0.381 0.36214911544938283 2.5465782646875845
39959 11038509 0.9659441219039685 -0.0002134454034007408 0.38608000000000003 0.36214911544938283 2.5465782646875845
39960 11038509 0.9302600057854136 -0.0007051274563190059 0.39116 0.36214911544938283 2.5465782646875845
39961 11038509 0.8945758896668585 -0.0011968095092372705 0.39624000000000004 0.36214911544938283 2.5465782646875845
39962 11038509 0.858913403246103 -0.0029800043863684317 0.40005 0.36214911544938283 2.5465782646875845
39963 11038509 0.8232509168253473 -0.004763199263499593 0.40386 0.36214911544938283 2.5465782646875845
39964 11038509 0.7904566710257583 -0.004562640558975525 0.41148 0.36214911544938283 2.5465782646875845
39965 11038509 0.7583613540556888 -0.0049407926004671615 0.41148 0.36214911544938283 2.5465782646875845
39966 11038509 0.7223146670043713 -0.006539427308975186 0.41529000000000005 0.36214911544938283 2.5465782646875845
39967 11038509 0.6862679799530538 -0.00813806201748321 0.41910000000000003 0.36214911544938283 2.5465782646875845
39968 11038509 0.6373740713642823 -0.008283991427225329 0.42672000000000004 0.36214911544938283 2.5465782646875845
39969 11038509 0.610196655165739 -0.009918016438472385 0.42672000000000004 0.36214911544938283 2.5465782646875845
39970 11038509 0.5752223245690318 -0.01095116616104222 0.42926000000000003 0.36214911544938283 2.5465782646875845
39971 11038509 0.5402479939723245 -0.011984315883612054 0.4318000000000001 0.36214911544938283 2.5465782646875845
39972 11038509 0.5052736633756173 -0.013017465606181888 0.43434000000000006 0.36214911544938283 2.5465782646875845
39973 11038509 0.4847951544023108 -0.011816485416797348 0.44196 0.36214911544938283 2.5465782646875845
39974 11038509 0.43669818938886934 -0.017946189964635692 0.44196 0.36214911544938283 2.5465782646875845
39975 11038509 0.39853833300667596 -0.016224244234489926 0.44196 0.36214911544938283 2.5465782646875845
39976 11038509 0.358848653646359 -0.01972678606778855 0.44958000000000004 0.36214911544938283 2.5465782646875845
39977 11038509 0.3009233602194611 -0.026849679101711765 0.45720000000000005 0.36214911544938283 2.5465782646875845
39978 11038509 0.2668625303214279 -0.03160716724989515 0.46482000000000007 0.36214911544938283 2.5465782646875845
39979 11038509 0.2488699008557811 -0.03285359129252338 0.47243999999999997 0.36214911544938283 2.5465782646875845
39980 11038509 0.20757049002170358 -0.04073617759414552 0.48006 0.36214911544938283 2.5465782646875845
39981 11038509 0.1714290777704991 -0.050771637299373396 0.48768 0.36214911544938283 2.5465782646875845
39982 11038509 0.13852282868783894 -0.059060373190070764 0.48768 0.36214911544938283 2.5465782646875845
39983 11038509 0.0983779302940283 -0.0704741969384367 0.4953 0.36214911544938283 2.5465782646875845
39984 11038509 0.08271437595868597 -0.07627845807722207 0.49911000000000005 0.36214911544938283 2.5465782646875845
39985 11038509 0.06705082162334364 -0.08208271921600743 0.50292 0.36214911544938283 2.5465782646875845
39986 11038509 0.013730426704819831 -0.09304535641683581 0.50292 0.36214911544938283 2.5465782646875845
39987 11038509 -0.02234265254167611 -0.10286873999854934 0.50292 0.36214911544938283 2.5465782646875845
39988 11038509 -0.0789499593273908 -0.12116833555602716 0.50292 0.36214911544938283 2.5465782646875845
39989 11038509 -0.1176032292775463 -0.13073216294330256 0.50292 0.36214911544938283 2.5465782646875845
39990 11038509 -0.1522203308259038 -0.14044679158181358 0.50292 0.36214911544938283 2.5465782646875845
39991 11038509 -0.19060407298868642 -0.15570632044057678 0.50292 0.36214911544938283 2.5465782646875845
39992 11038509 -0.2327692122294247 -0.1678603624656154 0.51054 0.36214911544938283 2.5465782646875845
39993 11038509 -0.27477089399914045 -0.17679635721652961 0.51054 0.36214911544938283 2.5465782646875845
39994 11038509 -0.32236331777798477 -0.19196603296274287 0.51054 0.36214911544938283 2.5465782646875845
39995 11038509 -0.34171405936340926 -0.19749897085909315 0.5143500000000001 0.36214911544938283 2.5465782646875845
39996 11038509 -0.36106480094883375 -0.20303190875544344 0.5181600000000001 0.36214911544938283 2.5465782646875845
39997 11038509 -0.4255911868821811 -0.2143011416380501 0.52578 0.36214911544938283 2.5465782646875845
39998 11038509 -0.46164010690620794 -0.22132674629864965 0.5334 0.36214911544938283 2.5465782646875845
39999 11038509 -0.49761129269176085 -0.2308311043955801 0.54102 0.36214911544938283 2.5465782646875845
40000 11038509 -0.5317320977626161 -0.23603325356984825 0.54864 0.36214911544938283 2.5465782646875845
40001 11038509 -0.5733079128401064 -0.24230308412205978 0.56388 0.36214911544938283 2.5465782646875845
40002 11038509 -0.6241203393085619 -0.2537313710630158 0.56388 0.36214911544938283 2.5465782646875845
40003 11038509 -0.6448112827391768 -0.2572482917175589 0.56388 0.36214911544938283 2.5465782646875845
40004 11038509 -0.681719644926716 -0.26010721501483675 0.5715 0.36214911544938283 2.5465782646875845
40005 11038509 -0.7186280071142553 -0.2629661383121146 0.57912 0.36214911544938283 2.5465782646875845
40006 11038509 -0.7491342564531036 -0.2625435334944915 0.58674 0.36214911544938283 2.5465782646875845
40007 11038509 -0.7796405057919518 -0.2621209286768684 0.59436 0.36214911544938283 2.5465782646875845
40008 11038509 -0.8227487631840633 -0.26356563760814755 0.59436 0.36214911544938283 2.5465782646875845
40009 11038509 -0.8588768428895472 -0.2572445765650827 0.6019800000000001 0.36214911544938283 2.5465782646875845
40010 11038509 -0.9206664186805709 -0.24790729909555756 0.6096 0.36214911544938283 2.5465782646875845
40011 11038509 -0.9609103483790533 -0.24059046508330176 0.6096 0.36214911544938283 2.5465782646875845
40012 11038509 -1.001033555148291 -0.2274711112438104 0.6096 0.36214911544938283 2.5465782646875845
40013 11038509 -1.0411566871452926 -0.21435152872957278 0.61722 0.36214911544938283 2.5465782646875845
40014 11038509 -1.0715897970475896 -0.20147928301108495 0.61722 0.36214911544938283 2.5465782646875845
40015 11038509 -1.1020229069498864 -0.18860703729259712 0.61722 0.36214911544938283 2.5465782646875845
40016 11038509 -1.139400175679296 -0.17089341875191924 0.61722 0.36214911544938283 2.5465782646875845
40017 11038509 -1.1752016921374986 -0.14890456090471452 0.6248400000000001 0.36214911544938283 2.5465782646875845
40018 11038509 -1.2333445965237078 -0.10804265426179929 0.6248400000000001 0.36214911544938283 2.5465782646875845
40019 11038509 -1.2687668272206623 -0.08570985288099889 0.63246 0.36214911544938283 2.5465782646875845
40020 11038509 -1.303231817248666 -0.05854903703517447 0.6400800000000001 0.36214911544938283 2.5465782646875845
40021 11038509 -1.3413411831407502 -0.02949511035551103 0.6477 0.36214911544938283 2.5465782646875845
40022 11038509 -1.375318824575236 0.0024140002475133426 0.65532 0.36214911544938283 2.5465782646875845
40023 11038509 -1.3997187915709506 0.02829934133956169 0.661035 0.36214911544938283 2.5465782646875845
40024 11038509 -1.4241187585666655 0.05418468243161004 0.6667500000000001 0.36214911544938283 2.5465782646875845
40025 11038509 -1.4468226558503279 0.08389699141056156 0.6762750000000001 0.36214911544938283 2.5465782646875845
40026 11038509 -1.4695265531339905 0.11360930038951308 0.6858000000000001 0.36214911544938283 2.5465782646875845
40027 11038509 -1.4896976282764 0.14427520354041853 0.69342 0.36214911544938283 2.5465782646875845
40028 11038509 -1.512292596243592 0.18110857679910672 0.7010400000000001 0.36214911544938283 2.5465782646875845
40029 11038509 -1.5322383899810899 0.21789349366658559 0.7010400000000001 0.36214911544938283 2.5465782646875845
40030 11038509 -1.5471016846871912 0.2566381588883534 0.7086600000000001 0.36214911544938283 2.5465782646875845
40031 11038509 -1.5604933274919384 0.29852357439549093 0.7086600000000001 0.36214911544938283 2.5465782646875845
40032 11038509 -1.573919229306224 0.34030345291983166 0.7162800000000001 0.36214911544938283 2.5465782646875845
40033 11038509 -1.5819544740951847 0.40263646618723903 0.7162800000000001 0.36214911544938283 2.5465782646875845
40034 11038509 -1.5843225647462023 0.4469920719721382 0.7239000000000001 0.36214911544938283 2.5465782646875845
40035 11038509 -1.5838713978902477 0.47009551433842245 0.7239000000000001 0.36214911544938283 2.5465782646875845
40036 11038509 -1.583420231034293 0.4931989567047067 0.7239000000000001 0.36214911544938283 2.5465782646875845
40037 11038509 -1.5824522273714308 0.5463947542757291 0.73152 0.36214911544938283 2.5465782646875845
40038 11038509 -1.573122742482355 0.5914809348610234 0.73152 0.36214911544938283 2.5465782646875845
40039 11038509 -1.5665790961946764 0.6370110129860715 0.73914 0.36214911544938283 2.5465782646875845
40040 11038509 -1.5472454742117077 0.6961170977131056 0.73914 0.36214911544938283 2.5465782646875845
40041 11038509 -1.532745256391282 0.7404466650023612 0.74676 0.36214911544938283 2.5465782646875845
40042 11038509 -1.5134309488785382 0.7832015471579065 0.74676 0.36214911544938283 2.5465782646875845
40043 11038509 -1.4972730431596066 0.8233668684813117 0.75438 0.36214911544938283 2.5465782646875845
40044 11038509 -1.47452825073718 0.8679206443072409 0.75438 0.36214911544938283 2.5465782646875845
40045 11038509 -1.451231596358656 0.9041151612329105 0.762 0.36214911544938283 2.5465782646875845
40046 11038509 -1.4315163907827013 0.9467389443774005 0.76962 0.36214911544938283 2.5465782646875845
40047 11038509 -1.4093894287186182 0.9926632405320496 0.77724 0.36214911544938283 2.5465782646875845
40048 11038509 -1.38716040303313 1.028038623415894 0.78486 0.36214911544938283 2.5465782646875845
40049 11038509 -1.3736852167597375 1.0543013092839624 0.78867 0.36214911544938283 2.5465782646875845
40050 11038509 -1.3602100304863451 1.0805639951520307 0.7924800000000001 0.36214911544938283 2.5465782646875845
40051 11038509 -1.3424498504026843 1.1185695221668746 0.8001 0.36214911544938283 2.5465782646875845
40052 11038509 -1.3198758882416441 1.1550005167345099 0.8001 0.36214911544938283 2.5465782646875845
40053 11038509 -1.303911046933498 1.1875176569098045 0.80772 0.36214911544938283 2.5465782646875845
40054 11038509 -1.278282693604872 1.227856871299689 0.80772 0.36214911544938283 2.5465782646875845
40055 11038509 -1.2560542519592939 1.263232536874604 0.80772 0.36214911544938283 2.5465782646875845
40056 11038509 -1.2399962482505826 1.297121300716688 0.80772 0.36214911544938283 2.5465782646875845
40057 11038509 -1.214272919853656 1.3404673194738919 0.80772 0.36214911544938283 2.5465782646875845
40058 11038509 -1.1853371769019898 1.3952644102867706 0.80772 0.36214911544938283 2.5465782646875845
40059 11038509 -1.166300237457987 1.437175449419827 0.80772 0.36214911544938283 2.5465782646875845
40060 11038509 -1.1535982365701443 1.4597185808056095 0.80772 0.36214911544938283 2.5465782646875845
40061 11038509 -1.1408962356823016 1.4822617121913917 0.80772 0.36214911544938283 2.5465782646875845
40062 11038509 -1.1139538388671293 1.5483431770801968 0.80772 0.36214911544938283 2.5465782646875845
40063 11038509 -1.094977918080488 1.5873532287264063 0.8153400000000001 0.36214911544938283 2.5465782646875845
40064 11038509 -1.062760267575774 1.6546302754382671 0.82296 0.36214911544938283 2.5465782646875845
40065 11038509 -1.0548547128524546 1.6788006571265164 0.82296 0.36214911544938283 2.5465782646875845
40066 11038509 -1.0341052140556513 1.7245914856832651 0.8305800000000001 0.36214911544938283 2.5465782646875845
40067 11038509 -1.0196059741389056 1.7689214600278385 0.8305800000000001 0.36214911544938283 2.5465782646875845
40068 11038509 -1.0030481470408383 1.8066485565151367 0.8382000000000001 0.36214911544938283 2.5465782646875845
40069 11038509 -0.9864903199427709 1.844375653002435 0.84582 0.36214911544938283 2.5465782646875845
40070 11038509 -0.9695304755171648 1.8827891418452185 0.85344 0.36214911544938283 2.5465782646875845
40071 11038509 -0.9525706310915587 1.9212026306880023 0.86106 0.36214911544938283 2.5465782646875845
40072 11038509 -0.9397975730460895 1.9602552680784127 0.8686800000000001 0.36214911544938283 2.5465782646875845
40073 11038509 -0.9219127275801731 1.99810333861505 0.8763000000000001 0.36214911544938283 2.5465782646875845
40074 11038509 -0.9090016085280068 2.037578180880583 0.88392 0.36214911544938283 2.5465782646875845
40075 11038509 -0.8912489822615626 2.079909379803169 0.8915400000000001 0.36214911544938283 2.5465782646875845
40076 11038509 -0.8738008782170836 2.116965600987419 0.8915400000000001 0.36214911544938283 2.5465782646875845
40077 11038509 -0.8601271002792585 2.151984813015319 0.8915400000000001 1.746861674321038 1.0875893105342198
40078 11038509 -0.8340618735183967 2.2140302668369727 0.8991600000000001 1.746861674321038 1.0875893105342198
40079 11038509 -0.8251652917764729 2.233086151380773 0.8991600000000001 1.746861674321038 1.0875893105342198
40080 11038509 -0.8162687100345491 2.252142035924573 0.8991600000000001 1.746861674321038 1.0875893105342198
40081 11038509 -0.7926101652136845 2.3149746595197565 0.9067800000000001 1.746861674321038 1.0875893105342198
40082 11038509 -0.7755650216569709 2.355551032900049 0.9105900000000001 1.746861674321038 1.0875893105342198
40083 11038509 -0.7585198781002573 2.3961274062803413 0.9144000000000001 1.746861674321038 1.0875893105342198
40084 11038509 -0.7488884400912541 2.425575276860147 0.9144000000000001 1.746861674321038 1.0875893105342198
40085 11038509 -0.7304214091947172 2.4711780269094032 0.9144000000000001 1.746861674321038 1.0875893105342198
40086 11038509 -0.7113857530644052 2.5130896437612877 0.9220200000000001 1.746861674321038 1.0875893105342198
40087 11038509 -0.6890907228899545 2.5486775012762375 0.9220200000000001 1.746861674321038 1.0875893105342198
40088 11038509 -0.674187682868882 2.5860988341556803 0.9296400000000001 1.746861674321038 1.0875893105342198
40089 11038509 -0.646206923791494 2.630926792056868 0.9296400000000001 1.746861674321038 1.0875893105342198
40090 11038509 -0.6086892335784839 2.684553156600162 0.9296400000000001 1.746861674321038 1.0875893105342198
40091 11038509 -0.5920444294681316 2.7076179195714474 0.9334500000000001 1.746861674321038 1.0875893105342198
40092 11038509 -0.5753996253577793 2.7306826825427324 0.93726 1.746861674321038 1.0875893105342198
40093 11038509 -0.5464182242102706 2.769341560459623 0.93726 1.746861674321038 1.0875893105342198
40094 11038509 -0.5066786759620351 2.8172757991633746 0.9448799999999999 1.746861674321038 1.0875893105342198
40095 11038509 -0.48561303723346855 2.8443569925647036 0.94869 1.746861674321038 1.0875893105342198
40096 11038509 -0.464547398504902 2.8714381859660327 0.9525 1.746861674321038 1.0875893105342198
40097 11038509 -0.41928120374959343 2.925685366232158 0.96012 1.746861674321038 1.0875893105342198
40098 11038509 -0.3891636041961355 2.966192792081157 0.96012 1.746861674321038 1.0875893105342198
40099 11038509 -0.3659643971779807 3.0018357349559808 0.96774 1.746861674321038 1.0875893105342198
40100 11038509 -0.33408853706651365 3.036861025514959 0.97536 1.746861674321038 1.0875893105342198
40101 11038509 -0.31179523529133646 3.0724497711582477 0.98298 1.746861674321038 1.0875893105342198
40102 11038509 -0.28950203436154065 3.108038567078616 0.9906 1.746861674321038 1.0875893105342198
40103 11038509 -0.26851044777552757 3.138561680599044 0.9906 1.746861674321038 1.0875893105342198
40104 11038509 -0.24139697463880716 3.179117040704629 0.99822 1.746861674321038 1.0875893105342198
40105 11038509 -0.21900054079632447 3.2150226459513855 0.99822 1.746861674321038 1.0875893105342198
40106 11038509 -0.19015946333323552 3.2624906826782523 1.00584 1.746861674321038 1.0875893105342198
40107 11038509 -0.17487010071834264 3.2983837738911714 1.00584 1.746861674321038 1.0875893105342198
40108 11038509 -0.16167404638381244 3.319188380598212 1.00584 1.746861674321038 1.0875893105342198
40109 11038509 -0.14847799204928225 3.3399929873052527 1.00584 1.746861674321038 1.0875893105342198
40110 11038509 -0.1294333987433216 3.381668285976486 1.00584 1.746861674321038 1.0875893105342198
40111 11038509 -0.10515220990391416 3.421981618881122 1.00584 1.746861674321038 1.0875893105342198
40112 11038509 -0.08217574311019471 3.464006852746738 1.01346 1.746861674321038 1.0875893105342198
40113 11038509 -0.06282072429012786 3.5066322000508747 1.01346 1.746861674321038 1.0875893105342198
40114 11038509 -0.04482812557270466 3.541290807797004 1.01346 1.746861674321038 1.0875893105342198
40115 11038509 -0.0053670182050936655 3.6130933196781605 1.02108 1.746861674321038 1.0875893105342198
40116 11038509 0.0016611707750230353 3.6332277292105952 1.02108 1.746861674321038 1.0875893105342198
40117 11038509 0.037001301169538925 3.691072240596733 1.0287 1.746861674321038 1.0875893105342198
40118 11038509 0.054446350232741025 3.7281298568238896 1.0363200000000001 1.746861674321038 1.0875893105342198
40119 11038509 0.08053468647663631 3.7753299337490027 1.0363200000000001 1.746861674321038 1.0875893105342198
40120 11038509 0.09732379572775662 3.810382162667377 1.04394 1.746861674321038 1.0875893105342198
40121 11038509 0.12148918432604194 3.850616685711017 1.04394 1.746861674321038 1.0875893105342198
40122 11038509 0.15558388343296592 3.9030267440084865 1.05156 1.746861674321038 1.0875893105342198
40123 11038509 0.1823894764091547 3.937490803314146 1.05156 1.746861674321038 1.0875893105342198
40124 11038509 0.19926251926438232 3.961941901106164 1.05537 1.746861674321038 1.0875893105342198
40125 11038509 0.21613556211960994 3.986392998898182 1.05918 1.746861674321038 1.0875893105342198
40126 11038509 0.2567550348795745 4.037312187739412 1.06299 1.746861674321038 1.0875893105342198
40127 11038509 0.2872104722457674 4.074117213551199 1.064895 1.746861674321038 1.0875893105342198
40128 11038509 0.3176659096119603 4.110922239362988 1.0668 1.746861674321038 1.0875893105342198
40129 11038509 0.33613332666857243 4.132106424442694 1.0668 1.746861674321038 1.0875893105342198
40130 11038509 0.3687607124471637 4.176233848974675 1.0668 1.746861674321038 1.0875893105342198
40131 11038509 0.4080176120874863 4.233849621539911 1.05918 1.746861674321038 1.0875893105342198
40132 11038509 0.4364125444267961 4.266392270666844 1.05918 1.746861674321038 1.0875893105342198
40133 11038509 0.46492094597320976 4.307426900415622 1.05918 1.746861674321038 1.0875893105342198
40134 11038509 0.4963790740329097 4.352053669399992 1.0668 1.746861674321038 1.0875893105342198
40135 11038509 0.5356512279528465 4.404290204533607 1.0668 1.746861674321038 1.0875893105342198
40136 11038509 0.5653487603139666 4.4435341053172674 1.0668 1.746861674321038 1.0875893105342198
40137 11038509 0.5959007785605737 4.4881067741979495 1.0744200000000002 1.746861674321038 1.0875893105342198
40138 11038509 0.6223394661070485 4.5336739092505525 1.0744200000000002 1.746861674321038 1.0875893105342198
40139 11038509 0.6489631989424407 4.578450350025055 1.07823 1.746861674321038 1.0875893105342198
40140 11038509 0.6755869317778329 4.623226790799558 1.08204 1.746861674321038 1.0875893105342198
40141 11038509 0.6985516060406474 4.665636170111173 1.08585 1.746861674321038 1.0875893105342198
40142 11038509 0.7215162803034618 4.708045549422788 1.08966 1.746861674321038 1.0875893105342198
40143 11038509 0.7472772708388526 4.752899682079743 1.08966 1.746861674321038 1.0875893105342198
40144 11038509 0.7739730061332373 4.793826307695943 1.08966 1.746861674321038 1.0875893105342198
40145 11038509 0.8045683518701103 4.846680355987882 1.08966 1.746861674321038 1.0875893105342198
40146 11038509 0.8431923992186334 4.9143178706532185 1.08966 1.746861674321038 1.0875893105342198
40147 11038509 0.8599992111523582 4.956491621644119 1.09728 1.746861674321038 1.0875893105342198
40148 11038509 0.8861502836925259 5.002269838227735 1.1049 1.746861674321038 1.0875893105342198
40149 11038509 0.9085537849952852 5.047988167904154 1.1049 1.746861674321038 1.0875893105342198
40150 11038509 0.9302111857987896 5.102012085564506 1.1049 1.746861674321038 1.0875893105342198
40151 11038509 0.9306153448822252 5.1015983113115 1.104871870385562 1.746861674321038 1.0875893105342198
40152 11038509 0.9310195039656608 5.1011845370584945 1.1048437407711238 1.746861674321038 1.0875893105342198
40153 11038509 0.9314236630490964 5.100770762805489 1.1048156111566858 1.746861674321038 1.0875893105342198
40154 11038509 0.931827822132532 5.100356988552482 1.1047874815422478 1.746861674321038 1.0875893105342198
40155 11038509 0.9322319812159676 5.0999432142994765 1.1047593519278096 1.746861674321038 1.0875893105342198
40156 11038509 0.9326361402994032 5.099529440046471 1.1047312223133716 1.746861674321038 1.0875893105342198
40157 11038509 0.9330402993828388 5.099115665793465 1.1047030926989336 1.746861674321038 1.0875893105342198
40158 11038509 0.9334444584662744 5.098701891540459 1.1046749630844954 1.746861674321038 1.0875893105342198
40159 11038509 0.93384861754971 5.098288117287454 1.1046468334700574 1.746861674321038 1.0875893105342198
40160 11038509 0.9342527766331457 5.097874343034448 1.1046187038556194 1.746861674321038 1.0875893105342198
40161 11038509 0.9346569357165813 5.097460568781442 1.1045905742411812 1.746861674321038 1.0875893105342198
40162 11038509 0.9350610948000169 5.097046794528436 1.1045624446267432 1.746861674321038 1.0875893105342198
40163 11038509 0.9354652538834525 5.09663302027543 1.1045343150123053 1.746861674321038 1.0875893105342198
40164 11038509 0.9358694129668881 5.096219246022424 1.104506185397867 1.746861674321038 1.0875893105342198
40165 11038509 0.9362735720503237 5.095805471769419 1.104478055783429 1.746861674321038 1.0875893105342198
40166 11038509 0.9366777311337593 5.095391697516413 1.104449926168991 1.746861674321038 1.0875893105342198
40167 11038509 0.9370818902171949 5.094977923263407 1.1044217965545529 1.746861674321038 1.0875893105342198
40168 11038509 0.9374860493006305 5.094564149010401 1.1043936669401149 1.746861674321038 1.0875893105342198
40169 11038509 0.9378902083840661 5.094150374757395 1.1043655373256769 1.746861674321038 1.0875893105342198
40170 11038509 0.9382943674675017 5.093736600504389 1.1043374077112387 1.746861674321038 1.0875893105342198
40171 11038509 0.9386985265509373 5.093322826251383 1.1043092780968007 1.746861674321038 1.0875893105342198
40172 11038509 0.9391026856343729 5.092909051998378 1.1042811484823627 1.746861674321038 1.0875893105342198
40173 11038509 0.9395068447178085 5.092495277745372 1.1042530188679245 1.746861674321038 1.0875893105342198
40174 11038509 0.9399110038012441 5.092081503492366 1.1042248892534865 1.746861674321038 1.0875893105342198
40175 11038509 0.9403151628846798 5.091667729239361 1.1041967596390483 1.746861674321038 1.0875893105342198
40176 11038509 0.9407193219681154 5.091253954986354 1.1041686300246103 1.746861674321038 1.0875893105342198
40177 11038509 0.941123481051551 5.090840180733348 1.1041405004101723 1.746861674321038 1.0875893105342198
40178 11038509 0.9415276401349866 5.090426406480343 1.104112370795734 1.746861674321038 1.0875893105342198
40179 11038509 0.9419317992184222 5.090012632227337 1.1040842411812961 1.746861674321038 1.0875893105342198
40180 11038509 0.9423359583018578 5.089598857974331 1.1040561115668581 1.746861674321038 1.0875893105342198
40181 11038509 0.9427401173852934 5.0891850837213255 1.10402798195242 1.746861674321038 1.0875893105342198
40182 11038509 0.943144276468729 5.08877130946832 1.103999852337982 1.746861674321038 1.0875893105342198
40183 11038509 0.9435484355521646 5.088357535215314 1.103971722723544 1.746861674321038 1.0875893105342198
40184 11038509 0.9439525946356002 5.0879437609623075 1.1039435931091057 1.746861674321038 1.0875893105342198
40185 11038509 0.9443567537190358 5.087529986709302 1.1039154634946677 1.746861674321038 1.0875893105342198
40186 11038509 0.9447609128024714 5.087116212456296 1.1038873338802297 1.746861674321038 1.0875893105342198
40187 11038509 0.945165071885907 5.08670243820329 1.1038592042657915 1.746861674321038 1.0875893105342198
40188 11038509 0.9455692309693426 5.086288663950285 1.1038310746513535 1.746861674321038 1.0875893105342198
40189 11038509 0.9459733900527783 5.085874889697279 1.1038029450369156 1.746861674321038 1.0875893105342198
40190 11038509 0.9463775491362139 5.085461115444273 1.1037748154224774 1.746861674321038 1.0875893105342198
40191 11038509 0.9467817082196495 5.085047341191267 1.1037466858080394 1.746861674321038 1.0875893105342198
40192 11038509 0.9471858673030851 5.084633566938261 1.1037185561936014 1.746861674321038 1.0875893105342198
40193 11038509 0.9475900263865207 5.084219792685255 1.1036904265791632 1.746861674321038 1.0875893105342198
40194 11038509 0.9479941854699563 5.0838060184322496 1.1036622969647252 1.746861674321038 1.0875893105342198
40195 11038509 0.9483983445533919 5.083392244179244 1.1036341673502872 1.746861674321038 1.0875893105342198
40196 11038509 0.9488025036368275 5.082978469926238 1.103606037735849 1.746861674321038 1.0875893105342198
40197 11038509 0.9492066627202631 5.082564695673232 1.103577908121411 1.746861674321038 1.0875893105342198
40198 11038509 0.9496108218036987 5.082150921420227 1.103549778506973 1.746861674321038 1.0875893105342198
40199 11038509 0.9500149808871343 5.08173714716722 1.1035216488925348 1.746861674321038 1.0875893105342198
40200 11038509 0.9504191399705699 5.081323372914214 1.1034935192780968 1.746861674321038 1.0875893105342198
40201 11038509 0.9508232990540055 5.080909598661209 1.1034653896636588 1.746861674321038 1.0875893105342198
40202 11038509 0.9512274581374411 5.080495824408203 1.1034372600492206 1.746861674321038 1.0875893105342198
40203 11038509 0.9516316172208767 5.080082050155197 1.1034091304347826 1.746861674321038 1.0875893105342198
40204 11038509 0.9520357763043124 5.079668275902192 1.1033810008203446 1.746861674321038 1.0875893105342198
40205 11038509 0.952439935387748 5.079254501649186 1.1033528712059064 1.746861674321038 1.0875893105342198
40206 11038509 0.9528440944711836 5.078840727396179 1.1033247415914684 1.746861674321038 1.0875893105342198
40207 11038509 0.9532482535546192 5.078426953143174 1.1032966119770304 1.746861674321038 1.0875893105342198
40208 11038509 0.9536524126380548 5.078013178890168 1.1032684823625922 1.746861674321038 1.0875893105342198
40209 11038509 0.9540565717214904 5.077599404637162 1.1032403527481542 1.746861674321038 1.0875893105342198
40210 11038509 0.954460730804926 5.0771856303841565 1.1032122231337163 1.746861674321038 1.0875893105342198
