12530 10764272 1.0253369494913231 -0.1337489936132406 0.29718 0.03422456732325885 -1.0283106210632738
12531 10764272 1.0254427059455373 -0.13342527879871474 0.29718 0.03422456732325885 -1.0283106210632738
12532 10764272 1.0255484623997513 -0.13310156398418885 0.29718 0.03422456732325885 -1.0283106210632738
12533 10764272 1.0256542188539655 -0.13277784916966298 0.29718 0.03422456732325885 -1.0283106210632738
12534 10764272 1.0257599753081794 -0.13245413435513712 0.29718 0.03422456732325885 -1.0283106210632738
12535 10764272 1.0258657317623936 -0.13213041954061125 0.29718 0.03422456732325885 -1.0283106210632738
12536 10764272 1.0259714882166076 -0.13180670472608538 0.29718 0.03422456732325885 -1.0283106210632738
12537 10764272 1.0260772446708217 -0.1314829899115595 0.29718 0.03422456732325885 -1.0283106210632738
12538 10764272 1.0261830011250357 -0.13115927509703362 0.29718 0.03422456732325885 -1.0283106210632738
12539 10764272 1.0262887575792499 -0.13083556028250776 0.29718 0.03422456732325885 -1.0283106210632738
12540 10764272 1.0263945140334638 -0.1305118454679819 0.29718 0.03422456732325885 -1.0283106210632738
12541 10764272 1.026500270487678 -0.13018813065345602 0.29718 0.03422456732325885 -1.0283106210632738
12542 10764272 1.026606026941892 -0.12986441583893013 0.29718 0.03422456732325885 -1.0283106210632738
12543 10764272 1.0267117833961061 -0.12954070102440426 0.29718 0.03422456732325885 -1.0283106210632738
12544 10764272 1.02681753985032 -0.1292169862098784 0.29718 0.03422456732325885 -1.0283106210632738
12545 10764272 1.0290869537740353 -0.13042569684465527 0.30099 0.03422456732325885 -1.0283106210632738
12546 10764272 1.0313563676977502 -0.13163440747943214 0.3048 0.03422456732325885 -1.0283106210632738
12547 10764272 1.0321901756170608 -0.13169184870910844 0.3044952 0.03422456732325885 -1.0283106210632738
12548 10764272 1.0330239835363715 -0.13174928993878474 0.3041904 0.03422456732325885 -1.0283106210632738
12549 10764272 1.0338577914556821 -0.13180673116846106 0.30388560000000003 0.03422456732325885 -1.0283106210632738
12550 10764272 1.0346915993749928 -0.13186417239813736 0.30358080000000004 0.03422456732325885 -1.0283106210632738
12551 10764272 1.0355254072943034 -0.13192161362781366 0.303276 0.03422456732325885 -1.0283106210632738
12552 10764272 1.036359215213614 -0.13197905485748995 0.3029712 0.03422456732325885 -1.0283106210632738
12553 10764272 1.0371930231329245 -0.13203649608716625 0.3026664 0.03422456732325885 -1.0283106210632738
12554 10764272 1.0380268310522351 -0.13209393731684257 0.3023616 0.03422456732325885 -1.0283106210632738
12555 10764272 1.0388606389715458 -0.13215137854651887 0.3020568 0.03422456732325885 -1.0283106210632738
12556 10764272 1.0396944468908564 -0.13220881977619517 0.301752 0.03422456732325885 -1.0283106210632738
12557 10764272 1.040528254810167 -0.13226626100587147 0.3014472 0.03422456732325885 -1.0283106210632738
12558 10764272 1.0413620627294777 -0.13232370223554776 0.30114240000000003 0.03422456732325885 -1.0283106210632738
12559 10764272 1.0421958706487884 -0.1323811434652241 0.3008376 0.03422456732325885 -1.0283106210632738
12560 10764272 1.043029678568099 -0.13243858469490039 0.3005328 0.03422456732325885 -1.0283106210632738
12561 10764272 1.0438634864874097 -0.13249602592457668 0.300228 0.03422456732325885 -1.0283106210632738
12562 10764272 1.0446972944067203 -0.13255346715425298 0.2999232 0.03422456732325885 -1.0283106210632738
12563 10764272 1.045531102326031 -0.13261090838392928 0.2996184 0.03422456732325885 -1.0283106210632738
12564 10764272 1.0463649102453416 -0.1326683496136056 0.2993136 0.03422456732325885 -1.0283106210632738
12565 10764272 1.047198718164652 -0.1327257908432819 0.2990088 0.03422456732325885 -1.0283106210632738
12566 10764272 1.0480325260839627 -0.1327832320729582 0.298704 0.03422456732325885 -1.0283106210632738
12567 10764272 1.0488663340032733 -0.1328406733026345 0.2983992 0.54379465526711 -0.873430837160519
12568 10764272 1.049700141922584 -0.1328981145323108 0.2980944 0.54379465526711 -0.873430837160519
12569 10764272 1.0505339498418946 -0.13295555576198712 0.2977896 0.54379465526711 -0.873430837160519
12570 10764272 1.0513677577612053 -0.1330129969916634 0.2974848 0.54379465526711 -0.873430837160519
12571 10764272 1.052201565680516 -0.1330704382213397 0.29718 0.54379465526711 -0.873430837160519
12572 10764272 1.0543065086583199 -0.13206413785366194 0.299085 0.54379465526711 -0.873430837160519
12573 10764272 1.0564114516361238 -0.13105783748598415 0.30099 0.54379465526711 -0.873430837160519
12574 10764272 1.0585163946139278 -0.13005153711830636 0.302895 0.54379465526711 -0.873430837160519
12575 10764272 1.0606213375917317 -0.1290452367506286 0.3048 0.54379465526711 -0.873430837160519
12576 10764272 1.0644329867462363 -0.1302904658441076 0.302895 0.54379465526711 -0.873430837160519
12577 10764272 1.068244635900741 -0.13153569493758663 0.30099 0.54379465526711 -0.873430837160519
12578 10764272 1.0720562850552458 -0.13278092403106564 0.299085 0.54379465526711 -0.873430837160519
12579 10764272 1.0758679342097504 -0.13402615312454466 0.29718 0.54379465526711 -0.873430837160519
12580 10764272 1.0774681053020605 -0.13094030683116759 0.29718 0.54379465526711 -0.873430837160519
12581 10764272 1.0790682763943706 -0.12785446053779054 0.29718 0.54379465526711 -0.873430837160519
12582 10764272 1.080668447486681 -0.12476861424441348 0.29718 0.54379465526711 -0.873430837160519
12583 10764272 1.0822686185789911 -0.12168276795103641 0.29718 0.54379465526711 -0.873430837160519
12584 10764272 1.0838687896713013 -0.11859692165765934 0.29718 0.54379465526711 -0.873430837160519
12585 10764272 1.0854689607636114 -0.11551107536428228 0.29718 0.54379465526711 -0.873430837160519
12586 10764272 1.0870691318559218 -0.11242522907090521 0.29718 0.54379465526711 -0.873430837160519
12587 10764272 1.088669302948232 -0.10933938277752815 0.29718 0.54379465526711 -0.873430837160519
12588 10764272 1.090269474040542 -0.10625353648415109 0.29718 0.54379465526711 -0.873430837160519
12589 10764272 1.0918696451328522 -0.10316769019077403 0.29718 0.54379465526711 -0.873430837160519
12590 10764272 1.0934698162251624 -0.10008184389739697 0.29718 0.54379465526711 -0.873430837160519
12591 10764272 1.0950699873174727 -0.09699599760401989 0.29718 0.54379465526711 -0.873430837160519
12592 10764272 1.0966701584097829 -0.09391015131064284 0.29718 0.54379465526711 -0.873430837160519
12593 10764272 1.098270329502093 -0.09082430501726577 0.29718 0.54379465526711 -0.873430837160519
12594 10764272 1.0998705005944032 -0.0877384587238887 0.29718 0.54379465526711 -0.873430837160519
12595 10764272 1.1014706716867135 -0.08465261243051164 0.29718 0.54379465526711 -0.873430837160519
12596 10764272 1.1030708427790237 -0.08156676613713458 0.29718 0.54379465526711 -0.873430837160519
12597 10764272 1.1046710138713338 -0.07848091984375752 0.29718 0.54379465526711 -0.873430837160519
12598 10764272 1.106128603739448 -0.07479589097876434 0.2979057142857143 0.54379465526711 -0.873430837160519
12599 10764272 1.1075861936075622 -0.07111086211377117 0.29863142857142855 0.54379465526711 -0.873430837160519
12600 10764272 1.1090437834756763 -0.06742583324877799 0.2993571428571429 0.54379465526711 -0.873430837160519
12601 10764272 1.1105013733437905 -0.06374080438378482 0.30008285714285715 0.54379465526711 -0.873430837160519
12602 10764272 1.1119589632119047 -0.06005577551879164 0.3008085714285714 0.54379465526711 -0.873430837160519
12603 10764272 1.1134165530800189 -0.05637074665379847 0.3015342857142857 0.54379465526711 -0.873430837160519
12604 10764272 1.114874142948133 -0.05268571778880529 0.30226000000000003 0.54379465526711 -0.873430837160519
12605 10764272 1.1163317328162472 -0.049000688923812125 0.3029857142857143 0.54379465526711 -0.873430837160519
12606 10764272 1.1177893226843614 -0.04531566005881894 0.3037114285714286 0.54379465526711 -0.873430837160519
12607 10764272 1.1192469125524755 -0.04163063119382577 0.30443714285714285 0.54379465526711 -0.873430837160519
12608 10764272 1.1207045024205897 -0.037945602328832595 0.3051628571428572 0.54379465526711 -0.873430837160519
12609 10764272 1.122162092288704 -0.03426057346383942 0.30588857142857145 0.54379465526711 -0.873430837160519
12610 10764272 1.123619682156818 -0.030575544598846247 0.30661428571428573 0.54379465526711 -0.873430837160519
12611 10764272 1.1250772720249322 -0.026890515733853072 0.30734 0.54379465526711 -0.873430837160519
12612 10764272 1.1265348618930464 -0.023205486868859898 0.30806571428571433 0.54379465526711 -0.873430837160519
12613 10764272 1.1279924517611606 -0.019520458003866724 0.3087914285714286 0.54379465526711 -0.873430837160519
12614 10764272 1.1294500416292748 -0.01583542913887355 0.3095171428571429 0.54379465526711 -0.873430837160519
12615 10764272 1.130907631497389 -0.012150400273880368 0.31024285714285715 0.54379465526711 -0.873430837160519
12616 10764272 1.132365221365503 -0.008465371408887201 0.3109685714285715 0.54379465526711 -0.873430837160519
12617 10764272 1.1338228112336173 -0.00478034254389402 0.31169428571428576 0.54379465526711 -0.873430837160519
12618 10764272 1.1352804011017315 -0.0010953136789008527 0.31242000000000003 0.54379465526711 -0.873430837160519
12619 10764272 1.1474801010909603 -0.0018096685881405644 0.31623 0.54379465526711 -0.873430837160519
12620 10764272 1.1596798010801892 -0.002524023497380276 0.32004000000000005 0.54379465526711 -0.873430837160519
12621 10764272 1.1815295853657788 -0.0025743160090887277 0.32258000000000003 0.54379465526711 -0.873430837160519
12622 10764272 1.2033793696513682 -0.002624608520797179 0.32512 0.54379465526711 -0.873430837160519
12623 10764272 1.2252291539369577 -0.0026749010325056305 0.32766000000000006 0.54379465526711 -0.873430837160519
12624 10764272 1.2470789382225473 -0.002725193544214082 0.33020000000000005 0.54379465526711 -0.873430837160519
12625 10764272 1.2689287225081367 -0.0027754860559225333 0.33274000000000004 0.54379465526711 -0.873430837160519
12626 10764272 1.2907785067937263 -0.002825778567630985 0.33528 0.54379465526711 -0.873430837160519
12627 10764272 1.312628291079316 -0.0028760710793394365 0.33782 0.54379465526711 -0.873430837160519
12628 10764272 1.3344780753649053 -0.0029263635910478877 0.34036000000000005 0.54379465526711 -0.873430837160519
12629 10764272 1.3563278596504948 -0.0029766561027563393 0.34290000000000004 0.54379465526711 -0.873430837160519
12630 10764272 1.3847656849882 -0.0012845016132526088 0.35052000000000005 0.54379465526711 -0.873430837160519
12631 10764272 1.4112963606406996 -0.004343181941891233 0.35052000000000005 0.54379465526711 -0.873430837160519
12632 10764272 1.4446117297613081 -0.00430238594742989 0.35814 0.54379465526711 -0.873430837160519
12633 10764272 1.4779270988819166 -0.0042615899529685475 0.36576 0.54379465526711 -0.873430837160519
12634 10764272 1.5059403588402602 -0.002780790927716284 0.36576 0.54379465526711 -0.873430837160519
12635 10764272 1.5447407256471952 -0.00470645754849143 0.37338 0.54379465526711 -0.873430837160519
12636 10764272 1.5763072033502117 -0.004853281605619375 0.381 0.54379465526711 -0.873430837160519
12637 10764272 1.6110501537755861 -0.00451877619801988 0.38862 0.54379465526711 -0.873430837160519
12638 10764272 1.6431819485250103 5.658595831045665e-05 0.39624000000000004 0.54379465526711 -0.873430837160519
12639 10764272 1.6756428745734322 0.00020213291829079827 0.39624000000000004 0.54379465526711 -0.873430837160519
12640 10764272 1.7122318849483906 0.0007518979466960285 0.41148 0.54379465526711 -0.873430837160519
12641 10764272 1.7522267631003023 0.001941812624377759 0.41148 0.54379465526711 -0.873430837160519
12642 10764272 1.7852278729775617 0.004014188442235805 0.41910000000000003 0.54379465526711 -0.873430837160519
12643 10764272 1.8174347877405743 0.002023662006437582 0.42672000000000004 0.54379465526711 -0.873430837160519
12644 10764272 1.8394560620712261 0.0028340966822821695 0.43434000000000006 0.54379465526711 -0.873430837160519
12645 10764272 1.8614773364018782 0.003644531358126757 0.44196 0.54379465526711 -0.873430837160519
12646 10764272 1.8999027380520173 0.007100082035595645 0.44958000000000004 0.54379465526711 -0.873430837160519
12647 10764272 1.9203018243001861 0.008382068830610212 0.45720000000000005 0.54379465526711 -0.873430837160519
12648 10764272 1.9604104561071043 0.008834954046842147 0.45720000000000005 0.54379465526711 -0.873430837160519
12649 10764272 2.0063849500038717 0.018820930469844094 0.47243999999999997 0.54379465526711 -0.873430837160519
12650 10764272 2.0364076296068 0.02537160380719586 0.48006 0.54379465526711 -0.873430837160519
12651 10764272 2.0708549180736466 0.030243854039606693 0.48768 0.54379465526711 -0.873430837160519
12652 10764272 2.1093449193922367 0.04477723209578241 0.4953 0.54379465526711 -0.873430837160519
12653 10764272 2.1294171775926056 0.05457753012236896 0.4953 0.54379465526711 -0.873430837160519
12654 10764272 2.1623588511838734 0.07115654264866886 0.50292 0.54379465526711 -0.873430837160519
12655 10764272 2.1904513439649094 0.08920228873447908 0.51054 0.54379465526711 -0.873430837160519
12656 10764272 2.214879138520744 0.1137016744382596 0.51054 0.54379465526711 -0.873430837160519
12657 10764272 2.239742501401131 0.13817568757999107 0.5181600000000001 0.54379465526711 -0.873430837160519
12658 10764272 2.26949883658864 0.175187247888645 0.52578 0.54379465526711 -0.873430837160519
12659 10764272 2.2903532658802384 0.20587682591880316 0.52578 0.54379465526711 -0.873430837160519
12660 10764272 2.30496799989299 0.23323015616328616 0.5334 0.54379465526711 -0.873430837160519
12661 10764272 2.320812882507486 0.2654387106396182 0.54102 0.54379465526711 -0.873430837160519
12662 10764272 2.326328091221649 0.2823290255308052 0.54102 0.54379465526711 -0.873430837160519
12663 10764272 2.3318432999358127 0.29921934042199216 0.54102 0.54379465526711 -0.873430837160519
12664 10764272 2.337256922185961 0.33483403164959513 0.54102 0.54379465526711 -0.873430837160519
12665 10764272 2.348505647171887 0.38559911070035635 0.54864 0.54379465526711 -0.873430837160519
12666 10764272 2.3476917683842053 0.4184576801852058 0.54102 0.54379465526711 -0.873430837160519
12667 10764272 2.3493694239233487 0.4562268833618899 0.54864 0.54379465526711 -0.873430837160519
12668 10764272 2.3475984330860387 0.5133461813375557 0.55626 0.54379465526711 -0.873430837160519
12669 10764272 2.3421650172733326 0.547012363887405 0.54864 0.54379465526711 -0.873430837160519
12670 10764272 2.337220207954929 0.5903319525153864 0.55626 0.54379465526711 -0.873430837160519
12671 10764272 2.331849463576349 0.630986983689329 0.54864 0.54379465526711 -0.873430837160519
12672 10764272 2.3228213240331907 0.6713177118462975 0.55626 0.54379465526711 -0.873430837160519
12673 10764272 2.314595752651039 0.7113864247083103 0.54864 0.54379465526711 -0.873430837160519
12674 10764272 2.301900998648673 0.7540828449970084 0.55626 0.54379465526711 -0.873430837160519
12675 10764272 2.2938826995973574 0.7947849329619839 0.55626 0.54379465526711 -0.873430837160519
12676 10764272 2.2848102738054257 0.8360649618438143 0.55626 0.54379465526711 -0.873430837160519
12677 10764272 2.270462763267194 0.8753294392611907 0.55626 0.54379465526711 -0.873430837160519
12678 10764272 2.2595384930035456 0.900333698403623 0.55626 0.54379465526711 -0.873430837160519
12679 10764272 2.2486142227398966 0.9253379575460553 0.55626 0.54379465526711 -0.873430837160519
12680 10764272 2.230226235270507 0.9573942070876851 0.56388 0.54379465526711 -0.873430837160519
12681 10764272 2.2025709831871394 0.9991359202568367 0.55626 0.54379465526711 -0.873430837160519
12682 10764272 2.1760004526794243 1.0346824938687689 0.56388 0.54379465526711 -0.873430837160519
12683 10764272 2.139802432479099 1.0733735292130253 0.56388 0.54379465526711 -0.873430837160519
12684 10764272 2.100318879419532 1.1030911905903458 0.56388 0.54379465526711 -0.873430837160519
12685 10764272 2.05158976993023 1.1403849338686392 0.56388 0.54379465526711 -0.873430837160519
12686 10764272 2.0144289431415516 1.1636203198323607 0.56388 0.54379465526711 -0.873430837160519
12687 10764272 1.9778067128154457 1.1863295755598917 0.56388 0.54379465526711 -0.873430837160519
12688 10764272 1.9336489882001306 1.204724626923922 0.56388 0.54379465526711 -0.873430837160519
12689 10764272 1.8896027566420106 1.2191115751170711 0.56388 0.54379465526711 -0.873430837160519
12690 10764272 1.8457973041806872 1.2334201795234836 0.56388 0.54379465526711 -0.873430837160519
12691 10764272 1.7957033199900363 1.2404372961578234 0.55626 0.54379465526711 -0.873430837160519
12692 10764272 1.7543724746835678 1.2525362857663018 0.55626 0.54379465526711 -0.873430837160519
12693 10764272 1.7175290032668191 1.2566275899906818 0.55626 0.54379465526711 -0.873430837160519
12694 10764272 1.6806855318500702 1.2607188942150618 0.55626 0.54379465526711 -0.873430837160519
12695 10764272 1.6328260023707026 1.2664231151943688 0.55626 0.54379465526711 -0.873430837160519
12696 10764272 1.5947079743332657 1.2682443352271984 0.54864 0.54379465526711 -0.873430837160519
12697 10764272 1.5377535967207203 1.2700275926040197 0.54864 0.54379465526711 -0.873430837160519
12698 10764272 1.4891204481009046 1.2695600644511735 0.54864 0.54379465526711 -0.873430837160519
12699 10764272 1.4346881851255122 1.27145473054569 0.54864 0.54379465526711 -0.873430837160519
12700 10764272 1.3848971523624762 1.2712493140990209 0.54864 0.54379465526711 -0.873430837160519
12701 10764272 1.3400232427535717 1.2697881865062077 0.54864 0.54379465526711 -0.873430837160519
12702 10764272 1.2825031122024115 1.2676692384132946 0.54864 0.54379465526711 -0.873430837160519
12703 10764272 1.2287453052327928 1.2678262434951193 0.54864 0.54379465526711 -0.873430837160519
12704 10764272 1.1834466994831254 1.2661542837934223 0.54864 0.54379465526711 -0.873430837160519
12705 10764272 1.1295837180540937 1.2643602678335129 0.54102 0.54379465526711 -0.873430837160519
12706 10764272 1.0776011225466307 1.2628868157656359 0.54102 0.54379465526711 -0.873430837160519
12707 10764272 1.0205976930380043 1.2623533515144183 0.54864 0.54379465526711 -0.873430837160519
12708 10764272 0.9717115894340775 1.2622053454169615 0.54102 0.54379465526711 -0.873430837160519
12709 10764272 0.9276736490914007 1.2605902142073182 0.54102 0.54379465526711 -0.873430837160519
12710 10764272 0.8809962118345807 1.2563330028076127 0.54102 0.54379465526711 -0.873430837160519
12711 10764272 0.842922926596717 1.2580265929527696 0.5448299999999999 0.54379465526711 -0.873430837160519
12712 10764272 0.8048496413588533 1.2597201830979268 0.54864 0.54379465526711 -0.873430837160519
12713 10764272 0.765089918160248 1.2603295751721995 0.54864 0.54379465526711 -0.873430837160519
12714 10764272 0.7214310430218722 1.2598768408432472 0.54864 0.54379465526711 -0.873430837160519
12715 10764272 0.6673166413284028 1.260037418956391 0.54864 0.54379465526711 -0.873430837160519
12716 10764272 0.594998113946626 1.26264296205116 0.54864 0.54379465526711 -0.873430837160519
12717 10764272 0.5551707083155017 1.264677521130815 0.54864 0.54379465526711 -0.873430837160519
12718 10764272 0.5135212554935519 1.267658289417896 0.55626 0.54379465526711 -0.873430837160519
12719 10764272 0.4638319417015365 1.267775999452816 0.55626 0.54379465526711 -0.873430837160519
12720 10764272 0.39413727825620903 1.2691753725945414 0.55626 0.54379465526711 -0.873430837160519
12721 10764272 0.3590029063818093 1.2723934573666549 0.55626 0.54379465526711 -0.873430837160519
12722 10764272 0.32386853450740966 1.2756115421387686 0.55626 0.54379465526711 -0.873430837160519
12723 10764272 0.28474865244164094 1.277503985950574 0.55626 0.54379465526711 -0.873430837160519
12724 10764272 0.24562877037587216 1.2793964297623794 0.55626 0.54379465526711 -0.873430837160519
12725 10764272 0.17577823231403078 1.2857557089994003 0.55626 0.54379465526711 -0.873430837160519
12726 10764272 0.1237289309745897 1.2881658938440355 0.55626 0.54379465526711 -0.873430837160519
12727 10764272 0.07642852948546208 1.2928795121321397 0.55626 0.54379465526711 -0.873430837160519
12728 10764272 0.027621063773594634 1.292711787842662 0.55626 0.54379465526711 -0.873430837160519
12729 10764272 -0.025595656987389193 1.2972571351925082 0.55626 0.54379465526711 -0.873430837160519
12730 10764272 -0.07306010043020184 1.2987540013151297 0.55626 0.54379465526711 -0.873430837160519
12731 10764272 -0.11709112550460476 1.3053208743510203 0.55626 0.54379465526711 -0.873430837160519
12732 10764272 -0.1578958055744728 1.3054588689883906 0.55626 0.54379465526711 -0.873430837160519
12733 10764272 -0.1942641476762207 1.3103389723594248 0.55626 0.54379465526711 -0.873430837160519
12734 10764272 -0.23063248977796857 1.315219075730459 0.55626 0.54379465526711 -0.873430837160519
12735 10764272 -0.27333948567250466 1.3163301449756235 0.55626 0.54379465526711 -0.873430837160519
12736 10764272 -0.31582649488663184 1.3194725505287719 0.55626 0.54379465526711 -0.873430837160519
12737 10764272 -0.3631272603189022 1.3241891096337202 0.54864 0.54379465526711 -0.873430837160519
12738 10764272 -0.4263877276006922 1.3289835625063504 0.55626 0.54379465526711 -0.873430837160519
12739 10764272 -0.4576943725392295 1.3337287283552473 0.55626 0.54379465526711 -0.873430837160519
12740 10764272 -0.5223179165644622 1.3397875493905957 0.55626 0.54379465526711 -0.873430837160519
12741 10764272 -0.5584037699489031 1.346212722820863 0.55626 0.54379465526711 -0.873430837160519
12742 10764272 -0.6107430867374046 1.3463861371570072 0.55626 0.54379465526711 -0.873430837160519
12743 10764272 -0.6530409139031375 1.3446783308541703 0.55626 0.54379465526711 -0.873430837160519
12744 10764272 -0.7164406707896691 1.3381876502117473 0.55626 0.54379465526711 -0.873430837160519
12745 10764272 -0.7621036416857143 1.331622182136741 0.55626 0.54379465526711 -0.873430837160519
12746 10764272 -0.8047647142385885 1.323374241920999 0.55626 0.54379465526711 -0.873430837160519
12747 10764272 -0.8349261144691997 1.3071831296615748 0.54864 0.54379465526711 -0.873430837160519
12748 10764272 -0.8737132300700639 1.2879711160452598 0.54864 0.54379465526711 -0.873430837160519
12749 10764272 -0.9251004082412766 1.2595604610672289 0.54102 0.54379465526711 -0.873430837160519
12750 10764272 -0.9596367705702904 1.2381407221302547 0.54102 0.54379465526711 -0.873430837160519
12751 10764272 -0.9789351330612129 1.2219024641243874 0.54102 0.54379465526711 -0.873430837160519
12752 10764272 -0.9982334955521355 1.2056642061185199 0.54102 0.54379465526711 -0.873430837160519
12753 10764272 -1.0257101435000708 1.1718877380827444 0.54102 0.54379465526711 -0.873430837160519
12754 10764272 -1.0607754469097963 1.1298440979244277 0.5334 0.54379465526711 -0.873430837160519
12755 10764272 -1.0833583331106635 1.0944671942808601 0.5334 0.54379465526711 -0.873430837160519
12756 10764272 -1.1089062630629214 1.0532834354441798 0.5334 0.54379465526711 -0.873430837160519
12757 10764272 -1.126725872697607 1.0123762195266035 0.5334 0.54379465526711 -0.873430837160519
12758 10764272 -1.1473500226864972 0.965609644672115 0.52578 0.54379465526711 -0.873430837160519
12759 10764272 -1.1572154511660246 0.9218673018360755 0.52578 0.54379465526711 -0.873430837160519
12760 10764272 -1.1668998518998264 0.8759626751400633 0.5181600000000001 0.54379465526711 -0.873430837160519
12761 10764272 -1.1765151499546807 0.8302691312708083 0.5181600000000001 0.54379465526711 -0.873430837160519
12762 10764272 -1.177778494748283 0.7883869880089976 0.5181600000000001 0.54379465526711 -0.873430837160519
12763 10764272 -1.180784493931123 0.7466074520606377 0.51054 0.54379465526711 -0.873430837160519
12764 10764272 -1.1820324959727857 0.6776139809665397 0.5181600000000001 0.54379465526711 -0.873430837160519
12765 10764272 -1.1794906653862995 0.6337864269676394 0.51054 0.54379465526711 -0.873430837160519
12766 10764272 -1.1785264927129917 0.6041448744580674 0.50673 0.54379465526711 -0.873430837160519
12767 10764272 -1.1775623200396839 0.5745033219484954 0.50292 0.54379465526711 -0.873430837160519
12768 10764272 -1.1742852830841846 0.5519335009498215 0.50292 0.54379465526711 -0.873430837160519
12769 10764272 -1.1708898047640048 0.49170333363193164 0.50292 0.54379465526711 -0.873430837160519
12770 10764272 -1.1649995911726772 0.4472482584639047 0.50292 0.54379465526711 -0.873430837160519
12771 10764272 -1.157974607583039 0.40218845984168294 0.50292 0.54379465526711 -0.873430837160519
12772 10764272 -1.1541759635679438 0.36355833207903243 0.4953 0.54379465526711 -0.873430837160519
12773 10764272 -1.1459639634394116 0.32348495713859193 0.4953 0.54379465526711 -0.873430837160519
12774 10764272 -1.136949355452112 0.28314917142855955 0.48768 0.54379465526711 -0.873430837160519
12775 10764272 -1.124168958001694 0.2258090195747283 0.48768 0.54379465526711 -0.873430837160519
12776 10764272 -1.118638922987351 0.20740980548457158 0.48006 0.54379465526711 -0.873430837160519
12777 10764272 -1.105313945532702 0.1653141545531762 0.48006 0.54379465526711 -0.873430837160519
12778 10764272 -1.0865144466341434 0.10600600112315381 0.47243999999999997 0.54379465526711 -0.873430837160519
12779 10764272 -1.0779037280087655 0.08887782073109055 0.47243999999999997 0.54379465526711 -0.873430837160519
12780 10764272 -1.0692930093833877 0.07174964033902728 0.47243999999999997 0.54379465526711 -0.873430837160519
12781 10764272 -1.0501817723526978 0.03512288251680293 0.46482000000000007 0.54379465526711 -0.873430837160519
12782 10764272 -1.0271141680293823 -0.0016291020664420952 0.46482000000000007 0.54379465526711 -0.873430837160519
12783 10764272 -1.0017511135359527 -0.025929095347296177 0.45720000000000005 0.54379465526711 -0.873430837160519
12784 10764272 -0.9713790909824256 -0.05256781154415982 0.45720000000000005 0.54379465526711 -0.873430837160519
12785 10764272 -0.9409033210477982 -0.07888974886657354 0.45720000000000005 0.54379465526711 -0.873430837160519
12786 10764272 -0.9128003432207805 -0.09345315976134674 0.45720000000000005 0.54379465526711 -0.873430837160519
12787 10764272 -0.8778938220638062 -0.10486657312231237 0.44958000000000004 0.54379465526711 -0.873430837160519
12788 10764272 -0.8387075968597542 -0.11405722311112124 0.44958000000000004 0.54379465526711 -0.873430837160519
12789 10764272 -0.7894407722946812 -0.12257118123545616 0.44196 0.54379465526711 -0.873430837160519
12790 10764272 -0.7611378802434916 -0.12130980037404507 0.43434000000000006 0.54379465526711 -0.873430837160519
12791 10764272 -0.7216888549378373 -0.12018748039298568 0.43434000000000006 0.54379465526711 -0.873430837160519
12792 10764272 -0.7044796281029407 -0.11781078662395822 0.4305300000000001 0.54379465526711 -0.873430837160519
12793 10764272 -0.6872704012680442 -0.11543409285493075 0.42672000000000004 0.54379465526711 -0.873430837160519
12794 10764272 -0.6399010579131426 -0.10638580495440461 0.42672000000000004 0.54379465526711 -0.873430837160519
12795 10764272 -0.621445245435488 -0.10155409047035854 0.41910000000000003 0.54379465526711 -0.873430837160519
12796 10764272 -0.5704265377626787 -0.08949251987567028 0.41910000000000003 0.54379465526711 -0.873430837160519
12797 10764272 -0.5479931136166947 -0.08607786984988339 0.41148 0.54379465526711 -0.873430837160519
12798 10764272 -0.5007711242929611 -0.07476083970373346 0.41148 0.54379465526711 -0.873430837160519
12799 10764272 -0.48378403075857257 -0.07061703072542255 0.40386 0.54379465526711 -0.873430837160519
12800 10764272 -0.43610330951677345 -0.05898230053417794 0.40386 0.54379465526711 -0.873430837160519
12801 10764272 -0.41750981362521533 -0.053727855047528 0.39624000000000004 0.54379465526711 -0.873430837160519
12802 10764272 -0.3887437690786857 -0.04724232778897522 0.39624000000000004 0.54379465526711 -0.873430837160519
12803 10764272 -0.3478898151746068 -0.0391002503920769 0.39624000000000004 0.54379465526711 -0.873430837160519
12804 10764272 -0.3345725212776376 -0.03504166808631953 0.39243000000000006 0.54379465526711 -0.873430837160519
12805 10764272 -0.32125522738066836 -0.030983085780562164 0.38862 0.54379465526711 -0.873430837160519
12806 10764272 -0.2894866870415538 -0.026179727334016883 0.38862 0.54379465526711 -0.873430837160519
12807 10764272 -0.25069045682327573 -0.022972494279857453 0.381 0.54379465526711 -0.873430837160519
12808 10764272 -0.2230072233819882 -0.021156248695920338 0.381 0.54379465526711 -0.873430837160519
12809 10764272 -0.19870078400942437 -0.01309552314517734 0.381 0.54379465526711 -0.873430837160519
12810 10764272 -0.16141164237181038 -0.014769497337362353 0.381 0.54379465526711 -0.873430837160519
12811 10764272 -0.13332732689255722 -0.01308405041158614 0.37338 0.54379465526711 -0.873430837160519
12812 10764272 -0.10895519006847065 -0.008082169362373465 0.37338 0.54379465526711 -0.873430837160519
12813 10764272 -0.08543361763419599 -0.005138829581737253 0.37338 0.54379465526711 -0.873430837160519
12814 10764272 -0.05728042570698144 -0.0032419753692343456 0.37338 0.54379465526711 -0.873430837160519
12815 10764272 -0.032798324900036646 -0.003065891116478675 0.36576 0.54379465526711 -0.873430837160519
12816 10764272 -0.011704902288701968 -0.003067252714753485 0.36576 0.54379465526711 -0.873430837160519
12817 10764272 0.00938852032263271 -0.003068614313028295 0.36576 0.54379465526711 -0.873430837160519
12818 10764272 0.038930517261429376 0.00036077210827190065 0.35814000000000007 0.54379465526711 -0.873430837160519
12819 10764272 0.054236883922887724 -0.001721221447873067 0.35814000000000007 0.54379465526711 -0.873430837160519
12820 10764272 0.08279110442817883 4.505238608995543e-05 0.35052000000000005 0.54379465526711 -0.873430837160519
12821 10764272 0.08927293113042045 0.0033007537802570708 0.35052000000000005 0.54379465526711 -0.873430837160519
12822 10764272 0.1384542741167336 0.0032324472949609717 0.35052000000000005 0.54379465526711 -0.873430837160519
12823 10764272 0.1638293443247959 0.0020658246454707263 0.34290000000000004 0.54379465526711 -0.873430837160519
12824 10764272 0.18547718146066428 0.00036497974894986185 0.34290000000000004 0.54379465526711 -0.873430837160519
12825 10764272 0.20731661198594165 0.0012886962232145777 0.34290000000000004 0.54379465526711 -0.873430837160519
12826 10764272 0.22915604251121902 0.0022124126974792935 0.34290000000000004 0.54379465526711 -0.873430837160519
12827 10764272 0.2502020059321326 0.0007084837437427716 0.33909 0.54379465526711 -0.873430837160519
12828 10764272 0.2712479693530462 -0.0007954452099937503 0.33528 0.54379465526711 -0.873430837160519
12829 10764272 0.28215359095122095 -3.681068017832856e-05 0.33528 0.54379465526711 -0.873430837160519
12830 10764272 0.31044427886856973 0.00228372141867067 0.33528 0.54379465526711 -0.873430837160519
12831 10764272 0.3216603405906858 0.003992418556481608 0.33528 0.54379465526711 -0.873430837160519
12832 10764272 0.34330807439738287 0.0022920558331763485 0.32766 0.54379465526711 -0.873430837160519
12833 10764272 0.36415336184948166 0.0008539930697469833 0.32766 0.54379465526711 -0.873430837160519
12834 10764272 0.3969826010546503 0.0007570201151054501 0.32766 0.54379465526711 -0.873430837160519
12835 10764272 0.41073965200193796 0.0016354895815688018 0.32512 0.54379465526711 -0.873430837160519
12836 10764272 0.4244967029492256 0.0025139590480321534 0.32258000000000003 0.54379465526711 -0.873430837160519
12837 10764272 0.4382537538965133 0.0033924285144955046 0.32004000000000005 0.54379465526711 -0.873430837160519
12838 10764272 0.44868543837046115 -1.649274236431575e-05 0.32004000000000005 0.54379465526711 -0.873430837160519
12839 10764272 0.46996637879614667 -0.0014797997150121645 0.32004000000000005 0.54379465526711 -0.873430837160519
12840 10764272 0.48402536535398055 -0.0005830517165093946 0.32004000000000005 0.54379465526711 -0.873430837160519
12841 10764272 0.49808435191181444 0.0003136962819933753 0.32004000000000005 0.54379465526711 -0.873430837160519
12842 10764272 0.5043941774639391 0.00041704414888678136 0.318516 0.54379465526711 -0.873430837160519
12843 10764272 0.5107040030160637 0.0005203920157801874 0.31699200000000005 0.54379465526711 -0.873430837160519
12844 10764272 0.5170138285681883 0.0006237398826735934 0.315468 0.54379465526711 -0.873430837160519
12845 10764272 0.5233236541203129 0.0007270877495669996 0.31394400000000006 0.54379465526711 -0.873430837160519
12846 10764272 0.5296334796724376 0.0008304356164604055 0.31242000000000003 0.54379465526711 -0.873430837160519
12847 10764272 0.5359433052245621 0.0009337834833538116 0.310896 0.54379465526711 -0.873430837160519
12848 10764272 0.5422531307766868 0.0010371313502472177 0.30937200000000004 0.54379465526711 -0.873430837160519
12849 10764272 0.5485629563288114 0.0011404792171406239 0.307848 0.54379465526711 -0.873430837160519
12850 10764272 0.554872781880936 0.0012438270840340298 0.30632400000000004 0.54379465526711 -0.873430837160519
12851 10764272 0.5611826074330606 0.0013471749509274358 0.3048 0.54379465526711 -0.873430837160519
12852 10764272 0.5674924329851853 0.001450522817820842 0.303276 0.54379465526711 -0.873430837160519
12853 10764272 0.5738022585373098 0.001553870684714248 0.301752 0.54379465526711 -0.873430837160519
12854 10764272 0.5801120840894345 0.001657218551607654 0.300228 0.54379465526711 -0.873430837160519
12855 10764272 0.586421909641559 0.00176056641850106 0.298704 0.54379465526711 -0.873430837160519
12856 10764272 0.5927317351936837 0.0018639142853944662 0.29718 0.54379465526711 -0.873430837160519
12857 10764272 0.5931110042795193 0.0016656378702009644 0.2964872727272727 0.54379465526711 -0.873430837160519
12858 10764272 0.593490273365355 0.0014673614550074626 0.2957945454545455 0.54379465526711 -0.873430837160519
12859 10764272 0.5938695424511905 0.0012690850398139608 0.2951018181818182 0.54379465526711 -0.873430837160519
12860 10764272 0.5942488115370261 0.001070808624620459 0.2944090909090909 0.54379465526711 -0.873430837160519
12861 10764272 0.5946280806228618 0.0008725322094269572 0.2937163636363636 0.54379465526711 -0.873430837160519
12862 10764272 0.5950073497086974 0.0006742557942334554 0.2930236363636364 0.54379465526711 -0.873430837160519
12863 10764272 0.595386618794533 0.0004759793790399536 0.2923309090909091 0.54379465526711 -0.873430837160519
12864 10764272 0.5957658878803687 0.00027770296384645177 0.2916381818181818 0.54379465526711 -0.873430837160519
12865 10764272 0.5961451569662042 7.942654865294996e-05 0.2909454545454545 0.54379465526711 -0.873430837160519
12866 10764272 0.5965244260520398 -0.00011884986654055185 0.2902527272727273 0.54379465526711 -0.873430837160519
12867 10764272 0.5969036951378754 -0.00031712628173405366 0.28956 1.8153108089675565 -0.9690319315923269
12868 10764272 0.5970108058171338 -0.00021582694378146733 0.28956 1.8153108089675565 -0.9690319315923269
12869 10764272 0.5971179164963922 -0.00011452760582888097 0.28956 1.8153108089675565 -0.9690319315923269
12870 10764272 0.5972250271756506 -1.3228267876294608e-05 0.28956 1.8153108089675565 -0.9690319315923269
12871 10764272 0.597332137854909 8.807107007629172e-05 0.28956 1.8153108089675565 -0.9690319315923269
12872 10764272 0.5974392485341674 0.00018937040802887806 0.28956 1.8153108089675565 -0.9690319315923269
12873 10764272 0.5975463592134258 0.00029066974598146444 0.28956 1.8153108089675565 -0.9690319315923269
12874 10764272 0.5978495207839902 0.0016714273915124876 0.29209999999999997 1.8153108089675565 -0.9690319315923269
12875 10764272 0.5981526823545547 0.003052185037043511 0.29464 1.8153108089675565 -0.9690319315923269
12876 10764272 0.5984558439251191 0.004432942682574534 0.29718 1.8153108089675565 -0.9690319315923269
12877 10764272 0.5989300112737758 0.00427800233154171 0.29718 1.8153108089675565 -0.9690319315923269
12878 10764272 0.5994041786224326 0.004123061980508886 0.29718 1.8153108089675565 -0.9690319315923269
12879 10764272 0.5998783459710892 0.003968121629476062 0.29718 1.8153108089675565 -0.9690319315923269
12880 10764272 0.6003525133197459 0.003813181278443238 0.29718 1.8153108089675565 -0.9690319315923269
12881 10764272 0.6008266806684026 0.003658240927410414 0.29718 1.8153108089675565 -0.9690319315923269
12882 10764272 0.6013008480170594 0.0035033005763775906 0.29718 1.8153108089675565 -0.9690319315923269
12883 10764272 0.6017750153657161 0.0033483602253447666 0.29718 1.8153108089675565 -0.9690319315923269
12884 10764272 0.6022491827143728 0.0031934198743119426 0.29718 1.8153108089675565 -0.9690319315923269
12885 10764272 0.6027233500630295 0.0030384795232791186 0.29718 1.8153108089675565 -0.9690319315923269
12886 10764272 0.6031975174116863 0.0028835391722462946 0.29718 1.8153108089675565 -0.9690319315923269
12887 10764272 0.6036716847603429 0.002728598821213471 0.29718 1.8153108089675565 -0.9690319315923269
12888 10764272 0.603887359561649 0.0028450489292271173 0.29718 1.8153108089675565 -0.9690319315923269
12889 10764272 0.604103034362955 0.002961499037240764 0.29718 1.8153108089675565 -0.9690319315923269
12890 10764272 0.6043187091642609 0.0030779491452544105 0.29718 1.8153108089675565 -0.9690319315923269
12891 10764272 0.6045343839655669 0.0031943992532680572 0.29718 1.8153108089675565 -0.9690319315923269
12892 10764272 0.6047500587668729 0.0033108493612817036 0.29718 1.8153108089675565 -0.9690319315923269
12893 10764272 0.6053608354760154 0.003044512121174326 0.29718 1.8153108089675565 -0.9690319315923269
12894 10764272 0.6059716121851578 0.002778174881066948 0.29718 1.8153108089675565 -0.9690319315923269
12895 10764272 0.6065823888943003 0.00251183764095957 0.29718 1.8153108089675565 -0.9690319315923269
12896 10764272 0.6071931656034426 0.0022455004008521923 0.29718 1.8153108089675565 -0.9690319315923269
12897 10764272 0.607803942312585 0.0019791631607448145 0.29718 1.8153108089675565 -0.9690319315923269
12898 10764272 0.6084147190217275 0.0017128259206374366 0.29718 1.8153108089675565 -0.9690319315923269
12899 10764272 0.60902549573087 0.0014464886805300586 0.29718 1.8153108089675565 -0.9690319315923269
12900 10764272 0.6096362724400124 0.001180151440422681 0.29718 1.8153108089675565 -0.9690319315923269
12901 10764272 0.6102470491491548 0.0009138142003153032 0.29718 1.8153108089675565 -0.9690319315923269
12902 10764272 0.6108578258582973 0.0006474769602079255 0.29718 1.8153108089675565 -0.9690319315923269
12903 10764272 0.6114686025674396 0.0003811397201005473 0.29718 1.8153108089675565 -0.9690319315923269
12904 10764272 0.6120793792765821 0.00011480247999316956 0.29718 1.8153108089675565 -0.9690319315923269
12905 10764272 0.6126901559857245 -0.00015153476011420816 0.29718 1.8153108089675565 -0.9690319315923269
12906 10764272 0.613300932694867 -0.0004178720002215863 0.29718 1.8153108089675565 -0.9690319315923269
12907 10764272 0.6227001236643906 -0.0029711065949490755 0.29752636363636364 1.8153108089675565 -0.9690319315923269
12908 10764272 0.6320993146339144 -0.005524341189676565 0.2978727272727273 1.8153108089675565 -0.9690319315923269
12909 10764272 0.6414985056034381 -0.008077575784404054 0.29821909090909093 1.8153108089675565 -0.9690319315923269
12910 10764272 0.6508976965729618 -0.010630810379131543 0.2985654545454545 1.8153108089675565 -0.9690319315923269
12911 10764272 0.6602968875424855 -0.013184044973859032 0.29891181818181817 1.8153108089675565 -0.9690319315923269
12912 10764272 0.6696960785120092 -0.01573727956858652 0.2992581818181818 1.8153108089675565 -0.9690319315923269
12913 10764272 0.679095269481533 -0.01829051416331401 0.29960454545454546 1.8153108089675565 -0.9690319315923269
12914 10764272 0.6884944604510567 -0.0208437487580415 0.2999509090909091 1.8153108089675565 -0.9690319315923269
12915 10764272 0.6978936514205804 -0.02339698335276899 0.30029727272727275 1.8153108089675565 -0.9690319315923269
12916 10764272 0.7072928423901041 -0.025950217947496478 0.3006436363636364 1.8153108089675565 -0.9690319315923269
12917 10764272 0.7166920333596278 -0.028503452542223966 0.30099 1.8153108089675565 -0.9690319315923269
12918 10764272 0.7260912243291515 -0.031056687136951457 0.3013363636363636 1.8153108089675565 -0.9690319315923269
12919 10764272 0.7354904152986752 -0.03360992173167895 0.30168272727272727 1.8153108089675565 -0.9690319315923269
12920 10764272 0.7448896062681989 -0.03616315632640643 0.3020290909090909 1.8153108089675565 -0.9690319315923269
12921 10764272 0.7542887972377227 -0.03871639092113392 0.30237545454545456 1.8153108089675565 -0.9690319315923269
12922 10764272 0.7636879882072464 -0.04126962551586141 0.3027218181818182 1.8153108089675565 -0.9690319315923269
12923 10764272 0.7730871791767701 -0.043822860110588904 0.30306818181818185 1.8153108089675565 -0.9690319315923269
12924 10764272 0.7824863701462939 -0.046376094705316395 0.3034145454545455 1.8153108089675565 -0.9690319315923269
12925 10764272 0.7918855611158175 -0.04892932930004388 0.3037609090909091 1.8153108089675565 -0.9690319315923269
12926 10764272 0.8012847520853412 -0.05148256389477137 0.3041072727272727 1.8153108089675565 -0.9690319315923269
12927 10764272 0.8106839430548649 -0.05403579848949886 0.30445363636363637 1.8153108089675565 -0.9690319315923269
12928 10764272 0.8200831340243886 -0.056589033084226345 0.3048 1.8153108089675565 -0.9690319315923269
12929 10764272 0.8294823249939124 -0.059142267678953836 0.30514636363636366 1.8153108089675565 -0.9690319315923269
12930 10764272 0.8388815159634361 -0.06169550227368133 0.3054927272727273 1.8153108089675565 -0.9690319315923269
12931 10764272 0.8482807069329598 -0.06424873686840882 0.30583909090909095 1.8153108089675565 -0.9690319315923269
12932 10764272 0.8576798979024836 -0.06680197146313631 0.30618545454545454 1.8153108089675565 -0.9690319315923269
12933 10764272 0.8670790888720072 -0.0693552060578638 0.3065318181818182 1.8153108089675565 -0.9690319315923269
12934 10764272 0.8764782798415309 -0.07190844065259128 0.3068781818181818 1.8153108089675565 -0.9690319315923269
12935 10764272 0.8858774708110546 -0.07446167524731877 0.3072245454545455 1.8153108089675565 -0.9690319315923269
12936 10764272 0.8952766617805783 -0.07701490984204626 0.3075709090909091 1.8153108089675565 -0.9690319315923269
12937 10764272 0.9046758527501021 -0.07956814443677375 0.30791727272727276 1.8153108089675565 -0.9690319315923269
12938 10764272 0.9140750437196258 -0.08212137903150124 0.3082636363636364 1.8153108089675565 -0.9690319315923269
12939 10764272 0.9234742346891495 -0.08467461362622873 0.30861000000000005 1.8153108089675565 -0.9690319315923269
12940 10764272 0.9328734256586733 -0.08722784822095622 0.30895636363636364 1.8153108089675565 -0.9690319315923269
12941 10764272 0.942272616628197 -0.08978108281568371 0.3093027272727273 1.8153108089675565 -0.9690319315923269
12942 10764272 0.9516718075977206 -0.0923343174104112 0.30964909090909093 1.8153108089675565 -0.9690319315923269
12943 10764272 0.9610709985672443 -0.09488755200513868 0.3099954545454546 1.8153108089675565 -0.9690319315923269
12944 10764272 0.970470189536768 -0.09744078659986617 0.3103418181818182 1.8153108089675565 -0.9690319315923269
12945 10764272 0.9798693805062918 -0.09999402119459366 0.31068818181818186 1.8153108089675565 -0.9690319315923269
12946 10764272 0.9892685714758155 -0.10254725578932115 0.3110345454545455 1.8153108089675565 -0.9690319315923269
12947 10764272 0.9986677624453392 -0.10510049038404864 0.3113809090909091 1.8153108089675565 -0.9690319315923269
12948 10764272 1.008066953414863 -0.10765372497877614 0.31172727272727274 1.8153108089675565 -0.9690319315923269
12949 10764272 1.0174661443843867 -0.11020695957350363 0.3120736363636364 1.8153108089675565 -0.9690319315923269
12950 10764272 1.0268653353539103 -0.1127601941682311 0.31242000000000003 1.8153108089675565 -0.9690319315923269
12951 10764272 1.0280892284388818 -0.11648956515982142 0.30861000000000005 1.8153108089675565 -0.9690319315923269
12952 10764272 1.0293131215238533 -0.12021893615141174 0.3048 1.8153108089675565 -0.9690319315923269
12953 10764272 1.0277267744093763 -0.1250746583492552 0.3048 1.8153108089675565 -0.9690319315923269
12954 10764272 1.0277319541438525 -0.12508446833267967 0.30479424471299094 1.8153108089675565 -0.9690319315923269
12955 10764272 1.0277371338783285 -0.1250942783161041 0.3047884894259819 1.8153108089675565 -0.9690319315923269
12956 10764272 1.0277423136128048 -0.12510408829952854 0.30478273413897283 1.8153108089675565 -0.9690319315923269
12957 10764272 1.027747493347281 -0.12511389828295297 0.30477697885196375 1.8153108089675565 -0.9690319315923269
12958 10764272 1.027752673081757 -0.12512370826637742 0.3047712235649547 1.8153108089675565 -0.9690319315923269
12959 10764272 1.0277578528162332 -0.12513351824980185 0.30476546827794565 1.8153108089675565 -0.9690319315923269
12960 10764272 1.0277630325507092 -0.1251433282332263 0.30475971299093657 1.8153108089675565 -0.9690319315923269
12961 10764272 1.0277682122851854 -0.12515313821665072 0.3047539577039275 1.8153108089675565 -0.9690319315923269
12962 10764272 1.0277733920196617 -0.12516294820007517 0.30474820241691847 1.8153108089675565 -0.9690319315923269
12963 10764272 1.0277785717541377 -0.1251727581834996 0.3047424471299094 1.8153108089675565 -0.9690319315923269
12964 10764272 1.027783751488614 -0.12518256816692405 0.3047366918429003 1.8153108089675565 -0.9690319315923269
12965 10764272 1.0277889312230901 -0.12519237815034848 0.30473093655589123 1.8153108089675565 -0.9690319315923269
12966 10764272 1.0277941109575661 -0.12520218813377293 0.3047251812688822 1.8153108089675565 -0.9690319315923269
12967 10764272 1.0277992906920423 -0.12521199811719738 0.3047194259818731 1.8153108089675565 -0.9690319315923269
12968 10764272 1.0278044704265183 -0.1252218081006218 0.30471367069486405 1.8153108089675565 -0.9690319315923269
12969 10764272 1.0278096501609946 -0.12523161808404626 0.304707915407855 1.8153108089675565 -0.9690319315923269
12970 10764272 1.0278148298954708 -0.12524142806747068 0.30470216012084594 1.8153108089675565 -0.9690319315923269
12971 10764272 1.0278200096299468 -0.12525123805089514 0.30469640483383686 1.8153108089675565 -0.9690319315923269
12972 10764272 1.027825189364423 -0.12526104803431956 0.3046906495468278 1.8153108089675565 -0.9690319315923269
12973 10764272 1.0278303690988992 -0.125270858017744 0.30468489425981876 1.8153108089675565 -0.9690319315923269
12974 10764272 1.0278355488333752 -0.12528066800116844 0.3046791389728097 1.8153108089675565 -0.9690319315923269
12975 10764272 1.0278407285678515 -0.1252904779845929 0.3046733836858006 1.8153108089675565 -0.9690319315923269
12976 10764272 1.0278459083023275 -0.12530028796801732 0.3046676283987916 1.8153108089675565 -0.9690319315923269
12977 10764272 1.0278510880368037 -0.12531009795144177 0.3046618731117825 1.8153108089675565 -0.9690319315923269
12978 10764272 1.02785626777128 -0.1253199079348662 0.3046561178247734 1.8153108089675565 -0.9690319315923269
12979 10764272 1.027861447505756 -0.12532971791829065 0.30465036253776434 1.8153108089675565 -0.9690319315923269
12980 10764272 1.0278666272402321 -0.12533952790171507 0.3046446072507553 1.8153108089675565 -0.9690319315923269
12981 10764272 1.0278718069747084 -0.12534933788513952 0.30463885196374624 1.8153108089675565 -0.9690319315923269
12982 10764272 1.0278769867091844 -0.12535914786856397 0.30463309667673716 1.8153108089675565 -0.9690319315923269
12983 10764272 1.0278821664436606 -0.1253689578519884 0.30462734138972813 1.8153108089675565 -0.9690319315923269
12984 10764272 1.0278873461781366 -0.12537876783541285 0.30462158610271906 1.8153108089675565 -0.9690319315923269
12985 10764272 1.0278925259126128 -0.12538857781883728 0.30461583081571 1.8153108089675565 -0.9690319315923269
12986 10764272 1.027897705647089 -0.12539838780226173 0.3046100755287009 1.8153108089675565 -0.9690319315923269
12987 10764272 1.027902885381565 -0.12540819778568615 0.3046043202416919 1.8153108089675565 -0.9690319315923269
12988 10764272 1.0279080651160413 -0.1254180077691106 0.3045985649546828 1.8153108089675565 -0.9690319315923269
12989 10764272 1.0279132448505175 -0.12542781775253503 0.3045928096676737 1.8153108089675565 -0.9690319315923269
12990 10764272 1.0279184245849935 -0.12543762773595948 0.3045870543806647 1.8153108089675565 -0.9690319315923269
12991 10764272 1.0279236043194697 -0.1254474377193839 0.3045812990936556 1.8153108089675565 -0.9690319315923269
12992 10764272 1.0279287840539457 -0.12545724770280836 0.30457554380664653 1.8153108089675565 -0.9690319315923269
12993 10764272 1.027933963788422 -0.12546705768623279 0.30456978851963745 1.8153108089675565 -0.9690319315923269
12994 10764272 1.0279391435228982 -0.12547686766965724 0.30456403323262843 1.8153108089675565 -0.9690319315923269
12995 10764272 1.0279443232573742 -0.1254866776530817 0.30455827794561935 1.8153108089675565 -0.9690319315923269
12996 10764272 1.0279495029918504 -0.12549648763650612 0.30455252265861027 1.8153108089675565 -0.9690319315923269
12997 10764272 1.0279546827263266 -0.12550629761993057 0.30454676737160125 1.8153108089675565 -0.9690319315923269
12998 10764272 1.0279598624608026 -0.125516107603355 0.30454101208459217 1.8153108089675565 -0.9690319315923269
12999 10764272 1.0279650421952788 -0.12552591758677945 0.3045352567975831 1.8153108089675565 -0.9690319315923269
13000 10764272 1.0279702219297548 -0.12553572757020387 0.304529501510574 1.8153108089675565 -0.9690319315923269
13001 10764272 1.027975401664231 -0.12554553755362832 0.304523746223565 1.8153108089675565 -0.9690319315923269
13002 10764272 1.0279805813987073 -0.12555534753705275 0.3045179909365559 1.8153108089675565 -0.9690319315923269
13003 10764272 1.0279857611331833 -0.1255651575204772 0.3045122356495468 1.8153108089675565 -0.9690319315923269
13004 10764272 1.0279909408676595 -0.12557496750390162 0.3045064803625378 1.8153108089675565 -0.9690319315923269
13005 10764272 1.0279961206021357 -0.12558477748732608 0.3045007250755287 1.8153108089675565 -0.9690319315923269
13006 10764272 1.0280013003366117 -0.1255945874707505 0.30449496978851964 1.8153108089675565 -0.9690319315923269
13007 10764272 1.028006480071088 -0.12560439745417495 0.30448921450151056 1.8153108089675565 -0.9690319315923269
13008 10764272 1.0280116598055642 -0.12561420743759938 0.30448345921450154 1.8153108089675565 -0.9690319315923269
13009 10764272 1.0280168395400402 -0.12562401742102383 0.30447770392749246 1.8153108089675565 -0.9690319315923269
13010 10764272 1.0280220192745164 -0.12563382740444828 0.3044719486404834 1.8153108089675565 -0.9690319315923269
13011 10764272 1.0280271990089924 -0.1256436373878727 0.30446619335347436 1.8153108089675565 -0.9690319315923269
13012 10764272 1.0280323787434686 -0.12565344737129716 0.3044604380664653 1.8153108089675565 -0.9690319315923269
13013 10764272 1.0280375584779449 -0.12566325735472159 0.3044546827794562 1.8153108089675565 -0.9690319315923269
