32696 10628960 1.4530280788393903 0.04257903712978241 0.3048 1.08758931053422 -1.746861674321038
32697 10628960 1.4536825246723701 0.03878266998139114 0.3048 1.08758931053422 -1.746861674321038
32698 10628960 1.45433697050535 0.034986302832999874 0.3048 1.08758931053422 -1.746861674321038
32699 10628960 1.4547561854336208 0.03219162844344804 0.3048 1.08758931053422 -1.746861674321038
32700 10628960 1.4551754003618917 0.029396954053896203 0.3048 1.08758931053422 -1.746861674321038
32701 10628960 1.4555946152901624 0.026602279664344367 0.3048 1.08758931053422 -1.746861674321038
32702 10628960 1.4560138302184333 0.02380760527479253 0.3048 1.08758931053422 -1.746861674321038
32703 10628960 1.4558226024415724 0.021183122223226623 0.3048 1.08758931053422 -1.746861674321038
32704 10628960 1.4556313746647112 0.01855863917166071 0.3048 1.08758931053422 -1.746861674321038
32705 10628960 1.4554401468878502 0.0159341561200948 0.3048 1.08758931053422 -1.746861674321038
32706 10628960 1.4552489191109892 0.013309673068528892 0.3048 1.08758931053422 -1.746861674321038
32707 10628960 1.455057691334128 0.010685190016962982 0.3048 1.08758931053422 -1.746861674321038
32708 10628960 1.454866463557267 0.008060706965397072 0.3048 1.08758931053422 -1.746861674321038
32709 10628960 1.4546752357804058 0.0054362239138311605 0.3048 1.08758931053422 -1.746861674321038
32710 10628960 1.4544840080035448 0.0028117408622652523 0.3048 1.08758931053422 -1.746861674321038
32711 10628960 1.4486712762365426 0.0027244828130384277 0.3048 1.08758931053422 -1.746861674321038
32712 10628960 1.4428585444695405 0.002637224763811603 0.3048 1.08758931053422 -1.746861674321038
32713 10628960 1.4370458127025383 0.0025499667145847784 0.3048 1.08758931053422 -1.746861674321038
32714 10628960 1.4312330809355363 0.0024627086653579537 0.3048 1.08758931053422 -1.746861674321038
32715 10628960 1.425420349168534 0.0023754506161311286 0.3048 1.08758931053422 -1.746861674321038
32716 10628960 1.419607617401532 0.002288192566904304 0.3048 1.08758931053422 -1.746861674321038
32717 10628960 1.4137948856345297 0.0022009345176774793 0.3048 1.08758931053422 -1.746861674321038
32718 10628960 1.4079821538675275 0.0021136764684506547 0.3048 1.08758931053422 -1.746861674321038
32719 10628960 1.4021694221005254 0.00202641841922383 0.3048 1.08758931053422 -1.746861674321038
32720 10628960 1.3963566903335232 0.0019391603699970054 0.3048 1.08758931053422 -1.746861674321038
32721 10628960 1.3905439585665211 0.0018519023207701805 0.3048 1.08758931053422 -1.746861674321038
32722 10628960 1.3847312267995189 0.0017646442715433558 0.3048 1.08758931053422 -1.746861674321038
32723 10628960 1.3789184950325168 0.0016773862223165312 0.3048 1.08758931053422 -1.746861674321038
32724 10628960 1.3731057632655146 0.0015901281730897063 0.3048 1.08758931053422 -1.746861674321038
32725 10628960 1.3672930314985123 0.0015028701238628817 0.3048 1.08758931053422 -1.746861674321038
32726 10628960 1.3614802997315103 0.001415612074636057 0.3048 1.08758931053422 -1.746861674321038
32727 10628960 1.355667567964508 0.0013283540254092324 0.3048 0.03422456732325885 -1.0283106210632738
32728 10628960 1.349854836197506 0.0012410959761824077 0.3048 0.03422456732325885 -1.0283106210632738
32729 10628960 1.3440421044305038 0.0011538379269555828 0.3048 0.03422456732325885 -1.0283106210632738
32730 10628960 1.3382293726635017 0.0010665798777287582 0.3048 0.03422456732325885 -1.0283106210632738
32731 10628960 1.3324166408964995 0.0009793218285019335 0.3048 0.03422456732325885 -1.0283106210632738
32732 10628960 1.3266039091294974 0.0008920637792751086 0.3048 0.03422456732325885 -1.0283106210632738
32733 10628960 1.3207911773624952 0.000804805730048284 0.3048 0.03422456732325885 -1.0283106210632738
32734 10628960 1.314978445595493 0.0007175476808214593 0.3048 0.03422456732325885 -1.0283106210632738
32735 10628960 1.309165713828491 0.0006302896315946347 0.3048 0.03422456732325885 -1.0283106210632738
32736 10628960 1.3033529820614886 0.00054303158236781 0.3048 0.03422456732325885 -1.0283106210632738
32737 10628960 1.2975402502944866 0.0004557735331409854 0.3048 0.03422456732325885 -1.0283106210632738
32738 10628960 1.2917275185274844 0.0003685154839141603 0.3048 0.03422456732325885 -1.0283106210632738
32739 10628960 1.2859147867604823 0.00028125743468733564 0.3048 0.03422456732325885 -1.0283106210632738
32740 10628960 1.28010205499348 0.000193999385460511 0.3048 0.03422456732325885 -1.0283106210632738
32741 10628960 1.2526216242986026 0.0010713930206124483 0.3048 0.03422456732325885 -1.0283106210632738
32742 10628960 1.225141193603725 0.0019487866557643858 0.3048 0.03422456732325885 -1.0283106210632738
32743 10628960 1.1976607629088476 0.0028261802909163233 0.3048 0.03422456732325885 -1.0283106210632738
32744 10628960 1.1701803322139703 0.0037035739260682606 0.3048 0.03422456732325885 -1.0283106210632738
32745 10628960 1.1426999015190928 0.004580967561220198 0.3048 0.03422456732325885 -1.0283106210632738
32746 10628960 1.1152194708242154 0.005458361196372136 0.3048 0.03422456732325885 -1.0283106210632738
32747 10628960 1.0654205456203945 0.0052549560107285065 0.3048 0.03422456732325885 -1.0283106210632738
32748 10628960 1.0323912216709048 0.003919725050021956 0.307848 0.03422456732325885 -1.0283106210632738
32749 10628960 0.999361897721415 0.0025844940893154063 0.310896 0.03422456732325885 -1.0283106210632738
32750 10628960 0.9663325737719254 0.0012492631286088567 0.313944 0.03422456732325885 -1.0283106210632738
32751 10628960 0.9333032498224356 -8.596783209769386e-05 0.316992 0.03422456732325885 -1.0283106210632738
32752 10628960 0.900273925872946 -0.0014211987928042444 0.32004 0.03422456732325885 -1.0283106210632738
32753 10628960 0.8672446019234563 -0.002756429753510793 0.32308800000000004 0.03422456732325885 -1.0283106210632738
32754 10628960 0.8342152779739667 -0.004091660714217344 0.32613600000000004 0.03422456732325885 -1.0283106210632738
32755 10628960 0.8011859540244769 -0.005426891674923894 0.32918400000000003 0.03422456732325885 -1.0283106210632738
32756 10628960 0.7681566300749871 -0.006762122635630445 0.332232 0.03422456732325885 -1.0283106210632738
32757 10628960 0.7351273061254975 -0.008097353596336995 0.33528 0.03422456732325885 -1.0283106210632738
32758 10628960 0.7014863020271728 -0.009321665909531304 0.3396342857142857 0.03422456732325885 -1.0283106210632738
32759 10628960 0.6678452979288481 -0.010545978222725613 0.3439885714285714 0.03422456732325885 -1.0283106210632738
32760 10628960 0.6342042938305233 -0.011770290535919922 0.3483428571428571 0.03422456732325885 -1.0283106210632738
32761 10628960 0.6005632897321986 -0.012994602849114231 0.3526971428571429 0.03422456732325885 -1.0283106210632738
32762 10628960 0.5669222856338738 -0.01421891516230854 0.3570514285714286 0.03422456732325885 -1.0283106210632738
32763 10628960 0.5332812815355491 -0.01544322747550285 0.3614057142857143 0.03422456732325885 -1.0283106210632738
32764 10628960 0.4996402774372244 -0.016667539788697158 0.36576 0.03422456732325885 -1.0283106210632738
32765 10628960 0.463585005999265 -0.02100775573761582 0.36576 0.03422456732325885 -1.0283106210632738
32766 10628960 0.4210065987124994 -0.02356651645480136 0.36576 0.03422456732325885 -1.0283106210632738
32767 10628960 0.3784281914257338 -0.0261252771719869 0.36576 0.03422456732325885 -1.0283106210632738
32768 10628960 0.36106856815421173 -0.024891746773836737 0.36576 0.03422456732325885 -1.0283106210632738
32769 10628960 0.3220373821244057 -0.02701245902773482 0.36576 0.03422456732325885 -1.0283106210632738
32770 10628960 0.28300619609459965 -0.029133171281632907 0.36576 0.03422456732325885 -1.0283106210632738
32771 10628960 0.2439750100647936 -0.03125388353553099 0.36576 0.03422456732325885 -1.0283106210632738
32772 10628960 0.20643056167374396 -0.03335384758697804 0.36576 0.03422456732325885 -1.0283106210632738
32773 10628960 0.149245711905584 -0.03277323942048646 0.36576 0.03422456732325885 -1.0283106210632738
32774 10628960 0.13035753803232852 -0.03512867029181621 0.36576 0.03422456732325885 -1.0283106210632738
32775 10628960 0.07031518038283213 -0.03676798759619221 0.36576 0.03422456732325885 -1.0283106210632738
32776 10628960 0.02622566302210927 -0.035793287459890605 0.36576 0.03422456732325885 -1.0283106210632738
32777 10628960 0.004983314026912711 -0.03556807753128817 0.36576 0.03422456732325885 -1.0283106210632738
32778 10628960 -0.016259034968283848 -0.035342867602685735 0.36576 0.03422456732325885 -1.0283106210632738
32779 10628960 -0.07337691339233987 -0.0361844852055255 0.36576 0.03422456732325885 -1.0283106210632738
32780 10628960 -0.11398087191492168 -0.03541361430415338 0.36576 0.03422456732325885 -1.0283106210632738
32781 10628960 -0.1567073018026206 -0.035701231367216674 0.39624000000000004 0.03422456732325885 -1.0283106210632738
32782 10628960 -0.22140137405739457 -0.0325465234401566 0.39624000000000004 0.03422456732325885 -1.0283106210632738
32783 10628960 -0.2651896449076856 -0.027929999872797734 0.39624000000000004 0.03422456732325885 -1.0283106210632738
32784 10628960 -0.30591902769399315 -0.026182450470728175 0.39624000000000004 0.03422456732325885 -1.0283106210632738
32785 10628960 -0.3526362649456125 -0.026449574162619865 0.39624000000000004 0.03422456732325885 -1.0283106210632738
32786 10628960 -0.41276638072904226 -0.022915848100917097 0.39624000000000004 0.03422456732325885 -1.0283106210632738
32787 10628960 -0.4392637965809574 -0.019744778688386005 0.39624000000000004 0.03422456732325885 -1.0283106210632738
32788 10628960 -0.4930435238095743 -0.018520075589821355 0.39624000000000004 0.03422456732325885 -1.0283106210632738
32789 10628960 -0.5444160267218154 -0.018081976981429854 0.39624000000000004 0.03422456732325885 -1.0283106210632738
32790 10628960 -0.5668323022728958 -0.016010975595499383 0.39624000000000004 0.03422456732325885 -1.0283106210632738
32791 10628960 -0.5892485778239762 -0.013939974209568912 0.39624000000000004 0.03422456732325885 -1.0283106210632738
32792 10628960 -0.6428905167354109 -0.012291926954115656 0.39624000000000004 0.03422456732325885 -1.0283106210632738
32793 10628960 -0.6927964268549067 -0.012799656528499653 0.39624000000000004 0.03422456732325885 -1.0283106210632738
32794 10628960 -0.7357997820268263 -0.013928195978740648 0.42672000000000004 0.03422456732325885 -1.0283106210632738
32795 10628960 -0.8119445660510975 -0.015904023316801547 0.42672000000000004 0.03422456732325885 -1.0283106210632738
32796 10628960 -0.8511775304770495 -0.01908255884933638 0.42672000000000004 0.03422456732325885 -1.0283106210632738
32797 10628960 -0.8983055858935842 -0.016524867588775832 0.42672000000000004 0.03422456732325885 -1.0283106210632738
32798 10628960 -0.9601191576551693 -0.020848505518705235 0.42672000000000004 0.03422456732325885 -1.0283106210632738
32799 10628960 -0.9896972486264297 -0.024379299832906015 0.42672000000000004 0.03422456732325885 -1.0283106210632738
32800 10628960 -1.0366314053502645 -0.02258518399764911 0.45720000000000005 0.03422456732325885 -1.0283106210632738
32801 10628960 -1.0871162956830998 -0.027574530599725283 0.45720000000000005 0.03422456732325885 -1.0283106210632738
32802 10628960 -1.1349911255214986 -0.025939563447739317 0.45720000000000005 0.03422456732325885 -1.0283106210632738
32803 10628960 -1.1630776430623453 -0.02843856708427081 0.45720000000000005 0.03422456732325885 -1.0283106210632738
32804 10628960 -1.191164160603192 -0.030937570720802304 0.45720000000000005 0.03422456732325885 -1.0283106210632738
32805 10628960 -1.2434251765049311 -0.034293599215477394 0.45720000000000005 0.03422456732325885 -1.0283106210632738
32806 10628960 -1.282659019395709 -0.037469758460442565 0.45720000000000005 0.03422456732325885 -1.0283106210632738
32807 10628960 -1.3521808537073683 -0.0425410143898898 0.48768 0.03422456732325885 -1.0283106210632738
32808 10628960 -1.3798422611883023 -0.04400997851690394 0.48768 0.03422456732325885 -1.0283106210632738
32809 10628960 -1.4239255743476085 -0.045716311530659276 0.48768 0.03422456732325885 -1.0283106210632738
32810 10628960 -1.4917161628588633 -0.0506515487227113 0.48768 0.03422456732325885 -1.0283106210632738
32811 10628960 -1.5296433083814052 -0.05390337324617703 0.48768 0.03422456732325885 -1.0283106210632738
32812 10628960 -1.574959431631388 -0.06046339540750459 0.48768 0.03422456732325885 -1.0283106210632738
32813 10628960 -1.6253311015316447 -0.06536963147103173 0.48768 0.03422456732325885 -1.0283106210632738
32814 10628960 -1.6631288883668176 -0.06550851108982816 0.5181600000000001 0.03422456732325885 -1.0283106210632738
32815 10628960 -1.7098020670303524 -0.07512910477881732 0.5181600000000001 0.03422456732325885 -1.0283106210632738
32816 10628960 -1.7342514472063075 -0.0751938243284628 0.5181600000000001 0.03422456732325885 -1.0283106210632738
32817 10628960 -1.7587008273822626 -0.07525854387810829 0.5181600000000001 0.03422456732325885 -1.0283106210632738
32818 10628960 -1.8196980306419575 -0.08521730101342664 0.5181600000000001 0.03422456732325885 -1.0283106210632738
32819 10628960 -1.8660087162768553 -0.08829576843291978 0.5181600000000001 0.03422456732325885 -1.0283106210632738
32820 10628960 -1.9111289280511377 -0.09316547290908342 0.5181600000000001 0.03422456732325885 -1.0283106210632738
32821 10628960 -1.95206913566775 -0.102907503290424 0.5181600000000001 0.03422456732325885 -1.0283106210632738
32822 10628960 -2.000739206880146 -0.11292487165405787 0.54864 0.03422456732325885 -1.0283106210632738
32823 10628960 -2.039787420643014 -0.12258438749246495 0.54864 0.03422456732325885 -1.0283106210632738
32824 10628960 -2.1037981448785716 -0.13903313186828695 0.54864 0.03422456732325885 -1.0283106210632738
32825 10628960 -2.1291036748020344 -0.14985806164184326 0.54864 0.03422456732325885 -1.0283106210632738
32826 10628960 -2.1544092047254972 -0.16068299141539957 0.54864 0.03422456732325885 -1.0283106210632738
32827 10628960 -2.2180767695196835 -0.18694104882351972 0.54864 0.03422456732325885 -1.0283106210632738
32828 10628960 -2.253941732428114 -0.20967575841945654 0.54864 0.03422456732325885 -1.0283106210632738
32829 10628960 -2.292421464409766 -0.23225595601230523 0.54864 0.03422456732325885 -1.0283106210632738
32830 10628960 -2.336502157878815 -0.25837828827074527 0.54864 0.03422456732325885 -1.0283106210632738
32831 10628960 -2.3766680794901944 -0.29045493422146584 0.54864 0.03422456732325885 -1.0283106210632738
32832 10628960 -2.4297766314567557 -0.337108482203338 0.57912 0.03422456732325885 -1.0283106210632738
32833 10628960 -2.4666277298555173 -0.3682830980783396 0.57912 0.03422456732325885 -1.0283106210632738
32834 10628960 -2.4995357167237335 -0.4009814311912969 0.57912 0.03422456732325885 -1.0283106210632738
32835 10628960 -2.533078641580695 -0.4369772224487626 0.57912 0.03422456732325885 -1.0283106210632738
32836 10628960 -2.563740672214726 -0.4804587225743677 0.57912 0.03422456732325885 -1.0283106210632738
32837 10628960 -2.580260718082699 -0.5037967324019094 0.57912 0.03422456732325885 -1.0283106210632738
32838 10628960 -2.5967807639506724 -0.527134742229451 0.57912 0.03422456732325885 -1.0283106210632738
32839 10628960 -2.619447794490789 -0.5692594365039231 0.57912 0.03422456732325885 -1.0283106210632738
32840 10628960 -2.6569858446771804 -0.6269658212664467 0.57912 0.03422456732325885 -1.0283106210632738
32841 10628960 -2.6759085981747566 -0.6739377121563432 0.6096 0.03422456732325885 -1.0283106210632738
32842 10628960 -2.6971781334303486 -0.7172206715941312 0.6096 0.03422456732325885 -1.0283106210632738
32843 10628960 -2.727651718795366 -0.79406379510192 0.6096 0.03422456732325885 -1.0283106210632738
32844 10628960 -2.7341095028959606 -0.8138003778648725 0.6096 0.03422456732325885 -1.0283106210632738
32845 10628960 -2.7470250704047876 -0.8532735414893531 0.6096 0.03422456732325885 -1.0283106210632738
32846 10628960 -2.743543176731497 -0.9033444306603762 0.6117771428571429 0.03422456732325885 -1.0283106210632738
32847 10628960 -2.740061283058206 -0.9534153198313992 0.6139542857142858 0.03422456732325885 -1.0283106210632738
32848 10628960 -2.7365793893849153 -1.0034862090024221 0.6161314285714287 0.03422456732325885 -1.0283106210632738
32849 10628960 -2.733097495711625 -1.0535570981734452 0.6183085714285714 0.03422456732325885 -1.0283106210632738
32850 10628960 -2.729615602038334 -1.1036279873444683 0.6204857142857143 0.03422456732325885 -1.0283106210632738
32851 10628960 -2.7261337083650434 -1.1536988765154914 0.6226628571428572 0.03422456732325885 -1.0283106210632738
32852 10628960 -2.7226518146917527 -1.2037697656865145 0.6248400000000001 0.03422456732325885 -1.0283106210632738
32853 10628960 -2.719169921018462 -1.2538406548575374 0.6270171428571429 0.03422456732325885 -1.0283106210632738
32854 10628960 -2.715688027345171 -1.3039115440285605 0.6291942857142858 0.03422456732325885 -1.0283106210632738
32855 10628960 -2.7122061336718803 -1.3539824331995836 0.6313714285714287 0.03422456732325885 -1.0283106210632738
32856 10628960 -2.70872423999859 -1.4040533223706064 0.6335485714285715 0.03422456732325885 -1.0283106210632738
32857 10628960 -2.7052423463252993 -1.4541242115416297 0.6357257142857143 0.03422456732325885 -1.0283106210632738
32858 10628960 -2.7017604526520085 -1.5041951007126526 0.6379028571428572 0.03422456732325885 -1.0283106210632738
32859 10628960 -2.6982785589787177 -1.5542659898836757 0.6400800000000001 0.03422456732325885 -1.0283106210632738
32860 10628960 -2.6651756232790786 -1.6106051786415625 0.6400800000000001 0.03422456732325885 -1.0283106210632738
32861 10628960 -2.6320726875794396 -1.6669443673994495 0.6400800000000001 0.03422456732325885 -1.0283106210632738
32862 10628960 -2.6097612078905756 -1.6965208496459603 0.6400800000000001 0.03422456732325885 -1.0283106210632738
32863 10628960 -2.5874497282017117 -1.7260973318924713 0.6400800000000001 0.03422456732325885 -1.0283106210632738
32864 10628960 -2.5651382485128478 -1.755673814138982 0.6400800000000001 0.03422456732325885 -1.0283106210632738
32865 10628960 -2.518456804496707 -1.8003882181746305 0.6400800000000001 0.03422456732325885 -1.0283106210632738
32866 10628960 -2.4588893382736314 -1.8518877849198 0.6400800000000001 0.03422456732325885 -1.0283106210632738
32867 10628960 -2.4210616197715487 -1.8856431185664906 0.6400800000000001 0.03422456732325885 -1.0283106210632738
32868 10628960 -2.3974395812200333 -1.9030675871665077 0.6400800000000001 0.03422456732325885 -1.0283106210632738
32869 10628960 -2.3502509733493144 -1.9331072448510875 0.6400800000000001 0.03422456732325885 -1.0283106210632738
32870 10628960 -2.303062365478595 -1.9631469025356676 0.6400800000000001 0.03422456732325885 -1.0283106210632738
32871 10628960 -2.2558737576078762 -1.9931865602202474 0.6400800000000001 0.03422456732325885 -1.0283106210632738
32872 10628960 -2.1823431471304104 -2.0332430057244824 0.6400800000000001 0.03422456732325885 -1.0283106210632738
32873 10628960 -2.1152914978755843 -2.060781007610981 0.6400800000000001 0.03422456732325885 -1.0283106210632738
32874 10628960 -2.057894093951994 -2.0846935670749027 0.6400800000000001 0.03422456732325885 -1.0283106210632738
32875 10628960 -2.0275304935359033 -2.09509106515597 0.6400800000000001 0.03422456732325885 -1.0283106210632738
32876 10628960 -1.969599657047232 -2.113569090357404 0.6400800000000001 0.03422456732325885 -1.0283106210632738
32877 10628960 -1.911004058174169 -2.1327313265687016 0.6400800000000001 0.03422456732325885 -1.0283106210632738
32878 10628960 -1.8621785535846451 -2.1491654276559475 0.6400800000000001 0.03422456732325885 -1.0283106210632738
32879 10628960 -1.8155715647625177 -2.1587982278102085 0.6400800000000001 0.03422456732325885 -1.0283106210632738
32880 10628960 -1.7388638533346181 -2.178273537783069 0.6400800000000001 0.03422456732325885 -1.0283106210632738
32881 10628960 -1.7097925979499762 -2.185150743807931 0.6400800000000001 0.03422456732325885 -1.0283106210632738
32882 10628960 -1.6807213425653342 -2.1920279498327924 0.6400800000000001 0.03422456732325885 -1.0283106210632738
32883 10628960 -1.6235935266027395 -2.199374671912367 0.6400800000000001 0.03422456732325885 -1.0283106210632738
32884 10628960 -1.5472597371344434 -2.2142858308441236 0.6400800000000001 0.03422456732325885 -1.0283106210632738
32885 10628960 -1.4969780681104898 -2.219743582913142 0.6400800000000001 0.03422456732325885 -1.0283106210632738
32886 10628960 -1.4429012814777245 -2.226909136207317 0.6400800000000001 0.03422456732325885 -1.0283106210632738
32887 10628960 -1.3941057323188895 -2.226856444601537 0.6400800000000001 0.03422456732325885 -1.0283106210632738
32888 10628960 -1.3403028358898414 -2.2324128591094357 0.6400800000000001 0.03422456732325885 -1.0283106210632738
32889 10628960 -1.258396806631689 -2.2373425259654733 0.6400800000000001 0.03422456732325885 -1.0283106210632738
32890 10628960 -1.1987666640019248 -2.2424663078723928 0.6400800000000001 0.03422456732325885 -1.0283106210632738
32891 10628960 -1.1668586174128712 -2.2454201510526066 0.6400800000000001 0.03422456732325885 -1.0283106210632738
32892 10628960 -1.1071813476463783 -2.2490397800442694 0.6400800000000001 0.03422456732325885 -1.0283106210632738
32893 10628960 -1.0325090897412175 -2.248915112799986 0.6400800000000001 0.03422456732325885 -1.0283106210632738
32894 10628960 -0.9957487147312474 -2.2512929259126784 0.6400800000000001 0.03422456732325885 -1.0283106210632738
32895 10628960 -0.9589883397212773 -2.253670739025371 0.6400800000000001 0.03422456732325885 -1.0283106210632738
32896 10628960 -0.9038733621762371 -2.253577647726252 0.6400800000000001 0.03422456732325885 -1.0283106210632738
32897 10628960 -0.8714824996215276 -2.255052414093683 0.6400800000000001 0.03422456732325885 -1.0283106210632738
32898 10628960 -0.7916060074212481 -2.2580284728461284 0.6400800000000001 0.03422456732325885 -1.0283106210632738
32899 10628960 -0.7663704985953796 -2.256930358652207 0.6400800000000001 0.03422456732325885 -1.0283106210632738
32900 10628960 -0.6842241823408681 -2.261114510767002 0.6400800000000001 0.03422456732325885 -1.0283106210632738
32901 10628960 -0.6396045428377206 -2.26050997752331 0.6400800000000001 0.03422456732325885 -1.0283106210632738
32902 10628960 -0.5768082179972172 -2.2640933680853217 0.6400800000000001 0.03422456732325885 -1.0283106210632738
32903 10628960 -0.518250973705116 -2.2616176624265583 0.6400800000000001 0.03422456732325885 -1.0283106210632738
32904 10628960 -0.45817343207177985 -2.265362993889228 0.6400800000000001 0.03422456732325885 -1.0283106210632738
32905 10628960 -0.40889787239560005 -2.265460923441022 0.6400800000000001 0.03422456732325885 -1.0283106210632738
32906 10628960 -0.37048564512622606 -2.2668567456126154 0.6400800000000001 0.03422456732325885 -1.0283106210632738
32907 10628960 -0.33207341785685207 -2.268252567784209 0.6400800000000001 0.03422456732325885 -1.0283106210632738
32908 10628960 -0.28676577925201485 -2.2671698701732472 0.6400800000000001 0.03422456732325885 -1.0283106210632738
32909 10628960 -0.2269632816880951 -2.2701225207324978 0.6400800000000001 0.03422456732325885 -1.0283106210632738
32910 10628960 -0.17714880498509444 -2.2699277667223976 0.6400800000000001 0.03422456732325885 -1.0283106210632738
32911 10628960 -0.08628711321082505 -2.2746168084707428 0.6400800000000001 0.03422456732325885 -1.0283106210632738
32912 10628960 -0.05762518160346697 -2.2766220696811237 0.6400800000000001 0.03422456732325885 -1.0283106210632738
32913 10628960 -0.0005271618891601326 -2.2758853993710897 0.6400800000000001 0.03422456732325885 -1.0283106210632738
32914 10628960 0.07614892784807847 -2.276404756850321 0.6400800000000001 0.03422456732325885 -1.0283106210632738
32915 10628960 0.10717303775989173 -2.2790643665409505 0.6400800000000001 0.03422456732325885 -1.0283106210632738
32916 10628960 0.1872588920463253 -2.2748553847215542 0.6400800000000001 0.03422456732325885 -1.0283106210632738
32917 10628960 0.2421521882907478 -2.27678456999109 0.6400800000000001 0.03422456732325885 -1.0283106210632738
32918 10628960 0.2924361296316036 -2.2765065282762276 0.6400800000000001 0.03422456732325885 -1.0283106210632738
32919 10628960 0.3673211008214792 -2.278423875071329 0.6400800000000001 0.03422456732325885 -1.0283106210632738
32920 10628960 0.3975674760734407 -2.2776154750367423 0.6400800000000001 0.03422456732325885 -1.0283106210632738
32921 10628960 0.4278138513254021 -2.2768070750021563 0.6400800000000001 0.03422456732325885 -1.0283106210632738
32922 10628960 0.47146895706607544 -2.2750633066326222 0.6400800000000001 0.03422456732325885 -1.0283106210632738
32923 10628960 0.5483975215995445 -2.2734408248570697 0.6400800000000001 0.03422456732325885 -1.0283106210632738
32924 10628960 0.6046473696969792 -2.2698525507872684 0.6400800000000001 0.03422456732325885 -1.0283106210632738
32925 10628960 0.6360627237271761 -2.269950861473274 0.6400800000000001 0.03422456732325885 -1.0283106210632738
32926 10628960 0.694502778513871 -2.2667269238562446 0.6400800000000001 0.03422456732325885 -1.0283106210632738
32927 10628960 0.7466918438411992 -2.263329930302983 0.6400800000000001 0.03422456732325885 -1.0283106210632738
32928 10628960 0.8245379857024162 -2.2602521476237243 0.6400800000000001 0.03422456732325885 -1.0283106210632738
32929 10628960 0.8823385711295229 -2.25191143608875 0.6400800000000001 0.03422456732325885 -1.0283106210632738
32930 10628960 0.9305357311010685 -2.2484944837740275 0.6400800000000001 0.03422456732325885 -1.0283106210632738
32931 10628960 0.9793727979619145 -2.2485572603852204 0.6400800000000001 0.03422456732325885 -1.0283106210632738
32932 10628960 1.0292095879776144 -2.245558405566823 0.6400800000000001 0.03422456732325885 -1.0283106210632738
32933 10628960 1.0690050555598385 -2.2420250432440105 0.6400800000000001 0.03422456732325885 -1.0283106210632738
32934 10628960 1.1088005231420626 -2.238491680921198 0.6400800000000001 0.03422456732325885 -1.0283106210632738
32935 10628960 1.1628474996949936 -2.233479180916214 0.6400800000000001 0.03422456732325885 -1.0283106210632738
32936 10628960 1.2282945595164396 -2.2289182812728794 0.6400800000000001 0.03422456732325885 -1.0283106210632738
32937 10628960 1.288713380512795 -2.2315931895716874 0.6400800000000001 0.03422456732325885 -1.0283106210632738
32938 10628960 1.3342503220374022 -2.225435984152378 0.6400800000000001 0.03422456732325885 -1.0283106210632738
32939 10628960 1.374737013582855 -2.2252225836259627 0.6400800000000001 0.03422456732325885 -1.0283106210632738
32940 10628960 1.4152237051283074 -2.2250091830995475 0.6400800000000001 0.03422456732325885 -1.0283106210632738
32941 10628960 1.4646368503164497 -2.218948810089546 0.6400800000000001 0.03422456732325885 -1.0283106210632738
32942 10628960 1.4982295999818303 -2.2199883426178704 0.6400800000000001 0.03422456732325885 -1.0283106210632738
32943 10628960 1.5794890292746315 -2.219770076021944 0.6400800000000001 0.03422456732325885 -1.0283106210632738
32944 10628960 1.608828809402758 -2.2169672423638205 0.6400800000000001 0.03422456732325885 -1.0283106210632738
32945 10628960 1.701571447181394 -2.2115021186231933 0.6400800000000001 0.03422456732325885 -1.0283106210632738
32946 10628960 1.7489030672352652 -2.2139890657159693 0.6400800000000001 0.03422456732325885 -1.0283106210632738
32947 10628960 1.8057127400546544 -2.208122026374855 0.6400800000000001 0.03422456732325885 -1.0283106210632738
32948 10628960 1.8624161218617967 -2.2074767003076454 0.6400800000000001 0.03422456732325885 -1.0283106210632738
32949 10628960 1.9147844087498773 -2.2062333930961024 0.6400800000000001 0.03422456732325885 -1.0283106210632738
32950 10628960 1.9635182358339198 -2.202518217364422 0.6400800000000001 0.03422456732325885 -1.0283106210632738
32951 10628960 1.9886127387858816 -2.2018325503344043 0.6400800000000001 0.03422456732325885 -1.0283106210632738
32952 10628960 2.013707241737843 -2.201146883304386 0.6400800000000001 0.03422456732325885 -1.0283106210632738
32953 10628960 2.090630380869638 -2.1995077255533344 0.6400800000000001 0.03422456732325885 -1.0283106210632738
32954 10628960 2.1361853610341845 -2.1987255394726115 0.6400800000000001 0.03422456732325885 -1.0283106210632738
32955 10628960 2.1667505793710813 -2.197605707177793 0.6400800000000001 0.03422456732325885 -1.0283106210632738
32956 10628960 2.262890160966812 -2.194235906716626 0.6400800000000001 0.03422456732325885 -1.0283106210632738
32957 10628960 2.316568408210628 -2.1916943430133156 0.6400800000000001 0.03422456732325885 -1.0283106210632738
32958 10628960 2.370246655454444 -2.189152779310005 0.6400800000000001 0.03422456732325885 -1.0283106210632738
32959 10628960 2.3816474196096484 -2.187558986629227 0.6400800000000001 0.03422456732325885 -1.0283106210632738
32960 10628960 2.3930481837648525 -2.185965193948449 0.6400800000000001 0.03422456732325885 -1.0283106210632738
32961 10628960 2.472009221365094 -2.1889592297881495 0.6400800000000001 0.03422456732325885 -1.0283106210632738
32962 10628960 2.528103694861491 -2.1871758544085163 0.6400800000000001 0.03422456732325885 -1.0283106210632738
32963 10628960 2.5682578722291565 -2.1825257611534843 0.6400800000000001 0.03422456732325885 -1.0283106210632738
32964 10628960 2.6296850215931493 -2.1807299476445565 0.6400800000000001 0.03422456732325885 -1.0283106210632738
32965 10628960 2.681881118123322 -2.1759209595268825 0.6400800000000001 0.03422456732325885 -1.0283106210632738
32966 10628960 2.7119306056980292 -2.172294446946489 0.6400800000000001 0.03422456732325885 -1.0283106210632738
32967 10628960 2.7745760503251784 -2.1633604304675167 0.6248400000000001 0.0684491346465177 -2.0566212421265475
32968 10628960 2.837221494952327 -2.154426413988544 0.6096 0.0684491346465177 -2.0566212421265475
32969 10628960 2.8794057612154127 -2.1476338233126877 0.6096 0.0684491346465177 -2.0566212421265475
32970 10628960 2.947627253789313 -2.131815899124772 0.6096 0.0684491346465177 -2.0566212421265475
32971 10628960 2.9716457397590874 -2.123533653848043 0.6096 0.0684491346465177 -2.0566212421265475
32972 10628960 2.995664225728862 -2.115251408571314 0.6096 0.0684491346465177 -2.0566212421265475
32973 10628960 3.031805471409765 -2.1052011766818652 0.6096 0.0684491346465177 -2.0566212421265475
32974 10628960 3.096842819435408 -2.07736276692693 0.6096 0.0684491346465177 -2.0566212421265475
32975 10628960 3.1403282037650495 -2.05569117046976 0.6096 0.0684491346465177 -2.0566212421265475
32976 10628960 3.183998627098192 -2.029640933530941 0.6096 0.0684491346465177 -2.0566212421265475
32977 10628960 3.222073398307316 -2.000596518999424 0.6096 0.0684491346465177 -2.0566212421265475
32978 10628960 3.26014816951644 -1.971552104467907 0.6096 0.0684491346465177 -2.0566212421265475
32979 10628960 3.279284186760882 -1.953732874942841 0.6096 0.0684491346465177 -2.0566212421265475
32980 10628960 3.298420204005324 -1.9359136454177752 0.6096 0.0684491346465177 -2.0566212421265475
32981 10628960 3.3351484809836016 -1.8886743139182882 0.6096 0.0684491346465177 -2.0566212421265475
32982 10628960 3.3776738586572295 -1.826388796889163 0.6096 0.0684491346465177 -2.0566212421265475
32983 10628960 3.399313975059718 -1.7877374842570157 0.59944 0.0684491346465177 -2.0566212421265475
32984 10628960 3.4209540914622063 -1.7490861716248687 0.58928 0.0684491346465177 -2.0566212421265475
32985 10628960 3.442594207864695 -1.7104348589927214 0.57912 0.0684491346465177 -2.0566212421265475
32986 10628960 3.4618375036486944 -1.6528178972415997 0.57912 0.0684491346465177 -2.0566212421265475
32987 10628960 3.4746791684867526 -1.6297908881991547 0.57912 0.0684491346465177 -2.0566212421265475
32988 10628960 3.4803006010929285 -1.5962312857254277 0.57912 0.0684491346465177 -2.0566212421265475
32989 10628960 3.4859220336991044 -1.5626716832517007 0.57912 0.0684491346465177 -2.0566212421265475
32990 10628960 3.4992533579257152 -1.5201801710736702 0.57912 0.0684491346465177 -2.0566212421265475
32991 10628960 3.5091420388341623 -1.4561234283774245 0.57912 0.0684491346465177 -2.0566212421265475
32992 10628960 3.509734494846147 -1.4379773747693252 0.57912 0.0684491346465177 -2.0566212421265475
32993 10628960 3.5139852162377263 -1.3922893760229478 0.57912 0.0684491346465177 -2.0566212421265475
32994 10628960 3.5282944777859777 -1.3157744037509282 0.57912 0.0684491346465177 -2.0566212421265475
32995 10628960 3.525990287615958 -1.2874550880964633 0.57912 0.0684491346465177 -2.0566212421265475
32996 10628960 3.530425705872047 -1.2398415029150585 0.57912 0.0684491346465177 -2.0566212421265475
32997 10628960 3.5317297277854705 -1.2208762827447002 0.57912 0.0684491346465177 -2.0566212421265475
32998 10628960 3.5391519520739587 -1.1613879657576214 0.57912 0.0684491346465177 -2.0566212421265475
32999 10628960 3.539240690597694 -1.116210822613461 0.57912 0.0684491346465177 -2.0566212421265475
33000 10628960 3.542201301388524 -1.0984285780047278 0.57912 0.0684491346465177 -2.0566212421265475
33001 10628960 3.5451619121793536 -1.0806463333959948 0.57912 0.0684491346465177 -2.0566212421265475
33002 10628960 3.544234783306191 -1.000210940444485 0.57912 0.0684491346465177 -2.0566212421265475
33003 10628960 3.5450800723349154 -0.9567991147538567 0.57912 0.0684491346465177 -2.0566212421265475
33004 10628960 3.545007509996429 -0.9148399463931386 0.57912 0.0684491346465177 -2.0566212421265475
33005 10628960 3.544387693905401 -0.8663943279337036 0.57912 0.0684491346465177 -2.0566212421265475
33006 10628960 3.544982081319314 -0.8210315539205324 0.54864 0.0684491346465177 -2.0566212421265475
33007 10628960 3.545459239456303 -0.7814711094769725 0.54864 0.0684491346465177 -2.0566212421265475
33008 10628960 3.5441260593522608 -0.7515409779867777 0.54864 0.0684491346465177 -2.0566212421265475
33009 10628960 3.5427928792482186 -0.7216108464965828 0.54864 0.0684491346465177 -2.0566212421265475
33010 10628960 3.5393713102410898 -0.6831143820219848 0.54864 0.0684491346465177 -2.0566212421265475
33011 10628960 3.5365464907147484 -0.6438781115190607 0.54864 0.0684491346465177 -2.0566212421265475
33012 10628960 3.528951568308349 -0.5817085214646105 0.54864 0.0684491346465177 -2.0566212421265475
33013 10628960 3.525048244570314 -0.5446900985912706 0.54864 0.0684491346465177 -2.0566212421265475
33014 10628960 3.519641404608188 -0.5109190172957525 0.54864 0.0684491346465177 -2.0566212421265475
33015 10628960 3.50939867971893 -0.47183180459283414 0.54864 0.0684491346465177 -2.0566212421265475
33016 10628960 3.4951676597245607 -0.42945719371572 0.54864 0.0684491346465177 -2.0566212421265475
33017 10628960 3.475225455813585 -0.38989124386054475 0.54864 0.0684491346465177 -2.0566212421265475
33018 10628960 3.4584102685042595 -0.35706948386414117 0.54864 0.0684491346465177 -2.0566212421265475
33019 10628960 3.4413339744608686 -0.319606686731439 0.5181600000000001 0.0684491346465177 -2.0566212421265475
33020 10628960 3.4142105771939546 -0.2884436375220182 0.5181600000000001 0.0684491346465177 -2.0566212421265475
33021 10628960 3.402971350368756 -0.27186776460416573 0.5181600000000001 0.0684491346465177 -2.0566212421265475
33022 10628960 3.391732123543558 -0.2552918916863133 0.5181600000000001 0.0684491346465177 -2.0566212421265475
33023 10628960 3.340640903671898 -0.21186738224513355 0.5181600000000001 0.0684491346465177 -2.0566212421265475
33024 10628960 3.309400494408237 -0.18379896146556815 0.5181600000000001 0.0684491346465177 -2.0566212421265475
33025 10628960 3.26220098982511 -0.15402609714627322 0.5181600000000001 0.0684491346465177 -2.0566212421265475
33026 10628960 3.2411005211725747 -0.1397800066308814 0.5181600000000001 0.0684491346465177 -2.0566212421265475
33027 10628960 3.18872811110604 -0.11415891094946548 0.5181600000000001 0.0684491346465177 -2.0566212421265475
33028 10628960 3.148951128530877 -0.09837241109799841 0.5181600000000001 0.0684491346465177 -2.0566212421265475
33029 10628960 3.106789569067603 -0.08227458160248649 0.5181600000000001 0.0684491346465177 -2.0566212421265475
33030 10628960 3.075761691583597 -0.07214676033554808 0.508 0.0684491346465177 -2.0566212421265475
33031 10628960 3.0447338140995917 -0.062018939068609655 0.49784 0.0684491346465177 -2.0566212421265475
33032 10628960 3.013705936615586 -0.051891117801671244 0.48768 0.0684491346465177 -2.0566212421265475
33033 10628960 2.9420759558536913 -0.03902290311495962 0.48768 0.0684491346465177 -2.0566212421265475
33034 10628960 2.928731551895969 -0.03624390584113152 0.48768 0.0684491346465177 -2.0566212421265475
33035 10628960 2.9153871479382465 -0.033464908567303414 0.48768 0.0684491346465177 -2.0566212421265475
33036 10628960 2.8468522731940054 -0.021722870702774816 0.48768 0.0684491346465177 -2.0566212421265475
33037 10628960 2.786590316775973 -0.01863855430427433 0.45720000000000005 0.0684491346465177 -2.0566212421265475
33038 10628960 2.748983772696744 -0.01687529976829641 0.45720000000000005 0.0684491346465177 -2.0566212421265475
33039 10628960 2.7107568475264543 -0.017012043874716193 0.45720000000000005 0.0684491346465177 -2.0566212421265475
33040 10628960 2.645906332060031 -0.01710132773286968 0.45720000000000005 0.0684491346465177 -2.0566212421265475
33041 10628960 2.619445345667057 -0.013836144208396212 0.42672000000000004 0.0684491346465177 -2.0566212421265475
33042 10628960 2.56092574886442 -0.010851596305582828 0.42672000000000004 0.0684491346465177 -2.0566212421265475
33043 10628960 2.5236054742214313 -0.009297504497903814 0.42672000000000004 0.0684491346465177 -2.0566212421265475
33044 10628960 2.4793120468627867 -0.010606552763069738 0.42672000000000004 0.0684491346465177 -2.0566212421265475
33045 10628960 2.437555103610462 -0.007953942795900198 0.42672000000000004 0.0684491346465177 -2.0566212421265475
33046 10628960 2.3911407178473354 -0.008686812677830641 0.39624000000000004 0.0684491346465177 -2.0566212421265475
33047 10628960 2.347675390442758 -0.00582636262322847 0.39624000000000004 0.0684491346465177 -2.0566212421265475
33048 10628960 2.324921043237703 -0.0061651629593157675 0.39624000000000004 0.0684491346465177 -2.0566212421265475
33049 10628960 2.302166696032648 -0.006503963295403065 0.39624000000000004 0.0684491346465177 -2.0566212421265475
33050 10628960 2.259400292159249 -0.004221678534259504 0.39624000000000004 0.0684491346465177 -2.0566212421265475
33051 10628960 2.1996046824246585 -0.00514003449509734 0.39624000000000004 0.0684491346465177 -2.0566212421265475
33052 10628960 2.1599444850482064 -0.004221939876524611 0.36576 0.0684491346465177 -2.0566212421265475
33053 10628960 2.114927654465264 -0.0061104462507041435 0.36576 0.0684491346465177 -2.0566212421265475
33054 10628960 2.078356407136472 -0.006609411286542535 0.36576 0.0684491346465177 -2.0566212421265475
33055 10628960 2.04178515980768 -0.007108376322380927 0.36576 0.0684491346465177 -2.0566212421265475
33056 10628960 1.999328659202148 -0.0038744502398195824 0.36576 0.0684491346465177 -2.0566212421265475
33057 10628960 1.939212634091344 -0.0030506783074473742 0.36576 0.0684491346465177 -2.0566212421265475
33058 10628960 1.901946921410104 -0.004315087776125381 0.36576 0.0684491346465177 -2.0566212421265475
33059 10628960 1.8695552101162571 -0.0042505445313972545 0.33528 0.0684491346465177 -2.0566212421265475
33060 10628960 1.8270640366417852 -0.0011211484857380771 0.33528 0.0684491346465177 -2.0566212421265475
33061 10628960 1.7836764469957402 -0.0007361196936207792 0.33528 0.0684491346465177 -2.0566212421265475
33062 10628960 1.750676526858296 -0.001173371972265136 0.33528 0.0684491346465177 -2.0566212421265475
33063 10628960 1.726355987142237 -0.002225538601585586 0.33528 0.0684491346465177 -2.0566212421265475
33064 10628960 1.7020354474261778 -0.003277705230906036 0.33528 0.0684491346465177 -2.0566212421265475
33065 10628960 1.6597258783483886 -0.0023093774254282357 0.33528 0.0684491346465177 -2.0566212421265475
33066 10628960 1.6174163092705993 -0.0013410496199504351 0.33528 0.0684491346465177 -2.0566212421265475
33067 10628960 1.575862671744909 -0.0013201050773731446 0.33528 0.0684491346465177 -2.0566212421265475
33068 10628960 1.5343090342192185 -0.001299160534795854 0.33528 0.0684491346465177 -2.0566212421265475
33069 10628960 1.4999448962375248 -0.0008806474376817815 0.32766 0.0684491346465177 -2.0566212421265475
33070 10628960 1.4655807582558311 -0.0004621343405677089 0.32004 0.0684491346465177 -2.0566212421265475
33071 10628960 1.4312166202741374 -4.3621243453636355e-05 0.31242000000000003 0.0684491346465177 -2.0566212421265475
33072 10628960 1.3968524822924437 0.0003748918536604362 0.3048 0.0684491346465177 -2.0566212421265475
33073 10628960 1.3637086815600177 0.0010548098120640864 0.3048 0.0684491346465177 -2.0566212421265475
33074 10628960 1.3305648808275918 0.0017347277704677366 0.3048 0.0684491346465177 -2.0566212421265475
33075 10628960 1.2974210800951658 0.002414645728871387 0.3048 0.0684491346465177 -2.0566212421265475
33076 10628960 1.2642772793627397 0.003094563687275037 0.3048 0.0684491346465177 -2.0566212421265475
33077 10628960 1.2311334786303136 0.0037744816456786873 0.3048 0.0684491346465177 -2.0566212421265475
33078 10628960 1.1979896778978878 0.0044543996040823375 0.3048 0.0684491346465177 -2.0566212421265475
33079 10628960 1.1648458771654617 0.005134317562485988 0.3048 0.0684491346465177 -2.0566212421265475
33080 10628960 1.138487235857595 0.004983708182508938 0.3048 0.0684491346465177 -2.0566212421265475
33081 10628960 1.1121285945497283 0.004833098802531889 0.3048 0.0684491346465177 -2.0566212421265475
33082 10628960 1.0857699532418617 0.00468248942255484 0.3048 0.0684491346465177 -2.0566212421265475
33083 10628960 1.059411311933995 0.0045318800425777905 0.3048 0.0684491346465177 -2.0566212421265475
33084 10628960 1.0330526706261283 0.004381270662600741 0.3048 0.0684491346465177 -2.0566212421265475
33085 10628960 1.0066940293182616 0.004230661282623692 0.3048 0.0684491346465177 -2.0566212421265475
33086 10628960 0.980335388010395 0.004080051902646643 0.3048 0.0684491346465177 -2.0566212421265475
33087 10628960 0.9539767467025283 0.003929442522669593 0.3048 0.0684491346465177 -2.0566212421265475
33088 10628960 0.9394302988246669 0.004257274404471278 0.3048 0.0684491346465177 -2.0566212421265475
33089 10628960 0.9248838509468055 0.004585106286272962 0.3048 0.0684491346465177 -2.0566212421265475
33090 10628960 0.9103374030689441 0.004912938168074647 0.3048 0.0684491346465177 -2.0566212421265475
33091 10628960 0.8957909551910828 0.005240770049876331 0.3048 0.0684491346465177 -2.0566212421265475
33092 10628960 0.8812445073132213 0.005568601931678015 0.3048 0.0684491346465177 -2.0566212421265475
33093 10628960 0.8666980594353599 0.0058964338134797 0.3048 0.0684491346465177 -2.0566212421265475
33094 10628960 0.8521516115574985 0.006224265695281384 0.3048 0.0684491346465177 -2.0566212421265475
33095 10628960 0.8376051636796371 0.006552097577083069 0.3048 0.0684491346465177 -2.0566212421265475
33096 10628960 0.8293422342806261 0.0050460865505299254 0.3048 0.0684491346465177 -2.0566212421265475
33097 10628960 0.8210793048816152 0.0035400755239767823 0.3048 0.0684491346465177 -2.0566212421265475
33098 10628960 0.8163347037909324 0.006550626540134857 0.3048 0.0684491346465177 -2.0566212421265475
33099 10628960 0.8115901027002497 0.009561177556292932 0.3048 0.0684491346465177 -2.0566212421265475
33100 10628960 0.8082198707380565 0.010662347525586174 0.3048 0.0684491346465177 -2.0566212421265475
33101 10628960 0.8048496387758634 0.011763517494879416 0.3048 0.0684491346465177 -2.0566212421265475
33102 10628960 0.8014794068136701 0.012864687464172658 0.3048 0.0684491346465177 -2.0566212421265475
33103 10628960 0.7977309162975719 0.018606763658929396 0.3048 0.0684491346465177 -2.0566212421265475
33104 10628960 0.7939824257814735 0.024348839853686133 0.3048 0.0684491346465177 -2.0566212421265475
33105 10628960 0.7902339352653752 0.03009091604844287 0.3048 0.0684491346465177 -2.0566212421265475
33106 10628960 0.7918641221888216 0.03236212095159029 0.3048 0.0684491346465177 -2.0566212421265475
33107 10628960 0.7869368822797771 0.036308576006427826 0.3048 0.0684491346465177 -2.0566212421265475
33108 10628960 0.7885379647308413 0.040302752831454604 0.3048 0.0684491346465177 -2.0566212421265475
33109 10628960 0.7901390471819054 0.044296929656481375 0.3048 0.0684491346465177 -2.0566212421265475
33110 10628960 0.7917401296329696 0.04829110648150815 0.3048 0.0684491346465177 -2.0566212421265475
33111 10628960 0.7912243898467733 0.053054815187308785 0.3048 0.0684491346465177 -2.0566212421265475
33112 10628960 0.7907086500605771 0.057818523893109416 0.3048 0.0684491346465177 -2.0566212421265475
33113 10628960 0.7901929102743809 0.06258223259891005 0.3048 0.0684491346465177 -2.0566212421265475
33114 10628960 0.7917794439020114 0.0674378947392959 0.3048 0.0684491346465177 -2.0566212421265475
33115 10628960 0.7959458791372088 0.06778407184526236 0.3048 0.0684491346465177 -2.0566212421265475
33116 10628960 0.8001123143724063 0.06813024895122882 0.3048 0.0684491346465177 -2.0566212421265475
33117 10628960 0.8042787496076037 0.06847642605719528 0.3048 0.0684491346465177 -2.0566212421265475
33118 10628960 0.808445184842801 0.06882260316316176 0.3048 0.0684491346465177 -2.0566212421265475
33119 10628960 0.8126116200779985 0.06916878026912822 0.3048 0.0684491346465177 -2.0566212421265475
33120 10628960 0.8167780553131959 0.06951495737509468 0.3048 0.0684491346465177 -2.0566212421265475
33121 10628960 0.8209444905483934 0.06986113448106114 0.3048 0.0684491346465177 -2.0566212421265475
33122 10628960 0.8251109257835908 0.0702073115870276 0.3048 0.0684491346465177 -2.0566212421265475
33123 10628960 0.8292773610187882 0.07055348869299406 0.3048 0.0684491346465177 -2.0566212421265475
33124 10628960 0.8334437962539856 0.07089966579896054 0.3048 0.0684491346465177 -2.0566212421265475
33125 10628960 0.837610231489183 0.071245842904927 0.3048 0.0684491346465177 -2.0566212421265475
33126 10628960 0.8417766667243805 0.07159202001089346 0.3048 0.0684491346465177 -2.0566212421265475
33127 10628960 0.8459431019595779 0.07193819711685992 0.3048 0.0684491346465177 -2.0566212421265475
33128 10628960 0.8501095371947753 0.07228437422282638 0.3048 0.0684491346465177 -2.0566212421265475
33129 10628960 0.8542759724299728 0.07263055132879284 0.3048 0.0684491346465177 -2.0566212421265475
33130 10628960 0.8584424076651702 0.0729767284347593 0.3048 0.0684491346465177 -2.0566212421265475
33131 10628960 0.8626088429003675 0.07332290554072578 0.3048 0.0684491346465177 -2.0566212421265475
33132 10628960 0.866775278135565 0.07366908264669224 0.3048 0.0684491346465177 -2.0566212421265475
33133 10628960 0.8709417133707624 0.0740152597526587 0.3048 0.0684491346465177 -2.0566212421265475
33134 10628960 0.8751081486059599 0.07436143685862516 0.3048 0.0684491346465177 -2.0566212421265475
33135 10628960 0.8792745838411573 0.07470761396459162 0.3048 0.0684491346465177 -2.0566212421265475
33136 10628960 0.8834410190763546 0.07505379107055808 0.3048 0.0684491346465177 -2.0566212421265475
33137 10628960 0.8876074543115521 0.07539996817652456 0.3048 0.0684491346465177 -2.0566212421265475
33138 10628960 0.8917738895467495 0.07574614528249102 0.3048 0.0684491346465177 -2.0566212421265475
33139 10628960 0.895940324781947 0.07609232238845748 0.3048 0.0684491346465177 -2.0566212421265475
33140 10628960 0.9001067600171444 0.07643849949442394 0.3048 0.0684491346465177 -2.0566212421265475
33141 10628960 0.9042731952523418 0.0767846766003904 0.3048 0.0684491346465177 -2.0566212421265475
33142 10628960 0.9084396304875393 0.07713085370635686 0.3048 0.0684491346465177 -2.0566212421265475
33143 10628960 0.9126060657227366 0.07747703081232332 0.3048 0.0684491346465177 -2.0566212421265475
33144 10628960 0.9167725009579341 0.0778232079182898 0.3048 0.0684491346465177 -2.0566212421265475
33145 10628960 0.9209389361931315 0.07816938502425626 0.3048 0.0684491346465177 -2.0566212421265475
33146 10628960 0.9251053714283289 0.07851556213022272 0.3048 0.0684491346465177 -2.0566212421265475
33147 10628960 0.9292718066635264 0.07886173923618918 0.3048 0.0684491346465177 -2.0566212421265475
33148 10628960 0.9334382418987238 0.07920791634215564 0.3048 0.0684491346465177 -2.0566212421265475
33149 10628960 0.9376046771339213 0.0795540934481221 0.3048 0.0684491346465177 -2.0566212421265475
33150 10628960 0.9417711123691186 0.07990027055408858 0.3048 0.0684491346465177 -2.0566212421265475
33151 10628960 0.945937547604316 0.08024644766005504 0.3048 0.0684491346465177 -2.0566212421265475
33152 10628960 0.9501039828395135 0.0805926247660215 0.3048 0.0684491346465177 -2.0566212421265475
33153 10628960 0.9542704180747109 0.08093880187198796 0.3048 0.0684491346465177 -2.0566212421265475
33154 10628960 0.9608391050317431 0.08104582077933092 0.3048 0.0684491346465177 -2.0566212421265475
33155 10628960 0.9674077919887752 0.08115283968667389 0.3048 0.0684491346465177 -2.0566212421265475
33156 10628960 0.9739764789458075 0.08125985859401685 0.3048 0.0684491346465177 -2.0566212421265475
33157 10628960 0.9805451659028397 0.0813668775013598 0.3048 0.0684491346465177 -2.0566212421265475
33158 10628960 0.9871138528598719 0.08147389640870277 0.3048 0.0684491346465177 -2.0566212421265475
33159 10628960 0.993682539816904 0.08158091531604574 0.3048 0.0684491346465177 -2.0566212421265475
33160 10628960 1.0002512267739363 0.0816879342233887 0.3048 0.0684491346465177 -2.0566212421265475
33161 10628960 1.0068199137309684 0.08179495313073167 0.3048 0.0684491346465177 -2.0566212421265475
33162 10628960 1.0133886006880006 0.08190197203807463 0.3048 0.0684491346465177 -2.0566212421265475
33163 10628960 1.019957287645033 0.0820089909454176 0.3048 0.0684491346465177 -2.0566212421265475
33164 10628960 1.026525974602065 0.08211600985276055 0.3048 0.0684491346465177 -2.0566212421265475
33165 10628960 1.0330946615590972 0.08222302876010351 0.3048 0.0684491346465177 -2.0566212421265475
33166 10628960 1.0396633485161293 0.08233004766744648 0.3048 0.0684491346465177 -2.0566212421265475
33167 10628960 1.0462320354731616 0.08243706657478944 0.3048 0.0684491346465177 -2.0566212421265475
33168 10628960 1.0522237615470516 0.08310813492923579 0.3048 0.0684491346465177 -2.0566212421265475
33169 10628960 1.0582154876209415 0.08377920328368213 0.3048 0.0684491346465177 -2.0566212421265475
33170 10628960 1.065216824216706 0.08356784200518375 0.3048 0.0684491346465177 -2.0566212421265475
33171 10628960 1.0722181608124701 0.08335648072668538 0.3048 0.0684491346465177 -2.0566212421265475
33172 10628960 1.0792194974082345 0.08314511944818699 0.3048 0.0684491346465177 -2.0566212421265475
33173 10628960 1.0862208340039987 0.08293375816968862 0.3048 0.0684491346465177 -2.0566212421265475
33174 10628960 1.0932221705997631 0.08272239689119024 0.3048 0.0684491346465177 -2.0566212421265475
33175 10628960 1.1002235071955275 0.08251103561269187 0.3048 0.0684491346465177 -2.0566212421265475
33176 10628960 1.1072248437912917 0.08229967433419348 0.3048 0.0684491346465177 -2.0566212421265475
33177 10628960 1.1142261803870561 0.08208831305569511 0.3048 0.0684491346465177 -2.0566212421265475
33178 10628960 1.1212275169828205 0.08187695177719673 0.3048 0.0684491346465177 -2.0566212421265475
33179 10628960 1.1282288535785847 0.08166559049869836 0.3048 0.0684491346465177 -2.0566212421265475
33180 10628960 1.1352301901743491 0.08145422922019997 0.3048 0.0684491346465177 -2.0566212421265475
33181 10628960 1.1422315267701133 0.0812428679417016 0.3048 0.0684491346465177 -2.0566212421265475
33182 10628960 1.1492328633658777 0.08103150666320322 0.3048 0.0684491346465177 -2.0566212421265475
33183 10628960 1.1562341999616421 0.08082014538470483 0.3048 0.0684491346465177 -2.0566212421265475
33184 10628960 1.1632355365574063 0.08060878410620646 0.3048 0.0684491346465177 -2.0566212421265475
33185 10628960 1.1702368731531707 0.08039742282770808 0.3048 0.0684491346465177 -2.0566212421265475
33186 10628960 1.1772382097489351 0.08018606154920971 0.3048 0.0684491346465177 -2.0566212421265475
33187 10628960 1.1842395463446993 0.07997470027071132 0.3048 0.0684491346465177 -2.0566212421265475
33188 10628960 1.1912408829404637 0.07976333899221295 0.3048 0.0684491346465177 -2.0566212421265475
33189 10628960 1.198242219536228 0.07955197771371457 0.3048 0.0684491346465177 -2.0566212421265475
33190 10628960 1.2052435561319923 0.0793406164352162 0.3048 0.0684491346465177 -2.0566212421265475
33191 10628960 1.2122448927277567 0.07912925515671781 0.3048 0.0684491346465177 -2.0566212421265475
33192 10628960 1.219246229323521 0.07891789387821944 0.3048 0.0684491346465177 -2.0566212421265475
33193 10628960 1.2262475659192853 0.07870653259972106 0.3048 0.0684491346465177 -2.0566212421265475
33194 10628960 1.2332489025150495 0.07849517132122269 0.3048 0.0684491346465177 -2.0566212421265475
33195 10628960 1.240250239110814 0.0782838100427243 0.3048 0.0684491346465177 -2.0566212421265475
33196 10628960 1.2471866839777 0.07867564444628503 0.3048 0.0684491346465177 -2.0566212421265475
33197 10628960 1.254123128844586 0.07906747884984575 0.3048 0.0684491346465177 -2.0566212421265475
33198 10628960 1.261059573711472 0.07945931325340647 0.3048 0.0684491346465177 -2.0566212421265475
33199 10628960 1.267996018578358 0.0798511476569672 0.3048 0.0684491346465177 -2.0566212421265475
33200 10628960 1.2749324634452441 0.08024298206052792 0.3048 0.0684491346465177 -2.0566212421265475
33201 10628960 1.2818689083121302 0.08063481646408864 0.3048 0.0684491346465177 -2.0566212421265475
33202 10628960 1.2888053531790162 0.08102665086764936 0.3048 0.0684491346465177 -2.0566212421265475
33203 10628960 1.2957417980459023 0.08141848527121008 0.3048 0.0684491346465177 -2.0566212421265475
33204 10628960 1.3026782429127883 0.08181031967477082 0.3048 0.0684491346465177 -2.0566212421265475
33205 10628960 1.3096146877796744 0.08220215407833154 0.3048 0.0684491346465177 -2.0566212421265475
33206 10628960 1.3165511326465604 0.08259398848189226 0.3048 0.0684491346465177 -2.0566212421265475
33207 10628960 1.3234875775134465 0.08298582288545298 0.3048 0.0684491346465177 -2.0566212421265475
33208 10628960 1.3316970063220204 0.08249459291735774 0.3048 0.0684491346465177 -2.0566212421265475
33209 10628960 1.3399064351305945 0.0820033629492625 0.3048 0.0684491346465177 -2.0566212421265475
33210 10628960 1.3481158639391684 0.08151213298116727 0.3048 0.0684491346465177 -2.0566212421265475
33211 10628960 1.3563252927477425 0.08102090301307203 0.3048 0.0684491346465177 -2.0566212421265475
33212 10628960 1.3645347215563164 0.0805296730449768 0.3048 0.0684491346465177 -2.0566212421265475
33213 10628960 1.3727441503648903 0.08003844307688157 0.3048 0.0684491346465177 -2.0566212421265475
33214 10628960 1.3809535791734644 0.07954721310878633 0.3048 0.0684491346465177 -2.0566212421265475
33215 10628960 1.3891630079820383 0.0790559831406911 0.3048 0.0684491346465177 -2.0566212421265475
33216 10628960 1.3944944828321082 0.07865791830993912 0.3048 0.0684491346465177 -2.0566212421265475
33217 10628960 1.3998259576821779 0.07825985347918714 0.3048 0.0684491346465177 -2.0566212421265475
33218 10628960 1.4051574325322478 0.07786178864843515 0.3048 0.0684491346465177 -2.0566212421265475
33219 10628960 1.4104889073823177 0.07746372381768318 0.3048 0.0684491346465177 -2.0566212421265475
33220 10628960 1.4108544515775139 0.0771076242607205 0.3048 0.0684491346465177 -2.0566212421265475
33221 10628960 1.41121999577271 0.07675152470375782 0.3048 0.0684491346465177 -2.0566212421265475
33222 10628960 1.4115855399679063 0.07639542514679513 0.3048 0.0684491346465177 -2.0566212421265475
33223 10628960 1.4119510841631024 0.07603932558983245 0.3048 0.0684491346465177 -2.0566212421265475
33224 10628960 1.4123166283582986 0.07568322603286977 0.3048 0.0684491346465177 -2.0566212421265475
33225 10628960 1.4126821725534948 0.07532712647590709 0.3048 0.0684491346465177 -2.0566212421265475
33226 10628960 1.4130477167486912 0.0749710269189444 0.3048 0.0684491346465177 -2.0566212421265475
33227 10628960 1.4134132609438874 0.07461492736198172 0.3048 0.0684491346465177 -2.0566212421265475
33228 10628960 1.4137788051390836 0.07425882780501904 0.3048 0.0684491346465177 -2.0566212421265475
33229 10628960 1.4141443493342798 0.07390272824805635 0.3048 0.0684491346465177 -2.0566212421265475
33230 10628960 1.414509893529476 0.07354662869109369 0.3048 0.0684491346465177 -2.0566212421265475
33231 10628960 1.4148754377246722 0.073190529134131 0.3048 0.0684491346465177 -2.0566212421265475
33232 10628960 1.4152409819198684 0.07283442957716832 0.3048 0.0684491346465177 -2.0566212421265475
33233 10628960 1.4156065261150645 0.07247833002020564 0.3048 0.0684491346465177 -2.0566212421265475
33234 10628960 1.4159720703102607 0.07212223046324295 0.3048 0.0684491346465177 -2.0566212421265475
33235 10628960 1.416337614505457 0.07176613090628027 0.3048 0.0684491346465177 -2.0566212421265475
33236 10628960 1.416703158700653 0.07141003134931759 0.3048 0.0684491346465177 -2.0566212421265475
33237 10628960 1.4170687028958493 0.0710539317923549 0.3048 0.0684491346465177 -2.0566212421265475
33238 10628960 1.4174342470910455 0.07069783223539222 0.3048 0.0684491346465177 -2.0566212421265475
33239 10628960 1.417799791286242 0.07034173267842954 0.3048 0.0684491346465177 -2.0566212421265475
33240 10628960 1.418165335481438 0.06998563312146686 0.3048 0.0684491346465177 -2.0566212421265475
33241 10628960 1.4185308796766343 0.06962953356450417 0.3048 0.0684491346465177 -2.0566212421265475
33242 10628960 1.4188964238718305 0.06927343400754149 0.3048 0.0684491346465177 -2.0566212421265475
33243 10628960 1.4192619680670266 0.06891733445057881 0.3048 0.0684491346465177 -2.0566212421265475
33244 10628960 1.4196275122622228 0.06856123489361612 0.3048 0.0684491346465177 -2.0566212421265475
33245 10628960 1.419993056457419 0.06820513533665344 0.3048 0.0684491346465177 -2.0566212421265475
33246 10628960 1.4203586006526152 0.06784903577969076 0.3048 0.0684491346465177 -2.0566212421265475
33247 10628960 1.4207241448478114 0.06749293622272808 0.3048 0.0684491346465177 -2.0566212421265475
33248 10628960 1.4210896890430076 0.06713683666576539 0.3048 0.0684491346465177 -2.0566212421265475
33249 10628960 1.4214552332382038 0.06678073710880272 0.3048 0.0684491346465177 -2.0566212421265475
33250 10628960 1.4218207774334 0.06642463755184004 0.3048 0.0684491346465177 -2.0566212421265475
33251 10628960 1.4221863216285964 0.06606853799487736 0.3048 0.0684491346465177 -2.0566212421265475
33252 10628960 1.4225518658237926 0.06571243843791467 0.3048 0.0684491346465177 -2.0566212421265475
33253 10628960 1.4229174100189887 0.06535633888095199 0.3048 0.0684491346465177 -2.0566212421265475
33254 10628960 1.423282954214185 0.06500023932398931 0.3048 0.0684491346465177 -2.0566212421265475
33255 10628960 1.4236484984093811 0.06464413976702663 0.3048 0.0684491346465177 -2.0566212421265475
33256 10628960 1.4240140426045773 0.06428804021006394 0.3048 0.0684491346465177 -2.0566212421265475
33257 10628960 1.4243795867997735 0.06393194065310126 0.3048 0.0684491346465177 -2.0566212421265475
33258 10628960 1.4247451309949697 0.06357584109613858 0.3048 0.0684491346465177 -2.0566212421265475
33259 10628960 1.4251106751901659 0.0632197415391759 0.3048 0.0684491346465177 -2.0566212421265475
33260 10628960 1.425476219385362 0.06286364198221321 0.3048 0.0684491346465177 -2.0566212421265475
33261 10628960 1.4258417635805583 0.06250754242525053 0.3048 0.0684491346465177 -2.0566212421265475
33262 10628960 1.4262073077757544 0.062151442868287846 0.3048 0.0684491346465177 -2.0566212421265475
33263 10628960 1.4265728519709506 0.06179534331132516 0.3048 0.0684491346465177 -2.0566212421265475
33264 10628960 1.426938396166147 0.06143924375436248 0.3048 0.0684491346465177 -2.0566212421265475
33265 10628960 1.4273039403613432 0.0610831441973998 0.3048 0.0684491346465177 -2.0566212421265475
33266 10628960 1.4276694845565394 0.06072704464043712 0.3048 0.0684491346465177 -2.0566212421265475
33267 10628960 1.4280350287517356 0.06037094508347444 0.3048 0.0 0.0
33268 10628960 1.4284005729469318 0.060014845526511755 0.3048 0.0 0.0
33269 10628960 1.428766117142128 0.05965874596954907 0.3048 0.0 0.0
33270 10628960 1.4291316613373242 0.05930264641258639 0.3048 0.0 0.0
33271 10628960 1.4294972055325204 0.05894654685562371 0.3048 0.0 0.0
33272 10628960 1.4298627497277165 0.05859044729866103 0.3048 0.0 0.0
33273 10628960 1.4302282939229127 0.05823434774169835 0.3048 0.0 0.0
33274 10628960 1.430593838118109 0.057878248184735664 0.3048 0.0 0.0
33275 10628960 1.430959382313305 0.05752214862777298 0.3048 0.0 0.0
33276 10628960 1.4313249265085013 0.0571660490708103 0.3048 0.0 0.0
33277 10628960 1.4316904707036977 0.056809949513847616 0.3048 0.0 0.0
33278 10628960 1.432056014898894 0.05645384995688493 0.3048 0.0 0.0
33279 10628960 1.43242155909409 0.05609775039992225 0.3048 0.0 0.0
