28537 10628960 1.5283644818147446 0.4029834172572909 0.36576 2.445003484775232 -0.7988559315902778
28538 10628960 1.0449239059860471 0.27283608823105515 0.36576 2.445003484775232 -0.7988559315902778
28539 10628960 0.5614833301573497 0.14268875920481938 0.36576 2.445003484775232 -0.7988559315902778
28540 10628960 0.4371274213491837 0.11001708067126276 0.36576 2.445003484775232 -0.7988559315902778
28541 10628960 0.31277151254101765 0.07734540213770613 0.36576 2.445003484775232 -0.7988559315902778
28542 10628960 0.42110107118191925 0.10718316695777033 0.36576 2.445003484775232 -0.7988559315902778
28543 10628960 0.5294306298228209 0.13702093177783453 0.36576 2.445003484775232 -0.7988559315902778
28544 10628960 0.6377601884637225 0.16685869659789876 0.36576 2.445003484775232 -0.7988559315902778
28545 10628960 0.7460897471046242 0.19669646141796296 0.36576 2.445003484775232 -0.7988559315902778
28546 10628960 0.8544193057455257 0.22653422623802716 0.36576 2.445003484775232 -0.7988559315902778
28547 10628960 0.7096583313178457 0.18621612394535975 0.36576 2.445003484775232 -0.7988559315902778
28548 10628960 0.5648973568901656 0.14589802165269233 0.36576 2.445003484775232 -0.7988559315902778
28549 10628960 0.4201363824624857 0.10557991936002492 0.36576 2.445003484775232 -0.7988559315902778
28550 10628960 0.6297506534286674 0.1640747252506169 0.36576 2.445003484775232 -0.7988559315902778
28551 10628960 0.6294897519288061 0.16405922879050724 0.36576 2.445003484775232 -0.7988559315902778
28552 10628960 0.6292288504289448 0.16404373233039762 0.36576 2.445003484775232 -0.7988559315902778
28553 10628960 0.6289679489290835 0.16402823587028798 0.36576 2.445003484775232 -0.7988559315902778
28554 10628960 0.6287070474292221 0.16401273941017835 0.36576 2.445003484775232 -0.7988559315902778
28555 10628960 0.6284461459293608 0.1639972429500687 0.36576 2.445003484775232 -0.7988559315902778
28556 10628960 0.6281852444294995 0.16398174648995908 0.36576 2.445003484775232 -0.7988559315902778
28557 10628960 0.6279243429296382 0.16396625002984944 0.36576 2.445003484775232 -0.7988559315902778
28558 10628960 0.6276634414297768 0.16395075356973982 0.36576 2.445003484775232 -0.7988559315902778
28559 10628960 0.6274025399299155 0.16393525710963017 0.36576 2.445003484775232 -0.7988559315902778
28560 10628960 0.6271416384300542 0.16391976064952055 0.36576 2.445003484775232 -0.7988559315902778
28561 10628960 0.6268807369301929 0.1639042641894109 0.36576 2.445003484775232 -0.7988559315902778
28562 10628960 0.6266198354303315 0.16388876772930128 0.36576 2.445003484775232 -0.7988559315902778
28563 10628960 0.6263589339304703 0.16387327126919163 0.36576 2.445003484775232 -0.7988559315902778
28564 10628960 0.6260980324306089 0.163857774809082 0.36576 2.445003484775232 -0.7988559315902778
28565 10628960 0.6258371309307476 0.16384227834897236 0.36576 2.445003484775232 -0.7988559315902778
28566 10628960 0.6255762294308862 0.16382678188886274 0.36576 2.445003484775232 -0.7988559315902778
28567 10628960 0.625315327931025 0.1638112854287531 0.36576 2.445003484775232 -0.7988559315902778
28568 10628960 0.6250544264311636 0.16379578896864347 0.36576 2.445003484775232 -0.7988559315902778
28569 10628960 0.6247935249313022 0.16378029250853382 0.36576 2.445003484775232 -0.7988559315902778
28570 10628960 0.624532623431441 0.1637647960484242 0.36576 2.445003484775232 -0.7988559315902778
28571 10628960 0.6242717219315796 0.16374929958831455 0.36576 2.445003484775232 -0.7988559315902778
28572 10628960 0.6240108204317183 0.1637338031282049 0.36576 2.445003484775232 -0.7988559315902778
28573 10628960 0.6237499189318569 0.16371830666809528 0.36576 2.445003484775232 -0.7988559315902778
28574 10628960 0.6234890174319957 0.16370281020798563 0.36576 2.445003484775232 -0.7988559315902778
28575 10628960 0.6232281159321343 0.163687313747876 0.36576 2.445003484775232 -0.7988559315902778
28576 10628960 0.622967214432273 0.16367181728776636 0.36576 2.445003484775232 -0.7988559315902778
28577 10628960 0.6227063129324116 0.16365632082765674 0.36576 2.445003484775232 -0.7988559315902778
28578 10628960 0.6224454114325504 0.1636408243675471 0.36576 2.445003484775232 -0.7988559315902778
28579 10628960 0.622184509932689 0.16362532790743747 0.36576 2.445003484775232 -0.7988559315902778
28580 10628960 0.6219236084328277 0.16360983144732782 0.36576 2.445003484775232 -0.7988559315902778
28581 10628960 0.6216627069329664 0.1635943349872182 0.36576 2.445003484775232 -0.7988559315902778
28582 10628960 0.6214018054331051 0.16357883852710856 0.36576 2.445003484775232 -0.7988559315902778
28583 10628960 0.6211409039332437 0.16356334206699893 0.36576 2.445003484775232 -0.7988559315902778
28584 10628960 0.6208800024333824 0.16354784560688929 0.36576 2.445003484775232 -0.7988559315902778
28585 10628960 0.6206191009335211 0.16353234914677967 0.36576 2.445003484775232 -0.7988559315902778
28586 10628960 0.6203581994336598 0.16351685268667002 0.36576 2.445003484775232 -0.7988559315902778
28587 10628960 0.6200972979337984 0.1635013562265604 0.36576 2.445003484775232 -0.7988559315902778
28588 10628960 0.6198363964339371 0.16348585976645075 0.36576 2.445003484775232 -0.7988559315902778
28589 10628960 0.6195754949340758 0.16347036330634113 0.36576 2.445003484775232 -0.7988559315902778
28590 10628960 0.6193145934342145 0.16345486684623148 0.36576 2.445003484775232 -0.7988559315902778
28591 10628960 0.6190536919343531 0.16343937038612186 0.36576 2.445003484775232 -0.7988559315902778
28592 10628960 0.6187927904344919 0.1634238739260122 0.36576 2.445003484775232 -0.7988559315902778
28593 10628960 0.6185318889346305 0.1634083774659026 0.36576 2.445003484775232 -0.7988559315902778
28594 10628960 0.6182709874347692 0.16339288100579294 0.36576 2.445003484775232 -0.7988559315902778
28595 10628960 0.6180100859349078 0.1633773845456833 0.36576 2.445003484775232 -0.7988559315902778
28596 10628960 0.6177491844350466 0.16336188808557367 0.36576 2.445003484775232 -0.7988559315902778
28597 10628960 0.6174882829351852 0.16334639162546402 0.36576 2.445003484775232 -0.7988559315902778
28598 10628960 0.6172273814353239 0.1633308951653544 0.36576 2.445003484775232 -0.7988559315902778
28599 10628960 0.6169664799354626 0.16331539870524475 0.36576 2.445003484775232 -0.7988559315902778
28600 10628960 0.6167055784356013 0.16329990224513513 0.36576 2.445003484775232 -0.7988559315902778
28601 10628960 0.6164446769357399 0.16328440578502548 0.36576 2.445003484775232 -0.7988559315902778
28602 10628960 0.6161837754358785 0.16326890932491586 0.36576 2.445003484775232 -0.7988559315902778
28603 10628960 0.6159228739360173 0.1632534128648062 0.36576 2.445003484775232 -0.7988559315902778
28604 10628960 0.615661972436156 0.1632379164046966 0.36576 2.445003484775232 -0.7988559315902778
28605 10628960 0.6154010709362946 0.16322241994458694 0.36576 2.445003484775232 -0.7988559315902778
28606 10628960 0.6151401694364332 0.16320692348447732 0.36576 2.445003484775232 -0.7988559315902778
28607 10628960 0.614879267936572 0.16319142702436767 0.36576 2.445003484775232 -0.7988559315902778
28608 10628960 0.6146183664367106 0.16317593056425805 0.36576 2.445003484775232 -0.7988559315902778
28609 10628960 0.6143574649368493 0.1631604341041484 0.36576 2.445003484775232 -0.7988559315902778
28610 10628960 0.614096563436988 0.16314493764403878 0.36576 2.445003484775232 -0.7988559315902778
