3816 10561439 1.4371195524432556 0.07063402363008947 0.36576 0.0 0.0
3817 10561439 1.4373577245642473 0.06728515521743952 0.36576 0.0 0.0
3818 10561439 1.4397650142021206 0.06649882179132678 0.36576 0.0 0.0
3819 10561439 1.4421723038399938 0.06571248836521404 0.36576 0.0 0.0
3820 10561439 1.4432714429200089 0.06364004195117111 0.35559999999999997 0.0 0.0
3821 10561439 1.444370582000024 0.06156759553712817 0.34544 0.0 0.0
3822 10561439 1.4454697210800391 0.059495149123085234 0.33528 0.0 0.0
3823 10561439 1.4490649187535132 0.0528300735819946 0.36576 0.0 0.0
3824 10561439 1.4473002067727498 0.05422427485076087 0.36576 0.0 0.0
3825 10561439 1.447478797304513 0.04797427517965182 0.36576 0.0 0.0
3826 10561439 1.4507530341186017 0.04141404395555462 0.36576 0.0 0.0
3827 10561439 1.4492013968979611 0.03666380538550133 0.36576 0.0 0.0
3828 10561439 1.450940373895399 0.03165647468416993 0.36576 0.0 0.0
3829 10561439 1.4501689270584297 0.02752757058005632 0.36576 0.0 0.0
3830 10561439 1.4493974802214606 0.023398666475942707 0.36576 0.0 0.0
3831 10561439 1.447525822278127 0.019979610761235916 0.36576 0.0 0.0
3832 10561439 1.4456541643347933 0.01656055504652913 0.36576 0.0 0.0
3833 10561439 1.4437825063914598 0.013141499331822338 0.36576 0.0 0.0
3834 10561439 1.4419108484481262 0.009722443617115549 0.36576 0.0 0.0
3835 10561439 1.4400391905047925 0.006303387902408759 0.36576 0.0 0.0
3836 10561439 1.438167532561459 0.0028843321877019684 0.36576 0.0 0.0
3837 10561439 1.4369906059425825 0.0028932644362758405 0.36576 0.0 0.0
3838 10561439 1.4358136793237064 0.002902196684849712 0.36576 0.0 0.0
3839 10561439 1.43463675270483 0.0029111289334235843 0.36576 0.0 0.0
3840 10561439 1.4334598260859537 0.0029200611819974564 0.36576 0.0 0.0
3841 10561439 1.4322828994670773 0.0029289934305713286 0.36576 0.0 0.0
3842 10561439 1.4311059728482012 0.0029379256791452002 0.36576 0.0 0.0
3843 10561439 1.4299290462293248 0.0029468579277190723 0.36576 0.0 0.0
3844 10561439 1.4287521196104485 0.0029557901762929445 0.36576 0.0 0.0
3845 10561439 1.4275751929915723 0.002964722424866816 0.36576 0.0 0.0
3846 10561439 1.426398266372696 0.0029736546734406883 0.36576 0.0 0.0
3847 10561439 1.4252213397538196 0.0029825869220145604 0.36576 0.0 0.0
3848 10561439 1.4240444131349432 0.0029915191705884325 0.36576 0.0 0.0
3849 10561439 1.422867486516067 0.003000451419162304 0.36576 0.0 0.0
3850 10561439 1.4216905598971907 0.0030093836677361763 0.36576 0.0 0.0
3851 10561439 1.4144686270562035 0.005368406196751968 0.36576 0.0 0.0
3852 10561439 1.4056260771745386 0.002766082967968861 0.36576 0.0 0.0
3853 10561439 1.3903812565198785 0.002313498441899979 0.36576 0.0 0.0
3854 10561439 1.3751364358652185 0.0018609139158310972 0.36576 0.0 0.0
3855 10561439 1.351953433142702 0.004293486630140425 0.36576 0.0 0.0
3856 10561439 1.3329956965727066 0.004255665073250666 0.36576 0.0 0.0
3857 10561439 1.3140379600027108 0.004217843516360907 0.36576 0.0 0.0
3858 10561439 1.2950802234327152 0.004180021959471147 0.36576 0.0 0.0
3859 10561439 1.2761224868627197 0.004142200402581388 0.36576 0.0 0.0
3860 10561439 1.257164750292724 0.004104378845691629 0.36576 0.0 0.0
3861 10561439 1.2382070137227283 0.00406655728880187 0.36576 0.0 0.0
3862 10561439 1.2082782157859095 0.0021610506909127275 0.36576 0.0 0.0
3863 10561439 1.19419779567931 0.0025551115589961676 0.36576 0.0 0.0
3864 10561439 1.1453048499626097 0.002405854029716027 0.36576 0.0 0.0
3865 10561439 1.0964119042459095 0.0022565965004358868 0.36576 0.0 0.0
3866 10561439 1.0695580508858664 0.002968688672288819 0.36576 0.0 0.0
3867 10561439 1.0427041975258233 0.003680780844141751 0.36576 0.0 0.0
3868 10561439 1.0092205187033234 0.0017691478610899758 0.36576 0.0 0.0
3869 10561439 0.9714882535371099 0.00225921647459392 0.36829999999999996 0.0 0.0
3870 10561439 0.9337559883708965 0.002749285088097864 0.37084 0.0 0.0
3871 10561439 0.8960237232046829 0.0032393537016018083 0.37338 0.0 0.0
3872 10561439 0.8582914580384695 0.0037294223151057523 0.37592 0.0 0.0
3873 10561439 0.820559192872256 0.004219490928609696 0.37846 0.0 0.0
3874 10561439 0.7828269277060425 0.004709559542113641 0.381 0.0 0.0
3875 10561439 0.745094662539829 0.005199628155617584 0.38354 0.0 0.0
3876 10561439 0.7073623973736156 0.005689696769121529 0.38608000000000003 0.0 0.0
3877 10561439 0.6696301322074021 0.006179765382625473 0.38862 0.0 0.0
3878 10561439 0.6318978670411886 0.006669833996129417 0.39116 0.0 0.0
3879 10561439 0.5941656018749751 0.007159902609633361 0.39370000000000005 0.0 0.0
3880 10561439 0.5564333367087616 0.007649971223137306 0.39624000000000004 0.0 0.0
3881 10561439 0.507470288023949 0.007293825503502535 0.39624000000000004 0.0 0.0
3882 10561439 0.4518244107855547 0.00958914187756843 0.39624000000000004 0.0 0.0
3883 10561439 0.4235874833595702 0.009470372308272811 0.39624000000000004 0.0 0.0
3884 10561439 0.39535055593358576 0.009351602738977192 0.39624000000000004 0.0 0.0
3885 10561439 0.3512962902297725 0.010429790229261077 0.39624000000000004 0.0 0.0
3886 10561439 0.3186331242120235 0.010355935199336558 0.39624000000000004 0.0 0.0
3887 10561439 0.2859699581942745 0.010282080169412039 0.39624000000000004 0.0 0.0
3888 10561439 0.22639700119404232 0.013336717969531467 0.39624000000000004 0.0 0.0
3889 10561439 0.17333569538246973 0.014847789889137653 0.39624000000000004 0.0 0.0
3890 10561439 0.14094193121938808 0.014920298229902526 0.41148000000000007 0.0 0.0
3891 10561439 0.10854816705630643 0.0149928065706674 0.42672000000000004 0.0 0.0
3892 10561439 0.092482871252485 0.014752477341782061 0.42672000000000004 0.0 0.0
3893 10561439 0.04032586101786506 0.02093422060895178 0.42672000000000004 0.0 0.0
3894 10561439 0.0009604920850901921 0.021416590285334658 0.42672000000000004 0.0 0.0
3895 10561439 -0.03799092039672558 0.02316582896181038 0.42672000000000004 0.0 0.0
3896 10561439 -0.10425856733025018 0.022861775637794873 0.42672000000000004 0.0 0.0
3897 10561439 -0.14712765206792122 0.02892974033415094 0.42672000000000004 0.0 0.0
3898 10561439 -0.19087371867092195 0.029326209211461368 0.42672000000000004 0.0 0.0
3899 10561439 -0.22259787508544715 0.03443874002836064 0.45720000000000005 0.0 0.0
3900 10561439 -0.264107658616499 0.03515612038745644 0.45720000000000005 0.0 0.0
3901 10561439 -0.32050985846309343 0.03922315222198389 0.45720000000000005 0.0 0.0
3902 10561439 -0.3603113825837825 0.03973313142239451 0.45720000000000005 0.0 0.0
3903 10561439 -0.40397830557951875 0.03928711960447831 0.45720000000000005 0.0 0.0
3904 10561439 -0.46288274954235464 0.04113556163479218 0.45720000000000005 0.0 0.0
3905 10561439 -0.47732653456620566 0.045857480914742316 0.45720000000000005 0.0 0.0
3906 10561439 -0.5261878030113636 0.04582512725323376 0.45720000000000005 0.0 0.0
3907 10561439 -0.5684916706800616 0.04411659357230871 0.48768 0.0 0.0
3908 10561439 -0.5881855486318014 0.04500558872018143 0.48768 0.0 0.0
3909 10561439 -0.6078794265835412 0.045894583868054145 0.48768 0.0 0.0
3910 10561439 -0.6808654978374272 0.048142531566006674 0.48768 0.0 0.0
3911 10561439 -0.7425141444823298 0.04703478404579811 0.48768 0.0 0.0
3912 10561439 -0.7827045421902499 0.049076105798810804 0.48768 0.0 0.0
3913 10561439 -0.8138611820656307 0.048864974068836414 0.48768 0.0 0.0
3914 10561439 -0.8450178219410116 0.048653842338862024 0.48768 0.0 0.0
3915 10561439 -0.8877882010489062 0.05095512240497599 0.48768 0.0 0.0
3916 10561439 -0.9267794281892148 0.04851586841085739 0.48768 0.0 0.0
3917 10561439 -0.9789029863616387 0.05481067733529929 0.48768 0.0 0.0
3918 10561439 -1.0113670121497367 0.05467727510389639 0.5181600000000001 0.0 0.0
3919 10561439 -1.053926275325119 0.05083499057801197 0.5181600000000001 0.0 0.0
3920 10561439 -1.0975079350128432 0.056089968822196384 0.5181600000000001 0.0 0.0
3921 10561439 -1.1358091910065593 0.05576285080608431 0.5181600000000001 0.0 0.0
3922 10561439 -1.1791667070816516 0.05627155212918286 0.5181600000000001 0.0 0.0
3923 10561439 -1.2425765234449673 0.060650873737309235 0.5181600000000001 0.0 0.0
3924 10561439 -1.2914046084513873 0.06072933826339641 0.5181600000000001 0.0 0.0
3925 10561439 -1.3074361919580613 0.060597727320526235 0.5181600000000001 0.0 0.0
3926 10561439 -1.3652722182681372 0.0657256706936202 0.54864 0.0 0.0
3927 10561439 -1.4020204502612736 0.07014966034318879 0.54864 0.0 0.0
3928 10561439 -1.4395174090211558 0.07160576401379512 0.54864 0.0 0.0
3929 10561439 -1.477014367781038 0.07306186768440145 0.54864 0.0 0.0
3930 10561439 -1.5076408932505214 0.07583479117973488 0.5638799999999999 0.0 0.0
3931 10561439 -1.538267418720005 0.0786077146750683 0.57912 0.0 0.0
3932 10561439 -1.5551817941822563 0.07876535987176222 0.57912 0.0 0.0
3933 10561439 -1.6100864112697522 0.08036598176145912 0.57912 0.0 0.0
3934 10561439 -1.626473650784802 0.08023452870777056 0.57912 0.0 0.0
3935 10561439 -1.6702871468598335 0.08369930018149815 0.57912 0.0 0.0
3936 10561439 -1.7065354688490777 0.08422244239179963 0.57912 0.0 0.0
3937 10561439 -1.7490651603159397 0.08726774992258543 0.57912 0.0 0.0
3938 10561439 -1.783518279989084 0.09327970284243844 0.6096 0.0 0.0
3939 10561439 -1.8264604265341438 0.09669405576948017 0.6096 0.0 0.0
3940 10561439 -1.8628738988188365 0.10323081056421099 0.6096 0.0 0.0
3941 10561439 -1.9097991270084516 0.11320640319498096 0.6096 0.0 0.0
3942 10561439 -1.9350809778469158 0.12326843022256836 0.6096 0.0 0.0
3943 10561439 -1.96036282868538 0.13333045725015577 0.6096 0.0 0.0
3944 10561439 -1.9856446795238443 0.14339248427774318 0.6096 0.0 0.0
3945 10561439 -2.0169556196176854 0.1590102046631456 0.6096 0.0 0.0
3946 10561439 -2.0362301973429817 0.17069044327208124 0.6096 0.0 0.0
3947 10561439 -2.0767588336111125 0.19750306182287095 0.6248400000000001 0.0 0.0
3948 10561439 -2.117287469879243 0.22431568037366065 0.6400800000000001 0.0 0.0
3949 10561439 -2.132704278038525 0.23964150699785822 0.6400800000000001 0.0 0.0
3950 10561439 -2.161482260542935 0.2677514091437759 0.6400800000000001 0.0 0.0
3951 10561439 -2.1902602430473452 0.2958613112896935 0.6400800000000001 0.0 0.0
3952 10561439 -2.2118392254799355 0.32628982051561195 0.6400800000000001 0.0 0.0
3953 10561439 -2.2440064752187263 0.37186713106690594 0.6400800000000001 0.0 0.0
3954 10561439 -2.276173724957517 0.41744444161819994 0.6400800000000001 0.0 0.0
3955 10561439 -2.2942985373509863 0.458427544637801 0.6400800000000001 0.0 0.0
3956 10561439 -2.3034166484561336 0.4801058162276631 0.6400800000000001 0.0 0.0
3957 10561439 -2.312534759561281 0.5017840878175251 0.6400800000000001 0.0 0.0
3958 10561439 -2.329583272147784 0.5501269236525209 0.6400800000000001 0.0 0.0
3959 10561439 -2.340966381579624 0.5804917736819832 0.6400800000000001 0.0 0.0
3960 10561439 -2.35295606370516 0.6388638625541586 0.67056 0.0 0.0
3961 10561439 -2.3581938295982656 0.6771497011149231 0.67056 0.0 0.0
3962 10561439 -2.3657429325702886 0.7192298232764306 0.67056 0.0 0.0
3963 10561439 -2.366551745060783 0.768335091183182 0.67056 0.0 0.0
3964 10561439 -2.3692518145088988 0.8089454526449523 0.67056 0.0 0.0
3965 10561439 -2.367828403962805 0.8458696711636168 0.67056 0.0 0.0
3966 10561439 -2.366890684845311 0.8750658854083087 0.6858000000000001 0.0 0.0
3967 10561439 -2.365952965727817 0.9042620996530006 0.7010400000000001 0.0 0.0
3968 10561439 -2.3603363925953245 0.9692004889972395 0.7010400000000001 0.0 0.0
3969 10561439 -2.3557039155816124 1.002358053723655 0.7010400000000001 0.0 0.0
3970 10561439 -2.3510714385679004 1.0355156184500702 0.7010400000000001 0.0 0.0
3971 10561439 -2.3408113744574495 1.077727379965692 0.7010400000000001 0.0 0.0
3972 10561439 -2.335840684675759 1.1173467664411114 0.7010400000000001 0.0 0.0
3973 10561439 -2.3205961365391206 1.1568758592004555 0.7010400000000001 0.0 0.0
3974 10561439 -2.303721378626384 1.2155013059231101 0.7010400000000001 0.0 0.0
3975 10561439 -2.292496888596993 1.249802627182876 0.73152 0.0 0.0
3976 10561439 -2.2763198811910224 1.2921813902290709 0.73152 0.0 0.0
3977 10561439 -2.265143666876112 1.3333923165530124 0.73152 0.0 0.0
3978 10561439 -2.2443156005542173 1.3726132967537021 0.73152 0.0 0.0
3979 10561439 -2.223753168661025 1.4191655440134117 0.73152 0.0 0.0
3980 10561439 -2.2013074131755044 1.4592593185141693 0.73152 0.0 0.0
3981 10561439 -2.180785044193583 1.5016183088481776 0.73152 0.0 0.0
3982 10561439 -2.1623029381565715 1.544528093686716 0.73152 0.0 0.0
3983 10561439 -2.135814157781721 1.5901927145594486 0.73152 0.0 0.0
3984 10561439 -2.1152999441075844 1.6352418143599914 0.73152 0.0 0.0
3985 10561439 -2.0971767065795976 1.6756984870603775 0.73152 0.0 0.0
3986 10561439 -2.076814074422873 1.7189277009269313 0.73152 0.0 0.0
3987 10561439 -2.0587121690866033 1.7606766502721702 0.73152 0.0 0.0
3988 10561439 -2.030497115917922 1.8116186591600374 0.762 0.0 0.0
3989 10561439 -2.0187312207462274 1.8394332941729243 0.762 0.0 0.0
3990 10561439 -2.0069653255745328 1.867247929185811 0.762 0.0 0.0
3991 10561439 -1.9871289339921583 1.9115841278696724 0.762 0.0 0.0
3992 10561439 -1.9752012698197154 1.931750990545862 0.762 0.0 0.0
3993 10561439 -1.946260909001427 2.0025528498590175 0.762 0.0 0.0
3994 10561439 -1.9303160671547357 2.034725421849756 0.762 0.0 0.0
3995 10561439 -1.9144987993297933 2.0830641804197105 0.7924800000000001 0.0 0.0
3996 10561439 -1.8960239777299994 2.121069003672327 0.7924800000000001 0.0 0.0
3997 10561439 -1.877682996032737 2.161921878136774 0.7924800000000001 0.0 0.0
3998 10561439 -1.8666316751386647 2.1956957056408766 0.7924800000000001 0.0 0.0
3999 10561439 -1.8473058518660797 2.2357589596689422 0.7924800000000001 0.0 0.0
4000 10561439 -1.8285955836312808 2.295653381714915 0.7924800000000001 0.0 0.0
4001 10561439 -1.8152099259753534 2.3175632368286943 0.7924800000000001 0.0 0.0
4002 10561439 -1.7926929544229775 2.3863774635152177 0.7924800000000001 0.0 0.0
4003 10561439 -1.7878234862782694 2.401259068766361 0.7924800000000001 0.0 0.0
4004 10561439 -1.7636441237933014 2.4615839768028427 0.7924800000000001 0.0 0.0
4005 10561439 -1.7487883544360645 2.5026425478285383 0.7924800000000001 0.0 0.0
4006 10561439 -1.7349630286394397 2.536209770408523 0.80772 0.0 0.0
4007 10561439 -1.721137702842815 2.5697769929885084 0.82296 0.0 0.0
4008 10561439 -1.7034244064891644 2.613055336269871 0.82296 0.0 0.0
4009 10561439 -1.6890421692767708 2.6515814615221127 0.82296 0.0 0.0
4010 10561439 -1.6765561398377777 2.695168110867988 0.82296 0.0 0.0
4011 10561439 -1.6615868239651952 2.7354884858430304 0.82296 0.0 0.0
4012 10561439 -1.6429656862107744 2.7804561320049572 0.82296 0.0 0.0
4013 10561439 -1.6279719142167017 2.821936949254914 0.82296 0.0 0.0
4014 10561439 -1.6183711946641763 2.851278035388808 0.82296 0.0 0.0
4015 10561439 -1.5890677142909289 2.9286213330107205 0.8534400000000001 0.0 0.0
4016 10561439 -1.584336430996321 2.943080793917783 0.8534400000000001 0.0 0.0
4017 10561439 -1.568553974140215 2.991314180579187 0.8534400000000001 0.0 0.0
4018 10561439 -1.5475623306735182 3.051396942744387 0.8534400000000001 0.0 0.0
4019 10561439 -1.537996162070711 3.080632502946031 0.8534400000000001 0.0 0.0
4020 10561439 -1.5258342754518164 3.1218715284751153 0.8534400000000001 0.0 0.0
4021 10561439 -1.5181875927302206 3.1432055761834152 0.8686800000000001 0.0 0.0
4022 10561439 -1.510540910008625 3.164539623891715 0.88392 0.0 0.0
4023 10561439 -1.498966100835425 3.20398440985126 0.88392 0.0 0.0
4024 10561439 -1.4849280468738992 3.259098169183245 0.88392 0.0 0.0
4025 10561439 -1.4686966013450997 3.30870363872533 0.88392 0.0 0.0
4026 10561439 -1.4563731027267706 3.3507077073800833 0.88392 0.0 0.0
4027 10561439 -1.441448490559459 3.3919775104375582 0.88392 0.0 0.0
4028 10561439 -1.4295393949177215 3.432715056907193 0.88392 0.0 0.0
4029 10561439 -1.4188554146429484 3.4827336097329593 0.88392 0.0 0.0
4030 10561439 -1.4092391962028017 3.5066948428023577 0.88392 0.0 0.0
4031 10561439 -1.3919871055234638 3.564846500673831 0.88392 0.0 0.0
4032 10561439 -1.385748034365229 3.600195041557017 0.88392 0.0 0.0
4033 10561439 -1.3707098046867523 3.64072662092591 0.9144000000000001 0.0 0.0
4034 10561439 -1.3637263039463716 3.6837769689857596 0.9144000000000001 0.0 0.0
4035 10561439 -1.3501485312679773 3.7209305840021467 0.9144000000000001 0.0 0.0
4036 10561439 -1.3328557182327658 3.791688090090806 0.9144000000000001 0.0 0.0
4037 10561439 -1.3293600239251646 3.811868278191417 0.9144000000000001 0.0 0.0
4038 10561439 -1.3258643296175634 3.832048466292028 0.9144000000000001 0.0 0.0
4039 10561439 -1.3172554574389765 3.8732817129585633 0.9144000000000001 0.0 0.0
4040 10561439 -1.3038882995638852 3.9317698745843166 0.9144000000000001 0.0 0.0
4041 10561439 -1.296716369378902 3.969968003280815 0.9144000000000001 0.0 0.0
4042 10561439 -1.2885984845387195 4.012413526868791 0.9448799999999999 0.0 0.0
4043 10561439 -1.281482075134338 4.0517982776938135 0.9448799999999999 0.0 0.0
4044 10561439 -1.2748970907519663 4.088202133918184 0.9448799999999999 0.0 0.0
4045 10561439 -1.2620955867426964 4.143603791790591 0.9448799999999999 0.0 0.0
4046 10561439 -1.2544744094244507 4.1831739257286475 0.9448799999999999 0.0 0.0
4047 10561439 -1.2516380011735857 4.227114012813275 0.9448799999999999 0.0 0.0
4048 10561439 -1.2436982389836249 4.264944093887575 0.9448799999999999 0.0 0.0
4049 10561439 -1.2354282928883158 4.309209423482943 0.9448799999999999 0.0 0.0
4050 10561439 -1.2283729126663976 4.345693085232377 0.9448799999999999 0.0 0.0
4051 10561439 -1.2209451844078065 4.3860276231899995 0.97536 0.0 0.0
4052 10561439 -1.2170535783441192 4.414199007221788 0.97536 0.0 0.0
4053 10561439 -1.2131619722804319 4.442370391253575 0.97536 0.0 0.0
4054 10561439 -1.2108295206529702 4.486124936445727 0.97536 0.0 0.0
4055 10561439 -1.2006045264390726 4.542603478204024 0.97536 0.0 0.0
4056 10561439 -1.196260017377321 4.582603273121364 0.97536 0.0 0.0
4057 10561439 -1.1919155083155692 4.622603068038704 0.97536 0.0 0.0
4058 10561439 -1.1862875676915643 4.646584118696457 0.97536 0.0 0.0
4059 10561439 -1.1829667964864399 4.646510764176851 0.9753127441860465 0.0 0.0
4060 10561439 -1.1796460252813155 4.646437409657246 0.975265488372093 0.0 0.0
4061 10561439 -1.1763252540761908 4.6463640551376395 0.9752182325581396 0.0 0.0
4061 11217673 1.2702327273775573 0.004235757046791966 0.33528 0.0 0.0
4062 10561439 -1.1730044828710664 4.646290700618033 0.9751709767441861 0.0 0.0
4062 11217673 1.2504849555196027 0.0008734758896094402 0.33528 0.0 0.0
4063 10561439 -1.169683711665942 4.646217346098427 0.9751237209302326 0.0 0.0
4063 11217673 1.2245945946864063 0.0018155055036486547 0.33528 0.0 0.0
4064 11217673 1.1987042338532097 0.002757535117687869 0.33528 0.0 0.0
4064 10561439 -1.1663629404608176 4.646143991578822 0.9750764651162791 0.0 0.0
4065 10561439 -1.1630421692556931 4.646070637059216 0.9750292093023256 0.0 0.0
4065 11217673 1.1728138730200133 0.003699564731727084 0.33528 0.0 0.0
4066 10561439 -1.1597213980505685 4.64599728253961 0.9749819534883721 0.0 0.0
4066 11217673 1.1468567114295232 0.007155864983031349 0.33528 0.0 0.0
4067 11217673 1.1162049416651503 0.004669116264464118 0.33528 0.0 0.0
4067 10561439 -1.156400626845444 4.645923928020005 0.9749346976744186 0.0 0.0
4068 10561439 -1.1530798556403197 4.6458505735003985 0.9748874418604652 0.0 0.0
4068 11217673 1.0855478609184934 0.009777875954016135 0.33528 0.0 0.0
4069 11217673 1.0520297825122895 0.007760482912889638 0.33528 0.0 0.0
4069 10561439 -1.1497590844351953 4.645777218980792 0.9748401860465117 0.0 0.0
4070 11217673 1.0174366911083834 0.009248737679581079 0.33528 0.0 0.0
4070 10561439 -1.1464383132300708 4.645703864461186 0.9747929302325582 0.0 0.0
4071 10561439 -1.1431175420249462 4.645630509941581 0.9747456744186046 0.0 0.0
4071 11217673 0.9819497844038836 0.004603811074284023 0.33528 0.0 0.0
4072 10561439 -1.1397967708198218 4.645557155421975 0.9746984186046511 0.0 0.0
4072 11217673 0.9464628776993838 -4.1115531013033446e-05 0.33528 0.0 0.0
4073 11217673 0.9098554832800212 -0.0006396196762277345 0.33528 0.0 0.0
4073 10561439 -1.1364759996146974 4.645483800902369 0.9746511627906976 0.0 0.0
4074 10561439 -1.133155228409573 4.645410446382763 0.9746039069767441 0.0 0.0
4074 11217673 0.8732480888606586 -0.0012381238214424356 0.33528 0.0 0.0
4075 11217673 0.8349495130988849 -0.0015758804373293411 0.33528 0.0 0.0
4075 10561439 -1.1298344572044485 4.645337091863158 0.9745566511627907 0.0 0.0
4076 10561439 -1.1265136859993239 4.6452637373435515 0.9745093953488372 0.0 0.0
4076 11217673 0.7959680420100375 0.004151021904692895 0.33528 0.0 0.0
4077 11217673 0.7564220640132794 0.0067914268842280134 0.33528 0.0 0.0
4077 10561439 -1.1231929147941995 4.645190382823945 0.9744621395348837 0.0 0.0
4078 11217673 0.7186280398639338 0.006639877774890529 0.33528 0.0 0.0
4078 10561439 -1.119872143589075 4.64511702830434 0.9744148837209302 0.0 0.0
4079 10561439 -1.1165513723839506 4.645043673784734 0.9743676279069767 0.0 0.0
4079 11217673 0.680501724168072 0.00683074359626723 0.33528 0.0 0.0
4080 11217673 0.6507787502811659 0.005152224016560132 0.33528 0.0 0.0
4080 10561439 -1.1132306011788262 4.644970319265128 0.9743203720930232 0.0 0.0
4081 10561439 -1.1099098299737016 4.644896964745522 0.9742731162790698 0.0 0.0
4081 11217673 0.6210557763942598 0.003473704436853034 0.33528 0.0 0.0
4082 10561439 -1.1065890587685772 4.644823610225917 0.9742258604651163 0.0 0.0
4082 11217673 0.5922692901254839 0.004117994094524791 0.33528 0.0 0.0
4083 11217673 0.563482803856708 0.004762283752196547 0.33528 0.0 0.0
4083 10561439 -1.1032682875634527 4.6447502557063105 0.9741786046511628 0.0 0.0
4084 10561439 -1.0999475163583283 4.644676901186704 0.9741313488372093 0.0 0.0
4084 11217673 0.5214312470557623 0.00109613235020814 0.33528 0.0 0.0
4085 11217673 0.4374603836533846 0.0009646319524413277 0.33528 0.0 0.0
4085 10561439 -1.096626745153204 4.644603546667099 0.9740840930232558 0.0 0.0
4086 10561439 -1.0933059739480795 4.644530192147493 0.9740368372093023 0.0 0.0
4086 11217673 0.4169627805660966 6.915460199766882e-05 0.35052 0.0 0.0
4087 10561439 -1.0899852027429549 4.644456837627887 0.9739895813953489 0.0 0.0
4087 11217673 0.39646517747880866 -0.0008263227484459901 0.36576 0.0 0.0
4088 10561439 -1.0866644315378304 4.644383483108281 0.9739423255813954 0.0 0.0
4088 11217673 0.3095547966463421 0.007714896223101009 0.36576 0.0 0.0
4089 10561439 -1.083343660332706 4.644310128588676 0.9738950697674419 0.0 0.0
4089 11217673 0.28755307319366674 0.011049863138285113 0.36576 0.0 0.0
4090 10561439 -1.0800228891275816 4.6442367740690695 0.9738478139534884 0.0 0.0
4090 11217673 0.26555134974099137 0.014384830053469216 0.36576 0.0 0.0
4091 10561439 -1.0767021179224572 4.644163419549463 0.9738005581395349 0.0 0.0
4091 11217673 0.17913799307512412 0.014937569391024391 0.36576 0.0 0.0
4092 10561439 -1.0733813467173325 4.644090065029857 0.9737533023255814 0.0 0.0
4092 11217673 0.14279210262743325 0.019222405918438962 0.36576 0.0 0.0
4093 11217673 0.10443115472648579 0.026853112457414147 0.36576 0.0 0.0
4093 10561439 -1.0700605755122081 4.644016710510252 0.973706046511628 0.0 0.0
4094 11217673 0.07505159287811233 0.028335790541669924 0.381 0.0 0.0
4094 10561439 -1.0667398043070837 4.643943355990646 0.9736587906976745 0.0 0.0
4095 11217673 0.04567203102973888 0.0298184686259257 0.39624000000000004 0.0 0.0
4095 10561439 -1.0634190331019593 4.64387000147104 0.973611534883721 0.0 0.0
4096 11217673 -0.01252118552837822 0.02500526248365212 0.39624000000000004 0.0 0.0
4096 10561439 -1.0600982618968349 4.643796646951435 0.9735642790697675 0.0 0.0
4097 11217673 -0.05391828990774217 0.02334804831107798 0.39624000000000004 0.0 0.0
4097 10561439 -1.0567774906917102 4.643723292431829 0.9735170232558139 0.0 0.0
4098 11217673 -0.07220957713602344 0.021732704107962103 0.41148000000000007 0.0 0.0
4098 10561439 -1.0534567194865858 4.6436499379122225 0.9734697674418604 0.0 0.0
4099 11217673 -0.09050086436430471 0.020117359904846227 0.42672000000000004 0.0 0.0
4099 10561439 -1.0501359482814614 4.643576583392616 0.9734225116279069 0.0 0.0
4100 11217673 -0.1684641067988064 0.02071592076337672 0.42672000000000004 0.0 0.0
4100 10561439 -1.046815177076337 4.643503228873011 0.9733752558139535 0.0 0.0
4101 10561439 -1.0434944058712126 4.643429874353405 0.973328 0.0 0.0
4101 11217673 -0.21147523679328173 0.02227424137752973 0.42672000000000004 0.0 0.0
4102 10561439 -1.040173634666088 4.643356519833799 0.9732807441860465 0.0 0.0
4102 11217673 -0.24887822583208163 0.024686724224743745 0.42672000000000004 0.0 0.0
4103 10561439 -1.0368528634609635 4.643283165314194 0.973233488372093 0.0 0.0
4103 11217673 -0.2686517876582796 0.026009843317107345 0.42672000000000004 0.0 0.0
4104 11217673 -0.2884253494844775 0.027332962409470946 0.42672000000000004 0.0 0.0
4104 10561439 -1.033532092255839 4.643209810794588 0.9731862325581395 0.0 0.0
4105 11217673 -0.3621401648526008 0.0341388357363879 0.42672000000000004 0.0 0.0
4105 10561439 -1.0302113210507147 4.6431364562749815 0.973138976744186 0.0 0.0
4106 10561439 -1.0268905498455903 4.643063101755375 0.9730917209302326 0.0 0.0
4106 11217673 -0.3998457125598447 0.04377778441068328 0.45720000000000005 0.0 0.0
4107 11217673 -0.4361574744665848 0.048171149175534084 0.45720000000000005 0.0 0.0
4107 10561439 -1.0235697786404656 4.64298974723577 0.9730444651162791 0.0 0.0
4108 10561439 -1.0202490074353412 4.642916392716164 0.9729972093023256 0.0 0.0
4108 11217673 -0.47800848248839545 0.05192208064266088 0.45720000000000005 0.0 0.0
4109 11217673 -0.5139623256869958 0.058769158896841894 0.45720000000000005 0.0 0.0
4109 10561439 -1.0169282362302168 4.642843038196558 0.9729499534883721 0.0 0.0
4110 10561439 -1.0136074650250924 4.642769683676952 0.9729026976744186 0.0 0.0
4110 11217673 -0.5531647412708578 0.06790534569424922 0.45720000000000005 0.0 0.0
4111 10561439 -1.010286693819968 4.642696329157347 0.9728554418604651 0.0 0.0
4111 11217673 -0.5923671568547197 0.07704153249165654 0.45720000000000005 0.0 0.0
4112 11217673 -0.6304538285751136 0.08388551803767111 0.45720000000000005 0.0 0.0
4112 10561439 -1.0069659226148433 4.6426229746377405 0.9728081860465116 0.0 0.0
4113 11217673 -0.6586931520097768 0.09069395756029591 0.45720000000000005 0.0 0.0
4113 10561439 -1.0036451514097189 4.642549620118134 0.9727609302325582 0.0 0.0
4114 11217673 -0.6869324754444401 0.09750239708292072 0.45720000000000005 0.0 0.0
4114 10561439 -1.0003243802045945 4.642476265598529 0.9727136744186047 0.0 0.0
4115 10561439 -0.99700360899947 4.642402911078923 0.9726664186046512 0.0 0.0
4115 11217673 -0.7148705943078267 0.10170062350562364 0.45720000000000005 0.0 0.0
4116 10561439 -0.9936828377943455 4.642329556559317 0.9726191627906977 0.0 0.0
4116 11217673 -0.7428087131712133 0.10589884992832657 0.45720000000000005 0.0 0.0
4117 11217673 -0.815699814012089 0.12202053840087593 0.48768 0.0 0.0
4117 10561439 -0.9903620665892211 4.642256202039711 0.9725719069767442 0.0 0.0
4118 11217673 -0.8523782785174319 0.12665278006088357 0.48768 0.0 0.0
4118 10561439 -0.9870412953840966 4.642182847520106 0.9725246511627907 0.0 0.0
4119 11217673 -0.889125778663715 0.1310741116965666 0.48768 0.0 0.0
4120 11217673 -0.921869795198901 0.13687376454462183 0.48768 0.0 0.0
4121 11217673 -0.9603688089360896 0.14408806049954834 0.48768 0.0 0.0
4122 11217673 -0.9969782659477546 0.14893215337303142 0.48768 0.0 0.0
4123 11217673 -1.0302615372569253 0.15444130486214555 0.5181600000000001 0.0 0.0
4124 11217673 -1.0696709075535988 0.15751411601995965 0.5181600000000001 0.0 0.0
4125 11217673 -1.1063494245586545 0.16214767704735464 0.5181600000000001 0.0 0.0
4126 11217673 -1.145538756191448 0.16725199844602853 0.5181600000000001 0.0 0.0
4127 11217673 -1.1787530072461407 0.17297294833908325 0.5181600000000001 0.0 0.0
4128 11217673 -1.2164690896061239 0.17782964537679422 0.5181600000000001 0.0 0.0
4129 11217673 -1.254185171966107 0.18268634241450518 0.5181600000000001 0.0 0.0
4130 11217673 -1.288525518573297 0.18632249832504164 0.5181600000000001 0.0 0.0
4131 11217673 -1.3061011459709324 0.18961689058223782 0.5334000000000001 0.0 0.0
4132 11217673 -1.323676773368568 0.192911282839434 0.54864 0.0 0.0
4133 11217673 -1.3987162438501042 0.20518504397869605 0.54864 0.0 0.0
4134 11217673 -1.4371461688722758 0.21261303792053352 0.54864 0.0 0.0
4135 11217673 -1.454790820377945 0.21569670555014883 0.54864 0.0 0.0
4136 11217673 -1.4724354718836141 0.21878037317976415 0.54864 0.0 0.0
4137 11217673 -1.509804482950379 0.22130507961765863 0.54864 0.0 0.0
4138 11217673 -1.5806545962636955 0.23688410636361176 0.57912 0.0 0.0
4139 11217673 -1.6145605655453577 0.24931803041099454 0.57912 0.0 0.0
4140 11217673 -1.6484665348270198 0.2617519544583773 0.57912 0.0 0.0
4141 11217673 -1.6823140739138138 0.27504333913972734 0.57912 0.0 0.0
4142 11217673 -1.7047814184805299 0.28239249668913047 0.57912 0.0 0.0
4143 11217673 -1.727248763047246 0.2897416542385336 0.57912 0.0 0.0
4144 11217673 -1.7724237742831292 0.3145670913096894 0.57912 0.0 0.0
4145 11217673 -1.784968058232764 0.3250967383739158 0.57912 0.0 0.0
4146 11217673 -1.7975123421823989 0.33562638543814216 0.57912 0.0 0.0
4147 11217673 -1.8237387682824753 0.364068446481037 0.6096 0.0 0.0
4148 11217673 -1.8720837124446745 0.4226470754717321 0.6096 0.0 0.0
4149 11217673 -1.884917335552889 0.4594439536043796 0.6096 0.0 0.0
4150 11217673 -1.9009438054292607 0.49191074456134243 0.6096 0.0 0.0
4151 11217673 -1.9160805575746556 0.5298117698682104 0.6096 0.0 0.0
4152 11217673 -1.9216674010123416 0.5704307373174982 0.6096 0.0 0.0
4153 11217673 -1.9272542444500276 0.6110497047667859 0.6096 0.0 0.0
4154 11217673 -1.9263626423145037 0.6558587324606698 0.6096 0.0 0.0
4155 11217673 -1.9195073345915605 0.7012483117890133 0.6096 0.0 0.0
4156 11217673 -1.9126520268686176 0.7466378911173567 0.6096 0.0 0.0
4157 11217673 -1.9057967191456744 0.7920274704457001 0.6096 0.0 0.0
4158 11217673 -1.902514773533304 0.8359961473554944 0.6096 0.0 0.0
4159 11217673 -1.8992328279209334 0.8799648242652887 0.6096 0.0 0.0
4160 11217673 -1.893479339193133 0.9222019126307305 0.615696 0.0 0.0
4161 11217673 -1.887725850465333 0.9644390009961723 0.621792 0.0 0.0
4162 11217673 -1.8819723617375326 1.0066760893616142 0.6278880000000001 0.0 0.0
4163 11217673 -1.8762188730097324 1.048913177727056 0.6339840000000001 0.0 0.0
4164 11217673 -1.870465384281932 1.0911502660924979 0.6400800000000001 0.0 0.0
4165 11217673 -1.8674570905080587 1.1128333661799252 0.6400800000000001 0.0 0.0
4166 11217673 -1.8644487967341854 1.1345164662673524 0.6400800000000001 0.0 0.0
4167 11217673 -1.8530573956027374 1.1983826028958635 0.6400800000000001 0.0 0.0
4168 11217673 -1.8416659944712894 1.2622487395243749 0.6400800000000001 0.0 0.0
4169 11217673 -1.8331335243753704 1.3046166008104205 0.6400800000000001 0.0 0.0
4170 11217673 -1.8246010542794513 1.3469844620964662 0.6400800000000001 0.0 0.0
4171 11217673 -1.815257017133389 1.3918326003992676 0.67056 0.0 0.0
4172 11217673 -1.8067761973417629 1.434042113990352 0.67056 0.0 0.0
4173 11217673 -1.7988239045719256 1.475314557016293 0.67056 0.0 0.0
4174 11217673 -1.7908716118020884 1.5165870000422343 0.67056 0.0 0.0
4175 11217673 -1.7828262793619574 1.5588221717143895 0.67056 0.0 0.0
4176 11217673 -1.7710751750982914 1.602882813928809 0.67056 0.0 0.0
4177 11217673 -1.7625940763449102 1.645092268408319 0.67056 0.0 0.0
4178 11217673 -1.7492994487323108 1.6857268609430767 0.67056 0.0 0.0
4179 11217673 -1.7390331097106386 1.7252490769854212 0.7010400000000001 0.0 0.0
4180 11217673 -1.7281451746225451 1.7666710866461541 0.7010400000000001 0.0 0.0
4181 11217673 -1.7159847927379073 1.8079104722450847 0.7010400000000001 0.0 0.0
4182 11217673 -1.7038244108532694 1.8491498578440153 0.7010400000000001 0.0 0.0
4183 11217673 -1.699601005441027 1.8702017865770892 0.7010400000000001 0.0 0.0
4184 11217673 -1.6953776000287848 1.8912537153101632 0.7010400000000001 0.0 0.0
4185 11217673 -1.6733942776178432 1.9747309506326818 0.7010400000000001 0.0 0.0
4186 11217673 -1.6616826989431535 2.0145982408473633 0.71628 0.0 0.0
4187 11217673 -1.6499711202684637 2.054465531062045 0.73152 0.0 0.0
4188 11217673 -1.638944840112323 2.0963096773659915 0.73152 0.0 0.0
4189 11217673 -1.6279875943851894 2.1379427293430857 0.73152 0.0 0.0
4190 11217673 -1.6158615603658646 2.179076541224915 0.73152 0.0 0.0
4191 11217673 -1.6037355263465398 2.2202103531067445 0.73152 0.0 0.0
4192 11217673 -1.5931336111607493 2.2618428304520557 0.73152 0.0 0.0
4193 11217673 -1.5798042678713893 2.3025829537876783 0.73152 0.0 0.0
4194 11217673 -1.5664749245820293 2.3433230771233013 0.73152 0.0 0.0
4195 11217673 -1.5598447841841294 2.3635875964459196 0.73152 0.0 0.0
4196 11217673 -1.5532146437862295 2.383852115768538 0.73152 0.0 0.0
4197 11217673 -1.5297678085699997 2.463929540026235 0.73152 0.0 0.0
4198 11217673 -1.516334850444102 2.5049863038188085 0.762 0.0 0.0
4199 11217673 -1.5054692876086164 2.5464741247708407 0.762 0.0 0.0
4200 11217673 -1.4946037247731307 2.587961945722873 0.762 0.0 0.0
4201 11217673 -1.4854174178326762 2.6252670668214493 0.762 0.0 0.0
4202 11217673 -1.4713973648019543 2.668118081057252 0.762 0.0 0.0
4203 11217673 -1.4588912850812121 2.710412860337361 0.762 0.0 0.0
4204 11217673 -1.44638520536047 2.75270763961747 0.762 0.0 0.0
4205 11217673 -1.433090310571074 2.793342225854014 0.762 0.0 0.0
4206 11217673 -1.4263737982926503 2.813870609097834 0.762 0.0 0.0
4207 11217673 -1.4196572860142267 2.834398992341654 0.762 0.0 0.0
4208 11217673 -1.3946450328284878 2.9189885464526113 0.762 0.0 0.0
4209 11217673 -1.382962177768454 2.962837958731068 0.762 0.0 0.0
4210 11217673 -1.3738226341094963 2.9907720421586754 0.7721600000000001 0.0 0.0
4211 11217673 -1.3646830904505387 3.0187061255862835 0.78232 0.0 0.0
4212 11217673 -1.355543546791581 3.046640209013891 0.7924800000000001 0.0 0.0
4213 11217673 -1.3305656855543042 3.131124206835374 0.7924800000000001 0.0 0.0
4214 11217673 -1.3180767240990996 3.173366202505936 0.7924800000000001 0.0 0.0
4215 11217673 -1.305587762643895 3.215608198176499 0.7924800000000001 0.0 0.0
4216 11217673 -1.2947335321432873 3.2569245205300237 0.7924800000000001 0.0 0.0
4217 11217673 -1.2813694910178015 3.2977702060026792 0.7924800000000001 0.0 0.0
4218 11217673 -1.2703425543654425 3.3396142429485387 0.7924800000000001 0.0 0.0
4219 11217673 -1.2570475616968342 3.380248841825693 0.80772 0.0 0.0
4220 11217673 -1.2437525690282258 3.4208834407028474 0.82296 0.0 0.0
4221 11217673 -1.2303194450803419 3.461940221326975 0.82296 0.0 0.0
4222 11217673 -1.2170244499600658 3.5025748269613106 0.82296 0.0 0.0
4223 11217673 -1.2036949214049584 3.543314979730198 0.82296 0.0 0.0
4224 11217673 -1.1928405432497462 3.58463127973026 0.82296 0.0 0.0
4225 11217673 -1.1770703938133444 3.624689748928422 0.82296 0.0 0.0
4226 11217673 -1.163637264916894 3.665746543192405 0.82296 0.0 0.0
4227 11217673 -1.1503767973666246 3.706275617859832 0.82296 0.0 0.0
4228 11217673 -1.1366674061986475 3.7481767748233223 0.8382000000000001 0.0 0.0
4229 11217673 -1.1229580150306704 3.7900779317868127 0.8534400000000001 0.0 0.0
4230 11217673 -1.1072224773135313 3.8300308986785825 0.8534400000000001 0.0 0.0
4231 11217673 -1.090727253266956 3.872305857678101 0.8534400000000001 0.0 0.0
4232 11217673 -1.0750263019104298 3.912153305730742 0.8534400000000001 0.0 0.0
4233 11217673 -1.059187247754667 3.952422944626761 0.8534400000000001 0.0 0.0
4234 11217673 -1.0450980525011018 3.9954851261660944 0.8534400000000001 0.0 0.0
4235 11217673 -1.0269567035563545 4.034650974238109 0.8534400000000001 0.0 0.0
4236 11217673 -1.011290391615922 4.074392928627835 0.8534400000000001 0.0 0.0
4237 11217673 -0.994974710285576 4.115441385644639 0.8534400000000001 0.0 0.0
4238 11217673 -0.9786590289552302 4.156489842661443 0.8534400000000001 0.0 0.0
4239 11217673 -0.9653296122408961 4.1972300811192085 0.88392 0.0 0.0
4240 11217673 -0.9491225961749425 4.238489367206691 0.88392 0.0 0.0
4241 11217673 -0.932915580108989 4.279748653294175 0.88392 0.0 0.0
4242 11217673 -0.9161451225225566 4.318253058055191 0.88392 0.0 0.0
4243 11217673 -0.8993746649361243 4.3567574628162085 0.88392 0.0 0.0
4244 11217673 -0.8854582714018044 4.399291999299171 0.88392 0.0 0.0
4245 11217673 -0.8679734394717473 4.436452680002888 0.88392 0.0 0.0
4246 11217673 -0.8547131796330123 4.47698188050192 0.88392 0.0 0.0
4247 11217673 -0.838978087743929 4.516935060040271 0.9144000000000001 0.0 0.0
4248 11217673 -0.8314558737209001 4.53585620779283 0.9144000000000001 0.0 0.0
4249 11217673 -0.8239336596978712 4.554777355545389 0.9144000000000001 0.0 0.0
4250 11217673 -0.7892981818546263 4.636218668011205 0.9144000000000001 0.0 0.0
4251 11217673 -0.7752092242325361 4.679280982023411 0.9144000000000001 0.0 0.0
4252 11217673 -0.7615346461539789 4.721076761704831 0.9144000000000001 0.0 0.0
4253 11217673 -0.7478600680754217 4.762872541386249 0.9144000000000001 0.0 0.0
4254 11217673 -0.733702043695752 4.806145954117194 0.9144000000000001 0.0 0.0
4255 11217673 -0.7180361895828611 4.845888130091441 0.9144000000000001 0.0 0.0
4256 11217673 -0.7175282881969736 4.8459781352129205 0.9143846602918975 0.0 0.0
4257 11217673 -0.717020386811086 4.846068140334401 0.9143693205837947 0.0 0.0
4258 11217673 -0.7165124854251984 4.84615814545588 0.9143539808756921 0.0 0.0
4259 11217673 -0.7160045840393109 4.84624815057736 0.9143386411675894 0.0 0.0
4260 11217673 -0.7154966826534234 4.84633815569884 0.9143233014594868 0.0 0.0
4261 11217673 -0.7149887812675358 4.846428160820319 0.9143079617513841 0.0 0.0
4262 11217673 -0.7144808798816482 4.846518165941799 0.9142926220432814 0.0 0.0
4263 11217673 -0.7139729784957607 4.846608171063279 0.9142772823351788 0.0 0.0
4264 11217673 -0.7134650771098732 4.846698176184758 0.914261942627076 0.0 0.0
4265 11217673 -0.7129571757239856 4.846788181306238 0.9142466029189734 0.0 0.0
4266 11217673 -0.712449274338098 4.846878186427718 0.9142312632108708 0.0 0.0
4267 11217673 -0.7119413729522105 4.846968191549197 0.9142159235027681 0.0 0.0
4268 11217673 -0.711433471566323 4.847058196670677 0.9142005837946654 0.0 0.0
4269 11217673 -0.7109255701804355 4.847148201792157 0.9141852440865628 0.0 0.0
4270 11217673 -0.7104176687945478 4.847238206913636 0.9141699043784601 0.0 0.0
4271 11217673 -0.7099097674086603 4.847328212035116 0.9141545646703574 0.0 0.0
4272 11217673 -0.7094018660227728 4.847418217156596 0.9141392249622547 0.0 0.0
4273 11217673 -0.7088939646368853 4.847508222278075 0.9141238852541521 0.0 0.0
4274 11217673 -0.7083860632509976 4.847598227399555 0.9141085455460494 0.0 0.0
4275 11217673 -0.7078781618651101 4.847688232521035 0.9140932058379467 0.0 0.0
4276 11217673 -0.7073702604792226 4.8477782376425145 0.9140778661298441 0.0 0.0
4277 11217673 -0.7068623590933351 4.847868242763994 0.9140625264217415 0.0 0.0
4278 11217673 -0.7063544577074474 4.847958247885474 0.9140471867136387 0.0 0.0
4279 11217673 -0.7058465563215599 4.8480482530069535 0.9140318470055361 0.0 0.0
4280 11217673 -0.7053386549356724 4.848138258128433 0.9140165072974334 0.0 0.0
4281 11217673 -0.7048307535497849 4.848228263249913 0.9140011675893307 0.0 0.0
4282 11217673 -0.7043228521638972 4.848318268371393 0.9139858278812281 0.0 0.0
4283 11217673 -0.7038149507780097 4.848408273492873 0.9139704881731254 0.0 0.0
4284 11217673 -0.7033070493921222 4.848498278614352 0.9139551484650228 0.0 0.0
4285 11217673 -0.7027991480062347 4.848588283735832 0.91393980875692 0.0 0.0
4286 11217673 -0.702291246620347 4.848678288857312 0.9139244690488174 0.0 0.0
4287 11217673 -0.7017833452344595 4.848768293978791 0.9139091293407148 0.0 0.0
4288 11217673 -0.701275443848572 4.848858299100271 0.913893789632612 0.0 0.0
4289 11217673 -0.7007675424626845 4.848948304221751 0.9138784499245094 0.0 0.0
4290 11217673 -0.7002596410767968 4.84903830934323 0.9138631102164068 0.0 0.0
4291 11217673 -0.6997517396909093 4.84912831446471 0.9138477705083041 0.0 0.0
4292 11217673 -0.6992438383050218 4.84921831958619 0.9138324308002014 0.0 0.0
4293 11217673 -0.6987359369191343 4.849308324707669 0.9138170910920987 0.0 0.0
4294 11217673 -0.6982280355332466 4.849398329829149 0.9138017513839961 0.0 0.0
4295 11217673 -0.6977201341473591 4.849488334950629 0.9137864116758934 0.0 0.0
4296 11217673 -0.6972122327614716 4.849578340072108 0.9137710719677907 0.0 0.0
4297 11217673 -0.6967043313755841 4.849668345193588 0.9137557322596881 0.0 0.0
4298 11217673 -0.6961964299896964 4.849758350315068 0.9137403925515855 0.0 0.0
4299 11217673 -0.6956885286038089 4.8498483554365475 0.9137250528434827 0.0 0.0
4300 11217673 -0.6951806272179214 4.849938360558027 0.9137097131353801 0.0 0.0
4301 11217673 -0.6946727258320339 4.850028365679507 0.9136943734272774 0.0 0.0
4302 11217673 -0.6941648244461462 4.8501183708009865 0.9136790337191747 0.0 0.0
4303 11217673 -0.6936569230602587 4.850208375922466 0.9136636940110721 0.0 0.0
4304 11217673 -0.6931490216743712 4.850298381043946 0.9136483543029694 0.0 0.0
4305 11217673 -0.6926411202884837 4.850388386165426 0.9136330145948668 0.0 0.0
4306 11217673 -0.692133218902596 4.850478391286905 0.913617674886764 0.0 0.0
4307 11217673 -0.6916253175167085 4.850568396408385 0.9136023351786614 0.0 0.0
4308 11217673 -0.691117416130821 4.850658401529865 0.9135869954705588 0.0 0.0
4309 11217673 -0.6906095147449335 4.850748406651344 0.913571655762456 0.0 0.0
4310 11217673 -0.6901016133590459 4.850838411772824 0.9135563160543534 0.0 0.0
4311 11217673 -0.6895937119731583 4.850928416894304 0.9135409763462508 0.0 0.0
4312 11217673 -0.6890858105872708 4.851018422015783 0.913525636638148 0.0 0.0
4313 11217673 -0.6885779092013833 4.851108427137263 0.9135102969300454 0.0 0.0
4314 11217673 -0.6880700078154957 4.851198432258743 0.9134949572219427 0.0 0.0
4315 11217673 -0.6875621064296081 4.851288437380222 0.9134796175138401 0.0 0.0
