57992 10979952 -1.434742480321517 4.501561004616486 0.88392 0.5306722116665529 -2.516863095951969
57993 10979952 -1.4042696731102378 4.499183528403121 0.88392 0.5306722116665529 -2.516863095951969
57994 10979952 -1.3737968658989586 4.496806052189755 0.88392 0.5306722116665529 -2.516863095951969
57995 10979952 -1.3392541135121399 4.495200098360609 0.88392 0.5306722116665529 -2.516863095951969
57996 10979952 -1.3075316486127906 4.493115215035875 0.88392 0.5306722116665529 -2.516863095951969
57997 10979952 -1.275809183713441 4.4910303317111415 0.88392 0.5306722116665529 -2.516863095951969
57998 10979952 -1.2440867188140918 4.488945448386407 0.88392 0.5306722116665529 -2.516863095951969
57999 10979952 -1.205741682152391 4.485394907807153 0.88392 0.5306722116665529 -2.516863095951969
58000 10979952 -1.16739664549069 4.4818443672279 0.88392 0.5306722116665529 -2.516863095951969
58001 10979952 -1.1286184873258178 4.47663342810706 0.88392 0.5306722116665529 -2.516863095951969
58002 10979952 -1.0985602743077854 4.4729907456066424 0.88392 0.5306722116665529 -2.516863095951969
58003 10979952 -1.0685020612897527 4.469348063106225 0.88392 0.5306722116665529 -2.516863095951969
58004 10979952 -1.0245570504596404 4.462563900256247 0.88392 0.5306722116665529 -2.516863095951969
58005 10979952 -0.9891048352167533 4.455871414540394 0.88392 0.5306722116665529 -2.516863095951969
58006 10979952 -0.964726535927665 4.451692432290085 0.8991600000000001 0.5306722116665529 -2.516863095951969
58007 10979952 -0.9403482366385767 4.447513450039776 0.9144000000000001 0.5306722116665529 -2.516863095951969
58008 10979952 -0.9150149038180098 4.441912113421938 0.9144000000000001 0.5306722116665529 -2.516863095951969
58009 10979952 -0.8794651904549111 4.435246803530676 0.9144000000000001 0.5306722116665529 -2.516863095951969
58010 10979952 -0.8439154770918125 4.428581493639415 0.9144000000000001 0.5306722116665529 -2.516863095951969
58011 10979952 -0.8038610658652554 4.418047391763644 0.9144000000000001 0.5306722116665529 -2.516863095951969
58012 10979952 -0.7835119348645807 4.413493006256797 0.9144000000000001 0.5306722116665529 -2.516863095951969
58013 10979952 -0.7447684315822994 4.399766155872948 0.9144000000000001 0.5306722116665529 -2.516863095951969
58014 10979952 -0.7060249283000182 4.386039305489099 0.9144000000000001 0.5306722116665529 -2.516863095951969
58015 10979952 -0.677112864151241 4.3740101980349975 0.9144000000000001 0.5306722116665529 -2.516863095951969
58016 10979952 -0.6335352771080152 4.349822501407172 0.9144000000000001 0.5306722116665529 -2.516863095951969
58017 10979952 -0.6223002992877464 4.343459740620112 0.9144000000000001 0.5306722116665529 -2.516863095951969
58018 10979952 -0.5828435537623224 4.3229573557871035 0.9144000000000001 0.5306722116665529 -2.516863095951969
58019 10979952 -0.5520543024667954 4.300383282472074 0.9144000000000001 0.5306722116665529 -2.516863095951969
58020 10979952 -0.5268440057273822 4.2797512340110755 0.9144000000000001 0.5306722116665529 -2.516863095951969
58021 10979952 -0.4979532637016686 4.2513723918750195 0.9144000000000001 0.5306722116665529 -2.516863095951969
58022 10979952 -0.46906252167595497 4.222993549738963 0.9144000000000001 0.5306722116665529 -2.516863095951969
58023 10979952 -0.44974703638863667 4.19926609070496 0.92964 0.5306722116665529 -2.516863095951969
58024 10979952 -0.43043155110131837 4.175538631670956 0.9448799999999999 0.5306722116665529 -2.516863095951969
58025 10979952 -0.40810461873470383 4.140661255315498 0.92964 0.5306722116665529 -2.516863095951969
58026 10979952 -0.3857776863680893 4.10578387896004 0.9144000000000001 0.5306722116665529 -2.516863095951969
58027 10979952 -0.36961590030367786 4.0802841867121 0.9144000000000001 0.5306722116665529 -2.516863095951969
58028 10979952 -0.35258937418613323 4.0498281397513525 0.9448799999999999 0.5306722116665529 -2.516863095951969
58029 10979952 -0.33579838722697974 4.014308340860781 0.9448799999999999 0.5306722116665529 -2.516863095951969
58030 10979952 -0.31900740026782626 3.9787885419702103 0.9448799999999999 0.5306722116665529 -2.516863095951969
58031 10979952 -0.3055275872869343 3.9440013840956047 0.9448799999999999 0.5306722116665529 -2.516863095951969
58032 10979952 -0.2972764422849198 3.9162990784595153 0.9448799999999999 0.5306722116665529 -2.516863095951969
58033 10979952 -0.28902529728290527 3.888596772823426 0.9448799999999999 0.5306722116665529 -2.516863095951969
58034 10979952 -0.2781845197556808 3.851167815219187 0.9448799999999999 0.5306722116665529 -2.516863095951969
58035 10979952 -0.26734374222845636 3.8137388576149482 0.9448799999999999 0.5306722116665529 -2.516863095951969
58036 10979952 -0.2544843995231758 3.7770518778661155 0.9448799999999999 0.5306722116665529 -2.516863095951969
58037 10979952 -0.24546077804369837 3.738815381503758 0.9448799999999999 0.5306722116665529 -2.516863095951969
58038 10979952 -0.23643715656422093 3.700578885141401 0.9448799999999999 0.5306722116665529 -2.516863095951969
58039 10979952 -0.22349997209482453 3.6614131069492744 0.9448799999999999 0.5306722116665529 -2.516863095951969
58040 10979952 -0.21056278762542813 3.6222473287571475 0.9448799999999999 0.5306722116665529 -2.516863095951969
58041 10979952 -0.2051247892916801 3.580510200785748 0.9448799999999999 0.5306722116665529 -2.516863095951969
58042 10979952 -0.193015361548328 3.538811259668519 0.9448799999999999 0.5306722116665529 -2.516863095951969
58043 10979952 -0.18090593380497588 3.4971123185512902 0.9448799999999999 0.5306722116665529 -2.516863095951969
58044 10979952 -0.16450774138705748 3.456581372691558 0.9448799999999999 0.5306722116665529 -2.516863095951969
58045 10979952 -0.15079751861852464 3.4157028371592433 0.9448799999999999 0.5306722116665529 -2.516863095951969
58046 10979952 -0.1370872958499918 3.3748243016269286 0.9448799999999999 0.5306722116665529 -2.516863095951969
58047 10979952 -0.1243492468258427 3.330700293845567 0.9448799999999999 0.5306722116665529 -2.516863095951969
58048 10979952 -0.1079042755545474 3.290037643853743 0.97536 0.5306722116665529 -2.516863095951969
58049 10979952 -0.09448651757317439 3.2482619797605783 0.97536 0.5306722116665529 -2.516863095951969
58050 10979952 -0.08102280473161094 3.2063545474375577 0.9448799999999999 0.5306722116665529 -2.516863095951969
58051 10979952 -0.06245400814397073 3.167568194906182 0.9448799999999999 0.5306722116665529 -2.516863095951969
58052 10979952 -0.04388521155633052 3.128781842374806 0.9448799999999999 0.5306722116665529 -2.516863095951969
58053 10979952 -0.028495684447772396 3.086244995474409 0.9448799999999999 0.5306722116665529 -2.516863095951969
58054 10979952 -0.012935574532376759 3.0421920876055886 0.9448799999999999 0.5306722116665529 -2.516863095951969
58055 10979952 0.002624535383018878 2.998139179736768 0.9448799999999999 0.5306722116665529 -2.516863095951969
58056 10979952 0.016476548083566578 2.95347666088829 0.9448799999999999 0.5306722116665529 -2.516863095951969
58057 10979952 0.030328560784114278 2.908814142039813 0.9448799999999999 0.5306722116665529 -2.516863095951969
58058 10979952 0.04528112421708019 2.863850348103758 0.9448799999999999 0.5306722116665529 -2.516863095951969
58059 10979952 0.06308710356265901 2.817836851442778 0.97536 0.5306722116665529 -2.516863095951969
58060 10979952 0.07771945706316064 2.7729779981263634 0.97536 0.5306722116665529 -2.516863095951969
58061 10979952 0.09154162292576118 2.731071367005763 0.97536 0.5306722116665529 -2.516863095951969
58062 10979952 0.10646091016004144 2.6860020818650674 0.97536 0.5306722116665529 -2.516863095951969
58063 10979952 0.11401817798425862 2.663493995815661 0.97536 0.5306722116665529 -2.516863095951969
58064 10979952 0.12157544580847579 2.6409859097662545 0.97536 0.5306722116665529 -2.516863095951969
58065 10979952 0.14841035112668088 2.5492595927931507 0.97536 0.5306722116665529 -2.516863095951969
58066 10979952 0.1655629477685211 2.501240745757872 0.97536 0.5306722116665529 -2.516863095951969
58067 10979952 0.17703178798462127 2.454846599946583 0.97536 0.5306722116665529 -2.516863095951969
58068 10979952 0.18999325254989397 2.41030124204344 0.9448799999999999 0.5306722116665529 -2.516863095951969
58069 10979952 0.20351576622212247 2.364754775704558 0.9448799999999999 0.5306722116665529 -2.516863095951969
58070 10979952 0.21703827989435098 2.319208309365676 0.9448799999999999 0.5306722116665529 -2.516863095951969
58071 10979952 0.22852995566658063 2.27152196614839 0.9448799999999999 0.5306722116665529 -2.516863095951969
58072 10979952 0.24002163143881028 2.2238356229311043 0.9448799999999999 0.5306722116665529 -2.516863095951969
58073 10979952 0.2549443244566264 2.178766448888357 0.9448799999999999 0.5306722116665529 -2.516863095951969
58074 10979952 0.2644899708585131 2.133001698582198 0.9448799999999999 0.5306722116665529 -2.516863095951969
58075 10979952 0.27635105385768133 2.08671376410284 0.97536 0.5306722116665529 -2.516863095951969
58076 10979952 0.2864804743844252 2.0394732245129465 0.97536 0.5306722116665529 -2.516863095951969
58077 10979952 0.29660989491116907 1.9922326849230532 0.97536 0.5306722116665529 -2.516863095951969
58078 10979952 0.30727988165379777 1.9461007712589948 0.97536 0.5306722116665529 -2.516863095951969
58079 10979952 0.31794986839642647 1.8999688575949365 0.97536 0.5306722116665529 -2.516863095951969
58080 10979952 0.3278525543006947 1.8542047294027924 0.97536 0.5306722116665529 -2.516863095951969
58081 10979952 0.339290964864287 1.8077050146047342 0.97536 0.5306722116665529 -2.516863095951969
58082 10979952 0.3438802967848008 1.7837146315954433 0.96012 0.5306722116665529 -2.516863095951969
58083 10979952 0.3484696287053146 1.7597242485861522 0.9448799999999999 0.5306722116665529 -2.516863095951969
58084 10979952 0.3667714798127496 1.6921129581693832 0.96012 0.5306722116665529 -2.516863095951969
58085 10979952 0.38507333092018464 1.6245016677526143 0.97536 0.5306722116665529 -2.516863095951969
58086 10979952 0.3951156844775271 1.579159731480692 0.97536 0.5306722116665529 -2.516863095951969
58087 10979952 0.40613321261816654 1.534083331344814 0.97536 0.5306722116665529 -2.516863095951969
58088 10979952 0.417150740758806 1.4890069312089358 0.97536 0.5306722116665529 -2.516863095951969
58089 10979952 0.4285914420094863 1.4425072028313877 0.97536 0.5306722116665529 -2.516863095951969
58090 10979952 0.43849687988688746 1.3967430324068129 0.97536 0.5306722116665529 -2.516863095951969
58091 10979952 0.44892328501528983 1.3516655118223242 0.97536 0.5306722116665529 -2.516863095951969
58092 10979952 0.45934969014369215 1.3065879912378358 0.97536 0.5306722116665529 -2.516863095951969
58093 10979952 0.4697760952720945 1.261510470653347 0.97536 0.5306722116665529 -2.516863095951969
58094 10979952 0.4795791114342924 1.2154296145171155 0.97536 0.5306722116665529 -2.516863095951969
58095 10979952 0.4910215064193764 1.1689298680563134 0.97536 0.5306722116665529 -2.516863095951969
58096 10979952 0.5008897800634741 1.1244051028450144 0.97536 0.5306722116665529 -2.516863095951969
58097 10979952 0.5107580537075718 1.0798803376337154 0.97536 0.5306722116665529 -2.516863095951969
58098 10979952 0.5254450657273471 1.0324372758713483 0.97536 0.5306722116665529 -2.516863095951969
58099 10979952 0.536923111342164 0.9860430801904452 0.97536 0.5306722116665529 -2.516863095951969
58100 10979952 0.5492382756205928 0.939492226103528 0.97536 0.5306722116665529 -2.516863095951969
58101 10979952 0.5610837284606152 0.8928613675556696 0.96012 0.5306722116665529 -2.516863095951969
58102 10979952 0.5729291813006374 0.846230509007811 0.9448799999999999 0.5306722116665529 -2.516863095951969
58103 10979952 0.585258166738307 0.801077435565595 0.9448799999999999 0.5306722116665529 -2.516863095951969
58104 10979952 0.5975871521759766 0.7559243621233788 0.9448799999999999 0.5306722116665529 -2.516863095951969
58105 10979952 0.6106462635509706 0.7089265924397681 0.9448799999999999 0.5306722116665529 -2.516863095951969
58106 10979952 0.6237053749259647 0.6619288227561573 0.9448799999999999 0.5306722116665529 -2.516863095951969
58107 10979952 0.6367644863009587 0.6149310530725465 0.9448799999999999 0.5306722116665529 -2.516863095951969
58108 10979952 0.6498235976759528 0.5679332833889358 0.9448799999999999 0.5306722116665529 -2.516863095951969
58109 10979952 0.6617576831448293 0.5215663262902851 0.9448799999999999 0.5306722116665529 -2.516863095951969
58110 10979952 0.6736917686137058 0.4751993691916344 0.9448799999999999 0.5306722116665529 -2.516863095951969
58111 10979952 0.687303119279234 0.42553901380965486 0.9448799999999999 0.5306722116665529 -2.516863095951969
58112 10979952 0.6960089566058456 0.37771538929834503 0.9448799999999999 0.5306722116665529 -2.516863095951969
58113 10979952 0.7105972771400203 0.3299557405620813 0.9448799999999999 0.5306722116665529 -2.516863095951969
58114 10979952 0.7213292609179431 0.28398207177815227 0.9448799999999999 0.5306722116665529 -2.516863095951969
58114 11217673 -1.5953947861336564 -4.15327765329664 0.7086600000000001 0.5306722116665529 -2.516863095951969
58115 10979952 0.7320612446958659 0.23800840299422324 0.9448799999999999 0.5306722116665529 -2.516863095951969
58115 11217673 -1.580523886429556 -4.107784468092363 0.7010400000000001 0.5306722116665529 -2.516863095951969
58116 10979952 0.7491176230904311 0.19236332616676777 0.9448799999999999 0.5306722116665529 -2.516863095951969
58116 11217673 -1.5755890369133538 -4.084395718217212 0.7010400000000001 0.5306722116665529 -2.516863095951969
58117 10979952 0.7581339121837163 0.14385457094840332 0.9448799999999999 0.5306722116665529 -2.516863095951969
58117 11217673 -1.5706541873971516 -4.061006968342061 0.7010400000000001 0.5306722116665529 -2.516863095951969
58118 11217673 -1.5535095102770726 -3.991430406782678 0.7124699999999999 0.5306722116665529 -2.516863095951969
58118 10979952 0.7697900505372911 0.0979881609643766 0.9448799999999999 0.5306722116665529 -2.516863095951969
58119 10979952 0.7843802837118506 0.050228543851341276 0.9448799999999999 0.5306722116665529 -2.516863095951969
58119 11217673 -1.5338068001807887 -3.9224563526492298 0.7010400000000001 0.5306722116665529 -2.516863095951969
58120 10979952 0.7959680420100375 0.004151021904692895 0.9448799999999999 0.5306722116665529 -2.516863095951969
58120 11217673 -1.5288489516467512 -3.8991335241458325 0.6896100000000001 0.5306722116665529 -2.516863095951969
58121 10979952 0.804985507818424 -0.0443577602442671 0.9448799999999999 0.5306722116665529 -2.516863095951969
58121 11217673 -1.5238911031127136 -3.8758106956424347 0.6781800000000001 0.5306722116665529 -2.516863095951969
58122 10979952 0.8166428214845646 -0.09022417289747497 0.9448799999999999 0.5306722116665529 -2.516863095951969
58122 11217673 -1.5114632099000633 -3.829635737289462 0.6781800000000001 0.5306722116665529 -2.516863095951969
58123 10979952 0.826121980434124 -0.1359629284622177 0.9448799999999999 0.5306722116665529 -2.516863095951969
58123 11217673 -1.4983452122569283 -3.78134973318291 0.67056 0.5306722116665529 -2.516863095951969
58124 10979952 0.8356011393836835 -0.18170168402696038 0.9448799999999999 0.5306722116665529 -2.516863095951969
58124 11217673 -1.4766914209298567 -3.6906402254109816 0.6629400000000001 0.5306722116665529 -2.516863095951969
58125 10979952 0.8394839650355364 -0.2285325549616604 0.9448799999999999 0.5306722116665529 -2.516863095951969
58125 11217673 -1.462613905520848 -3.6475747775478795 0.65532 0.5306722116665529 -2.516863095951969
58126 11217673 -1.4525598907890636 -3.600506974289868 0.67056 0.5306722116665529 -2.516863095951969
58126 10979952 0.8457863591267724 -0.2755697550738152 0.9448799999999999 0.5306722116665529 -2.516863095951969
58127 10979952 0.8469531634790746 -0.3209290299388522 0.9448799999999999 0.5306722116665529 -2.516863095951969
58127 11217673 -1.4463975951731587 -3.577577843827952 0.67056 0.5306722116665529 -2.516863095951969
58128 11217673 -1.4402352995572538 -3.5546487133660363 0.67056 0.5306722116665529 -2.516863095951969
58128 10979952 0.8495778801513663 -0.3645448903876799 0.9448799999999999 0.5306722116665529 -2.516863095951969
58129 11217673 -1.4223521662605563 -3.487708503369479 0.6400800000000001 0.5306722116665529 -2.516863095951969
58129 10979952 0.8483720747304344 -0.40901211415232697 0.9448799999999999 0.5306722116665529 -2.516863095951969
58130 11217673 -1.4087369824731844 -3.4419800303268957 0.6362700000000001 0.5306722116665529 -2.516863095951969
58130 10979952 0.8462697592554367 -0.45622388851434437 0.9448799999999999 0.5306722116665529 -2.516863095951969
58131 11217673 -1.3951217986858124 -3.396251557284312 0.63246 0.5306722116665529 -2.516863095951969
58131 10979952 0.8426222809193868 -0.5000101792432636 0.9448799999999999 0.5306722116665529 -2.516863095951969
58132 11217673 -1.381405448976929 -3.3393403185277846 0.62865 0.5306722116665529 -2.516863095951969
58132 10979952 0.8418639171433124 -0.5447403364664519 0.9448799999999999 0.5306722116665529 -2.516863095951969
58133 11217673 -1.3676890992680455 -3.2824290797712568 0.6248400000000001 0.5306722116665529 -2.516863095951969
58133 10979952 0.8363630600918144 -0.5906664809041873 0.9448799999999999 0.5306722116665529 -2.516863095951969
58134 10979952 0.8308622030403164 -0.6365926253419227 0.9448799999999999 0.5306722116665529 -2.516863095951969
58134 11217673 -1.355226264638597 -3.2361486507385453 0.61722 0.5306722116665529 -2.516863095951969
58135 10979952 0.8264220232626968 -0.682806856977944 0.9448799999999999 0.5306722116665529 -2.516863095951969
58135 11217673 -1.3465393180085916 -3.191905198256218 0.6096 0.5306722116665529 -2.516863095951969
58136 10979952 0.8187812288296066 -0.7306624232970367 0.9448799999999999 0.5306722116665529 -2.516863095951969
58136 11217673 -1.3396177663836315 -3.1462668226332333 0.6096 0.5306722116665529 -2.516863095951969
58137 11217673 -1.3303567586697083 -3.10162685142026 0.6019800000000001 0.5306722116665529 -2.516863095951969
58137 10979952 0.8124729111291007 -0.7757990062660006 0.9448799999999999 0.5306722116665529 -2.516863095951969
58138 10979952 0.8032291697274234 -0.8206775385894332 0.9448799999999999 0.5306722116665529 -2.516863095951969
58138 11217673 -1.319646503187158 -3.05255369046236 0.6019800000000001 0.5306722116665529 -2.516863095951969
58139 11217673 -1.3125453367895636 -3.0185987558204683 0.600075 0.5306722116665529 -2.516863095951969
58139 10979952 0.7983828540856361 -0.8442117299135217 0.9448799999999999 0.5306722116665529 -2.516863095951969
58140 11217673 -1.3054441703919692 -2.984643821178577 0.5981700000000001 0.5306722116665529 -2.516863095951969
58140 10979952 0.7935365384438487 -0.8677459212376102 0.9448799999999999 0.5306722116665529 -2.516863095951969
58141 11217673 -1.2983430039943749 -2.9506888865366854 0.596265 0.5306722116665529 -2.516863095951969
58141 10979952 0.7735784148437894 -0.9614618621331504 0.9448799999999999 0.5306722116665529 -2.516863095951969
58142 10979952 0.7627091525199591 -1.0028886864834894 0.9448799999999999 0.5306722116665529 -2.516863095951969
58142 11217673 -1.2912418375967805 -2.916733951894794 0.59436 0.5306722116665529 -2.516863095951969
58143 10979952 0.7526612609041561 -1.0499578050086584 0.9448799999999999 0.5306722116665529 -2.516863095951969
58143 11217673 -1.2654252943382687 -2.829604827538507 0.58674 0.5306722116665529 -2.516863095951969
58144 10979952 0.7427858602605197 -1.0964991413896212 0.9448799999999999 0.5306722116665529 -2.516863095951969
58144 11217673 -1.2540767380748814 -2.7856472257428257 0.59436 0.5306722116665529 -2.516863095951969
58145 11217673 -1.2424873220829669 -2.741768355810799 0.59436 0.5306722116665529 -2.516863095951969
58145 10979952 0.7302959085192116 -1.1428872706208912 0.9448799999999999 0.5306722116665529 -2.516863095951969
58146 11217673 -1.2307830950180525 -2.6978101810690305 0.6400800000000001 0.5306722116665529 -2.516863095951969
58146 10979952 0.7179094612152563 -1.1889587312616214 0.9448799999999999 0.5306722116665529 -2.516863095951969
58147 10979952 0.7055230139113012 -1.2350301919023514 0.9448799999999999 0.5306722116665529 -2.516863095951969
58147 11217673 -1.2174987328683653 -2.6571725102822334 0.6172200000000001 0.5306722116665529 -2.516863095951969
58148 10979952 0.6990086249005522 -1.280800310402199 0.9448799999999999 0.5306722116665529 -2.516863095951969
58148 11217673 -1.204214370718678 -2.616534839495436 0.59436 0.5306722116665529 -2.516863095951969
58149 11217673 -1.1978827325260155 -2.597165973719448 0.59436 0.5306722116665529 -2.516863095951969
58149 10979952 0.6870762577085692 -1.3256181973598944 0.9448799999999999 0.5306722116665529 -2.516863095951969
58150 11217673 -1.191551094333353 -2.5777971079434603 0.59436 0.5306722116665529 -2.516863095951969
58150 10979952 0.6751438905165863 -1.3704360843175898 0.9448799999999999 0.5306722116665529 -2.516863095951969
58151 11217673 -1.1775076233590223 -2.534837277433572 0.6400800000000001 0.5306722116665529 -2.516863095951969
58151 10979952 0.6655899129451899 -1.4170823815529472 0.9448799999999999 0.5306722116665529 -2.516863095951969
58152 11217673 -1.1499454375715839 -2.4586767829511507 0.59436 0.5306722116665529 -2.516863095951969
58152 10979952 0.6531692255063657 -1.4632594508403145 0.9448799999999999 0.5306722116665529 -2.516863095951969
58153 11217673 -1.1420763080513712 -2.4388174414060892 0.59436 0.5306722116665529 -2.516863095951969
58153 10979952 0.6407485380675415 -1.5094365201276818 0.9448799999999999 0.5306722116665529 -2.516863095951969
58154 11217673 -1.1342071785311585 -2.418958099861028 0.59436 0.5306722116665529 -2.516863095951969
58154 10979952 0.629531845555759 -1.5560069086316526 0.9448799999999999 0.5306722116665529 -2.516863095951969
58155 10979952 0.6183151530439767 -1.6025772971356234 0.9448799999999999 0.5306722116665529 -2.516863095951969
58155 11217673 -1.1215094199901137 -2.380114794387465 0.59436 0.5306722116665529 -2.516863095951969
58156 10979952 0.6034867187964386 -1.6479677723980168 0.9448799999999999 0.5306722116665529 -2.516863095951969
58156 11217673 -1.0914524550087752 -2.2974093965728715 0.6400800000000001 0.5306722116665529 -2.516863095951969
58157 10979952 0.5911696312563697 -1.6938281905977468 0.9448799999999999 0.5306722116665529 -2.516863095951969
58157 11217673 -1.0763811288244214 -2.2594588250671945 0.59436 0.5306722116665529 -2.516863095951969
58158 10979952 0.5787146372798639 -1.7401108516861283 0.9448799999999999 0.5306722116665529 -2.516863095951969
58158 11217673 -1.0582461677732196 -2.2202899315598477 0.59436 0.5306722116665529 -2.516863095951969
58159 10979952 0.5663976142399427 -1.7859712816924145 0.9448799999999999 0.5306722116665529 -2.516863095951969
58159 11217673 -1.0377377066931264 -2.182013747378061 0.59436 0.5306722116665529 -2.516863095951969
58160 11217673 -1.0170913079135804 -2.1433153153306175 0.59436 0.5306722116665529 -2.516863095951969
58160 10979952 0.5539426850733769 -1.8322539546229082 0.9448799999999999 0.5306722116665529 -2.516863095951969
58161 11217673 -0.9955579153471211 -2.1066592936279176 0.5981700000000001 0.5306722116665529 -2.516863095951969
58161 10979952 0.542280932724148 -1.8761087704883284 0.9448799999999999 0.5306722116665529 -2.516863095951969
58162 10979952 0.5315788327013872 -1.9251837256143494 0.9448799999999999 0.5306722116665529 -2.516863095951969
58162 11217673 -0.9740245227806619 -2.0700032719252177 0.6019800000000001 0.5306722116665529 -2.516863095951969
58163 10979952 0.5199171583763393 -1.9690385571261373 0.9448799999999999 0.5306722116665529 -2.516863095951969
58163 11217673 -0.9489891256513363 -2.035543480297989 0.6019800000000001 0.5306722116665529 -2.516863095951969
58164 10979952 0.5089360356121961 -2.015569024957818 0.9448799999999999 0.5306722116665529 -2.516863095951969
58164 11217673 -0.9366376537028502 -2.018142402034323 0.6210300000000001 0.5306722116665529 -2.516863095951969
58165 10979952 0.4979549128480528 -2.062099492789499 0.9448799999999999 0.5306722116665529 -2.516863095951969
58165 11217673 -0.9242861817543642 -2.0007413237706566 0.6400800000000001 0.5306722116665529 -2.516863095951969
58166 11217673 -0.8746518570422919 -1.9317957641529018 0.6019800000000001 0.5306722116665529 -2.516863095951969
58166 10979952 0.4849252784144844 -2.1104140591976503 0.9448799999999999 0.5306722116665529 -2.516863095951969
58167 11217673 -0.8609821870120224 -1.915117619467889 0.6019800000000001 0.5306722116665529 -2.516863095951969
58167 10979952 0.470166014063219 -2.1555934404359993 0.9448799999999999 0.5306722116665529 -2.516863095951969
58168 10979952 0.4604060197670789 -2.2028732831067654 0.9448799999999999 0.5306722116665529 -2.516863095951969
58168 11217673 -0.847312516981753 -1.8984394747828761 0.6019800000000001 0.5306722116665529 -2.516863095951969
58169 11217673 -0.7887027704673437 -1.8346473918311053 0.6400800000000001 0.5306722116665529 -2.516863095951969
58169 10979952 0.4457157589083294 -2.247841549734927 0.9448799999999999 0.5306722116665529 -2.516863095951969
58170 11217673 -0.7741743949067142 -1.8194181858372547 0.6248400000000001 0.5306722116665529 -2.516863095951969
58170 10979952 0.4332611749054112 -2.2941242875444035 0.9448799999999999 0.5306722116665529 -2.516863095951969
58171 11217673 -0.7596460193460848 -1.804188979843404 0.6096 0.5306722116665529 -2.516863095951969
58171 10979952 0.42156527362328494 -2.3380847263443454 0.9448799999999999 0.5306722116665529 -2.516863095951969
58172 10979952 0.40604742832499036 -2.3855864164887555 0.9448799999999999 0.5306722116665529 -2.516863095951969
58172 11217673 -0.7136852381283362 -1.7627826584374247 0.6096 0.5306722116665529 -2.516863095951969
58173 10979952 0.39373086206215807 -2.43144693056492 0.9448799999999999 0.5306722116665529 -2.516863095951969
58173 11217673 -0.6677244569105876 -1.7213763370314454 0.6096 0.5306722116665529 -2.516863095951969
58174 11217673 -0.6368815020666838 -1.6936045045692067 0.6096 0.5306722116665529 -2.516863095951969
58174 10979952 0.3830293558469872 -2.4805220099734586 0.9448799999999999 0.5306722116665529 -2.516863095951969
58175 11217673 -0.6037688413827913 -1.6670418008812367 0.61722 0.5306722116665529 -2.516863095951969
58175 10979952 0.3705749346989075 -2.5268047774640867 0.9448799999999999 0.5306722116665529 -2.516863095951969
58176 11217673 -0.5798470048424862 -1.6478728666127502 0.622935 0.5306722116665529 -2.516863095951969
58176 10979952 0.35571235399546786 -2.5723008471731235 0.9448799999999999 0.5306722116665529 -2.516863095951969
58177 10979952 0.3401945794944915 -2.619802540442133 0.9448799999999999 0.5306722116665529 -2.516863095951969
58177 11217673 -0.5559251683021811 -1.6287039323442638 0.62865 0.5306722116665529 -2.516863095951969
58178 10979952 0.32784367657521507 -2.66576863931735 0.9448799999999999 0.5306722116665529 -2.516863095951969
58178 11217673 -0.5084831553418716 -1.5902346339797007 0.61722 0.5306722116665529 -2.516863095951969
58179 10979952 0.3150617741983259 -2.7130542386175134 0.9448799999999999 0.5306722116665529 -2.516863095951969
58179 11217673 -0.4756254124518027 -1.56580808311397 0.61722 0.5306722116665529 -2.516863095951969
58180 11217673 -0.4420170758309143 -1.5418019764823092 0.62103 0.5306722116665529 -2.516863095951969
58180 10979952 0.3022798718214367 -2.7603398379176767 0.9448799999999999 0.5306722116665529 -2.516863095951969
58181 11217673 -0.40840873921002596 -1.5177958698506486 0.6248400000000001 0.5306722116665529 -2.516863095951969
58181 10979952 0.28917042328078224 -2.8086282598431516 0.9448799999999999 0.5306722116665529 -2.516863095951969
58182 10979952 0.2760610086865736 -2.8569166878343566 0.9448799999999999 0.5306722116665529 -2.516863095951969
58182 11217673 -0.37635414486351526 -1.4931065748086605 0.6248400000000001 0.5306722116665529 -2.516863095951969
58183 10979952 0.26367580210449704 -2.902988378784844 0.9448799999999999 0.5306722116665529 -2.516863095951969
58183 11217673 -0.3410548058417173 -1.4693608499940862 0.6248400000000001 0.5306722116665529 -2.516863095951969
58184 11217673 -0.3073862156882925 -1.4478859695806252 0.6248400000000001 0.5306722116665529 -2.516863095951969
58184 10979952 0.2512905955224205 -2.949060069735331 0.9448799999999999 0.5306722116665529 -2.516863095951969
58185 10979952 0.23846790913884597 -2.9975589743567808 0.9448799999999999 0.5306722116665529 -2.516863095951969
58185 11217673 -0.27449505617974057 -1.423353006255421 0.6248400000000001 0.5306722116665529 -2.516863095951969
58186 10979952 0.2232778723048795 -3.0440578624838572 0.9448799999999999 0.5306722116665529 -2.516863095951969
58186 11217673 -0.23480285470452245 -1.4051900286372252 0.6248400000000001 0.5306722116665529 -2.516863095951969
58187 10979952 0.20808783547091303 -3.0905567506109337 0.9448799999999999 0.5306722116665529 -2.516863095951969
58187 11217673 -0.19511065322930432 -1.3870270510190297 0.6248400000000001 0.5306722116665529 -2.516863095951969
58188 11217673 -0.15562461635032632 -1.3749300029270266 0.6248400000000001 0.5306722116665529 -2.516863095951969
58188 10979952 0.1958061974191575 -3.1363117824306435 0.9448799999999999 0.5306722116665529 -2.516863095951969
58189 11217673 -0.11337334961778622 -1.3611662367040422 0.6248400000000001 0.5306722116665529 -2.516863095951969
58189 10979952 0.185185667768071 -3.185413232495539 0.9448799999999999 0.5306722116665529 -2.516863095951969
58190 11217673 -0.06837939456461045 -1.3519201611379672 0.6248400000000001 0.5306722116665529 -2.516863095951969
58190 10979952 0.170288792953335 -3.231014869538177 0.9448799999999999 0.5306722116665529 -2.516863095951969
58191 11217673 -0.02338543951143468 -1.342674085571892 0.6248400000000001 0.5306722116665529 -2.516863095951969
58191 10979952 0.1599894890119291 -3.2802212436470817 0.9448799999999999 0.5306722116665529 -2.516863095951969
58192 10979952 0.14523058391506904 -3.325400647322755 0.9448799999999999 0.5306722116665529 -2.516863095951969
58192 11217673 0.01939773885892282 -1.3367942151025634 0.67056 0.5306722116665529 -2.516863095951969
58193 11217673 0.06497649771356628 -1.3340472676240256 0.65151 0.5306722116665529 -2.516863095951969
58193 10979952 0.13205256067551707 -3.3739002558823405 0.92964 0.5306722116665529 -2.516863095951969
58194 10979952 0.1188745374359651 -3.422399864441926 0.9144000000000001 0.5306722116665529 -2.516863095951969
58194 11217673 0.11055525656820975 -1.3313003201454878 0.63246 0.5306722116665529 -2.516863095951969
58195 10979952 0.10617934812827184 -3.4694216540563256 0.9144000000000001 0.5306722116665529 -2.516863095951969
58195 11217673 0.13184051332987673 -1.331946954655104 0.65151 0.5306722116665529 -2.516863095951969
58196 10979952 0.09348415882057859 -3.5164434436707253 0.9144000000000001 0.5306722116665529 -2.516863095951969
58196 11217673 0.1531257700915437 -1.33259358916472 0.67056 0.5306722116665529 -2.516863095951969
58197 11217673 0.2448664624818806 -1.3427099193776917 0.63246 0.5306722116665529 -2.516863095951969
58197 10979952 0.08020280415171577 -3.5652597515152333 0.9144000000000001 0.5306722116665529 -2.516863095951969
58198 10979952 0.06709389976000923 -3.6135482686015683 0.9144000000000001 0.5306722116665529 -2.516863095951969
58198 11217673 0.28884307993149416 -1.3494854235811349 0.63246 0.5306722116665529 -2.516863095951969
58199 10979952 0.0515764650995425 -3.6610499840723 0.9144000000000001 0.5306722116665529 -2.516863095951969
58199 11217673 0.3100381254036916 -1.3553008646926186 0.6362700000000001 0.5306722116665529 -2.516863095951969
58200 10979952 0.03846761208338745 -3.709338508805869 0.9144000000000001 0.5306722116665529 -2.516863095951969
58200 11217673 0.331233170875889 -1.3611163058041023 0.6400800000000001 0.5306722116665529 -2.516863095951969
58201 10979952 0.02295019605599835 -3.7568402221412036 0.9144000000000001 0.5306722116665529 -2.516863095951969
58201 11217673 0.4201457302766337 -1.3798860842297724 0.6400800000000001 0.5306722116665529 -2.516863095951969
58202 10979952 0.01221552480280097 -3.8060211358457083 0.9144000000000001 0.5306722116665529 -2.516863095951969
58202 11217673 0.43534281072251896 -1.3832157237520328 0.6400800000000001 0.5306722116665529 -2.516863095951969
58203 11217673 0.45053989116840426 -1.3865453632742935 0.6400800000000001 -1.1183983042263885 -3.4230048786853255
58203 10979952 -0.00412944998005893 -3.8560562771145652 0.9144000000000001 -1.1183983042263885 -3.4230048786853255
58204 10979952 -0.014001943569478481 -3.902598227773764 0.9144000000000001 -1.1183983042263885 -3.4230048786853255
58204 11217673 0.4657369716142895 -1.3898750027965538 0.6400800000000001 -1.1183983042263885 -3.4230048786853255
58205 10979952 -0.03192795259604131 -3.9493131112111795 0.9144000000000001 -1.1183983042263885 -3.4230048786853255
58205 11217673 0.5534897090403059 -1.4108342701924823 0.6400800000000001 -1.1183983042263885 -3.4230048786853255
58206 11217673 0.5982421151283386 -1.4231184018007719 0.6400800000000001 -1.1183983042263885 -3.4230048786853255
58206 10979952 -0.042765887504219946 -3.9988107415866136 0.9144000000000001 -1.1183983042263885 -3.4230048786853255
58207 11217673 0.6862072182623635 -1.4518557468966256 0.6400800000000001 -1.1183983042263885 -3.4230048786853255
58207 10979952 -0.05749010731960236 -4.0438845936071 0.9144000000000001 -1.1183983042263885 -3.4230048786853255
58208 10979952 -0.07059872252581556 -4.0921731578331935 0.9144000000000001 -1.1183983042263885 -3.4230048786853255
58208 11217673 0.7303504253678577 -1.4662764457612119 0.6400800000000001 -1.1183983042263885 -3.4230048786853255
58209 10979952 -0.08420476016300338 -4.137904334505166 0.9144000000000001 -1.1183983042263885 -3.4230048786853255
58209 11217673 0.772484338098966 -1.4841290214705434 0.6451600000000001 -1.1183983042263885 -3.4230048786853255
58210 11217673 0.8146182508300742 -1.501981597179875 0.65024 -1.1183983042263885 -3.4230048786853255
58210 10979952 -0.0978107978001912 -4.183635511177138 0.9144000000000001 -1.1183983042263885 -3.4230048786853255
58211 10979952 -0.1081091100314111 -4.232842095985311 0.9144000000000001 -1.1183983042263885 -3.4230048786853255
58211 11217673 0.8567521635611826 -1.5198341728892064 0.65532 -1.1183983042263885 -3.4230048786853255
58212 10979952 -0.1208653414406667 -4.280505863616345 0.9144000000000001 -1.1183983042263885 -3.4230048786853255
58212 11217673 0.8952870537291231 -1.5351086547824286 0.65532 -1.1183983042263885 -3.4230048786853255
58213 11217673 0.9344978014001861 -1.5517133534184377 0.65913 -1.1183983042263885 -3.4230048786853255
58213 10979952 -0.1336215728499223 -4.3281696312473805 0.9144000000000001 -1.1183983042263885 -3.4230048786853255
58214 10979952 -0.1463778042591779 -4.375833398878415 0.9144000000000001 -1.1183983042263885 -3.4230048786853255
58214 11217673 0.9737085490712492 -1.5683180520544469 0.6629400000000001 -1.1183983042263885 -3.4230048786853255
58215 11217673 1.008779477650155 -1.5846799925748005 0.67056 -1.1183983042263885 -3.4230048786853255
58215 10979952 -0.15707735369738884 -4.424908886658445 0.9144000000000001 -1.1183983042263885 -3.4230048786853255
58216 11217673 1.0449414035921132 -1.5990616137423763 0.67056 -1.1183983042263885 -3.4230048786853255
58216 10979952 -0.16827434080170967 -4.471426983800782 0.9144000000000001 -1.1183983042263885 -3.4230048786853255
58217 11217673 1.081172373962097 -1.6132319266084931 0.7010400000000001 -1.1183983042263885 -3.4230048786853255
58217 10979952 -0.1794713279060305 -4.517945080943119 0.9144000000000001 -1.1183983042263885 -3.4230048786853255
58218 10979952 -0.1934071476863659 -4.568767142378323 0.9144000000000001 -1.1183983042263885 -3.4230048786853255
58218 11217673 1.1162204336604606 -1.6299362317742696 0.6781800000000001 -1.1183983042263885 -3.4230048786853255
58219 10979952 -0.20809666627727785 -4.613735460491503 0.9144000000000001 -1.1183983042263885 -3.4230048786853255
58219 11217673 1.14976848675901 -1.6433465845288977 0.6781800000000001 -1.1183983042263885 -3.4230048786853255
58220 11217673 1.1833165398575596 -1.6567569372835258 0.6781800000000001 -1.1183983042263885 -3.4230048786853255
58220 10979952 -0.2229585959673055 -4.659231572373182 0.9144000000000001 -1.1183983042263885 -3.4230048786853255
58221 11217673 1.2171744480484907 -1.670034567322826 0.6781800000000001 -1.1183983042263885 -3.4230048786853255
58221 10979952 -0.242089096133297 -4.705552937152311 0.9144000000000001 -1.1183983042263885 -3.4230048786853255
58222 10979952 -0.2612195962992885 -4.751874301931441 0.9144000000000001 -1.1183983042263885 -3.4230048786853255
58222 11217673 1.25047601430906 -1.683655919401284 0.6781800000000001 -1.1183983042263885 -3.4230048786853255
58223 10979952 -0.28768453719243264 -4.739708241474861 0.9121253731343285 -1.1183983042263885 -3.4230048786853255
58223 11217673 1.2837775805696294 -1.6972772714797415 0.6781800000000001 -1.1183983042263885 -3.4230048786853255
58224 11217673 1.301893359931006 -1.7043618137410248 0.6896100000000001 -1.1183983042263885 -3.4230048786853255
58224 10979952 -0.31414947808557686 -4.727542181018281 0.9098507462686568 -1.1183983042263885 -3.4230048786853255
58225 10979952 -0.340614418978721 -4.715376120561702 0.9075761194029852 -1.1183983042263885 -3.4230048786853255
58225 11217673 1.3200091392923827 -1.711446356002308 0.7010400000000001 -1.1183983042263885 -3.4230048786853255
58226 10979952 -0.36707935987186524 -4.703210060105122 0.9053014925373135 -1.1183983042263885 -3.4230048786853255
58226 11217673 1.3910422353484238 -1.7346440424351752 0.67056 -1.1183983042263885 -3.4230048786853255
58227 10979952 -0.3935443007650094 -4.691043999648542 0.9030268656716419 -1.1183983042263885 -3.4230048786853255
58227 11217673 1.4277628571737524 -1.74663569008601 0.6667500000000001 -1.1183983042263885 -3.4230048786853255
58228 11217673 1.4644834789990813 -1.758627337736845 0.6629400000000001 -1.1183983042263885 -3.4230048786853255
58228 10979952 -0.42000924165815356 -4.678877939191962 0.9007522388059702 -1.1183983042263885 -3.4230048786853255
58229 10979952 -0.4464741825512978 -4.6667118787353825 0.8984776119402986 -1.1183983042263885 -3.4230048786853255
58229 11217673 1.4926041467430928 -1.768394346104058 0.6724650000000001 -1.1183983042263885 -3.4230048786853255
58230 11217673 1.5207248144871044 -1.7781613544712713 0.6819900000000001 -1.1183983042263885 -3.4230048786853255
58230 10979952 -0.47293912344444194 -4.6545458182788035 0.8962029850746269 -1.1183983042263885 -3.4230048786853255
58231 11217673 1.5675944342039791 -1.7917139899874632 0.668655 -1.1183983042263885 -3.4230048786853255
58231 10979952 -0.4994040643375861 -4.642379757822224 0.8939283582089553 -1.1183983042263885 -3.4230048786853255
58232 11217673 1.614464053920854 -1.8052666255036551 0.65532 -1.1183983042263885 -3.4230048786853255
58232 10979952 -0.5258690052307303 -4.630213697365644 0.8916537313432836 -1.1183983042263885 -3.4230048786853255
58233 11217673 1.632924863910207 -1.8112946755463795 0.6629400000000001 -1.1183983042263885 -3.4230048786853255
58233 10979952 -0.5523339461238745 -4.618047636909064 0.889379104477612 -1.1183983042263885 -3.4230048786853255
58234 10979952 -0.5787988870170186 -4.605881576452484 0.8871044776119403 -1.1183983042263885 -3.4230048786853255
58234 11217673 1.6513856738995603 -1.8173227255891036 0.67056 -1.1183983042263885 -3.4230048786853255
58235 11217673 1.726528073182785 -1.8363679816062999 0.6477 -1.1183983042263885 -3.4230048786853255
58235 10979952 -0.6052638279101629 -4.593715515995905 0.8848298507462687 -1.1183983042263885 -3.4230048786853255
58236 11217673 1.7605603231045832 -1.847480026211617 0.67056 -1.1183983042263885 -3.4230048786853255
58236 10979952 -0.6317287688033071 -4.581549455539325 0.8825552238805972 -1.1183983042263885 -3.4230048786853255
58237 11217673 1.7989642725478447 -1.8549960714120293 0.6477 -1.1183983042263885 -3.4230048786853255
58237 10979952 -0.6581937096964512 -4.569383395082745 0.8802805970149254 -1.1183983042263885 -3.4230048786853255
58238 10979952 -0.6846586505895954 -4.5572173346261655 0.8780059701492539 -1.1183983042263885 -3.4230048786853255
58238 11217673 1.836331171854157 -1.8610634286563825 0.65913 -1.1183983042263885 -3.4230048786853255
58239 10979952 -0.7111235914827396 -4.545051274169586 0.8757313432835822 -1.1183983042263885 -3.4230048786853255
58239 11217673 1.8736980711604694 -1.8671307859007358 0.67056 -1.1183983042263885 -3.4230048786853255
58240 11217673 1.9091780441038548 -1.873808373500687 0.6477 -1.1183983042263885 -3.4230048786853255
58240 10979952 -0.7375885323758837 -4.532885213713007 0.8734567164179106 -1.1183983042263885 -3.4230048786853255
58241 10979952 -0.764053473269028 -4.520719153256427 0.8711820895522389 -1.1183983042263885 -3.4230048786853255
58241 11217673 1.9459323263857207 -1.87821500719893 0.6477 -1.1183983042263885 -3.4230048786853255
58242 11217673 1.9812390657476524 -1.887055209743165 0.6477 -1.1183983042263885 -3.4230048786853255
58242 10979952 -0.7905184141621722 -4.508553092799847 0.8689074626865673 -1.1183983042263885 -3.4230048786853255
58243 11217673 2.0192072955426053 -1.8945445965800738 0.6477 -1.1183983042263885 -3.4230048786853255
58243 10979952 -0.8169833550553163 -4.496387032343267 0.8666328358208956 -1.1183983042263885 -3.4230048786853255
58244 11217673 2.053352944168537 -1.8980989413340517 0.6477 -1.1183983042263885 -3.4230048786853255
58244 10979952 -0.8434482959484605 -4.484220971886687 0.864358208955224 -1.1183983042263885 -3.4230048786853255
58245 11217673 2.0874985927944687 -1.9016532860880295 0.6477 -1.1183983042263885 -3.4230048786853255
58245 10979952 -0.8699132368416047 -4.472054911430108 0.8620835820895523 -1.1183983042263885 -3.4230048786853255
58246 10979952 -0.8963781777347488 -4.459888850973528 0.8598089552238807 -1.1183983042263885 -3.4230048786853255
58246 11217673 2.123173598625902 -1.908276638639799 0.6477 -1.1183983042263885 -3.4230048786853255
58247 10979952 -0.922843118627893 -4.4477227905169485 0.8575343283582091 -1.1183983042263885 -3.4230048786853255
58247 11217673 2.147875133886648 -1.9113758324142278 0.65151 -1.1183983042263885 -3.4230048786853255
58248 10979952 -0.9493080595210373 -4.435556730060369 0.8552597014925374 -1.1183983042263885 -3.4230048786853255
58248 11217673 2.172576669147394 -1.9144750261886567 0.6553200000000001 -1.1183983042263885 -3.4230048786853255
58249 10979952 -0.9757730004141815 -4.423390669603789 0.8529850746268658 -1.1183983042263885 -3.4230048786853255
58249 11217673 2.227277251231409 -1.922402457214633 0.6400800000000001 -1.1183983042263885 -3.4230048786853255
58250 11217673 2.263351717982837 -1.9216789997801982 0.6362700000000001 -1.1183983042263885 -3.4230048786853255
58250 10979952 -1.0022379413073255 -4.41122460914721 0.8507104477611941 -1.1183983042263885 -3.4230048786853255
58251 10979952 -1.0287028822004698 -4.39905854869063 0.8484358208955225 -1.1183983042263885 -3.4230048786853255
58251 11217673 2.299426184734265 -1.9209555423457634 0.63246 -1.1183983042263885 -3.4230048786853255
58252 11217673 2.3355006514856935 -1.9202320849113286 0.62865 -1.1183983042263885 -3.4230048786853255
58252 10979952 -1.0551678230936141 -4.38689248823405 0.8461611940298508 -1.1183983042263885 -3.4230048786853255
58253 11217673 2.3715751182371214 -1.9195086274768938 0.6248400000000001 -1.1183983042263885 -3.4230048786853255
58253 10979952 -1.0816327639867582 -4.37472642777747 0.8438865671641792 -1.1183983042263885 -3.4230048786853255
58254 10979952 -1.1080977048799023 -4.36256036732089 0.8416119402985075 -1.1183983042263885 -3.4230048786853255
58254 11217673 2.4044713660222223 -1.9101543081617745 0.6248400000000001 -1.1183983042263885 -3.4230048786853255
58255 11217673 2.4357386269866135 -1.9014362538067844 0.62103 -1.1183983042263885 -3.4230048786853255
58255 10979952 -1.1345626457730464 -4.350394306864311 0.8393373134328359 -1.1183983042263885 -3.4230048786853255
58256 11217673 2.4670058879510046 -1.8927181994517943 0.61722 -1.1183983042263885 -3.4230048786853255
58256 10979952 -1.1610275866661905 -4.3382282464077315 0.8370626865671642 -1.1183983042263885 -3.4230048786853255
58257 11217673 2.493003963985343 -1.8712994478216582 0.6400800000000001 -1.1183983042263885 -3.4230048786853255
58257 10979952 -1.1874925275593349 -4.326062185951152 0.8347880597014926 -1.1183983042263885 -3.4230048786853255
58258 11217673 2.5096878557098483 -1.853382091891644 0.62992 -1.1183983042263885 -3.4230048786853255
58258 10979952 -1.2139574684524792 -4.313896125494572 0.8325134328358209 -1.1183983042263885 -3.4230048786853255
58259 10979952 -1.2404224093456233 -4.301730065037992 0.8302388059701493 -1.1183983042263885 -3.4230048786853255
58259 11217673 2.5263717474343537 -1.8354647359616298 0.6197600000000001 -1.1183983042263885 -3.4230048786853255
58260 10979952 -1.2668873502387674 -4.289564004581413 0.8279641791044776 -1.1183983042263885 -3.4230048786853255
58260 11217673 2.543055639158859 -1.8175473800316155 0.6096 -1.1183983042263885 -3.4230048786853255
58261 11217673 2.5607201019402006 -1.7879180868710984 0.6096 -1.1183983042263885 -3.4230048786853255
58261 10979952 -1.2933522911319115 -4.277397944124833 0.825689552238806 -1.1183983042263885 -3.4230048786853255
58262 11217673 2.5709540166070544 -1.7565643363157546 0.6096 -1.1183983042263885 -3.4230048786853255
58262 10979952 -1.3198172320250559 -4.265231883668253 0.8234149253731344 -1.1183983042263885 -3.4230048786853255
58263 10979952 -1.3462821729182 -4.253065823211673 0.8211402985074627 -1.1183983042263885 -3.4230048786853255
58263 11217673 2.578899983457373 -1.6914050758098211 0.58674 -1.1183983042263885 -3.4230048786853255
58264 10979952 -1.372747113811344 -4.2408997627550935 0.8188656716417911 -1.1183983042263885 -3.4230048786853255
58264 11217673 2.5785803053806378 -1.654971156412004 0.58293 -1.1183983042263885 -3.4230048786853255
58265 10979952 -1.3992120547044884 -4.2287337022985145 0.8165910447761194 -1.1183983042263885 -3.4230048786853255
58265 11217673 2.5782606273039024 -1.618537237014187 0.57912 -1.1183983042263885 -3.4230048786853255
58266 10979952 -1.4256769955976325 -4.216567641841935 0.8143164179104478 -1.1183983042263885 -3.4230048786853255
58266 11217673 2.5790081689421864 -1.5815560040589185 0.57785 -1.1183983042263885 -3.4230048786853255
58267 11217673 2.579755710580471 -1.5445747711036497 0.57658 -1.1183983042263885 -3.4230048786853255
58267 10979952 -1.4521419364907766 -4.204401581385355 0.8120417910447761 -1.1183983042263885 -3.4230048786853255
58268 10979952 -1.478606877383921 -4.192235520928775 0.8097671641791045 -1.1183983042263885 -3.4230048786853255
58268 11217673 2.580503252218755 -1.5075935381483812 0.57531 -1.1183983042263885 -3.4230048786853255
58269 11217673 2.581250793857039 -1.4706123051931126 0.57404 -1.1183983042263885 -3.4230048786853255
58269 10979952 -1.505071818277065 -4.180069460472195 0.8074925373134328 -1.1183983042263885 -3.4230048786853255
58270 11217673 2.5819983354953235 -1.4336310722378438 0.57277 -1.1183983042263885 -3.4230048786853255
58270 10979952 -1.5315367591702091 -4.167903400015616 0.8052179104477613 -1.1183983042263885 -3.4230048786853255
58271 10979952 -1.5580017000633535 -4.155737339559036 0.8029432835820896 -1.1183983042263885 -3.4230048786853255
58271 11217673 2.5827458771336076 -1.3966498392825752 0.5715 -1.1183983042263885 -3.4230048786853255
58272 11217673 2.588957225153285 -1.36129627059874 0.5715 -1.1183983042263885 -3.4230048786853255
58272 10979952 -1.5844666409564976 -4.143571279102456 0.800668656716418 -1.1183983042263885 -3.4230048786853255
58273 10979952 -1.610931581849642 -4.1314052186458765 0.7983940298507464 -1.1183983042263885 -3.4230048786853255
58273 11217673 2.589698363357119 -1.3263766201282068 0.5715 -1.1183983042263885 -3.4230048786853255
58274 10979952 -1.637396522742786 -4.119239158189297 0.7961194029850747 -1.1183983042263885 -3.4230048786853255
58274 11217673 2.597327070144359 -1.2785191232175586 0.56388 -1.1183983042263885 -3.4230048786853255
58275 10979952 -1.6638614636359301 -4.107073097732718 0.7938447761194031 -1.1183983042263885 -3.4230048786853255
58275 11217673 2.601053931117703 -1.252137877609939 0.565785 -1.1183983042263885 -3.4230048786853255
58276 10979952 -1.6903264045290745 -4.094907037276138 0.7915701492537314 -1.1183983042263885 -3.4230048786853255
58276 11217673 2.604780792091047 -1.2257566320023194 0.56769 -1.1183983042263885 -3.4230048786853255
58277 11217673 2.606939799960797 -1.2041787253512455 0.558165 -1.1183983042263885 -3.4230048786853255
58277 10979952 -1.7167913454222186 -4.082740976819558 0.7892955223880598 -1.1183983042263885 -3.4230048786853255
58278 10979952 -1.7432562863153627 -4.070574916362978 0.7870208955223881 -1.1183983042263885 -3.4230048786853255
58278 11217673 2.609098807830547 -1.1826008187001718 0.54864 -1.1183983042263885 -3.4230048786853255
58279 11217673 2.620281675000332 -1.115694260993188 0.54864 -1.1183983042263885 -3.4230048786853255
58279 10979952 -1.769721227208507 -4.058408855906398 0.7847462686567165 -1.1183983042263885 -3.4230048786853255
58280 11217673 2.6235403799792927 -1.1016302951160295 0.5638799999999999 -1.1183983042263885 -3.4230048786853255
58280 10979952 -1.796186168101651 -4.046242795449819 0.7824716417910448 -1.1183983042263885 -3.4230048786853255
58281 11217673 2.626799084958254 -1.0875663292388709 0.57912 -1.1183983042263885 -3.4230048786853255
58281 10979952 -1.8226511089947952 -4.034076734993239 0.7801970149253732 -1.1183983042263885 -3.4230048786853255
58282 10979952 -1.8491160498879395 -4.0219106745366595 0.7779223880597015 -1.1183983042263885 -3.4230048786853255
58282 11217673 2.6370517738175847 -1.0235101453008069 0.54864 -1.1183983042263885 -3.4230048786853255
58283 11217673 2.641816352182909 -0.9925905254636215 0.54864 -1.1183983042263885 -3.4230048786853255
58284 11217673 2.647936734635429 -0.956973554318977 0.5448299999999999 -1.1183983042263885 -3.4230048786853255
58285 11217673 2.654057117087949 -0.9213565831743326 0.54102 -1.1183983042263885 -3.4230048786853255
58286 11217673 2.660879186118854 -0.8921599173114756 0.53721 -1.1183983042263885 -3.4230048786853255
58287 11217673 2.667701255149759 -0.8629632514486187 0.5334 -1.1183983042263885 -3.4230048786853255
58288 11217673 2.6715580447843847 -0.8425333203391866 0.53848 -1.1183983042263885 -3.4230048786853255
58289 10979952 -2.0343706361399487 -3.936748251340602 0.762 -1.1183983042263885 -3.4230048786853255
58289 11217673 2.67541483441901 -0.8221033892297545 0.54356 -1.1183983042263885 -3.4230048786853255
58290 11217673 2.6792716240536354 -0.8016734581203223 0.54864 -1.1183983042263885 -3.4230048786853255
58290 10979952 -2.0049829292972845 -3.903946058061877 0.762 -1.1183983042263885 -3.4230048786853255
58291 11217673 2.690421006701273 -0.7348726700548739 0.5334 -1.1183983042263885 -3.4230048786853255
58291 10979952 -1.9766744266493905 -3.8717256188148577 0.77724 -1.1183983042263885 -3.4230048786853255
58292 10979952 -1.9483659240014963 -3.839505179567838 0.7924800000000001 -1.1183983042263885 -3.4230048786853255
58292 11217673 2.6939994204273074 -0.7035073926010683 0.5334 -1.1183983042263885 -3.4230048786853255
58293 11217673 2.697577834153342 -0.6721421151472627 0.5334 -1.1183983042263885 -3.4230048786853255
58293 10979952 -1.922077511457643 -3.8080262186519573 0.7924800000000001 -1.1183983042263885 -3.4230048786853255
58294 11217673 2.7019465822133215 -0.642436615441583 0.5410200000000001 -1.1183983042263885 -3.4230048786853255
58294 10979952 -1.8953706194930924 -3.776625605927967 0.7924800000000001 -1.1183983042263885 -3.4230048786853255
58295 11217673 2.7063153302733007 -0.6127311157359032 0.54864 -1.1183983042263885 -3.4230048786853255
58295 10979952 -1.8686637275285418 -3.7452249932039767 0.7924800000000001 -1.1183983042263885 -3.4230048786853255
58296 11217673 2.71090863242675 -0.5815218839077623 0.5410200000000001 -1.1183983042263885 -3.4230048786853255
58296 10979952 -1.8455780124029102 -3.715386003996071 0.7924800000000001 -1.1183983042263885 -3.4230048786853255
58297 11217673 2.7155019345801987 -0.5503126520796213 0.5334 -1.1183983042263885 -3.4230048786853255
58297 10979952 -1.8189689973121135 -3.684011722477952 0.7924800000000001 -1.1183983042263885 -3.4230048786853255
58298 11217673 2.7165547490058235 -0.5343019964820945 0.5410200000000001 -1.1183983042263885 -3.4230048786853255
58298 10979952 -1.7928552072022208 -3.6546953250923946 0.7924800000000001 -1.1183983042263885 -3.4230048786853255
58299 10979952 -1.7665504258505622 -3.6231630725746937 0.77724 -1.1183983042263885 -3.4230048786853255
58299 11217673 2.7176075634314483 -0.5182913408845679 0.54864 -1.1183983042263885 -3.4230048786853255
58300 10979952 -1.7402456444989036 -3.591630820056993 0.762 -1.1183983042263885 -3.4230048786853255
58300 11217673 2.720925439681483 -0.4918056803159967 0.52578 -1.1183983042263885 -3.4230048786853255
58301 10979952 -1.7166443135962173 -3.5618434221295203 0.762 -1.1183983042263885 -3.4230048786853255
58301 11217673 2.72011763684192 -0.4616368928072073 0.54864 -1.1183983042263885 -3.4230048786853255
58302 11217673 2.713309263769328 -0.39925367237080533 0.5181600000000001 -1.1183983042263885 -3.4230048786853255
58302 10979952 -1.6892423140401565 -3.528041058085352 0.762 -1.1183983042263885 -3.4230048786853255
58303 11217673 2.7043036350801293 -0.3686282016447535 0.54864 -1.1183983042263885 -3.4230048786853255
58303 10979952 -1.665363770725884 -3.4957739112081363 0.762 -1.1183983042263885 -3.4230048786853255
58304 10979952 -1.6394345830503843 -3.4667474527271933 0.762 -1.1183983042263885 -3.4230048786853255
58304 11217673 2.6920695997171054 -0.3394603078998704 0.52959 -1.1183983042263885 -3.4230048786853255
58305 11217673 2.6798355643540814 -0.3102924141549873 0.51054 -1.1183983042263885 -3.4230048786853255
58305 10979952 -1.61456547342427 -3.436206058940132 0.762 -1.1183983042263885 -3.4230048786853255
58306 10979952 -1.5896963637981558 -3.405664665153071 0.762 -1.1183983042263885 -3.4230048786853255
58306 11217673 2.658454503534975 -0.28602349210415334 0.50292 -1.1183983042263885 -3.4230048786853255
58307 11217673 2.6419494319296506 -0.26984906013639426 0.50038 -1.1183983042263885 -3.4230048786853255
58307 10979952 -1.563340824715709 -3.3739735066223546 0.762 -1.1183983042263885 -3.4230048786853255
58308 10979952 -1.5389121885426984 -3.3416523862253937 0.762 -1.1183983042263885 -3.4230048786853255
58308 11217673 2.6254443603243263 -0.2536746281686352 0.49784 -1.1183983042263885 -3.4230048786853255
58309 10979952 -1.5124826901290132 -3.3102774022095245 0.762 -1.1183983042263885 -3.4230048786853255
58309 11217673 2.608939288719002 -0.23750019620087606 0.4953 -1.1183983042263885 -3.4230048786853255
58310 11217673 2.5796313225957537 -0.22010525875123124 0.48768 -1.1183983042263885 -3.4230048786853255
58310 10979952 -1.486053191715328 -3.278902418193655 0.762 -1.1183983042263885 -3.4230048786853255
58311 11217673 2.5157205348615514 -0.18195078190044825 0.48768 -1.1183983042263885 -3.4230048786853255
58311 10979952 -1.461015108835724 -3.2444437980444123 0.762 -1.1183983042263885 -3.4230048786853255
58312 11217673 2.4814490051157665 -0.1631684381444857 0.48006 -1.1183983042263885 -3.4230048786853255
58312 10979952 -1.4334997334775756 -3.2105613209999633 0.762 -1.1183983042263885 -3.4230048786853255
58313 10979952 -1.4054641592050907 -3.17848448581514 0.74676 -1.1183983042263885 -3.4230048786853255
58313 11217673 2.4655169877048637 -0.15417017740999608 0.48006 -1.1183983042263885 -3.4230048786853255
58314 11217673 2.449584970293961 -0.14517191667550647 0.48006 -1.1183983042263885 -3.4230048786853255
58314 10979952 -1.3774285849326058 -3.146407650630317 0.73152 -1.1183983042263885 -3.4230048786853255
58315 10979952 -1.3516319537038617 -3.1096265713547293 0.73152 -1.1183983042263885 -3.4230048786853255
58315 11217673 2.380407072207858 -0.11499216851779712 0.47243999999999997 -1.1183983042263885 -3.4230048786853255
58316 10979952 -1.3222137266647882 -3.0767164703919883 0.73152 -1.1183983042263885 -3.4230048786853255
58316 11217673 2.3579352677543337 -0.10675928333380637 0.47752 -1.1183983042263885 -3.4230048786853255
58317 10979952 -1.294060871161748 -3.0408807850979773 0.73152 -1.1183983042263885 -3.4230048786853255
58317 11217673 2.335463463300809 -0.09852639814981563 0.4826 -1.1183983042263885 -3.4230048786853255
58318 10979952 -1.265908015658708 -3.0050450998039664 0.73152 -1.1183983042263885 -3.4230048786853255
58318 11217673 2.312991658847285 -0.09029351296582488 0.48768 -1.1183983042263885 -3.4230048786853255
58319 10979952 -1.240444352894645 -2.967921387317391 0.73152 -1.1183983042263885 -3.4230048786853255
58319 11217673 2.2374141816127895 -0.063396272519286 0.45720000000000005 -1.1183983042263885 -3.4230048786853255
58320 10979952 -1.2114155948257348 -2.9334818099575974 0.73152 -1.1183983042263885 -3.4230048786853255
58320 11217673 2.2003978285963433 -0.058006797453820425 0.45466000000000006 -1.1183983042263885 -3.4230048786853255
58321 10979952 -1.1823868367568247 -2.899042232597804 0.73152 -1.1183983042263885 -3.4230048786853255
58321 11217673 2.163381475579897 -0.05261732238835484 0.45212 -1.1183983042263885 -3.4230048786853255
58322 11217673 2.126365122563451 -0.04722784732288926 0.44958000000000004 -1.1183983042263885 -3.4230048786853255
58322 10979952 -1.1549811861156123 -2.8641304280158852 0.73152 -1.1183983042263885 -3.4230048786853255
58323 10979952 -1.1275755354744 -2.8292186234339662 0.73152 -1.1183983042263885 -3.4230048786853255
58323 11217673 2.106788618163351 -0.04463186685334082 0.45339000000000007 -1.1183983042263885 -3.4230048786853255
58324 11217673 2.0872121137632513 -0.04203588638379238 0.45720000000000005 -1.1183983042263885 -3.4230048786853255
58324 10979952 -1.1006279163351977 -2.7929887189058378 0.71628 -1.1183983042263885 -3.4230048786853255
58325 10979952 -1.0736802971959958 -2.7567588143777093 0.7010400000000001 -1.1183983042263885 -3.4230048786853255
58325 11217673 2.0214119495419647 -0.02054851725011647 0.43434000000000006 -1.1183983042263885 -3.4230048786853255
58326 10979952 -1.0459474037692613 -2.7208439599482857 0.7010400000000001 -1.1183983042263885 -3.4230048786853255
58326 11217673 1.9989569378855427 -0.0267667815296838 0.4305300000000001 -1.1183983042263885 -3.4230048786853255
58327 11217673 1.9765019262291206 -0.03298504580925113 0.42672000000000004 -1.1183983042263885 -3.4230048786853255
58327 10979952 -1.020232795234334 -2.684035694400693 0.7010400000000001 -1.1183983042263885 -3.4230048786853255
58328 10979952 -0.9903348798815144 -2.6512818932921633 0.7010400000000001 -1.1183983042263885 -3.4230048786853255
58328 11217673 1.9017395760241185 -0.02153696065107502 0.41910000000000003 -1.1183983042263885 -3.4230048786853255
58329 10979952 -0.9649761596277449 -2.6144740679373117 0.7010400000000001 -1.1183983042263885 -3.4230048786853255
58329 11217673 1.8823235243056309 -0.0189927700579111 0.42291 -1.1183983042263885 -3.4230048786853255
58330 11217673 1.862907472587143 -0.016448579464747176 0.42672000000000004 -1.1183983042263885 -3.4230048786853255
58330 10979952 -0.9370713715672252 -2.578031106172016 0.7010400000000001 -1.1183983042263885 -3.4230048786853255
58331 11217673 1.818284715844626 -0.01168844075424283 0.41148 -1.1183983042263885 -3.4230048786853255
58331 10979952 -0.908571021653799 -2.5424837573711785 0.7010400000000001 -1.1183983042263885 -3.4230048786853255
58332 11217673 1.74302231606628 -0.009654804133564565 0.40386 -1.1183983042263885 -3.4230048786853255
58332 10979952 -0.8814945759823001 -2.508573906563349 0.7010400000000001 -1.1183983042263885 -3.4230048786853255
58333 11217673 1.7084564767676305 -0.0033303709138028242 0.39624000000000004 -1.1183983042263885 -3.4230048786853255
58333 10979952 -0.8545217805138201 -2.474980633212799 0.7010400000000001 -1.1183983042263885 -3.4230048786853255
58334 10979952 -0.826929500205603 -2.4411224827225033 0.7010400000000001 -1.1183983042263885 -3.4230048786853255
58334 11217673 1.6738906374689808 0.0029940623059589166 0.38862 -1.1183983042263885 -3.4230048786853255
58335 10979952 -0.8005865934632458 -2.405921278093154 0.7010400000000001 -1.1183983042263885 -3.4230048786853255
58335 11217673 1.6438087068277594 0.010132285243963951 0.38862 -1.1183983042263885 -3.4230048786853255
58336 10979952 -0.7742436867208886 -2.3707200734638048 0.7010400000000001 -1.1183983042263885 -3.4230048786853255
58336 11217673 1.604470638900847 0.013401328795944356 0.381 -1.1183983042263885 -3.4230048786853255
58337 10979952 -0.7468701244235338 -2.3372576506109204 0.7010400000000001 -1.1183983042263885 -3.4230048786853255
58337 11217673 1.5654836334275468 0.010948401608046027 0.37338 -1.1183983042263885 -3.4230048786853255
58338 11217673 1.529593450749947 0.009820609479204226 0.37338 -1.1183983042263885 -3.4230048786853255
58338 10979952 -0.7199907074520653 -2.3046267204976303 0.7010400000000001 -1.1183983042263885 -3.4230048786853255
58339 11217673 1.4934950700969098 0.006424513654778419 0.36576 -1.1183983042263885 -3.4230048786853255
58339 10979952 -0.6931112904805967 -2.2719957903843406 0.7010400000000001 -1.1183983042263885 -3.4230048786853255
58340 10979952 -0.6692030845261137 -2.2396204132265205 0.7010400000000001 -1.1183983042263885 -3.4230048786853255
58340 11217673 1.454537841367662 0.0033395192792325806 0.36322 -1.1183983042263885 -3.4230048786853255
58341 10979952 -0.6413942575714959 -2.2061832794371283 0.7010400000000001 -1.1183983042263885 -3.4230048786853255
58341 11217673 1.4155806126384138 0.0002545249036867425 0.36068000000000006 -1.1183983042263885 -3.4230048786853255
58342 10979952 -0.6131498235246351 -2.172771627342108 0.7010400000000001 -1.1183983042263885 -3.4230048786853255
58342 11217673 1.376623383909166 -0.0028304694718590956 0.35814000000000007 -1.1183983042263885 -3.4230048786853255
58343 10979952 -0.5849053894777743 -2.1393599752470873 0.7010400000000001 -1.1183983042263885 -3.4230048786853255
58343 11217673 1.3410828345208055 0.0036387720890396213 0.35814000000000007 -1.1183983042263885 -3.4230048786853255
58344 11217673 1.3166278810125618 0.0035372475832661093 0.35814000000000007 -1.1183983042263885 -3.4230048786853255
58344 10979952 -0.5574639471646372 -2.105685801221229 0.6858000000000001 -1.1183983042263885 -3.4230048786853255
58345 11217673 1.2921729275043181 0.0034357230774925973 0.35814000000000007 -1.1183983042263885 -3.4230048786853255
58345 10979952 -0.5300225048515002 -2.072011627195371 0.67056 -1.1183983042263885 -3.4230048786853255
58346 11217673 1.2677179739960744 0.0033341985717190853 0.35814000000000007 -1.1183983042263885 -3.4230048786853255
58346 10979952 -0.505390633682002 -2.037419158492893 0.67056 -1.1183983042263885 -3.4230048786853255
58347 10979952 -0.476151246724523 -2.0066690974494996 0.67056 -1.1183983042263885 -3.4230048786853255
58347 11217673 1.2432630204878308 0.0032326740659455733 0.35814000000000007 -1.1183983042263885 -3.4230048786853255
58348 11217673 1.1783984264384604 0.0042116965516950655 0.35052000000000005 -1.1183983042263885 -3.4230048786853255
58348 10979952 -0.44717604931431754 -1.976183132600018 0.67056 -1.1183983042263885 -3.4230048786853255
58349 10979952 -0.42155397519810855 -1.9433161210448793 0.67056 -1.1183983042263885 -3.4230048786853255
58349 11217673 1.1478156619806175 0.0019359306068063575 0.35052000000000005 -1.1183983042263885 -3.4230048786853255
58350 11217673 1.117899337766272 0.001428591192637621 0.35052000000000005 -1.1183983042263885 -3.4230048786853255
58350 10979952 -0.3959319010818996 -1.9104491094897404 0.67056 -1.1183983042263885 -3.4230048786853255
58351 11217673 1.090091503983715 -0.0006436085031631678 0.35052000000000005 -1.1183983042263885 -3.4230048786853255
58351 10979952 -0.3668768968209217 -1.879989100339979 0.67056 -1.1183983042263885 -3.4230048786853255
58352 11217673 1.062283670201158 -0.0027158081989639565 0.35052000000000005 -1.1183983042263885 -3.4230048786853255
58352 10979952 -0.33863809490019703 -1.8514820278871973 0.67056 -1.1183983042263885 -3.4230048786853255
58353 11217673 1.0395037035586308 0.002039391932044471 0.35052000000000005 -1.1183983042263885 -3.4230048786853255
58353 10979952 -0.31039929297947233 -1.8229749554344155 0.67056 -1.1183983042263885 -3.4230048786853255
58354 10979952 -0.2828393669699891 -1.7968161877108109 0.67056 -1.1183983042263885 -3.4230048786853255
58354 11217673 1.012636023034917 -8.638332265044953e-06 0.35052000000000005 -1.1183983042263885 -3.4230048786853255
58355 10979952 -0.25329620677038966 -1.7716559834830148 0.67056 -1.1183983042263885 -3.4230048786853255
58355 11217673 0.985768342511203 -0.002056668596574561 0.35052000000000005 -1.1183983042263885 -3.4230048786853255
58356 10979952 -0.2215649717949557 -1.7493136574261183 0.67056 -1.1183983042263885 -3.4230048786853255
58356 11217673 0.9589006619874892 -0.004104698860884076 0.35052000000000005 -1.1183983042263885 -3.4230048786853255
58357 10979952 -0.18983373681952176 -1.7269713313692219 0.67056 -1.1183983042263885 -3.4230048786853255
58357 11217673 0.9377924636068132 -0.002115067358776035 0.35052000000000005 -1.1183983042263885 -3.4230048786853255
58358 11217673 0.9142907563268601 -0.0033738464869021087 0.35052000000000005 -1.1183983042263885 -3.4230048786853255
58358 10979952 -0.15532802853016947 -1.7056523903935343 0.67056 -1.1183983042263885 -3.4230048786853255
58359 10979952 -0.12001061000222646 -1.6872856591693948 0.67056 -1.1183983042263885 -3.4230048786853255
58359 11217673 0.8907890490469068 -0.0046326256150281825 0.35052000000000005 -1.1183983042263885 -3.4230048786853255
58360 10979952 -0.08282811275107438 -1.6740845915076754 0.67056 -1.1183983042263885 -3.4230048786853255
58360 11217673 0.8701510064390544 -0.0025627625333193016 0.34290000000000004 -1.1183983042263885 -3.4230048786853255
58361 11217673 0.8603465535446627 -0.0032146718094227394 0.34290000000000004 -1.1183983042263885 -3.4230048786853255
58361 10979952 -0.04280945688546789 -1.6636209247906124 0.67056 -1.1183983042263885 -3.4230048786853255
58362 11217673 0.850542100650271 -0.0038665810855261773 0.34290000000000004 -1.1183983042263885 -3.4230048786853255
58362 10979952 -0.0027908010198613997 -1.6531572580735494 0.67056 -1.1183983042263885 -3.4230048786853255
58363 11217673 0.8215375525158742 0.0030399338281506677 0.35433000000000003 -1.1183983042263885 -3.4230048786853255
58363 10979952 0.03708362224464706 -1.6434054950363897 0.67056 -1.1183983042263885 -3.4230048786853255
58364 10979952 0.07695804550915553 -1.6336537319992297 0.67056 -1.1183983042263885 -3.4230048786853255
58364 11217673 0.7925330043814774 0.009946448741827513 0.36576 -1.1183983042263885 -3.4230048786853255
58365 11217673 0.7829037727740253 0.013092680978666851 0.36576 -1.1183983042263885 -3.4230048786853255
58365 10979952 0.12221914894667174 -1.6283488655062488 0.67056 -1.1183983042263885 -3.4230048786853255
58366 11217673 0.7732745411665731 0.01623891321550619 0.36576 -1.1183983042263885 -3.4230048786853255
58366 10979952 0.1627254068385075 -1.624001796407168 0.67056 -1.1183983042263885 -3.4230048786853255
58367 11217673 0.7554602217977024 0.012908204331789276 0.36068 -1.1183983042263885 -3.4230048786853255
58367 10979952 0.20323166473034326 -1.6196547273080872 0.67056 -1.1183983042263885 -3.4230048786853255
58368 11217673 0.7376459024288318 0.009577495448072362 0.35559999999999997 -1.1183983042263885 -3.4230048786853255
58368 10979952 0.24288341445645212 -1.615203402693516 0.67056 -1.1183983042263885 -3.4230048786853255
58369 10979952 0.2842186554920375 -1.6137553000162093 0.67056 -1.1183983042263885 -3.4230048786853255
58369 11217673 0.7198315830599611 0.0062467865643554485 0.35052 -1.1183983042263885 -3.4230048786853255
58370 11217673 0.7020172636910904 0.0029160776806385347 0.34544 -1.1183983042263885 -3.4230048786853255
58370 10979952 0.3244514496748174 -1.6140496573412237 0.67056 -1.1183983042263885 -3.4230048786853255
58371 10979952 0.36708013384867777 -1.6157107246613591 0.67056 -1.1183983042263885 -3.4230048786853255
58371 11217673 0.6842029443222197 -0.00041463120307837914 0.34036 -1.1183983042263885 -3.4230048786853255
58372 11217673 0.666388624953349 -0.003745340086795293 0.33528 -1.1183983042263885 -3.4230048786853255
58372 10979952 0.4089779383918605 -1.6206958320040066 0.67056 -1.1183983042263885 -3.4230048786853255
58373 11217673 0.6525899435503436 -0.0042990647931046245 0.34544 -1.1183983042263885 -3.4230048786853255
58373 10979952 0.4508757429350432 -1.625680939346654 0.67056 -1.1183983042263885 -3.4230048786853255
58374 11217673 0.6387912621473382 -0.004852789499413955 0.35559999999999997 -1.1183983042263885 -3.4230048786853255
58374 10979952 0.49323908853403464 -1.6292406312512093 0.67056 -1.1183983042263885 -3.4230048786853255
58375 11217673 0.6249925807443327 -0.005406514205723287 0.36576 -1.1183983042263885 -3.4230048786853255
58375 10979952 0.5320000474662779 -1.6343101739656478 0.67056 -1.1183983042263885 -3.4230048786853255
58376 11217673 0.617080801261241 -0.005157818008268297 0.34290000000000004 -1.1183983042263885 -3.4230048786853255
58376 10979952 0.573300554557453 -1.640442684001318 0.67056 -1.1183983042263885 -3.4230048786853255
58377 10979952 0.6146010616486282 -1.6465751940369884 0.67056 -1.1183983042263885 -3.4230048786853255
58378 10979952 0.6555504769898463 -1.6544618434643865 0.67056 -1.1183983042263885 -3.4230048786853255
58379 10979952 0.6962930199595823 -1.6629814954115003 0.67056 -1.1183983042263885 -3.4230048786853255
58380 10979952 0.7370355629293183 -1.671501147358614 0.67056 -1.1183983042263885 -3.4230048786853255
58381 10979952 0.7782044001957845 -1.6773559113279355 0.67056 -1.1183983042263885 -3.4230048786853255
58382 10979952 0.8162067470040928 -1.6847462145398469 0.67056 -1.1183983042263885 -3.4230048786853255
58383 10979952 0.8553345276055135 -1.6900506330161913 0.67056 -1.1183983042263885 -3.4230048786853255
58384 10979952 0.8937037278369574 -1.6976771679822353 0.7010400000000001 -1.1183983042263885 -3.4230048786853255
58385 10979952 0.9301228926940073 -1.7058346696088842 0.7010400000000001 -1.1183983042263885 -3.4230048786853255
58386 10979952 0.9665420575510573 -1.7139921712355333 0.7010400000000001 -1.1183983042263885 -3.4230048786853255
58387 10979952 1.0018827925940812 -1.7227317185433269 0.7010400000000001 -1.1183983042263885 -3.4230048786853255
58388 10979952 1.0371890795715182 -1.7315766498630216 0.7010400000000001 -1.1183983042263885 -3.4230048786853255
58389 10979952 1.0727836396440122 -1.7381790985811667 0.7010400000000001 -1.1183983042263885 -3.4230048786853255
58390 10979952 1.1106826865607307 -1.7458844989161404 0.7010400000000001 -1.1183983042263885 -3.4230048786853255
58391 10979952 1.1451960817812257 -1.757156806647402 0.7010400000000001 -1.1183983042263885 -3.4230048786853255
58392 10979952 1.183599932934075 -1.7646762017310802 0.7010400000000001 -1.1183983042263885 -3.4230048786853255
58393 10979952 1.2214834537588375 -1.7728819279401142 0.7010400000000001 -1.1183983042263885 -3.4230048786853255
58394 10979952 1.2593669745836003 -1.7810876541491483 0.7010400000000001 -1.1183983042263885 -3.4230048786853255
58395 10979952 1.2972504954083628 -1.7892933803581823 0.7010400000000001 -1.1183983042263885 -3.4230048786853255
58396 10979952 1.3348485379587112 -1.7956529352945243 0.7010400000000001 -1.1183983042263885 -3.4230048786853255
58397 10979952 1.3724465805090593 -1.802012490230866 0.7010400000000001 -1.1183983042263885 -3.4230048786853255
58398 10979952 1.4100446230594077 -1.808372045167208 0.7010400000000001 -1.1183983042263885 -3.4230048786853255
58399 10979952 1.4475867651435443 -1.8185290787760762 0.7010400000000001 -1.1183983042263885 -3.4230048786853255
58400 10979952 1.4860597010885126 -1.825835595003848 0.7010400000000001 -1.1183983042263885 -3.4230048786853255
58401 10979952 1.524532637033481 -1.8331421112316202 0.7010400000000001 -1.1183983042263885 -3.4230048786853255
58402 10979952 1.562431915020536 -1.8408450829662022 0.7010400000000001 -1.1183983042263885 -3.4230048786853255
58403 10979952 1.6004346221144847 -1.8482311590844165 0.7010400000000001 -1.1183983042263885 -3.4230048786853255
58404 10979952 1.6389765476514933 -1.855325818064388 0.7010400000000001 -1.1183983042263885 -3.4230048786853255
58405 10979952 1.6756620437389391 -1.8599449848661738 0.7010400000000001 -1.1183983042263885 -3.4230048786853255
58406 10979952 1.7167734328952557 -1.8662427371673453 0.7010400000000001 -1.1183983042263885 -3.4230048786853255
58407 10979952 1.7537672046996344 -1.8731816221356516 0.7010400000000001 -1.1183983042263885 -3.4230048786853255
58408 10979952 1.7907609765040133 -1.8801205071039577 0.7010400000000001 -1.1183983042263885 -3.4230048786853255
58409 10979952 1.828970083816938 -1.8876894344972248 0.7010400000000001 -1.1183983042263885 -3.4230048786853255
58410 10979952 1.8671791911298627 -1.8952583618904921 0.7010400000000001 -1.1183983042263885 -3.4230048786853255
58411 10979952 1.9061465745223896 -1.9005045399840819 0.7010400000000001 -1.1183983042263885 -3.4230048786853255
58412 10979952 1.9435748019593588 -1.9099207153986775 0.7010400000000001 -1.1183983042263885 -3.4230048786853255
58413 10979952 1.9795365274994616 -1.9167551796476128 0.7010400000000001 -1.1183983042263885 -3.4230048786853255
58414 10979952 2.014556842945224 -1.925384828738211 0.7010400000000001 -1.1183983042263885 -3.4230048786853255
58415 10979952 2.0499680786522028 -1.932272838134044 0.7010400000000001 -1.1183983042263885 -3.4230048786853255
58416 10979952 2.08527504501901 -1.9411125184753837 0.7010400000000001 -1.1183983042263885 -3.4230048786853255
58417 10979952 2.122886633644706 -1.9510548213993395 0.7010400000000001 -1.1183983042263885 -3.4230048786853255
58418 10979952 2.1560046768476893 -1.9570768347456633 0.7010400000000001 -1.1183983042263885 -3.4230048786853255
58419 10979952 2.1890477058818707 -1.964008655531455 0.7010400000000001 -1.1183983042263885 -3.4230048786853255
58420 10979952 2.222090734916052 -1.970940476317247 0.7010400000000001 -1.1183983042263885 -3.4230048786853255
58421 10979952 2.2569225783214977 -1.978514130854127 0.6934200000000001 -1.1183983042263885 -3.4230048786853255
58422 10979952 2.291754421726943 -1.9860877853910068 0.6858000000000001 -1.1183983042263885 -3.4230048786853255
58423 10979952 2.3265862651323888 -1.993661439927887 0.67818 -1.1183983042263885 -3.4230048786853255
58424 10979952 2.3614181085378343 -2.001235094464767 0.67056 -1.1183983042263885 -3.4230048786853255
58425 10979952 2.3993177753745347 -2.008933567484204 0.67056 -1.1183983042263885 -3.4230048786853255
58426 10979952 2.4350506665981158 -2.0151068686103213 0.67056 -1.1183983042263885 -3.4230048786853255
58427 10979952 2.471667306728749 -2.019933032423347 0.67056 -1.1183983042263885 -3.4230048786853255
58428 10979952 2.5084217680816403 -2.0243367333901268 0.67056 -1.1183983042263885 -3.4230048786853255
58429 10979952 2.5437533268680594 -2.0303784894580525 0.67056 -1.1183983042263885 -3.4230048786853255
58430 10979952 2.5786855218853932 -2.0322012057041623 0.67056 -1.1183983042263885 -3.4230048786853255
58431 10979952 2.6154399456949013 -2.036604349983494 0.67056 -1.1183983042263885 -3.4230048786853255
58432 10979952 2.6512283377801262 -2.0344423709939043 0.67056 -1.1183983042263885 -3.4230048786853255
58433 10979952 2.6870167298653516 -2.032280392004315 0.67056 -1.1183983042263885 -3.4230048786853255
58434 10979952 2.7189323862820984 -2.026108995454468 0.67056 -1.1183983042263885 -3.4230048786853255
58435 10979952 2.7508480426988453 -2.0199375989046215 0.67056 -1.1183983042263885 -3.4230048786853255
58436 10979952 2.782763699115592 -2.0137662023547747 0.67056 -1.1183983042263885 -3.4230048786853255
58437 10979952 2.8127593852126433 -2.0007768186416963 0.67056 -1.1183983042263885 -3.4230048786853255
58438 10979952 2.8427550713096945 -1.9877874349286182 0.67056 -1.1183983042263885 -3.4230048786853255
58439 10979952 2.866983892414331 -1.9706964567323977 0.67056 -1.1183983042263885 -3.4230048786853255
58440 10979952 2.8907870911297904 -1.9562700518669407 0.67056 -1.1183983042263885 -3.4230048786853255
58441 10979952 2.9129783098157125 -1.930453907650248 0.67056 -1.1183983042263885 -3.4230048786853255
58442 10979952 2.9318931613908474 -1.9092339475701228 0.6553200000000001 -1.1183983042263885 -3.4230048786853255
58443 10979952 2.9508080129659824 -1.8880139874899973 0.6400800000000001 -1.1183983042263885 -3.4230048786853255
58444 10979952 2.966296083824328 -1.8616456459698894 0.6400800000000001 -1.1183983042263885 -3.4230048786853255
58445 10979952 2.981784154682674 -1.8352773044497817 0.6400800000000001 -1.1183983042263885 -3.4230048786853255
58446 10979952 2.9943395573072316 -1.8144934397602033 0.6400800000000001 -1.1183983042263885 -3.4230048786853255
58447 10979952 3.0039515645090784 -1.7850393656096961 0.6400800000000001 -1.1183983042263885 -3.4230048786853255
58448 10979952 3.013615249816163 -1.7554269340404138 0.6400800000000001 -1.1183983042263885 -3.4230048786853255
58449 10979952 3.0232789351232476 -1.7258145024711316 0.6400800000000001 -1.1183983042263885 -3.4230048786853255
58450 10979952 3.029335158561155 -1.6980035468762604 0.6400800000000001 -1.1183983042263885 -3.4230048786853255
58451 10979952 3.0338906472095406 -1.6668993215106342 0.6400800000000001 -1.1183983042263885 -3.4230048786853255
58452 10979952 3.0384461358579262 -1.635795096145008 0.6400800000000001 -1.1183983042263885 -3.4230048786853255
58453 10979952 3.0428807515147334 -1.6058779525198403 0.6400800000000001 -1.1183983042263885 -3.4230048786853255
58454 10979952 3.0473153671715405 -1.5759608088946728 0.6400800000000001 -1.1183983042263885 -3.4230048786853255
58455 10979952 3.0514227486105003 -1.5470465929545665 0.6400800000000001 -1.1183983042263885 -3.4230048786853255
58456 10979952 3.054465972148403 -1.5132293719140015 0.6400800000000001 -1.1183983042263885 -3.4230048786853255
58457 10979952 3.0573351061239844 -1.4840278578506239 0.6400800000000001 -1.1183983042263885 -3.4230048786853255
58458 10979952 3.0602042400995657 -1.4548263437872462 0.6400800000000001 -1.1183983042263885 -3.4230048786853255
58459 10979952 3.0639449518350075 -1.4256756290923172 0.6400800000000001 -1.1183983042263885 -3.4230048786853255
58460 10979952 3.0661846479498687 -1.3940492268090077 0.6096 -1.1183983042263885 -3.4230048786853255
58461 10979952 3.0697011409515262 -1.3664023050606897 0.6096 -1.1183983042263885 -3.4230048786853255
58462 10979952 3.073217633953184 -1.3387553833123718 0.6096 -1.1183983042263885 -3.4230048786853255
58463 10979952 3.072544294137929 -1.3081641156424726 0.6096 -1.1183983042263885 -3.4230048786853255
58464 10979952 3.072397630951359 -1.279496912393138 0.6096 -1.1183983042263885 -3.4230048786853255
58465 10979952 3.0722509677647896 -1.2508297091438034 0.6096 -1.1183983042263885 -3.4230048786853255
58466 10979952 3.073331401201518 -1.222212509726368 0.6096 -1.1183983042263885 -3.4230048786853255
58467 10979952 3.074411834638246 -1.1935953103089327 0.6096 -1.1183983042263885 -3.4230048786853255
58468 10979952 3.0736010439339525 -1.1634263701150345 0.6096 -1.1183983042263885 -3.4230048786853255
58469 10979952 3.072445833452071 -1.134313140437036 0.6096 -1.1183983042263885 -3.4230048786853255
58470 10979952 3.0712906229701895 -1.1051999107590376 0.6096 -1.1183983042263885 -3.4230048786853255
58471 10979952 3.07100702873913 -1.0761374852054515 0.6096 -1.1183983042263885 -3.4230048786853255
58472 10979952 3.0707234345080705 -1.0470750596518652 0.6096 -1.1183983042263885 -3.4230048786853255
58473 10979952 3.0684659490999975 -1.0213400845540264 0.6096 -1.1183983042263885 -3.4230048786853255
58474 10979952 3.0673111062783023 -0.9922268984639278 0.6096 -1.1183983042263885 -3.4230048786853255
58475 10979952 3.066156263456607 -0.963113712373829 0.6096 -1.1183983042263885 -3.4230048786853255
58476 10979952 3.0674558036830586 -0.9332829525092964 0.6096 -1.1183983042263885 -3.4230048786853255
58477 10979952 3.065520871273078 -0.9052000890458402 0.6096 -1.1183983042263885 -3.4230048786853255
58478 10979952 3.065124335470526 -0.8737644160673605 0.6096 -1.1183983042263885 -3.4230048786853255
58479 10979952 3.064727799667974 -0.8423287430888811 0.6096 -1.1183983042263885 -3.4230048786853255
58480 10979952 3.062268349576998 -0.8090516163099176 0.6096 -1.1183983042263885 -3.4230048786853255
58481 10979952 3.062775776079169 -0.7816489981610498 0.6096 -1.1183983042263885 -3.4230048786853255
58482 10979952 3.062247848641147 -0.7499367476570804 0.6096 -1.1183983042263885 -3.4230048786853255
58483 10979952 3.0617199212031245 -0.718224497153111 0.6096 -1.1183983042263885 -3.4230048786853255
58484 10979952 3.0608414570834093 -0.6882668486904953 0.6096 -1.1183983042263885 -3.4230048786853255
58485 10979952 3.0601353505609694 -0.657781365000019 0.6096 -1.1183983042263885 -3.4230048786853255
58486 10979952 3.0614700520523677 -0.6278451383863899 0.6096 -1.1183983042263885 -3.4230048786853255
58487 10979952 3.0578864142320956 -0.5966540698848133 0.6096 -1.1183983042263885 -3.4230048786853255
58488 10979952 3.059415773932158 -0.56748224021986 0.6096 -1.1183983042263885 -3.4230048786853255
58489 10979952 3.0587099774720166 -0.5369967964803175 0.57912 -1.1183983042263885 -3.4230048786853255
58490 10979952 3.0572462147995783 -0.5088338754490311 0.57912 -1.1183983042263885 -3.4230048786853255
58491 10979952 3.052859096455804 -0.4798335937298801 0.57912 -1.1183983042263885 -3.4230048786853255
58492 10979952 3.053481962675524 -0.45235169933579444 0.57912 -1.1183983042263885 -3.4230048786853255
58493 10979952 3.0496109649350407 -0.42340302003717645 0.57912 -1.1183983042263885 -3.4230048786853255
58494 10979952 3.0477769282639118 -0.3916147052306224 0.57912 -1.1183983042263885 -3.4230048786853255
58495 10979952 3.045942891592783 -0.3598263904240684 0.57912 -1.1183983042263885 -3.4230048786853255
58496 10979952 3.0401878028375675 -0.32780953160135734 0.57912 -1.1183983042263885 -3.4230048786853255
58497 10979952 3.034432714082352 -0.2957926727786463 0.57912 -1.1183983042263885 -3.4230048786853255
58498 10979952 3.026136434784392 -0.2668011973545408 0.57912 -1.1183983042263885 -3.4230048786853255
58499 10979952 3.0178401554864323 -0.23780972193043529 0.57912 -1.1183983042263885 -3.4230048786853255
58500 10979952 3.0122861128829292 -0.20585835794451554 0.57912 -1.1183983042263885 -3.4230048786853255
58501 10979952 3.0032802017755964 -0.1752333583663139 0.57912 -1.1183983042263885 -3.4230048786853255
58502 10979952 2.993355835620126 -0.14687846509237576 0.57912 -1.1183983042263885 -3.4230048786853255
58503 10979952 2.9831549601136267 -0.12100322029756119 0.57912 0.7429410963331737 -3.5236083343327564
58504 10979952 2.964826334783951 -0.09282530154532984 0.57912 0.7429410963331737 -3.5236083343327564
58505 10979952 2.946847474782934 -0.07445721694207127 0.57912 0.7429410963331737 -3.5236083343327564
58506 10979952 2.924445481574227 -0.05195837856190655 0.57912 0.7429410963331737 -3.5236083343327564
58507 10979952 2.9020434883655204 -0.029459540181741822 0.57912 0.7429410963331737 -3.5236083343327564
58508 10979952 2.872185867134072 -0.012119815229498204 0.57912 0.7429410963331737 -3.5236083343327564
58509 10979952 2.8410640870838058 0.00025916695361885567 0.57912 0.7429410963331737 -3.5236083343327564
58510 10979952 2.8094480754955287 0.01058012304282388 0.57912 0.7429410963331737 -3.5236083343327564
58511 10979952 2.774943344176566 0.021844272709545393 0.57912 0.7429410963331737 -3.5236083343327564
58512 10979952 2.7389222813915444 0.02846365922833724 0.54864 0.7429410963331737 -3.5236083343327564
58513 10979952 2.705135176604962 0.03213438540512406 0.57912 0.7429410963331737 -3.5236083343327564
58514 10979952 2.6672638417387198 0.031998662056721444 0.54864 0.7429410963331737 -3.5236083343327564
58515 10979952 2.6266641765829593 0.0327538580748262 0.54864 0.7429410963331737 -3.5236083343327564
58516 10979952 2.588471757275791 0.03272334556348741 0.54864 0.7429410963331737 -3.5236083343327564
58517 10979952 2.55069770487243 0.032614929704908424 0.54864 0.7429410963331737 -3.5236083343327564
58518 10979952 2.512923652469069 0.03250651384632944 0.54864 0.7429410963331737 -3.5236083343327564
58519 10979952 2.4731455886579434 0.02762060247008233 0.54864 0.7429410963331737 -3.5236083343327564
58520 10979952 2.4402489914222514 0.025861732558283584 0.54864 0.7429410963331737 -3.5236083343327564
58521 10979952 2.40161895214992 0.023404988592110848 0.54864 0.7429410963331737 -3.5236083343327564
58522 10979952 2.3626824855306485 0.02019199068060326 0.5384800000000001 0.7429410963331737 -3.5236083343327564
58523 10979952 2.3237460189113777 0.016978992769095674 0.52832 0.7429410963331737 -3.5236083343327564
58524 10979952 2.2848095522921064 0.013765994857588087 0.5181600000000001 0.7429410963331737 -3.5236083343327564
58525 10979952 2.2459960951093834 0.011837159057422636 0.5181600000000001 0.7429410963331737 -3.5236083343327564
58526 10979952 2.207765139706052 0.006797887321651569 0.5181600000000001 0.7429410963331737 -3.5236083343327564
58527 10979952 2.1695341843027203 0.001758615585880502 0.5181600000000001 0.7429410963331737 -3.5236083343327564
58528 10979952 2.132586982614164 -0.003699601330024588 0.48768 0.7429410963331737 -3.5236083343327564
58529 10979952 2.0904695552581343 -0.007586032508045654 0.48768 0.7429410963331737 -3.5236083343327564
58530 10979952 2.0483521279021044 -0.01147246368606672 0.48768 0.7429410963331737 -3.5236083343327564
58531 10979952 2.015741274601483 -0.013439754412038485 0.48768 0.7429410963331737 -3.5236083343327564
58532 10979952 1.9763096060282113 -0.013179364725294296 0.47244 0.7429410963331737 -3.5236083343327564
58533 10979952 1.9368779374549396 -0.012918975038550107 0.45720000000000005 0.7429410963331737 -3.5236083343327564
58534 10979952 1.8970746558857692 -0.011076549239243061 0.45720000000000005 0.7429410963331737 -3.5236083343327564
58535 10979952 1.8572713743165985 -0.009234123439936015 0.45720000000000005 0.7429410963331737 -3.5236083343327564
58536 10979952 1.8173253769701192 -0.006468608831703637 0.45720000000000005 0.7429410963331737 -3.5236083343327564
58537 10979952 1.7771379910749796 -0.004441691308310389 0.45720000000000005 0.7429410963331737 -3.5236083343327564
58538 10979952 1.7369506051798402 -0.0024147737849171402 0.45720000000000005 0.7429410963331737 -3.5236083343327564
58539 10979952 1.7002095052216541 0.0006481928967311118 0.44196 0.7429410963331737 -3.5236083343327564
58540 10979952 1.663468405263468 0.003711159578379364 0.42672000000000004 0.7429410963331737 -3.5236083343327564
58541 10979952 1.6228671515631903 0.004472096437367817 0.42672000000000004 0.7429410963331737 -3.5236083343327564
58542 10979952 1.584742111115541 0.004658104486746223 0.42672000000000004 0.7429410963331737 -3.5236083343327564
58543 10979952 1.5472470574688237 0.00405441176354239 0.42672000000000004 0.7429410963331737 -3.5236083343327564
58544 10979952 1.509121907711077 0.004240825983582247 0.42672000000000004 0.7429410963331737 -3.5236083343327564
58545 10979952 1.4709277438287056 0.004216323044958087 0.42672000000000004 0.7429410963331737 -3.5236083343327564
58546 10979952 1.429923088827219 0.002656739883177578 0.42672000000000004 0.7429410963331737 -3.5236083343327564
58547 10979952 1.3921068212199998 0.002158710995791721 0.39624000000000004 0.7429410963331737 -3.5236083343327564
58548 10979952 1.3539814426056127 0.002345958364603662 0.39624000000000004 0.7429410963331737 -3.5236083343327564
58549 10979952 1.3185265827198922 0.0011938198161393423 0.39624000000000004 0.7429410963331737 -3.5236083343327564
58550 10979952 1.2830717228341715 4.168126767502278e-05 0.39624000000000004 0.7429410963331737 -3.5236083343327564
58551 10979952 1.2448772130471075 1.8394099944321618e-05 0.39624000000000004 0.7429410963331737 -3.5236083343327564
58552 10979952 1.216167927345693 0.0032052988556061507 0.39624000000000004 0.7429410963331737 -3.5236083343327564
58553 10979952 1.1874586416442783 0.00639220361126798 0.39624000000000004 0.7429410963331737 -3.5236083343327564
58554 10979952 1.1540816779759748 0.00390005285323027 0.39624000000000004 0.7429410963331737 -3.5236083343327564
58555 10979952 1.1207047143076716 0.0014079020951925604 0.39624000000000004 0.7429410963331737 -3.5236083343327564
58556 10979952 1.0873277506393682 -0.0010842486628451498 0.39624000000000004 0.7429410963331737 -3.5236083343327564
58557 10979952 1.057803302405204 0.0009676042271163088 0.39624000000000004 0.7429410963331737 -3.5236083343327564
58558 10979952 1.030776975425288 0.0011520479091680566 0.39624000000000004 0.7429410963331737 -3.5236083343327564
58559 10979952 1.0037506484453718 0.0013364915912198044 0.39624000000000004 0.7429410963331737 -3.5236083343327564
58560 10979952 0.9821815336323696 0.0005559377784235819 0.39624000000000004 0.7429410963331737 -3.5236083343327564
58561 10979952 0.9551332851272343 0.002032846711551961 0.39624000000000004 0.7429410963331737 -3.5236083343327564
58562 10684435 5.811554208707202 0.0033934600387744707 0.7010400000000001 0.7429410963331737 -3.5236083343327564
58562 10979952 0.9281632133492774 0.0010309595916753733 0.39624000000000004 0.7429410963331737 -3.5236083343327564
58563 10684435 5.73692084809621 0.003197432262644101 0.7010400000000001 0.7429410963331737 -3.5236083343327564
58563 10979952 0.9062505188622836 0.0008301722784842397 0.39624000000000004 0.7429410963331737 -3.5236083343327564
58564 10684435 5.697046602722084 2.074157512318986e-05 0.69723 0.7429410963331737 -3.5236083343327564
58564 10979952 0.8835671083673778 -0.0022730584154204703 0.39624000000000004 0.7429410963331737 -3.5236083343327564
58565 10979952 0.8699164703218527 0.0048739391900914225 0.39624000000000004 0.7429410963331737 -3.5236083343327564
58565 10684435 5.657172357347958 -0.0031559491123977212 0.69342 0.7429410963331737 -3.5236083343327564
58566 10684435 5.631366164580208 -0.001983751347694268 0.69342 0.7429410963331737 -3.5236083343327564
58566 10979952 0.8507798477521659 0.006102832231127106 0.39624000000000004 0.7429410963331737 -3.5236083343327564
58567 10684435 5.533631226566373 -0.002237815554098216 0.6858000000000001 0.7429410963331737 -3.5236083343327564
58568 10684435 5.50798467462119 -0.003570140681152939 0.6858000000000001 0.7429410963331737 -3.5236083343327564
58569 10684435 5.436033628384942 -0.0020682187739146374 0.6858000000000001 0.7429410963331737 -3.5236083343327564
58570 10684435 5.371052230596727 -0.0026047145829532214 0.6781800000000001 0.7429410963331737 -3.5236083343327564
58571 10684435 5.285996453792915 -0.0020843428268774444 0.67056 0.7429410963331737 -3.5236083343327564
58572 10684435 5.230863818790568 0.00035936415273915556 0.67056 0.7429410963331737 -3.5236083343327564
58573 10684435 5.186793073200569 -0.0013879721422051239 0.6629400000000001 0.7429410963331737 -3.5236083343327564
58574 10684435 5.153694282072324 -0.0021577744680588984 0.65532 0.7429410963331737 -3.5236083343327564
58575 10684435 5.057035455345279 -0.001822342419560613 0.65532 0.7429410963331737 -3.5236083343327564
58576 10684435 5.005432489491854 -0.002163266691770721 0.65151 0.7429410963331737 -3.5236083343327564
58577 10684435 4.95382952363843 -0.002504190963980829 0.6477 0.7429410963331737 -3.5236083343327564
58578 10684435 4.892022225385332 -0.004188719432222904 0.6400800000000001 0.7429410963331737 -3.5236083343327564
58579 10684435 4.832257477058258 -0.0006985975830739177 0.63246 0.7429410963331737 -3.5236083343327564
58580 10684435 4.780206460563884 -0.0024105606063341833 0.6248400000000001 0.7429410963331737 -3.5236083343327564
58581 10684435 4.7213700060728305 0.000660844587780568 0.6248400000000001 0.7429410963331737 -3.5236083343327564
58582 10684435 4.65465458519661 -0.002457895042995789 0.61722 0.7429410963331737 -3.5236083343327564
58583 10684435 4.595198681019448 0.00034930334105406913 0.6096 0.7429410963331737 -3.5236083343327564
58584 10684435 4.523027686364182 0.002281914127516965 0.6096 0.7429410963331737 -3.5236083343327564
58585 10684435 4.4562325072339135 0.0016438663948195875 0.6019800000000001 0.7429410963331737 -3.5236083343327564
58586 10684435 4.406681021399691 0.0021560411735079554 0.6019800000000001 0.7429410963331737 -3.5236083343327564
58587 10684435 4.3520943082759365 -0.0018797398490534578 0.59436 0.7429410963331737 -3.5236083343327564
58588 10684435 4.29026495673879 0.0018209283666391352 0.59436 0.7429410963331737 -3.5236083343327564
58589 10684435 4.233546177571608 -0.0005839943268787506 0.58674 0.7429410963331737 -3.5236083343327564
58590 10684435 4.157155418778369 0.0020278641019394195 0.58674 0.7429410963331737 -3.5236083343327564
58591 10684435 4.129650928477707 0.002766364968784213 0.58674 0.7429410963331737 -3.5236083343327564
58592 10684435 4.102146438177045 0.0035048658356290063 0.58674 0.7429410963331737 -3.5236083343327564
58593 10684435 4.019092810916933 0.003385907968206564 0.58674 0.7429410963331737 -3.5236083343327564
58594 10684435 3.9699539007794 0.005168002366490704 0.57912 0.7429410963331737 -3.5236083343327564
58595 10684435 3.914026655025455 0.005193792209283149 0.57912 0.7429410963331737 -3.5236083343327564
58596 10684435 3.8478836183182263 0.004932232134612996 0.5715 0.7429410963331737 -3.5236083343327564
58597 10684435 3.7879792026598187 0.008008876623454814 0.56388 0.7429410963331737 -3.5236083343327564
58598 10684435 3.7197697091002153 0.0030493334001220063 0.56388 0.7429410963331737 -3.5236083343327564
58599 10684435 3.664977946597803 0.004925825474284856 0.55626 0.7429410963331737 -3.5236083343327564
58600 10684435 3.6083374865756186 0.0016821560756033749 0.55626 0.7429410963331737 -3.5236083343327564
58601 10684435 3.5248466127974982 0.001594343051304653 0.54864 0.7429410963331737 -3.5236083343327564
58602 10684435 3.4803483509850155 -0.0003543671801332915 0.54864 0.7429410963331737 -3.5236083343327564
58603 10684435 3.435597880696027 -0.0019867652112070255 0.5448299999999999 0.7429410963331737 -3.5236083343327564
58604 10684435 3.390847410407038 -0.0036191632422807596 0.54102 0.7429410963331737 -3.5236083343327564
58605 10684435 3.335401256279429 -0.002110840449246948 0.5334 0.7429410963331737 -3.5236083343327564
58606 10684435 3.268913060267705 -0.001787592195809401 0.52578 0.7429410963331737 -3.5236083343327564
58607 10684435 3.235949522615549 -0.0021261787991768977 0.52578 0.7429410963331737 -3.5236083343327564
58608 10684435 3.158108954555445 -0.003937452692625604 0.5181600000000001 0.7429410963331737 -3.5236083343327564
58609 10684435 3.1109860013943162 -0.003041523061095869 0.51054 0.7429410963331737 -3.5236083343327564
58610 10684435 3.0482248422996543 -0.0005452538703220322 0.50292 0.7429410963331737 -3.5236083343327564
58611 10684435 2.998602843253683 0.0014007284876191572 0.50292 0.7429410963331737 -3.5236083343327564
58612 10684435 2.9445777091517753 0.002915285612543478 0.4953 0.7429410963331737 -3.5236083343327564
58613 10684435 2.8893227059886524 -0.0004250546549771361 0.4953 0.7429410963331737 -3.5236083343327564
58614 10684435 2.819623668278893 0.0009501881582949234 0.48768 0.7429410963331737 -3.5236083343327564
58615 10684435 2.776341030604695 0.0016459811007974168 0.48387 0.7429410963331737 -3.5236083343327564
58616 10684435 2.7330583929304977 0.00234177404329991 0.48006 0.7429410963331737 -3.5236083343327564
58617 10684435 2.6839862805705836 0.00434391385376956 0.47243999999999997 0.7429410963331737 -3.5236083343327564
58618 10684435 2.605341591829323 0.0028006703740776906 0.46482000000000007 0.7429410963331737 -3.5236083343327564
58619 10684435 2.549652709291432 0.0035761745240786846 0.46482000000000007 0.7429410963331737 -3.5236083343327564
58620 10684435 2.4960855912388142 0.005411617949117847 0.46482000000000007 0.7429410963331737 -3.5236083343327564
58621 10684435 2.425766295310277 0.006525663979423196 0.45720000000000005 0.7429410963331737 -3.5236083343327564
58622 10684435 2.36746076836918 0.004184977295165843 0.45720000000000005 0.7429410963331737 -3.5236083343327564
58623 10684435 2.3227998229419353 0.002295918298426153 0.45720000000000005 0.7429410963331737 -3.5236083343327564
58624 10684435 2.272739843461424 0.0026373076531836237 0.44958000000000004 0.7429410963331737 -3.5236083343327564
58625 10684435 2.212691716939688 0.001217221589365186 0.44958000000000004 0.7429410963331737 -3.5236083343327564
58626 10684435 2.156715528391266 0.0022061832060596143 0.44196 0.7429410963331737 -3.5236083343327564
58627 10684435 2.123183197872626 0.0021749294534305075 0.43815000000000004 0.7429410963331737 -3.5236083343327564
58628 10684435 2.0896508673539858 0.0021436757008014007 0.43434000000000006 0.7429410963331737 -3.5236083343327564
58629 10684435 2.0449911126433733 0.0027090354504766545 0.43434000000000006 0.7429410963331737 -3.5236083343327564
58630 10684435 1.9752555355959815 0.003987011563952592 0.43434000000000006 0.7429410963331737 -3.5236083343327564
58631 10684435 1.9473022862882579 0.005405495114136349 0.43434000000000006 0.7429410963331737 -3.5236083343327564
58632 10684435 1.8726579560677223 0.005250106795361031 0.42672000000000004 0.7429410963331737 -3.5236083343327564
58633 10684435 1.8025897041116403 0.006871937322298738 0.42672000000000004 0.7429410963331737 -3.5236083343327564
58634 10684435 1.774943581830715 0.005153371399453127 0.42672000000000004 0.7429410963331737 -3.5236083343327564
58635 10684435 1.7189879051429844 0.004036006292020916 0.41910000000000003 0.7429410963331737 -3.5236083343327564
58636 10684435 1.6660136274828878 0.0033471505463383844 0.41910000000000003 0.7429410963331737 -3.5236083343327564
58637 10684435 1.6011262126442354 0.0031618554345554384 0.41148 0.7429410963331737 -3.5236083343327564
58638 10684435 1.5796265915887195 0.0025906437068701008 0.41148 0.7429410963331737 -3.5236083343327564
58639 10684435 1.558126970533204 0.002019431979184763 0.41148 0.7429410963331737 -3.5236083343327564
58640 10684435 1.4820502927804313 0.004555271486607476 0.40386 0.7429410963331737 -3.5236083343327564
58641 10684435 1.4168759377349824 0.00458206453024676 0.40386 0.7429410963331737 -3.5236083343327564
58642 10684435 1.3751364358652185 0.0018609139158310972 0.39624000000000004 0.7429410963331737 -3.5236083343327564
58643 10684435 1.3478033204299982 0.0051818517629256405 0.39624000000000004 0.7429410963331737 -3.5236083343327564
58644 10684435 1.3115052538046608 0.003487420921079655 0.39624000000000004 0.7429410963331737 -3.5236083343327564
58645 10684435 1.2752071871793234 0.0017929900792336695 0.39624000000000004 0.7429410963331737 -3.5236083343327564
58646 10684435 1.2138952770115838 0.00032609021959083273 0.39624000000000004 0.7429410963331737 -3.5236083343327564
58647 10684435 1.1452359264663479 0.0021945665856439728 0.39624000000000004 0.7429410963331737 -3.5236083343327564
58648 10684435 1.1077355468946362 0.0029383006760370645 0.39624000000000004 0.7429410963331737 -3.5236083343327564
58649 10684435 1.0702351673229242 0.003682034766430156 0.39624000000000004 0.7429410963331737 -3.5236083343327564
58650 10684435 1.037234337022089 0.003248098871425048 0.39624000000000004 0.7429410963331737 -3.5236083343327564
