64225 10866934 0.9354559072279144 0.15110673284527934 0.39624000000000004 0.08556141830814712 -2.5707765526581845
64226 10866934 0.9386655884056786 0.15005805905691655 0.39624000000000004 0.08556141830814712 -2.5707765526581845
64227 10866934 0.9370078803734643 0.15585686124859885 0.39624000000000004 0.08556141830814712 -2.5707765526581845
64228 10866934 0.9368072754575945 0.15592240338478894 0.39624000000000004 0.08556141830814712 -2.5707765526581845
64229 10866934 0.9366066705417246 0.15598794552097903 0.39624000000000004 0.08556141830814712 -2.5707765526581845
64230 10866934 0.9364060656258549 0.15605348765716912 0.39624000000000004 0.08556141830814712 -2.5707765526581845
64231 10866934 0.9362054607099851 0.15611902979335918 0.39624000000000004 0.08556141830814712 -2.5707765526581845
64232 10866934 0.9360048557941153 0.15618457192954927 0.39624000000000004 0.08556141830814712 -2.5707765526581845
64233 10866934 0.9358042508782456 0.15625011406573935 0.39624000000000004 0.08556141830814712 -2.5707765526581845
64234 10866934 0.9356036459623758 0.15631565620192944 0.39624000000000004 0.08556141830814712 -2.5707765526581845
64235 10866934 0.935403041046506 0.15638119833811953 0.39624000000000004 0.08556141830814712 -2.5707765526581845
64236 10866934 0.9353669772454418 0.15639298120638828 0.39598314606741575 0.08556141830814712 -2.5707765526581845
64237 10866934 0.9353309134443777 0.15640476407465706 0.3957262921348315 0.08556141830814712 -2.5707765526581845
64238 10866934 0.9352948496433136 0.1564165469429258 0.3954694382022472 0.08556141830814712 -2.5707765526581845
64239 10866934 0.9352587858422494 0.1564283298111946 0.39521258426966294 0.08556141830814712 -2.5707765526581845
64240 10866934 0.9352227220411853 0.15644011267946334 0.3949557303370787 0.08556141830814712 -2.5707765526581845
64241 10866934 0.9351866582401211 0.15645189554773212 0.3946988764044944 0.08556141830814712 -2.5707765526581845
64242 10866934 0.935150594439057 0.15646367841600087 0.3944420224719101 0.08556141830814712 -2.5707765526581845
64243 10866934 0.9351145306379929 0.15647546128426965 0.3941851685393259 0.08556141830814712 -2.5707765526581845
64244 10866934 0.9350784668369287 0.1564872441525384 0.3939283146067416 0.08556141830814712 -2.5707765526581845
64245 10866934 0.9350424030358646 0.15649902702080715 0.3936714606741573 0.08556141830814712 -2.5707765526581845
64246 10866934 0.9350063392348005 0.15651080988907592 0.3934146067415731 0.08556141830814712 -2.5707765526581845
64247 10866934 0.9349702754337363 0.15652259275734468 0.3931577528089888 0.08556141830814712 -2.5707765526581845
64248 10866934 0.9349342116326722 0.15653437562561345 0.3929008988764045 0.08556141830814712 -2.5707765526581845
64249 10866934 0.9348981478316081 0.1565461584938822 0.39264404494382027 0.08556141830814712 -2.5707765526581845
64250 10866934 0.9348620840305438 0.15655794136215098 0.392387191011236 0.08556141830814712 -2.5707765526581845
64251 10866934 0.9348260202294797 0.15656972423041973 0.3921303370786517 0.08556141830814712 -2.5707765526581845
64252 10866934 0.9347899564284156 0.1565815070986885 0.39187348314606746 0.08556141830814712 -2.5707765526581845
64253 10866934 0.9347538926273514 0.15659328996695726 0.39161662921348317 0.08556141830814712 -2.5707765526581845
64254 10866934 0.9347178288262873 0.15660507283522604 0.3913597752808989 0.08556141830814712 -2.5707765526581845
64255 10866934 0.9346817650252232 0.1566168557034948 0.39110292134831465 0.08556141830814712 -2.5707765526581845
64256 10866934 0.934645701224159 0.15662863857176354 0.39084606741573036 0.08556141830814712 -2.5707765526581845
64257 10866934 0.9346096374230949 0.15664042144003232 0.39058921348314607 0.08556141830814712 -2.5707765526581845
64258 10866934 0.9345735736220308 0.15665220430830107 0.39033235955056184 0.08556141830814712 -2.5707765526581845
64259 10866934 0.9345375098209666 0.15666398717656985 0.39007550561797755 0.08556141830814712 -2.5707765526581845
64260 10866934 0.9345014460199025 0.1566757700448386 0.38981865168539326 0.08556141830814712 -2.5707765526581845
64261 10866934 0.9344653822188383 0.15668755291310738 0.389561797752809 0.08556141830814712 -2.5707765526581845
64262 10866934 0.9344293184177742 0.15669933578137613 0.38930494382022474 0.08556141830814712 -2.5707765526581845
64263 10866934 0.9343932546167101 0.1567111186496449 0.38904808988764045 0.08556141830814712 -2.5707765526581845
64264 10866934 0.9343571908156459 0.15672290151791365 0.3887912359550562 0.08556141830814712 -2.5707765526581845
64265 10866934 0.9343211270145818 0.1567346843861824 0.3885343820224719 0.08556141830814712 -2.5707765526581845
64266 10866934 0.9342850632135177 0.15674646725445118 0.38827752808988764 0.08556141830814712 -2.5707765526581845
64267 10866934 0.9342489994124535 0.15675825012271993 0.3880206741573034 0.08556141830814712 -2.5707765526581845
64268 10866934 0.9342129356113894 0.1567700329909887 0.3877638202247191 0.08556141830814712 -2.5707765526581845
64269 10866934 0.9341768718103253 0.15678181585925746 0.3875069662921348 0.08556141830814712 -2.5707765526581845
64270 10866934 0.9341408080092611 0.15679359872752624 0.3872501123595506 0.08556141830814712 -2.5707765526581845
64271 10866934 0.934104744208197 0.156805381595795 0.3869932584269663 0.08556141830814712 -2.5707765526581845
64272 10866934 0.9340686804071329 0.15681716446406377 0.386736404494382 0.08556141830814712 -2.5707765526581845
64273 10866934 0.9340326166060687 0.15682894733233252 0.3864795505617978 0.08556141830814712 -2.5707765526581845
64274 10866934 0.9339965528050046 0.1568407302006013 0.3862226966292135 0.08556141830814712 -2.5707765526581845
64275 10866934 0.9339604890039405 0.15685251306887005 0.3859658426966292 0.08556141830814712 -2.5707765526581845
64276 10866934 0.9339244252028763 0.1568642959371388 0.38570898876404497 0.08556141830814712 -2.5707765526581845
64277 10866934 0.9338883614018122 0.15687607880540758 0.3854521348314607 0.08556141830814712 -2.5707765526581845
64278 10866934 0.9338522976007481 0.15688786167367633 0.38519528089887645 0.08556141830814712 -2.5707765526581845
64279 10866934 0.9338162337996839 0.1568996445419451 0.38493842696629216 0.08556141830814712 -2.5707765526581845
64280 10866934 0.9337801699986197 0.15691142741021386 0.38468157303370787 0.08556141830814712 -2.5707765526581845
64281 10866934 0.9337441061975555 0.15692321027848263 0.38442471910112364 0.08556141830814712 -2.5707765526581845
64282 10866934 0.9337080423964914 0.15693499314675138 0.38416786516853935 0.08556141830814712 -2.5707765526581845
64283 10866934 0.9336719785954273 0.15694677601502016 0.38391101123595506 0.08556141830814712 -2.5707765526581845
64284 10866934 0.9336359147943631 0.1569585588832889 0.3836541573033708 0.08556141830814712 -2.5707765526581845
64285 10866934 0.933599850993299 0.15697034175155766 0.38339730337078654 0.08556141830814712 -2.5707765526581845
64286 10866934 0.9335637871922349 0.15698212461982644 0.38314044943820225 0.08556141830814712 -2.5707765526581845
64287 10866934 0.9335277233911707 0.1569939074880952 0.382883595505618 0.08556141830814712 -2.5707765526581845
64288 10866934 0.9334916595901066 0.15700569035636397 0.3826267415730337 0.08556141830814712 -2.5707765526581845
64289 10866934 0.9334555957890425 0.15701747322463272 0.38236988764044944 0.08556141830814712 -2.5707765526581845
64290 10866934 0.9334195319879783 0.1570292560929015 0.3821130337078652 0.08556141830814712 -2.5707765526581845
64291 10866934 0.9333834681869142 0.15704103896117025 0.3818561797752809 0.08556141830814712 -2.5707765526581845
64292 10866934 0.9333474043858501 0.15705282182943903 0.3815993258426966 0.08556141830814712 -2.5707765526581845
64293 10866934 0.9333113405847859 0.15706460469770778 0.3813424719101124 0.08556141830814712 -2.5707765526581845
64294 10866934 0.9332752767837218 0.15707638756597656 0.3810856179775281 0.08556141830814712 -2.5707765526581845
64295 10866934 0.9332392129826577 0.1570881704342453 0.3808287640449438 0.08556141830814712 -2.5707765526581845
