33405 10632882 -1.3774808010310469 -0.5012642691013315 0.73152 -1.2112899144904095 -2.269138511209445
33406 10632882 -1.371777207295543 -0.5408676446195296 0.762 -1.2112899144904095 -2.269138511209445
33407 10632882 -1.3627598734634285 -0.5812041071961891 0.762 -1.2112899144904095 -2.269138511209445
33408 10632882 -1.3475293546323643 -0.624273302322904 0.762 -1.2112899144904095 -2.269138511209445
33409 10632882 -1.335310165373085 -0.6629694143770524 0.762 -1.2112899144904095 -2.269138511209445
33410 10632882 -1.311048710247836 -0.6960810944567103 0.762 -1.2112899144904095 -2.269138511209445
33411 10632882 -1.2867872551225872 -0.7291927745363682 0.762 -1.2112899144904095 -2.269138511209445
33412 10632882 -1.254228420173453 -0.7627390968370201 0.762 -1.2112899144904095 -2.269138511209445
33413 10632882 -1.222292878049862 -0.78936323307916 0.762 -1.2112899144904095 -2.269138511209445
33414 10632882 -1.1903573359262711 -0.8159873693212999 0.762 -1.2112899144904095 -2.269138511209445
33415 10632882 -1.153375501679357 -0.8428007538124986 0.762 -1.2112899144904095 -2.269138511209445
33416 10632882 -1.1177440545774981 -0.8669524798594548 0.762 -1.2112899144904095 -2.269138511209445
33417 10632882 -1.0764901120843948 -0.894285727998055 0.762 -1.2112899144904095 -2.269138511209445
33418 10632882 -1.0352361695912913 -0.9216189761366552 0.762 -1.2112899144904095 -2.269138511209445
33419 10632882 -0.9973476300373385 -0.9429442814723756 0.762 -1.2112899144904095 -2.269138511209445
33420 10632882 -0.9594590904833857 -0.964269586808096 0.762 -1.2112899144904095 -2.269138511209445
33421 10632882 -0.9191069191677055 -0.9821355258208279 0.762 -1.2112899144904095 -2.269138511209445
33422 10632882 -0.874836505542903 -1.004319831287696 0.762 -1.2112899144904095 -2.269138511209445
33423 10632882 -0.8297377333634037 -1.0239706105724629 0.762 -1.2112899144904095 -2.269138511209445
33424 10632882 -0.7846846491608533 -1.043761549587596 0.762 -1.2112899144904095 -2.269138511209445
33425 10632882 -0.7396315649583031 -1.0635524886027292 0.762 -1.2112899144904095 -2.269138511209445
33426 10632882 -0.6945784807557527 -1.0833434276178624 0.762 -1.2112899144904095 -2.269138511209445
33427 10632882 -0.6481903585572704 -1.0985072077224707 0.762 -1.2112899144904095 -2.269138511209445
33428 10632882 -0.601802236358788 -1.113670987827079 0.762 -1.2112899144904095 -2.269138511209445
33429 10632882 -0.5547328979568384 -1.1365341451715067 0.762 -1.2112899144904095 -2.269138511209445
33430 10632882 -0.5072253371655859 -1.1569698752361333 0.762 -1.2112899144904095 -2.269138511209445
33431 10632882 -0.46146979448990355 -1.1746127782513052 0.762 -1.2112899144904095 -2.269138511209445
33432 10632882 -0.4148379379792666 -1.1936514774512776 0.762 -1.2112899144904095 -2.269138511209445
33433 10632882 -0.36820608146862965 -1.2126901766512501 0.762 -1.2112899144904095 -2.269138511209445
33434 10632882 -0.3211771887095656 -1.2305143783463028 0.762 -1.2112899144904095 -2.269138511209445
33435 10632882 -0.2741482959505015 -1.2483385800413556 0.762 -1.2112899144904095 -2.269138511209445
33436 10632882 -0.22825407657017593 -1.2655577488081307 0.762 -1.2112899144904095 -2.269138511209445
33437 10632882 -0.18249771807406456 -1.2831988395061238 0.762 -1.2112899144904095 -2.269138511209445
33438 10632882 -0.1509377911640393 -1.294447479592008 0.762 -1.2112899144904095 -2.269138511209445
33439 10632882 -0.11937786425401405 -1.305696119677892 0.762 -1.2112899144904095 -2.269138511209445
33440 10632882 -0.0878179373439888 -1.3169447597637762 0.762 -1.2112899144904095 -2.269138511209445
33441 10632882 -0.03948094715403605 -1.3348439979740212 0.762 -1.2112899144904095 -2.269138511209445
33442 10632882 0.05361964819974496 -1.3652678340848927 0.762 -1.2112899144904095 -2.269138511209445
33443 10632882 0.10168446988984142 -1.3799225123050822 0.762 -1.2112899144904095 -2.269138511209445
33444 10632882 0.14974929157993788 -1.3945771905252717 0.762 -1.2112899144904095 -2.269138511209445
33445 10632882 0.19870778405283207 -1.410574599498057 0.762 -1.2112899144904095 -2.269138511209445
33446 10632882 0.24766627652572626 -1.4265720084708422 0.762 -1.2112899144904095 -2.269138511209445
33447 10632882 0.2951106840374809 -1.4431254031113778 0.762 -1.2112899144904095 -2.269138511209445
33448 10632882 0.3425550915492356 -1.4596787977519134 0.762 -1.2112899144904095 -2.269138511209445
33449 10632882 0.3897269554795938 -1.4729882990230998 0.762 -1.2112899144904095 -2.269138511209445
33450 10632882 0.4380651594489458 -1.4908842590348559 0.762 -1.2112899144904095 -2.269138511209445
33451 10632882 0.4894320936846636 -1.5076664924097105 0.762 -1.2112899144904095 -2.269138511209445
33452 10632882 0.5334925594149582 -1.518264305611114 0.762 -1.2112899144904095 -2.269138511209445
33453 10632882 0.5775530251452529 -1.5288621188125173 0.762 -1.2112899144904095 -2.269138511209445
33454 10632882 0.627299448787159 -1.550604618107239 0.762 -1.2112899144904095 -2.269138511209445
33455 10632882 0.6804539544655817 -1.5700721350795017 0.762 -1.2112899144904095 -2.269138511209445
33456 10632882 0.7228107499567933 -1.581806217185483 0.762 -1.2112899144904095 -2.269138511209445
33457 10632882 0.7693626802432975 -1.5970130957987498 0.762 -1.2112899144904095 -2.269138511209445
33458 10632882 0.8159146105298016 -1.6122199744120165 0.762 -1.2112899144904095 -2.269138511209445
33459 10632882 0.8400842540301461 -1.621166491592171 0.762 -1.2112899144904095 -2.269138511209445
33460 10632882 0.8642538975304905 -1.6301130087723255 0.762 -1.2112899144904095 -2.269138511209445
33461 10632882 0.9579790347480929 -1.6586248007237578 0.762 -1.2112899144904095 -2.269138511209445
33462 10632882 1.008726568504137 -1.6773033411026592 0.762 -1.2112899144904095 -2.269138511209445
33463 10632882 1.055279079839245 -1.6925084834295006 0.762 -1.2112899144904095 -2.269138511209445
33464 10632882 1.1026564459183548 -1.7092675601272243 0.762 -1.2112899144904095 -2.269138511209445
33465 10632882 1.1500338119974645 -1.7260266368249482 0.762 -1.2112899144904095 -2.269138511209445
33466 10632882 1.201402461524777 -1.742803676537524 0.762 -1.2112899144904095 -2.269138511209445
33467 10632882 1.2500186276142484 -1.7598493987022588 0.77724 -1.2112899144904095 -2.269138511209445
33468 10632882 1.29863479370372 -1.7768951208669936 0.7924800000000001 -1.2112899144904095 -2.269138511209445
33469 10632882 1.3427800383841477 -1.7913119804400595 0.7924800000000001 -1.2112899144904095 -2.269138511209445
33470 10632882 1.391741233641533 -1.8073012646520412 0.7924800000000001 -1.2112899144904095 -2.269138511209445
33471 10632882 1.4375017332846194 -1.8249318285494314 0.7924800000000001 -1.2112899144904095 -2.269138511209445
33472 10632882 1.4853429042734274 -1.844351103581026 0.7924800000000001 -1.2112899144904095 -2.269138511209445
33473 10632882 1.5331840752622354 -1.8637703786126207 0.7924800000000001 -1.2112899144904095 -2.269138511209445
33474 10632882 1.580562682326076 -1.8805262401711376 0.7924800000000001 -1.2112899144904095 -2.269138511209445
33475 10632882 1.6279412893899168 -1.8972821017296544 0.7924800000000001 -1.2112899144904095 -2.269138511209445
33476 10632882 1.674958222068716 -1.9151457542432322 0.7924800000000001 -1.2112899144904095 -2.269138511209445
33477 10632882 1.7219751547475155 -1.93300940675681 0.7924800000000001 -1.2112899144904095 -2.269138511209445
33478 10632882 1.7670817162049668 -1.9526435572109586 0.7924800000000001 -1.2112899144904095 -2.269138511209445
33479 10632882 1.813719941983634 -1.9716674993965486 0.7924800000000001 -1.2112899144904095 -2.269138511209445
33480 10632882 1.8603581677623011 -1.9906914415821386 0.7924800000000001 -1.2112899144904095 -2.269138511209445
33481 10632882 1.9058099275296612 -2.009268904386166 0.7924800000000001 -1.2112899144904095 -2.269138511209445
33482 10632882 1.9512616872970214 -2.0278463671901936 0.7924800000000001 -1.2112899144904095 -2.269138511209445
33483 10632882 1.9987770364116904 -2.0482651927919093 0.7924800000000001 -1.2112899144904095 -2.269138511209445
33484 10632882 2.045433257738392 -2.067234818121003 0.77724 -1.2112899144904095 -2.269138511209445
33485 10632882 2.092089479065094 -2.086204443450096 0.762 -1.2112899144904095 -2.269138511209445
33486 10632882 2.1378176071202475 -2.103936024471943 0.762 -1.2112899144904095 -2.269138511209445
33487 10632882 2.186057361717584 -2.1221365213668197 0.762 -1.2112899144904095 -2.269138511209445
33488 10632882 2.23429711631492 -2.1403370182616963 0.762 -1.2112899144904095 -2.269138511209445
33489 10632882 2.2800256542069555 -2.1580676761117616 0.762 -1.2112899144904095 -2.269138511209445
33490 10632882 2.3307771933275503 -2.176736690543579 0.762 -1.2112899144904095 -2.269138511209445
33491 10632882 2.3761290230316785 -2.191539940396852 0.762 -1.2112899144904095 -2.269138511209445
33492 10632882 2.4214808527358063 -2.206343190250125 0.762 -1.2112899144904095 -2.269138511209445
33493 10632882 2.4696985102141475 -2.224611958326726 0.762 -1.2112899144904095 -2.269138511209445
33494 10632882 2.517916167692489 -2.2428807264033264 0.762 -1.2112899144904095 -2.269138511209445
33495 10632882 2.56613382517083 -2.2611494944799273 0.762 -1.2112899144904095 -2.269138511209445
33496 10632882 2.616713920868664 -2.280344292580102 0.762 -1.2112899144904095 -2.269138511209445
33497 10632882 2.6650238914772264 -2.2983305361534834 0.762 -1.2112899144904095 -2.269138511209445
33498 10632882 2.714309692348103 -2.314415413419211 0.762 -1.2112899144904095 -2.269138511209445
33499 10632882 2.7649704985284647 -2.333635343447572 0.73152 -1.2112899144904095 -2.269138511209445
33500 10632882 2.8132808822858495 -2.351620570129977 0.762 -1.2112899144904095 -2.269138511209445
33501 10632882 2.8606457871215443 -2.3684206054422487 0.74676 -1.2112899144904095 -2.269138511209445
33502 10632882 2.908010691957239 -2.385220640754521 0.73152 -1.2112899144904095 -2.269138511209445
33503 10632882 2.9553706981371373 -2.4006748471214783 0.73152 -1.2112899144904095 -2.269138511209445
33504 10632882 3.002730704317036 -2.416129053488435 0.73152 -1.2112899144904095 -2.269138511209445
33505 10632882 3.050090710496934 -2.4315832598553926 0.73152 -1.2112899144904095 -2.269138511209445
33506 10632882 3.1011080233097923 -2.450799971916061 0.73152 -1.2112899144904095 -2.269138511209445
33507 10632882 3.1473445606081407 -2.46588651518641 0.73152 -1.2112899144904095 -2.269138511209445
33508 10632882 3.19616103925037 -2.4828656128793725 0.73152 -1.2112899144904095 -2.269138511209445
33509 10632882 3.2449775178925995 -2.4998447105723347 0.73152 -1.2112899144904095 -2.269138511209445
33510 10632882 3.2923262808437705 -2.516694628904645 0.73152 -1.2112899144904095 -2.269138511209445
33510 11241372 1.0912935510492923 -0.13030362327027506 0.35052000000000005 -1.2112899144904095 -2.269138511209445
33511 11241372 1.0858236227989595 -0.13073634589199912 0.35814000000000007 -1.2112899144904095 -2.269138511209445
33511 10632882 3.3396750437949416 -2.533544547236955 0.73152 -1.2112899144904095 -2.269138511209445
33512 10632882 3.3870412736269446 -2.5503410424055635 0.73152 -1.2112899144904095 -2.269138511209445
33512 11241372 1.0798947716330098 -0.13148644114092742 0.35814000000000007 -1.2112899144904095 -2.269138511209445
33513 11241372 1.075806911404193 -0.1314944721523057 0.35814000000000007 -1.2112899144904095 -2.269138511209445
33513 10632882 3.4344075034589476 -2.567137537574172 0.73152 -1.2112899144904095 -2.269138511209445
33514 11241372 1.0717190511753765 -0.13150250316368398 0.35814000000000007 -1.2112899144904095 -2.269138511209445
33514 10632882 3.482170047802526 -2.582719299729407 0.73152 -1.2112899144904095 -2.269138511209445
33515 11241372 1.0665833561089915 -0.1298247214676416 0.35814000000000007 -1.2112899144904095 -2.269138511209445
33515 10632882 3.529932592146104 -2.598301061884642 0.73152 -1.2112899144904095 -2.269138511209445
33516 11241372 1.0634862935546354 -0.13114944692594654 0.35814000000000007 -1.2112899144904095 -2.269138511209445
33516 10632882 3.5813076045535155 -2.6150607408411424 0.73152 -1.2112899144904095 -2.269138511209445
33517 10632882 3.6272119661344258 -2.63225478290181 0.73152 -1.2112899144904095 -2.269138511209445
33517 11241372 1.0583267257741582 -0.1306321124021842 0.35814000000000007 -1.2112899144904095 -2.269138511209445
33518 11241372 1.053167157993681 -0.13011477787842182 0.35814000000000007 -1.2112899144904095 -2.269138511209445
33518 10632882 3.6729442610208123 -2.649976397144623 0.73152 -1.2112899144904095 -2.269138511209445
33519 10632882 3.719503202431408 -2.6651639266931855 0.73152 -1.2112899144904095 -2.269138511209445
33519 11241372 1.0475937614200004 -0.13086414465643045 0.35814000000000007 -1.2112899144904095 -2.269138511209445
33520 10632882 3.766062294442278 -2.6803509945485535 0.73152 -1.2112899144904095 -2.269138511209445
33520 11241372 1.0420203648463195 -0.13161351143443908 0.35814000000000007 -1.2112899144904095 -2.269138511209445
33521 11241372 1.036446968272639 -0.13236287821244772 0.35814000000000007 -1.1183983042263885 -3.4230048786853255
33521 10632882 3.8126213864531477 -2.6955380624039216 0.73152 -1.1183983042263885 -3.4230048786853255
33522 11241372 1.0299003473178265 -0.13133396712277856 0.35814000000000007 -1.1183983042263885 -3.4230048786853255
33522 10632882 3.8608312787598944 -2.713832828438434 0.73152 -1.1183983042263885 -3.4230048786853255
33523 11241372 1.023353726363014 -0.1303050560331094 0.35814000000000007 -1.1183983042263885 -3.4230048786853255
33523 10632882 3.9091790550585683 -2.7317049628355683 0.73152 -1.1183983042263885 -3.4230048786853255
33524 11241372 1.017596619915745 -0.13134486532547376 0.35814000000000007 -1.1183983042263885 -3.4230048786853255
33524 10632882 3.954912109608677 -2.7494247463792747 0.73152 -1.1183983042263885 -3.4230048786853255
33525 10632882 4.001471758637567 -2.764610257985117 0.73152 -1.1183983042263885 -3.4230048786853255
33525 11241372 1.0122765553385022 -0.13077506527034757 0.35814000000000007 -1.1183983042263885 -3.4230048786853255
33526 11241372 1.0069564907612598 -0.13020526521522138 0.35814000000000007 -1.1183983042263885 -3.4230048786853255
33526 10632882 4.048031407666457 -2.7797957695909594 0.73152 -1.1183983042263885 -3.4230048786853255
33527 11241372 0.9989929674182411 -0.1301153324237067 0.35433000000000003 -1.1183983042263885 -3.4230048786853255
33527 10632882 4.093936992232548 -2.7969867699058963 0.73152 -1.1183983042263885 -3.4230048786853255
33528 10632882 4.137296702342361 -2.8138143666878217 0.73152 -1.1183983042263885 -3.4230048786853255
33528 11241372 0.9910294440752223 -0.130025399632192 0.35052000000000005 -1.1183983042263885 -3.4230048786853255
33529 11241372 0.9854215448004383 -0.13088028112243003 0.35052000000000005 -1.1183983042263885 -3.4230048786853255
33529 10632882 4.187846944293158 -2.8331034583885746 0.73152 -1.1183983042263885 -3.4230048786853255
33530 10632882 4.231998810115169 -2.847502205744698 0.73152 -1.1183983042263885 -3.4230048786853255
33530 11241372 0.9772232509013992 -0.1304215657118408 0.35052000000000005 -1.1183983042263885 -3.4230048786853255
33531 11241372 0.9691277447291202 -0.13046372593500355 0.35814000000000007 -1.1183983042263885 -3.4230048786853255
33531 11374945 1.097213007816234 0.0003593255824754782 0.36576 -1.1183983042263885 -3.4230048786853255
33531 10632882 4.280967348690174 -2.863471401816261 0.73152 -1.1183983042263885 -3.4230048786853255
33532 11374945 1.0687648885766177 0.0005407762123671722 0.36576 -1.1183983042263885 -3.4230048786853255
33532 11241372 0.9632565587871775 -0.13076527189061207 0.35052000000000005 -1.1183983042263885 -3.4230048786853255
33532 10632882 4.325119404884781 -2.877869565407884 0.73152 -1.1183983042263885 -3.4230048786853255
33533 11374945 1.0363032082050325 0.0003980043946152645 0.36576 -1.1183983042263885 -3.4230048786853255
33533 10632882 4.37511933217091 -2.8988465527457294 0.73152 -1.1183983042263885 -3.4230048786853255
33533 11241372 0.9575118214536569 -0.1306797588506027 0.35052000000000005 -1.1183983042263885 -3.4230048786853255
33534 11241372 0.9517670841201362 -0.1305942458105933 0.35052000000000005 -1.1183983042263885 -3.4230048786853255
33534 10632882 4.42167991878781 -2.9140294403354052 0.73152 -1.1183983042263885 -3.4230048786853255
33534 11374945 1.0199864735221167 0.0004715569733309416 0.36576 -1.1183983042263885 -3.4230048786853255
33535 11374945 0.9597628439835827 -0.0014657310140639285 0.36576 -1.1183983042263885 -3.4230048786853255
33535 11241372 0.9460223467866156 -0.13050873277058395 0.35052000000000005 -1.1183983042263885 -3.4230048786853255
33535 10632882 4.46583229191926 -2.928426721817858 0.73152 -1.1183983042263885 -3.4230048786853255
33536 11241372 0.93701031935572 -0.12955046990325592 0.35052000000000005 -1.1183983042263885 -3.4230048786853255
33536 10632882 4.511028407361039 -2.943163870988501 0.73152 -1.1183983042263885 -3.4230048786853255
33536 11374945 0.923046069393342 -0.0024370294885584847 0.36576 -1.1183983042263885 -3.4230048786853255
33537 11241372 0.9288289196037194 -0.1294476953782841 0.35433000000000003 -1.1183983042263885 -3.4230048786853255
33537 11374945 0.8863292948031012 -0.003408327963053041 0.36576 -1.1183983042263885 -3.4230048786853255
33537 10632882 4.556224522802816 -2.957901020159144 0.73152 -1.1183983042263885 -3.4230048786853255
33538 10632882 4.602401171070653 -2.9741252599823693 0.73152 -1.1183983042263885 -3.4230048786853255
33538 11241372 0.9206475198517189 -0.1293449208533123 0.35814000000000007 -1.1183983042263885 -3.4230048786853255
33538 11374945 0.8496125202128605 -0.004379626437547596 0.36576 -1.1183983042263885 -3.4230048786853255
33539 11374945 0.8128957456226198 -0.0053509249120421536 0.36576 -1.1183983042263885 -3.4230048786853255
33539 11241372 0.9136353063404903 -0.12974094417050258 0.35814000000000007 -1.1183983042263885 -3.4230048786853255
33539 10632882 4.648577819338489 -2.990349499805595 0.73152 -1.1183983042263885 -3.4230048786853255
33540 11374945 0.776178971032379 -0.006322223386536709 0.36576 -1.1183983042263885 -3.4230048786853255
33540 11241372 0.9066230928292618 -0.13013696748769282 0.35814000000000007 -1.1183983042263885 -3.4230048786853255
33540 10632882 4.697587545683379 -3.006328715970849 0.73152 -1.1183983042263885 -3.4230048786853255
33541 10632882 4.746597272028269 -3.0223079321361035 0.73152 -1.1183983042263885 -3.4230048786853255
33541 11241372 0.900270191894935 -0.13055367326891756 0.3556000000000001 -1.1183983042263885 -3.4230048786853255
33541 11374945 0.7394621964421383 -0.007293521861031265 0.36576 -1.1183983042263885 -3.4230048786853255
33542 11374945 0.7027454218518976 -0.008264820335525822 0.36576 -1.1183983042263885 -3.4230048786853255
33542 11241372 0.893917290960608 -0.1309703790501423 0.35306000000000004 -1.1183983042263885 -3.4230048786853255
33543 11374945 0.667112889958714 -0.008187702917908865 0.36576 -1.1183983042263885 -3.4230048786853255
33543 11241372 0.8875643900262812 -0.13138708483136705 0.35052000000000005 -1.1183983042263885 -3.4230048786853255
33544 11374945 0.6314803580655304 -0.008110585500291909 0.36576 -1.1183983042263885 -3.4230048786853255
33544 11241372 0.8796870514243933 -0.1310331262556541 0.35052000000000005 -1.1183983042263885 -3.4230048786853255
33545 11374945 0.5853849448194333 -0.007300961177024494 0.37338 -1.1183983042263885 -3.4230048786853255
33545 11241372 0.8730714354972381 -0.1302151869152468 0.35052000000000005 -1.1183983042263885 -3.4230048786853255
33546 11374945 0.539289531573336 -0.006491336853757079 0.381 -1.1183983042263885 -3.4230048786853255
33546 11241372 0.8664558195700829 -0.12939724757483953 0.35052000000000005 -1.1183983042263885 -3.4230048786853255
33547 11374945 0.4931941183272389 -0.005681712530489665 0.38862 -1.1183983042263885 -3.4230048786853255
33547 11241372 0.8582743989608612 -0.1292943917024341 0.35052000000000005 -1.1183983042263885 -3.4230048786853255
33548 11241372 0.8500929783516397 -0.12919153583002865 0.35052000000000005 -1.1183983042263885 -3.4230048786853255
33548 11374945 0.44709870508114175 -0.00487208820722225 0.39624000000000004 -1.1183983042263885 -3.4230048786853255
33549 11374945 0.3910487881204209 -0.005306432078482394 0.39624000000000004 -1.1183983042263885 -3.4230048786853255
33549 11241372 0.8445885004893863 -0.12972963129658927 0.35814000000000007 -1.1183983042263885 -3.4230048786853255
33550 11241372 0.8638294452717696 -0.17141441867984783 0.48006 -1.1183983042263885 -3.4230048786853255
33550 11374945 0.33499887115970006 -0.005740775949742538 0.39624000000000004 -1.1183983042263885 -3.4230048786853255
33551 11374945 0.3184867142462898 -0.0057187195230965215 0.39624000000000004 -1.1183983042263885 -3.4230048786853255
33551 11241372 0.8542781721825499 -0.1707471896189267 0.47624999999999995 -1.1183983042263885 -3.4230048786853255
33552 11241372 0.84472689909333 -0.1700799605580056 0.47243999999999997 -1.1183983042263885 -3.4230048786853255
33552 11374945 0.262582458171263 -0.009646415393097019 0.39624000000000004 -1.1183983042263885 -3.4230048786853255
33553 11241372 0.8392568836293829 -0.17051249453535408 0.47243999999999997 -1.1183983042263885 -3.4230048786853255
33553 11374945 0.21436494787754867 -0.009076109315115904 0.39624000000000004 -1.1183983042263885 -3.4230048786853255
33554 11241372 0.8312760310125845 -0.170475158317465 0.47243999999999997 -1.1183983042263885 -3.4230048786853255
33554 11374945 0.15428847668468415 -0.01082168566953079 0.39624000000000004 -1.1183983042263885 -3.4230048786853255
33555 11241372 0.8202823772003216 -0.16688326822049543 0.46101000000000003 -1.1183983042263885 -3.4230048786853255
33555 11374945 0.12516886416888745 -0.010242029417409745 0.39624000000000004 -1.1183983042263885 -3.4230048786853255
33556 11241372 0.8092887233880588 -0.16329137812352587 0.44958000000000004 -1.1183983042263885 -3.4230048786853255
33556 11374945 0.09604925165309075 -0.009662373165288701 0.39624000000000004 -1.1183983042263885 -3.4230048786853255
33557 11374945 0.056533049876906216 -0.011000326086592294 0.42672000000000004 -1.1183983042263885 -3.4230048786853255
33557 11241372 0.7986710318024802 -0.16262613538706502 0.44958000000000004 -1.1183983042263885 -3.4230048786853255
33558 11241372 0.7945546007635294 -0.16244944915474374 0.44958000000000004 -1.1183983042263885 -3.4230048786853255
33558 11374945 0.012888301677562608 -0.012741145882233823 0.42672000000000004 -1.1183983042263885 -3.4230048786853255
33559 11241372 0.7904381697245785 -0.16227276292242246 0.44958000000000004 -1.1183983042263885 -3.4230048786853255
33559 11374945 -0.02594190077593539 -0.01605536888881484 0.42672000000000004 -1.1183983042263885 -3.4230048786853255
33560 11241372 0.7808087003913607 -0.15912653440658045 0.44196 -1.1183983042263885 -3.4230048786853255
33560 11374945 -0.09016031019438364 -0.019599732647872653 0.42672000000000004 -1.1183983042263885 -3.4230048786853255
33561 11241372 0.7741005015672775 -0.1592712934558672 0.44196 -1.1183983042263885 -3.4230048786853255
33561 11374945 -0.10828309401428027 -0.02477506090873885 0.42672000000000004 -1.1183983042263885 -3.4230048786853255
33562 11241372 0.7673923027431944 -0.15941605250515398 0.44196 -1.1183983042263885 -3.4230048786853255
33562 11374945 -0.1709186115965553 -0.027551034957162573 0.42672000000000004 -1.1183983042263885 -3.4230048786853255
33563 11241372 0.758352992453959 -0.1589938526127964 0.43942000000000003 -1.1183983042263885 -3.4230048786853255
33563 11374945 -0.22140137405739457 -0.0325465234401566 0.42672000000000004 -1.1183983042263885 -3.4230048786853255
33564 11374945 -0.26832948484292785 -0.03753534669663869 0.42672000000000004 -1.1183983042263885 -3.4230048786853255
33564 11241372 0.7493136821647237 -0.1585716527204388 0.43688000000000005 -1.1183983042263885 -3.4230048786853255
33565 11374945 -0.291083424977969 -0.04084594786601933 0.45720000000000005 -1.1183983042263885 -3.4230048786853255
33565 11241372 0.7402743718754884 -0.1581494528280812 0.43434000000000006 -1.1183983042263885 -3.4230048786853255
33566 11241372 0.7354596394913667 -0.15657630590851793 0.43434000000000006 -1.1183983042263885 -3.4230048786853255
33566 11374945 -0.33506757146780597 -0.048782894007489 0.45720000000000005 -1.1183983042263885 -3.4230048786853255
33567 11374945 -0.379114452791683 -0.05039015609260092 0.45720000000000005 -1.1183983042263885 -3.4230048786853255
33567 11241372 0.7306449081823482 -0.15500315569494597 0.42672000000000004 -1.1183983042263885 -3.4230048786853255
33568 11241372 0.7258301779493228 -0.15343000218827887 0.42672000000000004 -1.1183983042263885 -3.4230048786853255
33568 11374945 -0.4195328026939269 -0.05855766634568607 0.45720000000000005 -1.1183983042263885 -3.4230048786853255
33569 11241372 0.7191001309239753 -0.1522824666918693 0.422148 -1.1183983042263885 -3.4230048786853255
33569 11374945 -0.4770610833387936 -0.06744053469618597 0.45720000000000005 -1.1183983042263885 -3.4230048786853255
33570 11241372 0.7123700838986278 -0.1511349311954597 0.417576 -1.1183983042263885 -3.4230048786853255
33570 11374945 -0.49613811522445506 -0.06873968870052213 0.45720000000000005 -1.1183983042263885 -3.4230048786853255
33571 11241372 0.7056400368732803 -0.1499873956990501 0.41300400000000004 -1.1183983042263885 -3.4230048786853255
33571 11374945 -0.5152151471101165 -0.0700388427048583 0.45720000000000005 -1.1183983042263885 -3.4230048786853255
33572 11374945 -0.5624371596530868 -0.08135577596581631 0.45720000000000005 -1.1183983042263885 -3.4230048786853255
33572 11241372 0.6989099898479327 -0.1488398602026405 0.408432 -1.1183983042263885 -3.4230048786853255
33573 11374945 -0.600215952512098 -0.08688038785150551 0.48768 -1.1183983042263885 -3.4230048786853255
33573 11241372 0.6921799428225852 -0.14769232470623092 0.40386 -1.1183983042263885 -3.4230048786853255
33574 11374945 -0.6399880868054975 -0.09035113620198673 0.48768 -1.1183983042263885 -3.4230048786853255
33574 11241372 0.6849578553774329 -0.14533255374994122 0.40386 -1.1183983042263885 -3.4230048786853255
33575 11241372 0.6793754426005145 -0.1447498046441786 0.4010025 -1.1183983042263885 -3.4230048786853255
33575 11374945 -0.6857699342720611 -0.09454405179476469 0.48768 -1.1183983042263885 -3.4230048786853255
33576 11241372 0.6737930298235962 -0.14416705553841597 0.39814499999999997 -1.1183983042263885 -3.4230048786853255
33576 11374945 -0.7330013126783252 -0.1031698268639529 0.48768 -1.1183983042263885 -3.4230048786853255
33577 11374945 -0.7691453154855203 -0.11320054711779451 0.48768 -1.1183983042263885 -3.4230048786853255
33577 11241372 0.668210617046678 -0.14358430643265335 0.3952875 -1.1183983042263885 -3.4230048786853255
33578 11374945 -0.8434356186761431 -0.12851768327830956 0.48768 -1.1183983042263885 -3.4230048786853255
33578 11241372 0.6626282042697595 -0.14300155732689074 0.39243 -1.1183983042263885 -3.4230048786853255
33579 11374945 -0.8638504675982377 -0.13118954756471954 0.48768 -1.1183983042263885 -3.4230048786853255
33579 11241372 0.6570457914928411 -0.1424188082211281 0.3895725 -1.1183983042263885 -3.4230048786853255
33580 11374945 -0.9214494367095496 -0.15114566825512513 0.48768 -1.1183983042263885 -3.4230048786853255
33580 11241372 0.6514633787159229 -0.14183605911536548 0.38671500000000003 -1.1183983042263885 -3.4230048786853255
33581 11374945 -0.9424532748368852 -0.1576555566155093 0.48768 -1.1183983042263885 -3.4230048786853255
33581 11241372 0.6458809659390046 -0.14125331000960284 0.3838575 -1.1183983042263885 -3.4230048786853255
33582 11241372 0.6402985531620862 -0.14067056090384022 0.381 -1.1183983042263885 -3.4230048786853255
33582 11374945 -0.9634571129642209 -0.1641654449758935 0.48768 -1.1183983042263885 -3.4230048786853255
33583 11374945 -1.0115350024511285 -0.19167396280850715 0.5181600000000001 -1.1183983042263885 -3.4230048786853255
33583 11241372 0.6358873493791581 -0.13990094885268783 0.379095 -1.1183983042263885 -3.4230048786853255
33584 11374945 -1.0561790790686367 -0.2141128170235246 0.5181600000000001 -1.1183983042263885 -3.4230048786853255
33584 11241372 0.63147614559623 -0.13913133680153542 0.37719 -1.1183983042263885 -3.4230048786853255
33585 11241372 0.6270649418133019 -0.138361724750383 0.375285 -1.1183983042263885 -3.4230048786853255
33585 11374945 -1.1090162548318678 -0.2520987650220503 0.5181600000000001 -1.1183983042263885 -3.4230048786853255
33586 11241372 0.6226537380303738 -0.1375921126992306 0.37338 -1.1183983042263885 -3.4230048786853255
33586 11374945 -1.144661320083251 -0.28232854917621913 0.5181600000000001 -1.1183983042263885 -3.4230048786853255
33587 11241372 0.6187150317568296 -0.13741498633028243 0.37338 -1.1183983042263885 -3.4230048786853255
33587 11374945 -1.180306385334634 -0.31255833333038796 0.5181600000000001 -1.1183983042263885 -3.4230048786853255
33588 11374945 -1.2090617060370425 -0.33937441635910437 0.5181600000000001 -1.1183983042263885 -3.4230048786853255
33588 11241372 0.6147763254832854 -0.13723785996133428 0.37338 -1.1183983042263885 -3.4230048786853255
33589 11241372 0.6114327716643121 -0.13614533597671305 0.37338 -1.1183983042263885 -3.4230048786853255
33589 11374945 -1.2413334361336699 -0.38373433338909846 0.5181600000000001 -1.1183983042263885 -3.4230048786853255
33590 11374945 -1.2700675351325164 -0.4227082173257489 0.5181600000000001 -1.1183983042263885 -3.4230048786853255
33590 11241372 0.6080892178453389 -0.13505281199209185 0.37338 -1.1183983042263885 -3.4230048786853255
33591 11241372 0.6047456640263655 -0.13396028800747062 0.37338 -1.1183983042263885 -3.4230048786853255
33591 11374945 -1.2825319906382755 -0.4431678189274301 0.5334000000000001 -1.1183983042263885 -3.4230048786853255
33592 11241372 0.6012616844816312 -0.1317120119349874 0.37338 -1.1183983042263885 -3.4230048786853255
33592 11374945 -1.2949964461440346 -0.4636274205291113 0.54864 -1.1183983042263885 -3.4230048786853255
33593 11374945 -1.3205381374222862 -0.5091365032662059 0.54864 -1.1183983042263885 -3.4230048786853255
33593 11241372 0.5977777049368969 -0.1294637358625042 0.37338 -1.1183983042263885 -3.4230048786853255
33594 11241372 0.5960946737759814 -0.12646041173927042 0.37338 -1.1183983042263885 -3.4230048786853255
33594 11374945 -1.3501873596619787 -0.5672058684871121 0.54864 -1.1183983042263885 -3.4230048786853255
33595 11374945 -1.3644079492872938 -0.6106920961891305 0.54864 -1.1183983042263885 -3.4230048786853255
33595 11241372 0.5944116426150657 -0.12345708761603663 0.37338 -1.1183983042263885 -3.4230048786853255
33596 11241372 0.5952049511956101 -0.12102927119877419 0.37338 -1.1183983042263885 -3.4230048786853255
33596 11374945 -1.3786630538203493 -0.6542838698787058 0.57912 -1.1183983042263885 -3.4230048786853255
33597 11241372 0.5911835544442496 -0.11702820917453713 0.36576 -1.1183983042263885 -3.4230048786853255
33597 11374945 -1.3912611106982948 -0.7254066894921264 0.57912 -1.1183983042263885 -3.4230048786853255
33598 11374945 -1.3960846034666723 -0.7483065350663662 0.57912 -1.1183983042263885 -3.4230048786853255
33598 11241372 0.589466037900165 -0.11413044112146614 0.36576 -1.1183983042263885 -3.4230048786853255
33599 11374945 -1.4009080962350497 -0.7712063806406062 0.57912 -1.1183983042263885 -3.4230048786853255
33599 11241372 0.590155873622721 -0.11201929709508221 0.36576 -1.1183983042263885 -3.4230048786853255
33600 11241372 0.5897110184398884 -0.1093037267198474 0.36576 -1.1183983042263885 -3.4230048786853255
33600 11374945 -1.4029107087760655 -0.8441582656415709 0.57912 -1.1183983042263885 -3.4230048786853255
33601 11241372 0.5892661632570558 -0.10658815634461258 0.36576 -1.1183983042263885 -3.4230048786853255
33601 11374945 -1.3975491291055275 -0.8940479736722887 0.57912 -1.1183983042263885 -3.4230048786853255
33602 11374945 -1.3937511357193586 -0.9367666782389991 0.57912 -1.1183983042263885 -3.4230048786853255
33602 11241372 0.5884454400671744 -0.10094590141302875 0.36576 -1.1183983042263885 -3.4230048786853255
33603 11374945 -1.3865614761177565 -0.9826974575542603 0.57912 -1.1183983042263885 -3.4230048786853255
33603 11241372 0.589135277246341 -0.09883475781791379 0.36576 -1.1183983042263885 -3.4230048786853255
33604 11241372 0.5882110843925852 -0.09350917491514844 0.36576 -1.1183983042263885 -3.4230048786853255
33604 11374945 -1.3720450364157128 -1.0306734902655073 0.6096 -1.1183983042263885 -3.4230048786853255
33605 11241372 0.5872868915388294 -0.0881835920123831 0.36576 -1.1183983042263885 -3.4230048786853255
33605 11374945 -1.3583317135539807 -1.0566553970094985 0.6096 -1.1183983042263885 -3.4230048786853255
33606 11241372 0.5855348965273275 -0.08539138086646075 0.36576 -1.1183983042263885 -3.4230048786853255
33606 11374945 -1.3288585833725832 -1.1268134724482828 0.6096 -1.1183983042263885 -3.4230048786853255
33607 11374945 -1.307013342392357 -1.164333608316286 0.6096 -1.1183983042263885 -3.4230048786853255
33607 11241372 0.5862592278578755 -0.08317468078149264 0.36576 -1.1183983042263885 -3.4230048786853255
33608 11241372 0.5869835591884236 -0.08095798069652452 0.36576 -1.1183983042263885 -3.4230048786853255
33608 11374945 -1.289075759416068 -1.1931568222784719 0.6248400000000001 -1.1183983042263885 -3.4230048786853255
33609 11241372 0.5877768744578372 -0.07853016630537904 0.36576 -1.1183983042263885 -3.4230048786853255
33609 11374945 -1.271138176439779 -1.2219800362406577 0.6400800000000001 -1.1183983042263885 -3.4230048786853255
33610 11374945 -1.2444012471509083 -1.254322794793546 0.6400800000000001 -1.1183983042263885 -3.4230048786853255
33610 11241372 0.5880413128825374 -0.07772089483830788 0.36322 -1.1183983042263885 -3.4230048786853255
33611 11374945 -1.1981162569037227 -1.3056749061129505 0.6400800000000001 -1.1183983042263885 -3.4230048786853255
33611 11241372 0.5883057513072376 -0.07691162337123672 0.36068000000000006 -1.1183983042263885 -3.4230048786853255
33612 11374945 -1.1638447507329326 -1.339429119725072 0.6400800000000001 -1.1183983042263885 -3.4230048786853255
33612 11241372 0.5885701897319378 -0.07610235190416556 0.35814000000000007 -1.1183983042263885 -3.4230048786853255
33613 11374945 -1.1244300299075112 -1.3683219232827126 0.6400800000000001 -1.1183983042263885 -3.4230048786853255
33614 11374945 -1.0825905326434746 -1.3925159938225533 0.6400800000000001 -1.1183983042263885 -3.4230048786853255
33615 11374945 -1.0473096431813627 -1.4150328692413872 0.6400800000000001 -1.1183983042263885 -3.4230048786853255
33616 11374945 -1.009569614415579 -1.4327454761407785 0.6400800000000001 -1.1183983042263885 -3.4230048786853255
33617 11374945 -0.9882744749796858 -1.4423360598697932 0.6400800000000001 -1.1183983042263885 -3.4230048786853255
33618 11374945 -0.9669793355437926 -1.4519266435988079 0.6400800000000001 -1.1183983042263885 -3.4230048786853255
33619 11374945 -0.9099420094182302 -1.4758303899672955 0.6400800000000001 -1.1183983042263885 -3.4230048786853255
33620 11374945 -0.875028634447095 -1.4872437884408802 0.67056 -1.1183983042263885 -3.4230048786853255
33621 11374945 -0.8344969442490784 -1.5004936086233756 0.67056 -1.1183983042263885 -3.4230048786853255
33622 11374945 -0.772696002500868 -1.520695855691051 0.67056 -1.1183983042263885 -3.4230048786853255
33623 11374945 -0.7318153886228753 -1.5288016587675377 0.67056 -1.1183983042263885 -3.4230048786853255
33624 11374945 -0.6928886855990573 -1.54152594636052 0.67056 -1.1183983042263885 -3.4230048786853255
33625 11374945 -0.6323439541549312 -1.5560588233790105 0.67056 -1.1183983042263885 -3.4230048786853255
33626 11374945 -0.5848698025946042 -1.565734781606065 0.67056 -1.1183983042263885 -3.4230048786853255
33627 11374945 -0.5657632071046892 -1.5670730177024628 0.67056 -1.1183983042263885 -3.4230048786853255
33628 11374945 -0.5232335985092491 -1.5782866875092592 0.67056 -1.1183983042263885 -3.4230048786853255
33629 11374945 -0.480703989913809 -1.5895003573160553 0.67056 -1.1183983042263885 -3.4230048786853255
33630 11374945 -0.45964716717872167 -1.5903074228158138 0.67056 -1.1183983042263885 -3.4230048786853255
33631 11374945 -0.3881978044056458 -1.6081685082555286 0.67056 -1.1183983042263885 -3.4230048786853255
33632 11374945 -0.3535781001120051 -1.6150436019520011 0.67056 -1.1183983042263885 -3.4230048786853255
33633 11374945 -0.3032094742371776 -1.6199389458906048 0.7010400000000001 -1.1183983042263885 -3.4230048786853255
33634 11374945 -0.255735144509762 -1.629612688040394 0.7010400000000001 -1.1183983042263885 -3.4230048786853255
33635 11374945 -0.21998046632439094 -1.6370916932587796 0.7010400000000001 -1.1183983042263885 -3.4230048786853255
33636 11374945 -0.16751785802065222 -1.6478108638573314 0.7010400000000001 -1.1183983042263885 -3.4230048786853255
33637 11374945 -0.11736886446651273 -1.654736033274916 0.7010400000000001 -1.1183983042263885 -3.4230048786853255
33638 11374945 -0.07754127955251588 -1.6606245691696955 0.7010400000000001 -1.1183983042263885 -3.4230048786853255
33639 11374945 -0.04082238602067245 -1.6671909433112297 0.7010400000000001 -1.1183983042263885 -3.4230048786853255
33640 11374945 -0.004103492488829019 -1.6737573174527642 0.7010400000000001 -1.1183983042263885 -3.4230048786853255
33641 11374945 0.03391517168727565 -1.6756661193937994 0.73152 -1.1183983042263885 -3.4230048786853255
33642 11374945 0.08469429311714805 -1.6833799087443189 0.73152 -1.1183983042263885 -3.4230048786853255
33643 11374945 0.15546213801337194 -1.6935356820772671 0.73152 -1.1183983042263885 -3.4230048786853255
33644 11374945 0.20259044079991106 -1.7058970687278063 0.73152 -1.1183983042263885 -3.4230048786853255
33645 11374945 0.24389788521947553 -1.7113327088532029 0.73152 -1.1183983042263885 -3.4230048786853255
33646 11374945 0.2908331469907658 -1.7212938789611998 0.73152 -1.1183983042263885 -3.4230048786853255
33647 11374945 0.3373671242684646 -1.7311236181727665 0.73152 -1.1183983042263885 -3.4230048786853255
33648 11374945 0.39044130977568275 -1.737248517445925 0.762 -1.1183983042263885 -3.4230048786853255
33649 11374945 0.4371333922965286 -1.7504003565564568 0.762 -1.1183983042263885 -3.4230048786853255
33650 11374945 0.47862457167522565 -1.7555441693509841 0.762 -1.1183983042263885 -3.4230048786853255
33651 11374945 0.5160968566021009 -1.7632006979840322 0.762 -1.1183983042263885 -3.4230048786853255
33652 11374945 0.5535691415289763 -1.7708572266170801 0.762 -1.1183983042263885 -3.4230048786853255
33653 11374945 0.590630620766284 -1.7756922223446405 0.77724 -1.1183983042263885 -3.4230048786853255
33654 11374945 0.6276921000035918 -1.780527218072201 0.7924800000000001 -1.1183983042263885 -3.4230048786853255
33655 11374945 0.6686422268965221 -1.7884137835104106 0.7924800000000001 -1.1183983042263885 -3.4230048786853255
33656 11374945 0.735439795917068 -1.801472412000164 0.7924800000000001 -1.1183983042263885 -3.4230048786853255
33657 11374945 0.7792490516860782 -1.8046847407819948 0.7924800000000001 -1.1183983042263885 -3.4230048786853255
33658 11374945 0.8253819180824881 -1.8143801664377814 0.7924800000000001 -1.1183983042263885 -3.4230048786853255
33659 11374945 0.869133470054462 -1.8180403979068933 0.7924800000000001 -1.1183983042263885 -3.4230048786853255
33660 11374945 0.9164024998481066 -1.8267044590127877 0.7924800000000001 -1.1183983042263885 -3.4230048786853255
33661 11374945 0.9588697721543892 -1.8299446615928123 0.82296 -1.1183983042263885 -3.4230048786853255
33662 11374945 0.9914396096441986 -1.8327555769909911 0.82296 -1.1183983042263885 -3.4230048786853255
33663 11374945 1.024009447134008 -1.8355664923891697 0.82296 -1.1183983042263885 -3.4230048786853255
33664 11374945 1.0695040727159402 -1.839327555541476 0.82296 -1.1183983042263885 -3.4230048786853255
33665 11374945 1.1168215842329274 -1.8440341668425344 0.82296 -1.1183983042263885 -3.4230048786853255
33666 11374945 1.159357652224229 -1.8470620424479771 0.8534400000000001 -1.1183983042263885 -3.4230048786853255
33667 11374945 1.1965730414069387 -1.8487024482451566 0.8534400000000001 -1.1183983042263885 -3.4230048786853255
33668 11374945 1.2419333405037913 -1.847161614945869 0.8534400000000001 -1.1183983042263885 -3.4230048786853255
33669 11374945 1.2852374410422536 -1.8505564306999052 0.8534400000000001 -1.1183983042263885 -3.4230048786853255
33670 11374945 1.3302652056449062 -1.8486728438421787 0.8534400000000001 -1.1183983042263885 -3.4230048786853255
33671 11374945 1.3708314798375811 -1.8468506965742144 0.8534400000000001 -1.1183983042263885 -3.4230048786853255
33672 11374945 1.443720702436034 -1.8385279203857527 0.8534400000000001 -1.1183983042263885 -3.4230048786853255
33673 11374945 1.4877730953251416 -1.836909043393453 0.88392 -1.1183983042263885 -3.4230048786853255
33674 11374945 1.5252220658662494 -1.8310308391932921 0.88392 -1.1183983042263885 -3.4230048786853255
33675 11374945 1.569481095560656 -1.828778075569121 0.88392 -1.1183983042263885 -3.4230048786853255
33676 11374945 1.6243197652874126 -1.8172463308216327 0.88392 -1.1183983042263885 -3.4230048786853255
33677 11374945 1.6624996062783457 -1.8159285028847987 0.88392 -1.1183983042263885 -3.4230048786853255
33678 11374945 1.7087919704865449 -1.8074465882895536 0.88392 -1.1183983042263885 -3.4230048786853255
33679 11374945 1.74961341157895 -1.7993976493464794 0.88392 -1.1183983042263885 -3.4230048786853255
33680 11374945 1.7722542280089595 -1.7961596450304569 0.88392 -1.1183983042263885 -3.4230048786853255
33681 11374945 1.794895044438969 -1.7929216407144342 0.88392 -1.1183983042263885 -3.4230048786853255
33682 11374945 1.839927290795861 -1.7812239439012025 0.88392 -1.1183983042263885 -3.4230048786853255
33683 11374945 1.9064767265859597 -1.765103116719861 0.9144000000000001 -1.1183983042263885 -3.4230048786853255
33684 11374945 1.9498234456654429 -1.7520368401518116 0.9144000000000001 -1.1183983042263885 -3.4230048786853255
33685 11374945 1.9911832440604573 -1.74369529732696 0.9144000000000001 -1.1183983042263885 -3.4230048786853255
33686 11374945 2.0229112824771684 -1.7322089872452147 0.9144000000000001 -1.1183983042263885 -3.4230048786853255
33687 11374945 2.0673113371487366 -1.7213551486416554 0.9144000000000001 -1.1183983042263885 -3.4230048786853255
33688 11374945 2.129206873290478 -1.6988070045452217 0.9144000000000001 -1.1183983042263885 -3.4230048786853255
33689 11374945 2.1649144899360464 -1.6862830864939857 0.9144000000000001 -1.1183983042263885 -3.4230048786853255
33690 11374945 2.181105609348774 -1.6795366728968832 0.9144000000000001 -1.1183983042263885 -3.4230048786853255
33691 11374945 2.197296728761502 -1.6727902592997808 0.9144000000000001 -1.1183983042263885 -3.4230048786853255
33692 11374945 2.242722153478497 -1.6519904446646418 0.9144000000000001 -1.1183983042263885 -3.4230048786853255
33693 11374945 2.282320837529481 -1.6324423629679987 0.9144000000000001 -1.1183983042263885 -3.4230048786853255
33694 11374945 2.3222866076768955 -1.6123130709616047 0.9144000000000001 -1.1183983042263885 -3.4230048786853255
33695 11374945 2.3835068273460136 -1.5839357434231278 0.9144000000000001 -1.1183983042263885 -3.4230048786853255
33696 11374945 2.417497807045147 -1.5627902494858146 0.9144000000000001 -1.1183983042263885 -3.4230048786853255
33697 11374945 2.4625795094752245 -1.538956908088069 0.9448799999999999 -1.1183983042263885 -3.4230048786853255
33698 11374945 2.5048648752903686 -1.5111733851238103 0.9448799999999999 -1.1183983042263885 -3.4230048786853255
33699 11374945 2.5388665808270505 -1.4902646791439105 0.9448799999999999 -1.1183983042263885 -3.4230048786853255
33700 11374945 2.58304582218913 -1.458309638158593 0.9448799999999999 -1.1183983042263885 -3.4230048786853255
33701 11374945 2.622714983566026 -1.432008063898914 0.9448799999999999 -1.1183983042263885 -3.4230048786853255
33702 11374945 2.6586221805547705 -1.406347485260849 0.9448799999999999 -1.1183983042263885 -3.4230048786853255
33703 11374945 2.676191605735051 -1.3933333438509938 0.9448799999999999 -1.1183983042263885 -3.4230048786853255
33704 11374945 2.693761030915332 -1.3803192024411386 0.9448799999999999 -1.1183983042263885 -3.4230048786853255
33705 11374945 2.736289444729349 -1.345254876691247 0.9448799999999999 -1.1183983042263885 -3.4230048786853255
33706 11374945 2.7785763311007465 -1.3109292911578203 0.9448799999999999 -1.1183983042263885 -3.4230048786853255
33707 11374945 2.808733751650517 -1.281113709905278 0.9448799999999999 -1.1183983042263885 -3.4230048786853255
33708 11374945 2.838891172200288 -1.2512981286527358 0.9448799999999999 -1.1183983042263885 -3.4230048786853255
33709 11374945 2.8646837447247417 -1.223971136782667 0.9448799999999999 -1.1183983042263885 -3.4230048786853255
33710 11374945 2.88912232171836 -1.1980712209232987 0.9448799999999999 -1.1183983042263885 -3.4230048786853255
33711 11374945 2.9194098760940337 -1.1705758203260044 0.9448799999999999 -1.1183983042263885 -3.4230048786853255
33712 11374945 2.9488745030976826 -1.137438309536405 0.97536 -1.1183983042263885 -3.4230048786853255
33713 11374945 2.9857426231061384 -1.089778970676777 0.97536 -1.1183983042263885 -3.4230048786853255
33714 11374945 3.0122924634473716 -1.0601289992553746 0.97536 -1.1183983042263885 -3.4230048786853255
33715 11374945 3.035240767763507 -1.0319902869159245 0.97536 -1.1183983042263885 -3.4230048786853255
33716 11374945 3.061113437201713 -1.0030537521237968 0.97536 -1.1183983042263885 -3.4230048786853255
33717 11374945 3.0746587413794404 -0.9860390810317758 0.97536 -1.1183983042263885 -3.4230048786853255
33718 11374945 3.088204045557168 -0.9690244099397548 0.97536 -1.1183983042263885 -3.4230048786853255
33719 11374945 3.1236160099293957 -0.9190205583698985 0.9906 -1.1183983042263885 -3.4230048786853255
33720 11374945 3.1409722977419046 -0.89372926444732 0.9982200000000001 -1.1183983042263885 -3.4230048786853255
33721 11374945 3.158328585554414 -0.8684379705247417 1.00584 -1.1183983042263885 -3.4230048786853255
33722 11374945 3.1842581713147675 -0.8390525968408916 1.00584 -1.1183983042263885 -3.4230048786853255
33723 11374945 3.209161478186414 -0.7981181299226202 1.00584 -1.1183983042263885 -3.4230048786853255
33724 11374945 3.240109180567832 -0.7538996317966097 1.00584 -1.1183983042263885 -3.4230048786853255
33725 11374945 3.263141644697611 -0.7159757883030549 1.00584 -1.1183983042263885 -3.4230048786853255
33726 11374945 3.2854504935141122 -0.6802688621701758 1.00584 -1.1183983042263885 -3.4230048786853255
33727 11374945 3.307655883221532 -0.6448785958212103 1.00584 -1.1183983042263885 -3.4230048786853255
33728 11374945 3.3244705365546183 -0.6124016033892584 1.00584 -1.1183983042263885 -3.4230048786853255
33729 11374945 3.3513268253333557 -0.5627592823740643 1.00584 -1.1183983042263885 -3.4230048786853255
33730 11374945 3.368451411168616 -0.529332094252797 1.00584 -1.1183983042263885 -3.4230048786853255
33731 11374945 3.386151538733027 -0.4914201834934585 1.00584 -1.1183983042263885 -3.4230048786853255
33732 11374945 3.4041150500303843 -0.4540614737942771 1.00584 -1.1183983042263885 -3.4230048786853255
33733 11374945 3.420631517462451 -0.42113669027100775 1.0363200000000001 -1.1183983042263885 -3.4230048786853255
33734 11374945 3.4352795394353457 -0.3871348940459377 1.0363200000000001 -1.1183983042263885 -3.4230048786853255
33735 11374945 3.443339633703132 -0.3657016708688682 1.0363200000000001 -1.1183983042263885 -3.4230048786853255
33736 11374945 3.4513997279709185 -0.34426844769179865 1.0363200000000001 -1.1183983042263885 -3.4230048786853255
33737 11374945 3.470844902536199 -0.30155257043145334 1.0363200000000001 -1.1183983042263885 -3.4230048786853255
33738 11374945 3.480422544784921 -0.2722040141060287 1.0363200000000001 -1.1183983042263885 -3.4230048786853255
33739 11374945 3.501686066404445 -0.21629754286097255 1.0363200000000001 -1.1183983042263885 -3.4230048786853255
33740 11374945 3.514295467052386 -0.17765878532409932 1.0363200000000001 -1.1183983042263885 -3.4230048786853255
33741 11374945 3.530074444856436 -0.12930754972116668 1.0363200000000001 -1.1183983042263885 -3.4230048786853255
33742 11374945 3.5395487224753426 -0.10027569241496773 1.0363200000000001 -1.1183983042263885 -3.4230048786853255
33743 11374945 3.556150245653818 -0.05756629907935687 1.0363200000000001 -1.1183983042263885 -3.4230048786853255
33744 11374945 3.572170373017352 -0.008476055420917589 1.0363200000000001 -1.1183983042263885 -3.4230048786853255
33745 11374945 3.580546510409567 0.02535308806263034 1.0363200000000001 -1.1183983042263885 -3.4230048786853255
33746 11374945 3.591082240675264 0.06688804263441614 1.0363200000000001 -1.1183983042263885 -3.4230048786853255
33747 11374945 3.6039672774394536 0.10637137672890282 1.0363200000000001 -1.1183983042263885 -3.4230048786853255
33748 11374945 3.6072554840929465 0.1235212079849943 1.0363200000000001 -1.1183983042263885 -3.4230048786853255
33749 11374945 3.6198047910251114 0.17829987009955003 1.0363200000000001 -1.1183983042263885 -3.4230048786853255
33750 11374945 3.6308294563003276 0.21208239709560947 1.0363200000000001 -1.1183983042263885 -3.4230048786853255
33751 11374945 3.6378965589553784 0.2418998368680894 1.0363200000000001 -1.1183983042263885 -3.4230048786853255
33752 11374945 3.6449636616104293 0.2717172766405693 1.0363200000000001 -1.1183983042263885 -3.4230048786853255
33753 11374945 3.6527565142940084 0.3078394395003057 1.0363200000000001 -1.1183983042263885 -3.4230048786853255
33754 11374945 3.6637834524621615 0.34570971004742435 1.0363200000000001 -1.1183983042263885 -3.4230048786853255
33755 11374945 3.67475820979994 0.3929421057649496 1.0363200000000001 -1.1183983042263885 -3.4230048786853255
33756 11374945 3.687677820302481 0.43253099355506075 1.0363200000000001 -1.1183983042263885 -3.4230048786853255
33757 11374945 3.695714225542547 0.47347986529076425 1.0363200000000001 -1.1183983042263885 -3.4230048786853255
33758 11374945 3.714904196464764 0.5322825554754117 1.0363200000000001 -1.1183983042263885 -3.4230048786853255
33759 11374945 3.722975151224947 0.5733369765531788 1.0363200000000001 -1.1183983042263885 -3.4230048786853255
33760 11374945 3.734506759931592 0.6113930117731006 1.0363200000000001 -1.1183983042263885 -3.4230048786853255
33761 11374945 3.751777399081516 0.6615937938666867 1.0668 -1.1183983042263885 -3.4230048786853255
33762 11374945 3.7660652167825504 0.7080954606890537 1.0668 -1.1183983042263885 -3.4230048786853255
33763 11374945 3.773954831717293 0.7322710753467866 1.0668 -1.1183983042263885 -3.4230048786853255
33764 11374945 3.786564435221779 0.7709098326648873 1.0668 -1.1183983042263885 -3.4230048786853255
33765 11374945 3.7982974944042285 0.8204647077423695 1.0668 -1.1183983042263885 -3.4230048786853255
33766 11374945 3.8079625969680015 0.852121058855009 1.0668 -1.1183983042263885 -3.4230048786853255
33767 11374945 3.8176276995317746 0.8837774099676485 1.0668 -1.1183983042263885 -3.4230048786853255
33768 11374945 3.834765238406605 0.9417313694526739 1.0668 -1.1183983042263885 -3.4230048786853255
33769 11374945 3.851415741165062 0.9900319123233764 1.0668 -1.1183983042263885 -3.4230048786853255
33770 11374945 3.8680662439235194 1.038332455194079 1.0668 -1.1183983042263885 -3.4230048786853255
33771 11374945 3.8741969415636266 1.0737121672673342 1.0668 -1.1183983042263885 -3.4230048786853255
33772 11374945 3.8821210481854367 1.0979933555231816 1.0668 -1.1183983042263885 -3.4230048786853255
33773 11374945 3.903377372988098 1.1614952033783073 1.0668 -1.1183983042263885 -3.4230048786853255
33774 11374945 3.9209826697855847 1.2154416798744425 1.0668 -1.1183983042263885 -3.4230048786853255
33775 11374945 3.941034382860372 1.257842898745546 1.0668 -1.1183983042263885 -3.4230048786853255
33776 11374945 3.9490618283389365 1.282440812724995 1.0668 -1.1183983042263885 -3.4230048786853255
33777 11374945 3.9627074515680825 1.3283344128604584 1.0668 -1.1183983042263885 -3.4230048786853255
33778 11374945 3.979517890296262 1.375765096360057 1.09728 -1.1183983042263885 -3.4230048786853255
33779 11374945 3.9962767194919637 1.4135170700969912 1.09728 -1.1183983042263885 -3.4230048786853255
33780 11374945 4.005751158247589 1.4425489566015564 1.09728 -1.1183983042263885 -3.4230048786853255
33781 11374945 4.015225597003214 1.4715808431061215 1.09728 -1.1183983042263885 -3.4230048786853255
33782 11374945 4.04047936688907 1.5299233273065915 1.09728 -1.1183983042263885 -3.4230048786853255
33783 11374945 4.0549493858536065 1.5742629555465353 1.09728 -1.1183983042263885 -3.4230048786853255
33784 11374945 4.067765689173041 1.6135352004281545 1.09728 -1.1183983042263885 -3.4230048786853255
33785 11374945 4.086384762065294 1.6569880689695882 1.09728 -1.1183983042263885 -3.4230048786853255
33786 11374945 4.1116629206045685 1.7181261570673096 1.12776 -1.1183983042263885 -3.4230048786853255
33787 11374945 4.119586950321566 1.7424073993051887 1.12776 -1.1183983042263885 -3.4230048786853255
33788 11374945 4.1337123953207575 1.7856913552876215 1.12776 -1.1183983042263885 -3.4230048786853255
33789 11374945 4.149936944232472 1.8313274476004653 1.12776 -1.1183983042263885 -3.4230048786853255
33790 11374945 4.170118499787142 1.8809288283871444 1.12776 -1.1183983042263885 -3.4230048786853255
33791 11374945 4.18434727488571 1.92452951614346 1.12776 -1.1183983042263885 -3.4230048786853255
33792 11374945 4.193140120639404 1.9637130473700066 1.12776 -1.1183983042263885 -3.4230048786853255
33793 11374945 4.206059732485693 2.00330204817194 1.15824 -1.1183983042263885 -3.4230048786853255
33794 11374945 4.218947417182234 2.0468731459859724 1.15824 -1.1183983042263885 -3.4230048786853255
33795 11374945 4.234999665828344 2.091981419421906 1.15824 -1.1183983042263885 -3.4230048786853255
33796 11374945 4.244083112352058 2.1374948986485722 1.15824 -1.1183983042263885 -3.4230048786853255
33797 11374945 4.25856332692216 2.1981852135885442 1.15824 -1.1183983042263885 -3.4230048786853255
33798 11374945 4.265483384009975 2.220749873047809 1.15824 -1.1183983042263885 -3.4230048786853255
33799 11374945 4.272403441097789 2.243314532507074 1.15824 -1.1183983042263885 -3.4230048786853255
33800 11374945 4.280967708390804 2.283156759719089 1.15824 -1.1183983042263885 -3.4230048786853255
33801 11374945 4.287595494935091 2.323864584411759 1.15824 -1.1183983042263885 -3.4230048786853255
33802 11374945 4.294666672494172 2.376810020850709 1.15824 -1.1183983042263885 -3.4230048786853255
33803 11374945 4.3043141227560335 2.4254102829045823 1.15824 -1.1183983042263885 -3.4230048786853255
33804 11374945 4.310433215708018 2.476797434401373 1.15824 -1.1183983042263885 -3.4230048786853255
33805 11374945 4.313451662638045 2.5186832156196943 1.15824 -1.1183983042263885 -3.4230048786853255
33806 11374945 4.319250159561243 2.5701750315677883 1.18872 -1.1183983042263885 -3.4230048786853255
33807 11374945 4.326828538580589 2.626576273777447 1.18872 -1.1183983042263885 -3.4230048786853255
33808 11374945 4.3278393453200374 2.665028807567416 1.18872 -1.1183983042263885 -3.4230048786853255
33809 11374945 4.334061395801455 2.7150974917638226 1.18872 -1.1183983042263885 -3.4230048786853255
33810 11374945 4.337045988694838 2.756877596606475 1.18872 -1.1183983042263885 -3.4230048786853255
33811 11374945 4.339778753124013 2.7989735352498806 1.18872 -1.1183983042263885 -3.4230048786853255
33812 11374945 4.3491870175960665 2.848469669325159 1.18872 -1.1183983042263885 -3.4230048786853255
33813 11374945 4.348002347597341 2.8679555223647286 1.18872 -1.1183983042263885 -3.4230048786853255
33814 11374945 4.346817677598616 2.887441375404298 1.18872 -1.1183983042263885 -3.4230048786853255
33815 11374945 4.353762942385857 2.9637911033590045 1.18872 -1.1183983042263885 -3.4230048786853255
33816 11374945 4.356066220294538 3.0012378895189964 1.18872 -1.1183983042263885 -3.4230048786853255
33817 11374945 4.35836949820322 3.0386846756789883 1.18872 -1.1183983042263885 -3.4230048786853255
33818 11374945 4.359483632918208 3.075818696718725 1.18872 -1.1183983042263885 -3.4230048786853255
33819 11374945 4.358018859602583 3.0958048853506535 1.18872 -1.1183983042263885 -3.4230048786853255
33820 11374945 4.358789149548825 3.182464014528008 1.18872 -1.1183983042263885 -3.4230048786853255
33821 11374945 4.361248600249656 3.2253502421535556 1.18872 0.08556141830814712 -2.5707765526581845
33822 11374945 4.359158994247602 3.2692539496081996 1.2192 0.08556141830814712 -2.5707765526581845
33823 11374945 4.361618716996418 3.3121401354925144 1.2192 0.08556141830814712 -2.5707765526581845
33824 11374945 4.358473739268813 3.3541688678003116 1.2192 0.08556141830814712 -2.5707765526581845
33825 11374945 4.361024650692146 3.395973997457857 1.2192 0.08556141830814712 -2.5707765526581845
33826 11374945 4.359233340986313 3.439430026008526 1.2192 0.08556141830814712 -2.5707765526581845
33827 11374945 4.357880608136597 3.4869483131676433 1.2192 0.08556141830814712 -2.5707765526581845
33828 11374945 4.357898242318455 3.5114738951303757 1.2344400000000002 0.08556141830814712 -2.5707765526581845
33829 11374945 4.3579158765003125 3.535999477093108 1.2496800000000001 0.08556141830814712 -2.5707765526581845
33830 11374945 4.355060459559107 3.5968580766222678 1.2496800000000001 0.08556141830814712 -2.5707765526581845
33831 11374945 4.353155858700038 3.641052139512174 1.2496800000000001 0.08556141830814712 -2.5707765526581845
33832 11374945 4.353893895781731 3.6786596861487824 1.2496800000000001 0.08556141830814712 -2.5707765526581845
33833 11374945 4.352645574345303 3.679363100093392 1.2494900396600568 0.08556141830814712 -2.5707765526581845
33834 11374945 4.351397252908876 3.6800665140380024 1.2493000793201134 0.08556141830814712 -2.5707765526581845
33835 11374945 4.3501489314724475 3.6807699279826123 1.24911011898017 0.08556141830814712 -2.5707765526581845
33836 11374945 4.34890061003602 3.6814733419272225 1.2489201586402268 0.08556141830814712 -2.5707765526581845
33837 11374945 4.347652288599592 3.6821767558718324 1.2487301983002834 0.08556141830814712 -2.5707765526581845
33838 11374945 4.346403967163165 3.6828801698164426 1.24854023796034 0.08556141830814712 -2.5707765526581845
33839 11374945 4.345155645726737 3.6835835837610524 1.2483502776203967 0.08556141830814712 -2.5707765526581845
33840 11374945 4.34390732429031 3.6842869977056627 1.2481603172804534 0.08556141830814712 -2.5707765526581845
33841 11374945 4.342659002853882 3.6849904116502725 1.24797035694051 0.08556141830814712 -2.5707765526581845
33842 11374945 4.341410681417455 3.6856938255948823 1.2477803966005667 0.08556141830814712 -2.5707765526581845
33843 11374945 4.340162359981027 3.6863972395394926 1.2475904362606234 0.08556141830814712 -2.5707765526581845
33844 11374945 4.3389140385445994 3.6871006534841024 1.24740047592068 0.08556141830814712 -2.5707765526581845
33845 11374945 4.337665717108171 3.6878040674287127 1.2472105155807367 0.08556141830814712 -2.5707765526581845
33846 11374945 4.336417395671744 3.6885074813733225 1.2470205552407934 0.08556141830814712 -2.5707765526581845
33847 11374945 4.335169074235316 3.689210895317933 1.24683059490085 0.08556141830814712 -2.5707765526581845
33848 11374945 4.333920752798889 3.6899143092625426 1.2466406345609067 0.08556141830814712 -2.5707765526581845
33849 11374945 4.332672431362461 3.690617723207153 1.2464506742209633 0.08556141830814712 -2.5707765526581845
33850 11374945 4.331424109926034 3.6913211371517627 1.24626071388102 0.08556141830814712 -2.5707765526581845
33851 11374945 4.330175788489606 3.6920245510963725 1.2460707535410767 0.08556141830814712 -2.5707765526581845
33852 11374945 4.3289274670531785 3.6927279650409828 1.2458807932011333 0.08556141830814712 -2.5707765526581845
33853 11374945 4.3276791456167505 3.6934313789855926 1.24569083286119 0.08556141830814712 -2.5707765526581845
33854 11374945 4.326430824180323 3.694134792930203 1.2455008725212466 0.08556141830814712 -2.5707765526581845
33855 11374945 4.325182502743895 3.6948382068748127 1.2453109121813033 0.08556141830814712 -2.5707765526581845
33856 11374945 4.323934181307468 3.695541620819423 1.24512095184136 0.08556141830814712 -2.5707765526581845
33857 11374945 4.32268585987104 3.6962450347640328 1.2449309915014166 0.08556141830814712 -2.5707765526581845
33858 11374945 4.321437538434613 3.696948448708643 1.2447410311614733 0.08556141830814712 -2.5707765526581845
33859 11374945 4.320189216998185 3.697651862653253 1.24455107082153 0.08556141830814712 -2.5707765526581845
33860 11374945 4.318940895561758 3.6983552765978627 1.2443611104815866 0.08556141830814712 -2.5707765526581845
33861 11374945 4.31769257412533 3.699058690542473 1.2441711501416433 0.08556141830814712 -2.5707765526581845
33862 11374945 4.316444252688902 3.6997621044870828 1.2439811898017 0.08556141830814712 -2.5707765526581845
33863 11374945 4.315195931252474 3.700465518431693 1.2437912294617566 0.08556141830814712 -2.5707765526581845
33864 11374945 4.313947609816047 3.701168932376303 1.2436012691218132 0.08556141830814712 -2.5707765526581845
33865 11374945 4.312699288379619 3.701872346320913 1.24341130878187 0.08556141830814712 -2.5707765526581845
33866 11374945 4.311450966943192 3.702575760265523 1.2432213484419266 0.08556141830814712 -2.5707765526581845
33867 11374945 4.310202645506764 3.703279174210133 1.2430313881019832 0.08556141830814712 -2.5707765526581845
33868 11374945 4.308954324070337 3.703982588154743 1.2428414277620399 0.08556141830814712 -2.5707765526581845
33869 11374945 4.307706002633909 3.704686002099353 1.2426514674220965 0.08556141830814712 -2.5707765526581845
33870 11374945 4.3064576811974815 3.705389416043963 1.2424615070821532 0.08556141830814712 -2.5707765526581845
33871 11374945 4.3052093597610535 3.706092829988573 1.2422715467422099 0.08556141830814712 -2.5707765526581845
33872 11374945 4.303961038324626 3.706796243933183 1.2420815864022665 0.08556141830814712 -2.5707765526581845
33873 11374945 4.302712716888198 3.707499657877793 1.2418916260623232 0.08556141830814712 -2.5707765526581845
33874 11374945 4.301464395451771 3.7082030718224033 1.2417016657223798 0.08556141830814712 -2.5707765526581845
33875 11374945 4.300216074015343 3.708906485767013 1.2415117053824365 0.08556141830814712 -2.5707765526581845
33876 11374945 4.298967752578916 3.7096098997116234 1.2413217450424932 0.08556141830814712 -2.5707765526581845
33877 11374945 4.297719431142488 3.710313313656233 1.2411317847025496 0.08556141830814712 -2.5707765526581845
33878 11374945 4.296471109706061 3.7110167276008434 1.2409418243626062 0.08556141830814712 -2.5707765526581845
33879 11374945 4.2952227882696326 3.7117201415454533 1.240751864022663 0.08556141830814712 -2.5707765526581845
33880 11374945 4.293974466833205 3.712423555490063 1.2405619036827196 0.08556141830814712 -2.5707765526581845
33881 11374945 4.292726145396777 3.7131269694346734 1.2403719433427762 0.08556141830814712 -2.5707765526581845
33882 11374945 4.29147782396035 3.713830383379283 1.2401819830028329 0.08556141830814712 -2.5707765526581845
33883 11374945 4.290229502523922 3.7145337973238934 1.2399920226628895 0.08556141830814712 -2.5707765526581845
33884 11374945 4.288981181087495 3.7152372112685033 1.2398020623229462 0.08556141830814712 -2.5707765526581845
33885 11374945 4.287732859651067 3.7159406252131135 1.2396121019830029 0.08556141830814712 -2.5707765526581845
33886 11374945 4.28648453821464 3.7166440391577233 1.2394221416430595 0.08556141830814712 -2.5707765526581845
33887 11374945 4.285236216778212 3.7173474531023336 1.2392321813031162 0.08556141830814712 -2.5707765526581845
33888 11374945 4.2839878953417845 3.7180508670469434 1.2390422209631728 0.08556141830814712 -2.5707765526581845
33889 11374945 4.282739573905356 3.7187542809915533 1.2388522606232295 0.08556141830814712 -2.5707765526581845
33890 11374945 4.281491252468929 3.7194576949361635 1.2386623002832862 0.08556141830814712 -2.5707765526581845
33891 11374945 4.280242931032501 3.7201611088807733 1.2384723399433428 0.08556141830814712 -2.5707765526581845
33892 11374945 4.278994609596074 3.7208645228253836 1.2382823796033995 0.08556141830814712 -2.5707765526581845
