41539 11374945 -3.9694324495899513 -0.7740530446957451 0.8534400000000001 -2.180321846082737 -4.084449320177002
41540 11374945 -3.9094511131558254 -0.7691508445298997 0.8534400000000001 -2.180321846082737 -4.084449320177002
41541 11374945 -3.8494697767216994 -0.7642486443640543 0.8534400000000001 -2.180321846082737 -4.084449320177002
41542 11374945 -3.7781263695471567 -0.7623640778008739 0.8534400000000001 -2.180321846082737 -4.084449320177002
41543 11374945 -3.7245322673304226 -0.7560709675909693 0.8534400000000001 -2.180321846082737 -4.084449320177002
41544 11374945 -3.6956306911754577 -0.7573522909813407 0.8534400000000001 -2.180321846082737 -4.084449320177002
41545 11374945 -3.6018043741401824 -0.7530104526137592 0.8534400000000001 -2.180321846082737 -4.084449320177002
41546 11374945 -3.566873407885746 -0.7480855880108573 0.8534400000000001 -2.180321846082737 -4.084449320177002
41547 11374945 -3.433663371907386 -0.7360677884385364 0.8534400000000001 -2.180321846082737 -4.084449320177002
41548 11374945 -3.3719841172824383 -0.729497528029044 0.8534400000000001 -2.180321846082737 -4.084449320177002
41549 11374945 -3.3408124307992035 -0.726554538998877 0.8534400000000001 -2.180321846082737 -4.084449320177002
41550 11374945 -3.3096407443159688 -0.72361154996871 0.8534400000000001 -2.180321846082737 -4.084449320177002
41551 11374945 -3.23657014066072 -0.7148093748716075 0.8534400000000001 -2.180321846082737 -4.084449320177002
41552 11374945 -3.171647023742401 -0.7091824203183265 0.8534400000000001 -2.180321846082737 -4.084449320177002
41553 11374945 -3.1138086490707826 -0.7007690418536622 0.82296 -2.180321846082737 -4.084449320177002
41554 11374945 -3.050283815825601 -0.6939824760855476 0.82296 -2.180321846082737 -4.084449320177002
41555 11374945 -3.0171450283158663 -0.6904552013486255 0.82296 -2.180321846082737 -4.084449320177002
41556 11374945 -2.929197868733474 -0.6796248111433209 0.7924800000000001 -2.180321846082737 -4.084449320177002
41557 11374945 -2.870419780594778 -0.6710499072034058 0.7924800000000001 -2.180321846082737 -4.084449320177002
41558 11374945 -2.769383309602846 -0.6663704577127689 0.7924800000000001 -2.180321846082737 -4.084449320177002
41559 11374945 -2.71117974292338 -0.6581906635430205 0.7924800000000001 -2.180321846082737 -4.084449320177002
41560 11374945 -2.648126806336311 -0.6514803173174968 0.7924800000000001 -2.180321846082737 -4.084449320177002
41561 11374945 -2.584638326769917 -0.6447951560675312 0.7924800000000001 -2.180321846082737 -4.084449320177002
41562 11374945 -2.5519065941491936 -0.6452223219078954 0.7924800000000001 -2.180321846082737 -4.084449320177002
41563 11374945 -2.471547813515656 -0.6385643309223991 0.762 -2.180321846082737 -4.084449320177002
41564 11374945 -2.4124178307371382 -0.6316202936435792 0.762 -2.180321846082737 -4.084449320177002
41565 11374945 -2.3816309711255013 -0.6276714974351054 0.762 -2.180321846082737 -4.084449320177002
41566 11374945 -2.3508441115138643 -0.6237227012266318 0.762 -2.180321846082737 -4.084449320177002
41567 11374945 -2.256197868019928 -0.6184652371554302 0.73152 -2.180321846082737 -4.084449320177002
41568 11374945 -2.2090811407143187 -0.615651730086864 0.73152 -2.180321846082737 -4.084449320177002
41569 11374945 -2.139320748307898 -0.608794934684853 0.73152 -2.180321846082737 -4.084449320177002
41570 11374945 -2.0791654721856903 -0.6068575201467278 0.73152 -2.180321846082737 -4.084449320177002
41571 11374945 -2.0190794094822726 -0.605130689179939 0.73152 -2.180321846082737 -4.084449320177002
41572 11374945 -1.9395346659924593 -0.6063799440564549 0.7010400000000001 -2.180321846082737 -4.084449320177002
41573 11374945 -1.8837013259636233 -0.602443162697796 0.7010400000000001 -2.180321846082737 -4.084449320177002
41574 11374945 -1.8262681767247253 -0.603527310531818 0.7010400000000001 -2.180321846082737 -4.084449320177002
41575 11374945 -1.7688350274858273 -0.6046114583658398 0.7010400000000001 -2.180321846082737 -4.084449320177002
41576 11374945 -1.7252769034277242 -0.6038441398862564 0.6858000000000001 -2.180321846082737 -4.084449320177002
41577 11374945 -1.681718779369621 -0.6030768214066728 0.67056 -2.180321846082737 -4.084449320177002
41578 11374945 -1.5907888786624464 -0.6061766998106739 0.67056 -2.180321846082737 -4.084449320177002
41579 11374945 -1.524547157991116 -0.6059919162780413 0.67056 -2.180321846082737 -4.084449320177002
41580 11374945 -1.4605880109592737 -0.6059948001100078 0.67056 -2.180321846082737 -4.084449320177002
41581 11374945 -1.4021257609444857 -0.609223538069633 0.67056 -2.180321846082737 -4.084449320177002
41582 11374945 -1.335837044454334 -0.6075336402291083 0.67056 -2.180321846082737 -4.084449320177002
41583 11374945 -1.2861680741514474 -0.6077691648930723 0.6400800000000001 -2.180321846082737 -4.084449320177002
41584 11374945 -1.2330217326911412 -0.605519550301344 0.6400800000000001 -2.180321846082737 -4.084449320177002
41585 11374945 -1.169719049006005 -0.6075252574408866 0.6400800000000001 -2.180321846082737 -4.084449320177002
41586 11374945 -1.1288087851873123 -0.6100948532209687 0.6400800000000001 -2.180321846082737 -4.084449320177002
41587 11374945 -1.0878985213686196 -0.6126644490010509 0.6400800000000001 -2.180321846082737 -4.084449320177002
41588 11374945 -1.0126450041130988 -0.6134357190601557 0.6400800000000001 -2.180321846082737 -4.084449320177002
41589 11374945 -0.9835394214844013 -0.614072700834961 0.6400800000000001 -2.180321846082737 -4.084449320177002
41590 11374945 -0.8920201772504446 -0.6221471692887814 0.6400800000000001 -2.180321846082737 -4.084449320177002
41591 11374945 -0.8318848245509325 -0.6256848535939448 0.6400800000000001 -2.180321846082737 -4.084449320177002
41592 11374945 -0.7686414406914499 -0.62895299197867 0.6400800000000001 -2.180321846082737 -4.084449320177002
41593 11374945 -0.7101000511563347 -0.6322022560025481 0.6400800000000001 -2.180321846082737 -4.084449320177002
41594 11374945 -0.656924323699672 -0.6339306317960659 0.6400800000000001 -2.180321846082737 -4.084449320177002
41595 11374945 -0.5926387517375284 -0.6383558247052316 0.6400800000000001 -2.180321846082737 -4.084449320177002
41596 11374945 -0.526101567785501 -0.638609548096951 0.6400800000000001 -2.180321846082737 -4.084449320177002
41597 11374945 -0.48517470387589445 -0.6411226490360522 0.6248400000000001 -2.180321846082737 -4.084449320177002
41598 11374945 -0.4442478399662879 -0.6436357499751535 0.6096 -2.180321846082737 -4.084449320177002
41599 11374945 -0.37919459196770866 -0.6484268841045725 0.6096 -2.180321846082737 -4.084449320177002
41600 11374945 -0.3209335860771996 -0.6566052110639065 0.6096 -2.180321846082737 -4.084449320177002
41601 11374945 -0.23116607239603693 -0.6602435335223694 0.6096 -2.180321846082737 -4.084449320177002
41602 11374945 -0.1745432051957383 -0.6663664643306734 0.6096 -2.180321846082737 -4.084449320177002
41603 11374945 -0.09941016806228964 -0.6712952121586806 0.6096 -2.180321846082737 -4.084449320177002
41604 11374945 -0.044139700517562774 -0.676390979864868 0.6096 -2.180321846082737 -4.084449320177002
41605 11374945 0.006476856946701637 -0.679147555270599 0.6096 -2.180321846082737 -4.084449320177002
41606 11374945 0.06438494363945771 -0.6840528096134917 0.6096 -2.180321846082737 -4.084449320177002
41607 11374945 0.12229303033221378 -0.6889580639563844 0.6096 -2.180321846082737 -4.084449320177002
41608 11374945 0.17427101303519202 -0.6918953807453317 0.6096 -2.180321846082737 -4.084449320177002
41609 11374945 0.22624899573817026 -0.6948326975342791 0.6096 -2.180321846082737 -4.084449320177002
41610 11374945 0.291499312041218 -0.6994192115820628 0.59436 -2.180321846082737 -4.084449320177002
41611 11374945 0.3567496283442657 -0.7040057256298464 0.57912 -2.180321846082737 -4.084449320177002
41612 11374945 0.41203364349796784 -0.7060649914705649 0.6096 -2.180321846082737 -4.084449320177002
41613 11374945 0.48859693796854153 -0.7136748766371964 0.6096 -2.180321846082737 -4.084449320177002
41614 11374945 0.5470908486698784 -0.716781965417643 0.6096 -2.180321846082737 -4.084449320177002
41615 11374945 0.6155359170839108 -0.7231399212854921 0.6096 -2.180321846082737 -4.084449320177002
41616 11374945 0.6440469363071716 -0.727081114410807 0.6096 -2.180321846082737 -4.084449320177002
41617 11374945 0.6725579555304324 -0.731022307536122 0.6096 -2.180321846082737 -4.084449320177002
41618 11374945 0.7314873947701183 -0.7341534128105424 0.6096 -2.180321846082737 -4.084449320177002
41619 11374945 0.8165489894689848 -0.7402137994547704 0.6096 -2.180321846082737 -4.084449320177002
41620 11374945 0.8745377622952688 -0.7435037678939618 0.6096 -2.180321846082737 -4.084449320177002
41621 11374945 0.9397804794397465 -0.7531350566829326 0.6096 -2.180321846082737 -4.084449320177002
41622 11374945 0.9939634016872224 -0.7544798470433373 0.6096 -2.180321846082737 -4.084449320177002
41623 11374945 1.0476258809102152 -0.7614954613133306 0.6096 -2.180321846082737 -4.084449320177002
41624 11374945 1.1009936065816546 -0.7639750756554853 0.6096 -2.180321846082737 -4.084449320177002
41625 11374945 1.1608253957855812 -0.7711359106646168 0.57912 -2.180321846082737 -4.084449320177002
41626 11374945 1.2148075860812764 -0.7798902463070533 0.57912 -2.180321846082737 -4.084449320177002
41627 11374945 1.293398272139073 -0.7894389950086967 0.57912 -2.180321846082737 -4.084449320177002
41628 11374945 1.317851581491864 -0.7907087194563197 0.57912 -2.180321846082737 -4.084449320177002
41629 11374945 1.3423048908446549 -0.7919784439039427 0.57912 -2.180321846082737 -4.084449320177002
41630 11374945 1.4272812123204095 -0.803728239918362 0.57912 -2.180321846082737 -4.084449320177002
41631 11374945 1.4842417100595846 -0.8169579321854025 0.57912 -2.180321846082737 -4.084449320177002
41632 11374945 1.5311265622086823 -0.8243264399225044 0.57912 -2.180321846082737 -4.084449320177002
41633 11374945 1.5894192453371396 -0.8348361495434055 0.57912 -2.180321846082737 -4.084449320177002
41634 11374945 1.6453760959987809 -0.8402601569302133 0.57912 -2.180321846082737 -4.084449320177002
41635 11374945 1.688841187086624 -0.85130047400271 0.57912 -2.180321846082737 -4.084449320177002
41636 11374945 1.7363093481870095 -0.8609608774579435 0.57912 -2.180321846082737 -4.084449320177002
41637 11374945 1.7921820995755886 -0.8720804768032505 0.57912 -2.180321846082737 -4.084449320177002
41638 11374945 1.8378728879640596 -0.8817438719351989 0.57912 -2.180321846082737 -4.084449320177002
41639 11374945 1.88063902761606 -0.8922042485372691 0.57912 -2.180321846082737 -4.084449320177002
41640 11374945 1.9176053576031356 -0.8986676627224363 0.57912 -2.180321846082737 -4.084449320177002
41641 11374945 1.954571687590211 -0.9051310769076034 0.57912 -2.180321846082737 -4.084449320177002
41642 11374945 2.0211631416509483 -0.9215010523876009 0.57912 -2.180321846082737 -4.084449320177002
41643 11374945 2.059296290924464 -0.9325502823252273 0.57912 -2.180321846082737 -4.084449320177002
41644 11374945 2.107818320508418 -0.9444213017994393 0.57912 -2.180321846082737 -4.084449320177002
41645 11374945 2.1695947525289263 -0.9592176623847172 0.57912 -2.180321846082737 -4.084449320177002
41646 11374945 2.211410964806201 -0.9671462331807509 0.57912 -2.180321846082737 -4.084449320177002
41647 11374945 2.2501745470400323 -0.9789842804926608 0.57912 -2.180321846082737 -4.084449320177002
41648 11374945 2.281561382430918 -0.986895043489043 0.57912 -2.180321846082737 -4.084449320177002
41649 11374945 2.312948217821804 -0.9948058064854252 0.57912 -2.180321846082737 -4.084449320177002
41650 11374945 2.3548418947359258 -1.0076651221689008 0.57912 -2.180321846082737 -4.084449320177002
41651 11374945 2.3879868533620083 -1.0193034923652655 0.57912 -2.180321846082737 -4.084449320177002
41652 11374945 2.4428018085295857 -1.0363805220550426 0.57912 -2.180321846082737 -4.084449320177002
41653 11374945 2.49360317204375 -1.053782302741805 0.57912 -2.180321846082737 -4.084449320177002
41654 11374945 2.5332495528443317 -1.0667245474965121 0.57912 -2.180321846082737 -4.084449320177002
41655 11374945 2.5896699823910927 -1.0843244065668942 0.57912 -2.180321846082737 -4.084449320177002
41656 11374945 2.6305462006306453 -1.0924107781965515 0.57912 -2.180321846082737 -4.084449320177002
41657 11374945 2.6746871547734337 -1.106819287370413 0.57912 -2.180321846082737 -4.084449320177002
41658 11374945 2.7105613379843922 -1.1193468377113736 0.57912 -2.180321846082737 -4.084449320177002
41659 11374945 2.747103815346372 -1.1260179135954531 0.57912 -2.180321846082737 -4.084449320177002
41660 11374945 2.782964337860699 -1.1320572425744488 0.57912 -2.180321846082737 -4.084449320177002
41661 11374945 2.818824860375027 -1.1380965715534446 0.57912 -2.180321846082737 -4.084449320177002
41662 11374945 2.860231525610316 -1.1407474859202786 0.57912 -2.180321846082737 -4.084449320177002
41663 11374945 2.9016381908456053 -1.1433984002871127 0.57912 -2.180321846082737 -4.084449320177002
41664 11374945 2.9436678548647066 -1.1384256078199173 0.57912 -2.180321846082737 -4.084449320177002
41665 11374945 2.985697518883808 -1.133452815352722 0.57912 -2.180321846082737 -4.084449320177002
41666 11374945 3.0249281494182325 -1.130252923157533 0.54864 -2.180321846082737 -4.084449320177002
41667 11374945 3.067362893663459 -1.1172348437196822 0.54864 -2.180321846082737 -4.084449320177002
41668 11374945 3.102537911049743 -1.106052618293069 0.54864 -2.180321846082737 -4.084449320177002
41669 11374945 3.1608957551243826 -1.07825557612301 0.54864 -2.180321846082737 -4.084449320177002
41670 11374945 3.196810032233916 -1.0552824930335745 0.54864 -2.180321846082737 -4.084449320177002
41671 11374945 3.2269104686573424 -1.032164206178401 0.54864 -2.180321846082737 -4.084449320177002
41672 11374945 3.248177123368115 -1.017610739574194 0.54864 -2.180321846082737 -4.084449320177002
41673 11374945 3.2747257481746592 -0.987959844856089 0.5181600000000001 -2.180321846082737 -4.084449320177002
41673 11217673 0.8081432633735308 0.21536837379400114 0.33528 -2.180321846082737 -4.084449320177002
41674 11217673 0.8057360249143011 0.21615492404551323 0.33528 -2.180321846082737 -4.084449320177002
41674 11374945 3.3075364670768472 -0.9554462991687916 0.5181600000000001 -2.180321846082737 -4.084449320177002
41675 11374945 3.323747273957438 -0.9322340381915404 0.5181600000000001 -2.180321846082737 -4.084449320177002
41675 11217673 0.8033287864550712 0.2169414742970253 0.33528 -2.180321846082737 -4.084449320177002
41676 11374945 3.3399580808380294 -0.9090217772142892 0.5181600000000001 -2.180321846082737 -4.084449320177002
41676 11217673 0.803409027732584 0.216915255941577 0.33528 -2.180321846082737 -4.084449320177002
41677 11374945 3.357220525391755 -0.8805456560829983 0.5181600000000001 -2.180321846082737 -4.084449320177002
41677 11217673 0.8034892690100969 0.21688903758612874 0.33528 -2.180321846082737 -4.084449320177002
41678 11217673 0.8035695102876097 0.21686281923068046 0.33528 -2.180321846082737 -4.084449320177002
41678 11374945 3.37448296994548 -0.8520695349517072 0.5181600000000001 -2.180321846082737 -4.084449320177002
41679 11374945 3.397394177021871 -0.802541421441563 0.5181600000000001 -2.180321846082737 -4.084449320177002
41679 11217673 0.8036497515651225 0.21683660087523218 0.33528 -2.180321846082737 -4.084449320177002
41680 11217673 0.8037299928426354 0.2168103825197839 0.33528 -2.180321846082737 -4.084449320177002
41680 11374945 3.40656005149944 -0.7703718218953385 0.5181600000000001 -2.180321846082737 -4.084449320177002
41681 11374945 3.4162466890679584 -0.7284430608703312 0.5181600000000001 -2.180321846082737 -4.084449320177002
41681 11217673 0.8038102341201481 0.21678416416433563 0.33528 -2.180321846082737 -4.084449320177002
41682 11217673 0.8038904753976609 0.21675794580888735 0.33528 -2.180321846082737 -4.084449320177002
41682 11374945 3.4208711005726418 -0.6979453923308467 0.5181600000000001 -2.180321846082737 -4.084449320177002
41683 11374945 3.426170821637733 -0.6700043512290823 0.5181600000000001 -2.180321846082737 -4.084449320177002
41683 11217673 0.8039707166751737 0.21673172745343908 0.33528 -2.180321846082737 -4.084449320177002
41684 11374945 3.431470542702824 -0.642063310127318 0.5181600000000001 -2.180321846082737 -4.084449320177002
41684 11217673 0.8040509579526866 0.2167055090979908 0.33528 -2.180321846082737 -4.084449320177002
41685 11374945 3.4343777791894334 -0.606215923673481 0.5181600000000001 -2.180321846082737 -4.084449320177002
41685 11217673 0.8041311992301994 0.21667929074254252 0.33528 -2.180321846082737 -4.084449320177002
41686 11217673 0.8042114405077122 0.21665307238709425 0.33528 -2.180321846082737 -4.084449320177002
41686 11374945 3.4375391797009396 -0.5897256293794325 0.48768 -2.180321846082737 -4.084449320177002
41687 11217673 0.804291681785225 0.21662685403164597 0.33528 -2.180321846082737 -4.084449320177002
41687 11374945 3.439861780831592 -0.5309088754698689 0.48768 -2.180321846082737 -4.084449320177002
41688 11217673 0.8043719230627379 0.2166006356761977 0.33528 -2.180321846082737 -4.084449320177002
41688 11374945 3.441588452681837 -0.5174547669002876 0.48768 -2.180321846082737 -4.084449320177002
41689 11374945 3.439657737075006 -0.458067638212003 0.48768 -2.180321846082737 -4.084449320177002
41689 11217673 0.8044521643402507 0.21657441732074942 0.33528 -2.180321846082737 -4.084449320177002
41690 11217673 0.8045324056177634 0.21654819896530114 0.33528 -2.180321846082737 -4.084449320177002
41690 11374945 3.4358787467274476 -0.4261124950998699 0.48768 -2.180321846082737 -4.084449320177002
41691 11374945 3.430243652184683 -0.3916825834222385 0.48768 -2.180321846082737 -4.084449320177002
41691 11217673 0.8046126468952762 0.21652198060985284 0.33528 -2.180321846082737 -4.084449320177002
41692 11217673 0.8046928881727891 0.21649576225440456 0.33528 -2.180321846082737 -4.084449320177002
41692 11374945 3.423101258179579 -0.3455466301747643 0.48768 -2.180321846082737 -4.084449320177002
41693 11374945 3.412582744440061 -0.3097565600903982 0.48768 -2.180321846082737 -4.084449320177002
41693 11217673 0.8047731294503019 0.21646954389895628 0.33528 -2.180321846082737 -4.084449320177002
41694 11374945 3.406165769550297 -0.28044477694098613 0.48768 -2.180321846082737 -4.084449320177002
41694 11217673 0.8048533707278147 0.216443325543508 0.33528 -2.180321846082737 -4.084449320177002
41695 11217673 0.8049336120053275 0.21641710718805973 0.33528 -2.180321846082737 -4.084449320177002
41695 11374945 3.3952808060115016 -0.24441818877232044 0.48768 -2.180321846082737 -4.084449320177002
41696 11374945 3.3846472377738452 -0.21034260227099047 0.48768 -2.180321846082737 -4.084449320177002
41696 11217673 0.8050138532828404 0.21639088883261146 0.33528 -2.180321846082737 -4.084449320177002
41697 11374945 3.3755149607962336 -0.18867193761723575 0.48768 -2.180321846082737 -4.084449320177002
41697 11217673 0.8050940945603532 0.21636467047716318 0.33528 -2.180321846082737 -4.084449320177002
41698 11374945 3.366382683818622 -0.16700127296348102 0.48768 -2.180321846082737 -4.084449320177002
41698 11217673 0.805174335837866 0.2163384521217149 0.33528 -2.180321846082737 -4.084449320177002
41699 11217673 0.8052545771153788 0.21631223376626663 0.33528 -2.180321846082737 -4.084449320177002
41699 11374945 3.348281826130137 -0.13948316599796354 0.48768 -2.180321846082737 -4.084449320177002
41700 11374945 3.3282339252027864 -0.10840914592658782 0.48768 -2.180321846082737 -4.084449320177002
41700 11217673 0.8053348183928917 0.21628601541081835 0.33528 -2.180321846082737 -4.084449320177002
41701 11374945 3.3022789630969305 -0.08183189542651229 0.48768 -2.180321846082737 -4.084449320177002
41701 11217673 0.8054150596704044 0.21625979705537007 0.33528 -2.180321846082737 -4.084449320177002
41702 11374945 3.2741136334729797 -0.05114543992246226 0.48768 -2.180321846082737 -4.084449320177002
41702 11217673 0.8054953009479172 0.2162335786999218 0.33528 -2.180321846082737 -4.084449320177002
41703 11374945 3.2527968356921777 -0.03484281591431196 0.48768 -2.180321846082737 -4.084449320177002
41703 11217673 0.80557554222543 0.21620736034447352 0.33528 -2.180321846082737 -4.084449320177002
41704 11217673 0.8056557835029429 0.21618114198902524 0.33528 -2.180321846082737 -4.084449320177002
41704 11374945 3.2202214519606276 -0.017668983582363712 0.48768 -2.180321846082737 -4.084449320177002
41705 11217673 0.8057360247804557 0.21615492363357697 0.33528 -2.180321846082737 -4.084449320177002
41705 11374945 3.177706817893598 0.0016978304832883928 0.48768 -2.180321846082737 -4.084449320177002
41706 11374945 3.1662314969899104 0.0046256416289545965 0.48768 -2.180321846082737 -4.084449320177002
41706 11217673 0.8057511826147195 0.21614709563868492 0.335319481865285 -2.180321846082737 -4.084449320177002
41707 11374945 3.1094614802558365 0.017314764004987743 0.48768 -2.180321846082737 -4.084449320177002
41707 11217673 0.8057663404489833 0.2161392676437929 0.33535896373056995 -2.180321846082737 -4.084449320177002
41708 11217673 0.8057814982832471 0.21613143964890086 0.33539844559585497 -2.180321846082737 -4.084449320177002
41708 11374945 3.08725994380885 0.01988894592930071 0.47244 -2.180321846082737 -4.084449320177002
41709 11374945 3.065058407361864 0.02246312785361368 0.45720000000000005 -2.180321846082737 -4.084449320177002
41709 11217673 0.8057966561175108 0.21612361165400884 0.33543792746113993 -2.180321846082737 -4.084449320177002
41710 11217673 0.8058118139517746 0.2161157836591168 0.3354774093264249 -2.180321846082737 -4.084449320177002
41710 11374945 3.0346078060690678 0.0257441792966929 0.45720000000000005 -2.180321846082737 -4.084449320177002
41711 11374945 2.9949587750236137 0.023967616261843933 0.45720000000000005 -2.180321846082737 -4.084449320177002
41711 11217673 0.8058269717860385 0.21610795566422478 0.33551689119170985 -2.180321846082737 -4.084449320177002
41712 11374945 2.9445186370220116 0.019055250027861875 0.45720000000000005 -2.180321846082737 -4.084449320177002
41712 11217673 0.8058421296203022 0.21610012766933273 0.3355563730569948 -2.180321846082737 -4.084449320177002
41713 11217673 0.805857287454566 0.2160922996744407 0.33559585492227983 -2.180321846082737 -4.084449320177002
41713 11374945 2.904074336700157 0.010763363045950908 0.45720000000000005 -2.180321846082737 -4.084449320177002
41714 11374945 2.866864289793755 0.00421947122513508 0.45720000000000005 -2.180321846082737 -4.084449320177002
41714 11217673 0.8058724452888298 0.21608447167954867 0.3356353367875648 -2.180321846082737 -4.084449320177002
41715 11374945 2.814809044705413 0.002521912859013181 0.45720000000000005 -2.180321846082737 -4.084449320177002
41715 11217673 0.8058876031230936 0.21607664368465665 0.33567481865284976 -2.180321846082737 -4.084449320177002
41716 11217673 0.8059027609573574 0.2160688156897646 0.3357143005181347 -2.180321846082737 -4.084449320177002
41716 11374945 2.7803975087362245 -0.002248373087759742 0.45720000000000005 -2.180321846082737 -4.084449320177002
41717 11217673 0.8059179187916211 0.21606098769487259 0.3357537823834197 -2.180321846082737 -4.084449320177002
41717 11374945 2.7430888601794705 -0.000932765195560542 0.45720000000000005 -2.180321846082737 -4.084449320177002
41718 11217673 0.805933076625885 0.21605315969998054 0.3357932642487047 -2.180321846082737 -4.084449320177002
41718 11374945 2.7088618408328156 -0.0037770906473079957 0.45720000000000005 -2.180321846082737 -4.084449320177002
41719 11217673 0.8059482344601487 0.21604533170508852 0.33583274611398967 -2.180321846082737 -4.084449320177002
41719 11374945 2.681378839086835 -0.0030988552539215064 0.44196 -2.180321846082737 -4.084449320177002
41720 11217673 0.8059633922944125 0.21603750371019648 0.33587222797927463 -2.180321846082737 -4.084449320177002
41720 11374945 2.653895837340855 -0.002420619860535017 0.42672000000000004 -2.180321846082737 -4.084449320177002
41721 11217673 0.8059785501286764 0.21602967571530446 0.3359117098445596 -2.180321846082737 -4.084449320177002
41721 11374945 2.6189680573758487 -0.007138509376443197 0.42672000000000004 -2.180321846082737 -4.084449320177002
41722 11374945 2.585341713549907 -0.00270205342548982 0.42672000000000004 -2.180321846082737 -4.084449320177002
41722 11217673 0.8059937079629401 0.2160218477204124 0.33595119170984455 -2.180321846082737 -4.084449320177002
41723 11217673 0.8060088657972039 0.2160140197255204 0.3359906735751296 -2.180321846082737 -4.084449320177002
41723 11374945 2.5305904031073156 -0.005853898679570396 0.42672000000000004 -2.180321846082737 -4.084449320177002
41724 11217673 0.8060240236314676 0.21600619173062835 0.33603015544041454 -2.180321846082737 -4.084449320177002
41724 11374945 2.4880311112956415 -0.002939598716371422 0.42672000000000004 -2.180321846082737 -4.084449320177002
41725 11374945 2.4551354991256744 -0.0030634287023269813 0.42672000000000004 -2.180321846082737 -4.084449320177002
41725 11217673 0.8060391814657315 0.21599836373573633 0.3360696373056995 -2.180321846082737 -4.084449320177002
41726 11217673 0.8060543392999953 0.21599053574084429 0.33610911917098446 -2.180321846082737 -4.084449320177002
41726 11374945 2.4158892785937844 -0.0008799797069311832 0.42672000000000004 -2.180321846082737 -4.084449320177002
41727 11374945 2.377812207934906 0.0008051153940515643 0.42672000000000004 -2.180321846082737 -4.084449320177002
41727 11217673 0.806069497134259 0.21598270774595227 0.3361486010362695 -2.180321846082737 -4.084449320177002
41728 11374945 2.3380461351012016 -0.0026822643071783003 0.42672000000000004 -2.180321846082737 -4.084449320177002
41728 11217673 0.8060846549685229 0.21597487975106022 0.33618808290155444 -2.180321846082737 -4.084449320177002
41729 11217673 0.8060998128027866 0.2159670517561682 0.3362275647668394 -2.180321846082737 -4.084449320177002
41729 11374945 2.308532431551538 -0.0033256246321986815 0.42672000000000004 -2.180321846082737 -4.084449320177002
41730 11217673 0.8061149706370504 0.21595922376127616 0.33626704663212437 -2.180321846082737 -4.084449320177002
41730 11374945 2.271292123272352 -0.0017964050346552518 0.42672000000000004 -2.180321846082737 -4.084449320177002
41731 11217673 0.8061301284713142 0.21595139576638414 0.33630652849740933 -2.180321846082737 -4.084449320177002
41731 11374945 2.2340173058723787 -0.0003725540772747393 0.42672000000000004 -2.180321846082737 -4.084449320177002
41732 11374945 2.212691716939688 0.001217221589365186 0.42672000000000004 -2.180321846082737 -4.084449320177002
41732 11217673 0.806145286305578 0.2159435677714921 0.33634601036269435 -2.180321846082737 -4.084449320177002
41733 11374945 2.1522992897218494 -0.0004404402720426248 0.42672000000000004 -2.180321846082737 -4.084449320177002
41733 11217673 0.8061604441398418 0.21593573977660008 0.3363854922279793 -2.180321846082737 -4.084449320177002
41734 11374945 2.118236930525136 0.0040236875451949705 0.42672000000000004 -2.180321846082737 -4.084449320177002
41734 11217673 0.8061756019741055 0.21592791178170803 0.3364249740932643 -2.180321846082737 -4.084449320177002
41735 11217673 0.8061907598083694 0.21592008378681601 0.33646445595854924 -2.180321846082737 -4.084449320177002
41735 11374945 2.098153044028123 0.00234623312179022 0.42672000000000004 -2.180321846082737 -4.084449320177002
41736 11374945 2.0780691575311097 0.0006687786983854693 0.42672000000000004 -2.180321846082737 -4.084449320177002
41736 11217673 0.8062059176426332 0.21591225579192397 0.3365039378238342 -2.180321846082737 -4.084449320177002
41737 11217673 0.8062210754768969 0.21590442779703195 0.3365434196891192 -2.180321846082737 -4.084449320177002
41737 11374945 2.0449911126433733 0.0027090354504766545 0.42672000000000004 -2.180321846082737 -4.084449320177002
41738 11217673 0.8062362333111607 0.2158965998021399 0.3365829015544042 -2.180321846082737 -4.084449320177002
41738 11374945 1.9864016121474066 0.005487202249334772 0.42672000000000004 -2.180321846082737 -4.084449320177002
41739 11374945 1.9472084008742665 0.002398800464975065 0.42672000000000004 -2.180321846082737 -4.084449320177002
41739 11217673 0.8062513911454245 0.2158887718072479 0.33662238341968914 -2.180321846082737 -4.084449320177002
41740 11217673 0.8062665489796883 0.21588094381235584 0.3366618652849741 -2.180321846082737 -4.084449320177002
41740 11374945 1.9100134422212875 0.003798149817427071 0.42672000000000004 -2.180321846082737 -4.084449320177002
41741 11217673 0.8062817068139521 0.21587311581746382 0.33670134715025907 -2.180321846082737 -4.084449320177002
41741 11374945 1.8831775910751007 0.004559943345885026 0.42672000000000004 -2.180321846082737 -4.084449320177002
41742 11217673 0.8062968646482159 0.21586528782257178 0.3367408290155441 -2.180321846082737 -4.084449320177002
41742 11374945 1.8563417399289137 0.0053217368743429805 0.42672000000000004 -2.180321846082737 -4.084449320177002
41743 11217673 0.8063120224824797 0.21585745982767976 0.33678031088082905 -2.180321846082737 -4.084449320177002
41743 11374945 1.7909733491757245 0.005291945058691683 0.42672000000000004 -2.180321846082737 -4.084449320177002
41744 11217673 0.8063271803167434 0.21584963183278771 0.336819792746114 -2.180321846082737 -4.084449320177002
41744 11374945 1.74744782772574 0.005254946558504503 0.42672000000000004 -2.180321846082737 -4.084449320177002
41745 11374945 1.7036558770730985 0.0016837106847155947 0.42672000000000004 -2.180321846082737 -4.084449320177002
41745 11217673 0.8063423381510072 0.2158418038378957 0.336859274611399 -2.180321846082737 -4.084449320177002
41746 11374945 1.6660136274828878 0.0033471505463383844 0.42672000000000004 -2.180321846082737 -4.084449320177002
41746 11217673 0.8063574959852711 0.21583397584300365 0.33689875647668394 -2.180321846082737 -4.084449320177002
41747 11217673 0.8063726538195348 0.21582614784811163 0.33693823834196895 -2.180321846082737 -4.084449320177002
41747 11374945 1.6242758257749839 0.0022596547780942 0.39624000000000004 -2.180321846082737 -4.084449320177002
41748 11217673 0.8063878116537986 0.2158183198532196 0.3369777202072539 -2.180321846082737 -4.084449320177002
41748 11374945 1.5842938860754463 0.003285804924788041 0.39624000000000004 -2.180321846082737 -4.084449320177002
41749 11217673 0.8064029694880624 0.21581049185832757 0.3370172020725389 -2.180321846082737 -4.084449320177002
41749 11374945 1.5661550749430062 0.004303837275920014 0.39624000000000004 -2.180321846082737 -4.084449320177002
41750 11217673 0.8064181273223262 0.21580266386343552 0.33705668393782384 -2.180321846082737 -4.084449320177002
41750 11374945 1.548016263810566 0.005321869627051987 0.39624000000000004 -2.180321846082737 -4.084449320177002
41751 11217673 0.80643328515659 0.2157948358685435 0.3370961658031088 -2.180321846082737 -4.084449320177002
41751 11374945 1.491840025679589 0.001357581164909416 0.39624000000000004 -2.180321846082737 -4.084449320177002
41752 11374945 1.4544840080035448 0.0028117408622652523 0.39624000000000004 -2.180321846082737 -4.084449320177002
41752 11217673 0.8064484429908537 0.21578700787365146 0.3371356476683938 -2.180321846082737 -4.084449320177002
41753 11374945 1.4032187658754691 0.003552428481459577 0.39624000000000004 -2.180321846082737 -4.084449320177002
41753 11217673 0.8064636008251176 0.21577917987875944 0.3371751295336788 -2.180321846082737 -4.084449320177002
41754 11374945 1.3650257289150605 0.005163614398207492 0.39624000000000004 -2.180321846082737 -4.084449320177002
41754 11217673 0.8064787586593813 0.2157713518838674 0.33721461139896375 -2.180321846082737 -4.084449320177002
41755 11217673 0.8064939164936451 0.21576352388897538 0.3372540932642487 -2.180321846082737 -4.084449320177002
41755 11374945 1.3309708401166067 0.005306402223686044 0.39624000000000004 -2.180321846082737 -4.084449320177002
41756 11217673 0.806509074327909 0.21575569589408333 0.3372935751295337 -2.180321846082737 -4.084449320177002
41756 11374945 1.3143107621434438 0.005958794078202767 0.36576 -2.180321846082737 -4.084449320177002
41757 11217673 0.8065242321621727 0.21574786789919131 0.3373330569948187 -2.180321846082737 -4.084449320177002
41757 11374945 1.2637973967855007 0.0008472180679812702 0.36576 -2.180321846082737 -4.084449320177002
41758 11217673 0.8065393899964365 0.21574003990429927 0.33737253886010365 -2.180321846082737 -4.084449320177002
41758 11374945 1.2565754629369645 0.003206406291154075 0.36576 -2.180321846082737 -4.084449320177002
41759 11217673 0.8065545478307002 0.21573221190940725 0.3374120207253886 -2.180321846082737 -4.084449320177002
41759 11374945 1.2493535290884286 0.00556559451432688 0.36576 -2.180321846082737 -4.084449320177002
41760 11374945 1.2005297175722522 0.005626908832624802 0.36576 -2.180321846082737 -4.084449320177002
41760 11217673 0.8065697056649641 0.2157243839145152 0.3374515025906736 -2.180321846082737 -4.084449320177002
41761 11374945 1.158479449178899 0.001956992098972571 0.36576 -2.180321846082737 -4.084449320177002
41761 11217673 0.8065848634992279 0.2157165559196232 0.33749098445595854 -2.180321846082737 -4.084449320177002
41762 11217673 0.8066000213334916 0.21570872792473114 0.33753046632124356 -2.180321846082737 -4.084449320177002
41762 11374945 1.134054860225795 0.0005901326160400733 0.36576 -2.180321846082737 -4.084449320177002
41763 11217673 0.8066151791677555 0.21570089992983912 0.3375699481865285 -2.180321846082737 -4.084449320177002
41763 11374945 1.1076274767678338 0.00396653066434316 0.36576 -2.180321846082737 -4.084449320177002
41764 11374945 1.0638700210032102 0.002139913861201742 0.36576 -2.180321846082737 -4.084449320177002
41764 11217673 0.8066303370020192 0.21569307193494708 0.3376094300518135 -2.180321846082737 -4.084449320177002
41765 11374945 1.042048960097658 0.00167515834873469 0.36576 -2.180321846082737 -4.084449320177002
41765 11217673 0.806645494836283 0.21568524394005506 0.33764891191709845 -2.180321846082737 -4.084449320177002
41766 11374945 1.0222336244554717 0.00014631996630616595 0.36576 -2.180321846082737 -4.084449320177002
41767 11374945 1.0024182888132853 -0.001382518416122358 0.36576 -2.180321846082737 -4.084449320177002
41768 11374945 0.980369736841594 0.0004469117444095144 0.36576 -2.180321846082737 -4.084449320177002
41769 11374945 0.9474377524502118 0.00022451042226351303 0.36576 -2.180321846082737 -4.084449320177002
41770 11374945 0.9316519117510956 -6.983334186696127e-05 0.36576 -2.180321846082737 -4.084449320177002
41771 11374945 0.9158660710519795 -0.0003641771059974356 0.36576 -2.180321846082737 -4.084449320177002
41772 11374945 0.9000802303528634 -0.0006585208701279099 0.36576 -2.180321846082737 -4.084449320177002
41773 11374945 0.8842943896537473 -0.0009528646342583842 0.36576 -2.180321846082737 -4.084449320177002
41774 11374945 0.8685085489546311 -0.0012472083983888584 0.36576 -2.180321846082737 -4.084449320177002
41775 11374945 0.852722708255515 -0.001541552162519333 0.36576 -2.180321846082737 -4.084449320177002
41776 11374945 0.8359841821518041 0.0015908642298163717 0.36576 -2.180321846082737 -4.084449320177002
41777 11374945 0.8360580897105689 0.0015909918591790744 0.36576941031182464 -2.180321846082737 -4.084449320177002
41778 11374945 0.8361319972693336 0.001591119488541777 0.36577882062364925 -2.180321846082737 -4.084449320177002
41779 11374945 0.8362059048280984 0.0015912471179044796 0.3657882309354739 -2.180321846082737 -4.084449320177002
41780 11374945 0.8362798123868632 0.0015913747472671824 0.3657976412472985 -2.180321846082737 -4.084449320177002
41781 11374945 0.836353719945628 0.001591502376629885 0.3658070515591232 -2.180321846082737 -4.084449320177002
41782 11374945 0.8364276275043927 0.0015916300059925876 0.3658164618709478 -2.180321846082737 -4.084449320177002
41783 11374945 0.8365015350631575 0.0015917576353552901 0.36582587218277246 -2.180321846082737 -4.084449320177002
41784 11374945 0.8365754426219223 0.0015918852647179929 0.36583528249459707 -2.180321846082737 -4.084449320177002
41785 11374945 0.8366493501806871 0.0015920128940806956 0.36584469280642173 -2.180321846082737 -4.084449320177002
41786 11374945 0.8367232577394518 0.0015921405234433981 0.36585410311824634 -2.180321846082737 -4.084449320177002
41787 11374945 0.8367971652982166 0.0015922681528061009 0.365863513430071 -2.180321846082737 -4.084449320177002
41788 11374945 0.8368710728569814 0.0015923957821688036 0.3658729237418956 -2.180321846082737 -4.084449320177002
41789 11374945 0.836944980415746 0.0015925234115315061 0.3658823340537203 -2.180321846082737 -4.084449320177002
41790 11374945 0.8370188879745109 0.0015926510408942089 0.3658917443655449 -2.180321846082737 -4.084449320177002
41791 11374945 0.8370927955332756 0.0015927786702569116 0.36590115467736956 -2.180321846082737 -4.084449320177002
41792 11374945 0.8371667030920404 0.0015929062996196141 0.36591056498919416 -2.180321846082737 -4.084449320177002
41793 11374945 0.8372406106508051 0.0015930339289823168 0.36591997530101883 -2.180321846082737 -4.084449320177002
41794 11374945 0.8373145182095699 0.0015931615583450196 0.36592938561284344 -2.180321846082737 -4.084449320177002
41795 11374945 0.8373884257683347 0.001593289187707722 0.3659387959246681 -2.180321846082737 -4.084449320177002
41796 11374945 0.8374623333270995 0.0015934168170704248 0.3659482062364927 -2.180321846082737 -4.084449320177002
41797 11374945 0.8375362408858642 0.0015935444464331274 0.3659576165483174 -2.180321846082737 -4.084449320177002
41798 11374945 0.837610148444629 0.00159367207579583 0.365967026860142 -2.180321846082737 -4.084449320177002
41799 11374945 0.8376840560033938 0.0015937997051585328 0.36597643717196665 -2.180321846082737 -4.084449320177002
41800 11374945 0.8377579635621585 0.0015939273345212353 0.36598584748379126 -2.180321846082737 -4.084449320177002
41801 11374945 0.8378318711209233 0.001594054963883938 0.3659952577956159 -2.180321846082737 -4.084449320177002
41802 11374945 0.8379057786796881 0.0015941825932466408 0.36600466810744053 -2.180321846082737 -4.084449320177002
41803 11374945 0.8379796862384529 0.0015943102226093433 0.3660140784192652 -2.180321846082737 -4.084449320177002
41804 11374945 0.8380535937972176 0.001594437851972046 0.3660234887310898 -2.180321846082737 -4.084449320177002
41805 11374945 0.8381275013559824 0.0015945654813347488 0.3660328990429145 -2.180321846082737 -4.084449320177002
41806 11374945 0.8382014089147471 0.0015946931106974513 0.3660423093547391 -2.180321846082737 -4.084449320177002
41807 11374945 0.8382753164735118 0.001594820740060154 0.36605171966656375 -2.180321846082737 -4.084449320177002
41808 11374945 0.8383492240322766 0.0015949483694228568 0.36606112997838836 -2.180321846082737 -4.084449320177002
41809 11374945 0.8384231315910414 0.0015950759987855593 0.366070540290213 -2.180321846082737 -4.084449320177002
41810 11374945 0.8384970391498062 0.001595203628148262 0.36607995060203763 -2.180321846082737 -4.084449320177002
41811 11374945 0.8385709467085709 0.0015953312575109646 0.3660893609138623 -2.180321846082737 -4.084449320177002
41812 11374945 0.8386448542673357 0.0015954588868736673 0.3660987712256869 -2.180321846082737 -4.084449320177002
41813 11374945 0.8387187618261005 0.00159558651623637 0.36610818153751157 -2.180321846082737 -4.084449320177002
41814 11374945 0.8387926693848653 0.0015957141455990725 0.3661175918493362 -2.180321846082737 -4.084449320177002
41815 11374945 0.83886657694363 0.0015958417749617753 0.36612700216116084 -2.180321846082737 -4.084449320177002
41816 11374945 0.8389404845023948 0.001595969404324478 0.36613641247298545 -2.180321846082737 -4.084449320177002
41817 11374945 0.8390143920611596 0.0015960970336871805 0.3661458227848101 -2.180321846082737 -4.084449320177002
41818 11374945 0.8390882996199243 0.0015962246630498833 0.3661552330966347 -2.180321846082737 -4.084449320177002
41819 11374945 0.8391622071786891 0.001596352292412586 0.3661646434084594 -2.180321846082737 -4.084449320177002
41820 11374945 0.8392361147374539 0.0015964799217752885 0.366174053720284 -2.180321846082737 -4.084449320177002
41821 11374945 0.8393100222962186 0.0015966075511379913 0.36618346403210866 -2.180321846082737 -4.084449320177002
41822 11374945 0.8393839298549833 0.0015967351805006938 0.3661928743439333 -2.180321846082737 -4.084449320177002
41823 11374945 0.8394578374137481 0.0015968628098633965 0.36620228465575794 -2.180321846082737 -4.084449320177002
41824 11374945 0.8395317449725129 0.0015969904392260992 0.36621169496758255 -2.180321846082737 -4.084449320177002
41825 11374945 0.8396056525312777 0.0015971180685888018 0.3662211052794072 -2.180321846082737 -4.084449320177002
41826 11374945 0.8396795600900424 0.0015972456979515045 0.3662305155912318 -2.180321846082737 -4.084449320177002
41827 11374945 0.8397534676488072 0.0015973733273142072 0.3662399259030565 -2.180321846082737 -4.084449320177002
41828 11374945 0.839827375207572 0.0015975009566769097 0.3662493362148811 -2.180321846082737 -4.084449320177002
41829 11374945 0.8399012827663367 0.0015976285860396125 0.36625874652670576 -2.180321846082737 -4.084449320177002
41830 11374945 0.8399751903251015 0.0015977562154023152 0.36626815683853037 -2.180321846082737 -4.084449320177002
41831 11374945 0.8400490978838663 0.0015978838447650177 0.36627756715035503 -2.180321846082737 -4.084449320177002
41832 11374945 0.8401230054426311 0.0015980114741277205 0.36628697746217964 -2.180321846082737 -4.084449320177002
41833 11374945 0.8401969130013958 0.0015981391034904232 0.3662963877740043 -2.180321846082737 -4.084449320177002
41834 11374945 0.8402708205601606 0.0015982667328531257 0.3663057980858289 -2.180321846082737 -4.084449320177002
41835 11374945 0.8403447281189254 0.0015983943622158285 0.3663152083976536 -2.180321846082737 -4.084449320177002
41836 11374945 0.8404186356776902 0.001598521991578531 0.3663246187094782 -2.180321846082737 -4.084449320177002
