19255 11322591 -3.895897004990908 1.3756961193922077 0.7010400000000001 0.9690319315923277 1.8153108089675558
19256 11322591 -3.840461934118058 1.3673001891183665 0.7010400000000001 0.9690319315923277 1.8153108089675558
19257 11322591 -3.78459046192471 1.3554903972274315 0.7010400000000001 0.9690319315923277 1.8153108089675558
19258 11322591 -3.7287189897313624 1.3436806053364962 0.7010400000000001 0.9690319315923277 1.8153108089675558
19259 11322591 -3.673854801469104 1.3369339905296258 0.6858000000000001 0.9690319315923277 1.8153108089675558
19260 11322591 -3.6189906132068455 1.3301873757227554 0.67056 0.9690319315923277 1.8153108089675558
19261 11322591 -3.5634059881321147 1.3181811655254654 0.67056 0.9690319315923277 1.8153108089675558
19262 11322591 -3.507821363057384 1.3061749553281752 0.67056 0.9690319315923277 1.8153108089675558
19263 11322591 -3.4510618699823876 1.2977576703258964 0.67056 0.9690319315923277 1.8153108089675558
19264 11322591 -3.4080924245088595 1.2923951209534361 0.67056 0.9690319315923277 1.8153108089675558
19265 11322591 -3.3651229790353314 1.287032571580976 0.67056 0.9690319315923277 1.8153108089675558
19266 11322591 -3.2813725903370328 1.2774922385998506 0.67056 0.9690319315923277 1.8153108089675558
19267 10610594 1.3022081078865684 -0.001186044079416776 0.35052000000000005 0.9690319315923277 1.8153108089675558
19267 11322591 -3.22365827827678 1.2672453875174483 0.67056 0.9690319315923277 1.8153108089675558
19268 10610594 1.2740266014819517 -0.00046137961836877073 0.35052000000000005 0.9690319315923277 1.8153108089675558
19268 11322591 -3.1659439662165276 1.2569985364350462 0.67056 0.9690319315923277 1.8153108089675558
19269 11322591 -3.1109004449476876 1.2514826678679971 0.67056 0.9690319315923277 1.8153108089675558
19269 10610594 1.245845095077335 0.00026328484267923447 0.35052000000000005 0.9690319315923277 1.8153108089675558
19270 10610594 1.2176635886727185 0.0009879493037272397 0.35052000000000005 0.9690319315923277 1.8153108089675558
19270 11322591 -3.055856965759366 1.2459672280041942 0.67056 0.9690319315923277 1.8153108089675558
19271 10610594 1.1894820822681018 0.0017126137647752449 0.35052000000000005 0.9690319315923277 1.8153108089675558
19271 11322591 -2.9990630218796177 1.2376591170359155 0.67056 0.9690319315923277 1.8153108089675558
19272 11322591 -2.9447796141588993 1.22982267664033 0.67056 0.9690319315923277 1.8153108089675558
19272 10610594 1.1613005758634851 0.00243727822582325 0.35052000000000005 0.9690319315923277 1.8153108089675558
19273 10610594 1.1076274767678338 0.00396653066434316 0.35052000000000005 0.9690319315923277 1.8153108089675558
19273 11322591 -2.888694938824028 1.222741027112682 0.67056 0.9690319315923277 1.8153108089675558
19274 11322591 -2.8326102634891566 1.215659377585034 0.67056 0.9690319315923277 1.8153108089675558
19274 10610594 1.06534110348647 0.003503476782401189 0.3522133333333334 0.9690319315923277 1.8153108089675558
19275 10610594 1.023054730205106 0.003040422900459219 0.3539066666666667 0.9690319315923277 1.8153108089675558
19275 11322591 -2.777566942970516 1.2101461062724077 0.67056 0.9690319315923277 1.8153108089675558
19276 11322591 -2.720510090582838 1.2012867790582213 0.67056 0.9690319315923277 1.8153108089675558
19276 10610594 0.9807683569237423 0.002577369018517249 0.3556 0.9690319315923277 1.8153108089675558
19277 11322591 -2.6630254089677114 1.1950924191539878 0.67056 0.9690319315923277 1.8153108089675558
19277 10610594 0.9384819836423784 0.0021143151365752783 0.35729333333333335 0.9690319315923277 1.8153108089675558
19278 11322591 -2.605540727352585 1.1888980592497542 0.67056 0.9690319315923277 1.8153108089675558
19278 10610594 0.8961956103610146 0.0016512612546333077 0.3589866666666667 0.9690319315923277 1.8153108089675558
19279 11322591 -2.549276849697775 1.183045702846833 0.67056 0.9690319315923277 1.8153108089675558
19279 10610594 0.8539092370796508 0.0011882073726913376 0.36068 0.9690319315923277 1.8153108089675558
19280 11322591 -2.4930129720429655 1.177193346443912 0.67056 0.9690319315923277 1.8153108089675558
19280 10610594 0.811622863798287 0.0007251534907493674 0.3623733333333333 0.9690319315923277 1.8153108089675558
19281 10610594 0.7693364905169231 0.00026209960880739687 0.36406666666666665 0.9690319315923277 1.8153108089675558
19281 11322591 -2.4355629691170124 1.1708950615783271 0.67056 0.9690319315923277 1.8153108089675558
19282 11322591 -2.3783680675162904 1.162460667809575 0.67056 0.9690319315923277 1.8153108089675558
19282 10610594 0.7270501172355592 -0.0002009542731345737 0.36576 0.9690319315923277 1.8153108089675558
19283 11322591 -2.3233595788563743 1.1568453929096085 0.67056 0.9690319315923277 1.8153108089675558
19283 10610594 0.6878883054228242 0.00044523483185794166 0.36576 0.9690319315923277 1.8153108089675558
19284 11322591 -2.2679154415507172 1.1512048220615356 0.67056 0.9690319315923277 1.8153108089675558
19284 10610594 0.6487264936100893 0.001091423936850457 0.36576 0.9690319315923277 1.8153108089675558
19285 11322591 -2.2118469909726812 1.1406866465096237 0.67056 0.9690319315923277 1.8153108089675558
19285 10610594 0.6095646817973542 0.0017376130418429725 0.36576 0.9690319315923277 1.8153108089675558
19286 10610594 0.5662695337176118 0.0051367774455613885 0.37338 0.9690319315923277 1.8153108089675558
19286 11322591 -2.15446620278248 1.1341795622220538 0.67056 0.9690319315923277 1.8153108089675558
19287 10610594 0.5219141521743871 0.0025739268222091383 0.37338 0.9690319315923277 1.8153108089675558
19287 11322591 -2.098012518459741 1.1245008866354471 0.67056 0.9690319315923277 1.8153108089675558
19288 10610594 0.4794903238198 0.005922519450388006 0.381 0.9690319315923277 1.8153108089675558
19288 11322591 -2.041558834137003 1.1148222110488404 0.67056 0.9690319315923277 1.8153108089675558
19289 10610594 0.41139024301162613 0.006796983637783416 0.381 0.9690319315923277 1.8153108089675558
19289 11322591 -1.985105149814264 1.1051435354622339 0.67056 0.9690319315923277 1.8153108089675558
19290 10610594 0.3619912009914277 0.006467399001306717 0.38862 0.9690319315923277 1.8153108089675558
19290 11322591 -1.9286514654915254 1.0954648598756271 0.67056 0.9690319315923277 1.8153108089675558
19291 10610594 0.31677672707887694 0.005354740134747515 0.38862 0.9690319315923277 1.8153108089675558
19291 11322591 -1.8743226047108716 1.0875048581766587 0.67056 0.9690319315923277 1.8153108089675558
19292 10610594 0.2743526633292268 0.00870456156005725 0.38862 0.9690319315923277 1.8153108089675558
19292 11322591 -1.81720799404244 1.0791012617602562 0.67056 0.9690319315923277 1.8153108089675558
19293 10610594 0.24659213452281314 0.009365350450288523 0.39243000000000006 0.9690319315923277 1.8153108089675558
19293 11322591 -1.7612084808000759 1.0683755796517815 0.6400800000000001 0.9690319315923277 1.8153108089675558
19294 11322591 -1.704552904381923 1.0596557052330158 0.6400800000000001 0.9690319315923277 1.8153108089675558
19294 10610594 0.21883160571639948 0.010026139340519796 0.39624000000000004 0.9690319315923277 1.8153108089675558
19295 11322591 -1.6486224019309612 1.0487198266068167 0.6400800000000001 0.9690319315923277 1.8153108089675558
19295 10610594 0.15223228986712112 0.010061924738504258 0.39624000000000004 0.9690319315923277 1.8153108089675558
19296 11322591 -1.5918977578061682 1.04021194843447 0.67056 0.9690319315923277 1.8153108089675558
19296 10610594 0.10239705492167595 0.009759720796147453 0.39624000000000004 0.9690319315923277 1.8153108089675558
19297 10610594 0.04362248304291516 0.014716196256155334 0.40386 0.9690319315923277 1.8153108089675558
19297 11322591 -1.535714824372347 1.0293698942156422 0.6553200000000001 0.9690319315923277 1.8153108089675558
19298 10610594 -0.011161685728821258 0.01965401238156031 0.40386 0.9690319315923277 1.8153108089675558
19298 11322591 -1.479531890938526 1.0185278399968143 0.6400800000000001 0.9690319315923277 1.8153108089675558
19299 10610594 -0.09382691170850854 0.0194520504552044 0.41148 0.9690319315923277 1.8153108089675558
19299 11322591 -1.422525165047719 1.0061320178203201 0.6400800000000001 0.9690319315923277 1.8153108089675558
19300 10610594 -0.14871476215375878 0.02407426932700915 0.41148 0.9690319315923277 1.8153108089675558
19300 11322591 -1.3655184391569122 0.9937361956438259 0.6400800000000001 0.9690319315923277 1.8153108089675558
19301 11322591 -1.3103127112268391 0.9805865145691975 0.6400800000000001 0.9690319315923277 1.8153108089675558
19301 10610594 -0.17301798304493066 0.02512529234553415 0.41529000000000005 0.9690319315923277 1.8153108089675558
19302 11322591 -1.2549688303491633 0.9678594564003483 0.6400800000000001 0.9690319315923277 1.8153108089675558
19302 10610594 -0.19732120393610253 0.02617631536405915 0.41910000000000003 0.9690319315923277 1.8153108089675558
19303 10610594 -0.2718944568490358 0.034430231052376276 0.41910000000000003 0.9690319315923277 1.8153108089675558
19303 11322591 -1.2005224297719421 0.9523885900972234 0.6400800000000001 0.9690319315923277 1.8153108089675558
19304 11322591 -1.1498637196216237 0.9334834407060056 0.6400800000000001 0.9690319315923277 1.8153108089675558
19304 10610594 -0.32050985846309343 0.03922315222198389 0.42672000000000004 0.9690319315923277 1.8153108089675558
19305 10610594 -0.3798907371815441 0.04613367719822151 0.43434000000000006 0.9690319315923277 1.8153108089675558
19305 11322591 -1.0965002473552328 0.9133436094779309 0.6400800000000001 0.9690319315923277 1.8153108089675558
19306 10610594 -0.43356641616121716 0.047674599413083746 0.43434000000000006 0.9690319315923277 1.8153108089675558
19306 11322591 -1.0451964407005638 0.8916581365159111 0.6400800000000001 0.9690319315923277 1.8153108089675558
19307 11322591 -0.9938926340458951 0.8699726635538914 0.6400800000000001 0.9690319315923277 1.8153108089675558
19307 10610594 -0.4873616018869227 0.055914461500724905 0.44196 0.9690319315923277 1.8153108089675558
19308 11322591 -0.9455804051109791 0.8438916629102513 0.6400800000000001 0.9690319315923277 1.8153108089675558
19308 10610594 -0.562107660589485 0.06364367897336728 0.44958000000000004 0.9690319315923277 1.8153108089675558
19309 11322591 -0.8971643698453207 0.8181276407495984 0.6400800000000001 0.9690319315923277 1.8153108089675558
19309 10610594 -0.5858741272051523 0.0683760830073579 0.45339000000000007 0.9690319315923277 1.8153108089675558
19310 10610594 -0.6096405938208196 0.07310848704134851 0.45720000000000005 0.9690319315923277 1.8153108089675558
19310 11322591 -0.8520180059959113 0.7905123275779814 0.6400800000000001 0.9690319315923277 1.8153108089675558
19311 10610594 -0.6665781663505885 0.08097506895593262 0.46482000000000007 0.9690319315923277 1.8153108089675558
19311 11322591 -0.8049820362901328 0.7605269534522706 0.6400800000000001 0.9690319315923277 1.8153108089675558
19312 11322591 -0.7613192013589722 0.7283735749257614 0.6400800000000001 0.9690319315923277 1.8153108089675558
19312 10610594 -0.7152844160520317 0.0868518439261354 0.46482000000000007 0.9690319315923277 1.8153108089675558
19313 10610594 -0.7804188422272487 0.09681516128464943 0.47243999999999997 0.9690319315923277 1.8153108089675558
19313 11322591 -0.7175179779830065 0.6966426649483567 0.6400800000000001 0.9690319315923277 1.8153108089675558
19314 10610594 -0.837390968097133 0.10457757010862487 0.47243999999999997 0.9690319315923277 1.8153108089675558
19314 11322591 -0.6783323032137878 0.6589438471625738 0.6400800000000001 0.9690319315923277 1.8153108089675558
19315 11322591 -0.6431708331581372 0.6211592834257459 0.6400800000000001 0.9690319315923277 1.8153108089675558
19315 10610594 -0.884951443390195 0.10961352015616985 0.48006 0.9690319315923277 1.8153108089675558
19316 11322591 -0.6080093631024865 0.583374719688918 0.6400800000000001 0.9690319315923277 1.8153108089675558
19316 10610594 -0.9370857653583755 0.11614536665847427 0.48006 0.9690319315923277 1.8153108089675558
19317 10610594 -0.989243408209475 0.1223347097476419 0.48768 0.9690319315923277 1.8153108089675558
19317 11322591 -0.5789015901119967 0.5399757574480452 0.6400800000000001 0.9690319315923277 1.8153108089675558
19318 10610594 -1.0414122886245705 0.12876177653030726 0.48768 0.9690319315923277 1.8153108089675558
19318 11322591 -0.5497938171215069 0.49657679520717235 0.6400800000000001 0.9690319315923277 1.8153108089675558
19319 10610594 -1.088515603056869 0.13248120695912077 0.4953 0.9690319315923277 1.8153108089675558
19319 11322591 -0.5268736575046022 0.4512288376186352 0.6400800000000001 0.9690319315923277 1.8153108089675558
19320 10610594 -1.147532871254268 0.13670873967842687 0.50292 0.9690319315923277 1.8153108089675558
19320 11322591 -0.508323729462541 0.4039217552171978 0.6400800000000001 0.9690319315923277 1.8153108089675558
19321 10610594 -1.199656127305351 0.14300518501576084 0.50292 0.9690319315923277 1.8153108089675558
19321 11322591 -0.48977380142047977 0.3566146728157604 0.6400800000000001 0.9690319315923277 1.8153108089675558
19322 11322591 -0.4799161607631982 0.3081188716842249 0.6400800000000001 0.9690319315923277 1.8153108089675558
19322 10610594 -1.280330875750806 0.14076325352660143 0.51054 0.9690319315923277 1.8153108089675558
19323 10610594 -1.339590052556814 0.14425354759895379 0.51054 0.9690319315923277 1.8153108089675558
19323 11322591 -0.47005852010591664 0.2596230705526894 0.6400800000000001 0.9690319315923277 1.8153108089675558
19324 11322591 -0.4612776662474809 0.21177151165551264 0.6400800000000001 0.9690319315923277 1.8153108089675558
19324 10610594 -1.3772074285948896 0.14533993786097743 0.5143500000000001 0.9690319315923277 1.8153108089675558
19325 11322591 -0.452496534070286 0.16391994136761465 0.6400800000000001 0.9690319315923277 1.8153108089675558
19325 10610594 -1.4148248046329652 0.14642632812300108 0.5181600000000001 0.9690319315923277 1.8153108089675558
19326 11322591 -0.4480227831942176 0.11987171057626472 0.6553200000000001 0.9690319315923277 1.8153108089675558
19326 10610594 -1.4704332134524856 0.14872382440315085 0.52197 0.9690319315923277 1.8153108089675558
19327 10610594 -1.526041622272006 0.15102132068330062 0.52578 0.9690319315923277 1.8153108089675558
19327 11322591 -0.44354903231814924 0.0758234797849148 0.67056 0.9690319315923277 1.8153108089675558
19328 10610594 -1.575463144143322 0.15363262183961876 0.52578 0.9690319315923277 1.8153108089675558
19328 11322591 -0.44271368843929215 0.028116193747767276 0.67056 0.9690319315923277 1.8153108089675558
19329 11322591 -0.43960885785599424 -0.02080030341174785 0.67056 0.9690319315923277 1.8153108089675558
19329 10610594 -1.6361708704812903 0.1543275496150541 0.5334 0.9690319315923277 1.8153108089675558
19330 11322591 -0.43751311386302916 -0.05548375761684235 0.67056 0.9690319315923277 1.8153108089675558
19330 10610594 -1.6956228907132125 0.15017232569073488 0.54102 0.9690319315923277 1.8153108089675558
19331 11322591 -0.4354173698700641 -0.09016721182193685 0.67056 0.9690319315923277 1.8153108089675558
19331 10610594 -1.7440893445504584 0.1459293031888604 0.54864 0.9690319315923277 1.8153108089675558
19332 10610594 -1.8251551779274255 0.1343568742848704 0.55626 0.9690319315923277 1.8153108089675558
19332 11322591 -0.4305436404281665 -0.14556185905125968 0.67056 0.9690319315923277 1.8153108089675558
19333 10610594 -1.8368081657740538 0.13267726941342303 0.55626 0.9690319315923277 1.8153108089675558
19333 11322591 -0.42566991098626894 -0.2009565062805825 0.67056 0.9690319315923277 1.8153108089675558
19334 11322591 -0.41896176153995945 -0.2483635298526866 0.67056 0.9690319315923277 1.8153108089675558
19334 10610594 -1.848461153620682 0.13099766454197567 0.55626 0.9690319315923277 1.8153108089675558
19335 11322591 -0.4122967310045882 -0.29318608249549727 0.67056 0.9690319315923277 1.8153108089675558
19335 10610594 -1.9155039615862062 0.10391457380789657 0.56769 0.9690319315923277 1.8153108089675558
19336 10610594 -1.9825467695517303 0.07683148307381746 0.57912 0.9690319315923277 1.8153108089675558
19336 11322591 -0.39963889334003033 -0.33733879031530073 0.67056 0.9690319315923277 1.8153108089675558
19337 11322591 -0.3869810556754725 -0.3814914981351042 0.67056 0.9690319315923277 1.8153108089675558
19337 10610594 -2.052331921699855 0.034580575940935526 0.59436 0.9690319315923277 1.8153108089675558
19338 10610594 -2.066795088626151 0.02295437475426973 0.59436 0.9690319315923277 1.8153108089675558
19338 11322591 -0.37015121321857314 -0.422392955108183 0.67056 0.9690319315923277 1.8153108089675558
19339 10610594 -2.0979966625439403 -0.011905242157599548 0.5976257142857143 0.9690319315923277 1.8153108089675558
19339 11322591 -0.34989518561384036 -0.46640037083541386 0.67056 0.9690319315923277 1.8153108089675558
19340 11322591 -0.3273527112864061 -0.5061312516444721 0.67056 0.9690319315923277 1.8153108089675558
19340 10610594 -2.12919823646173 -0.046764859069468825 0.6008914285714285 0.9690319315923277 1.8153108089675558
19341 10610594 -2.1603998103795194 -0.0816244759813381 0.6041571428571428 0.9690319315923277 1.8153108089675558
19341 11322591 -0.30250592860559866 -0.5469656627170674 0.67056 0.9690319315923277 1.8153108089675558
19342 11322591 -0.2731647750049242 -0.5892689151478013 0.67056 0.9690319315923277 1.8153108089675558
19342 10610594 -2.1916013842973086 -0.11648409289320738 0.6074228571428572 0.9690319315923277 1.8153108089675558
19343 11322591 -0.2448387178101883 -0.6259827512342955 0.67056 0.9690319315923277 1.8153108089675558
19343 10610594 -2.222802958215098 -0.15134370980507666 0.6106885714285715 0.9690319315923277 1.8153108089675558
19344 11322591 -0.21095311275451933 -0.6595480727897761 0.67056 0.9690319315923277 1.8153108089675558
19344 10610594 -2.2540045321328877 -0.18620332671694592 0.6139542857142857 0.9690319315923277 1.8153108089675558
19345 10610594 -2.285206106050677 -0.2210629436288152 0.61722 0.9690319315923277 1.8153108089675558
19345 11322591 -0.17706750769885038 -0.6931133943452568 0.67056 0.9690319315923277 1.8153108089675558
19346 10610594 -2.315010137142388 -0.26762974445792265 0.61722 0.9690319315923277 1.8153108089675558
19346 11322591 -0.13965634270887173 -0.7281226776209536 0.67056 0.9690319315923277 1.8153108089675558
19347 11322591 -0.09910899971266118 -0.7576140057297782 0.67056 0.9690319315923277 1.8153108089675558
19347 10610594 -2.355246972407312 -0.34011048181227843 0.61722 0.9690319315923277 1.8153108089675558
19348 11322591 -0.05856165671645064 -0.7871053338386029 0.67056 0.9690319315923277 1.8153108089675558
19348 10610594 -2.3764933454267902 -0.38196991853908824 0.61722 0.9690319315923277 1.8153108089675558
19349 11322591 -0.014092027966909226 -0.8168265643562133 0.67056 0.9690319315923277 1.8153108089675558
19349 10610594 -2.397739718446268 -0.4238293552658981 0.61722 0.9690319315923277 1.8153108089675558
19350 11322591 0.029570944843678615 -0.8449400845861204 0.67056 0.9690319315923277 1.8153108089675558
19350 10610594 -2.4189860914657455 -0.46568879199270796 0.61722 0.9690319315923277 1.8153108089675558
19351 10610594 -2.4402324644852236 -0.5075482287195178 0.61722 0.9690319315923277 1.8153108089675558
19351 11322591 0.07323391765426646 -0.8730536048160276 0.67056 0.9690319315923277 1.8153108089675558
19352 10610594 -2.4604231239406276 -0.5637214515981299 0.620268 0.9690319315923277 1.8153108089675558
19352 11322591 0.12339259525667357 -0.8894449293810571 0.67056 0.9690319315923277 1.8153108089675558
19353 10610594 -2.4806137833960316 -0.6198946744767421 0.623316 0.9690319315923277 1.8153108089675558
19353 11322591 0.17355127285908067 -0.9058362539460868 0.67056 0.9690319315923277 1.8153108089675558
19354 11322591 0.22250631178364522 -0.9218336677735385 0.67056 0.9690319315923277 1.8153108089675558
19354 10610594 -2.500804442851435 -0.6760678973553542 0.626364 0.9690319315923277 1.8153108089675558
19355 10610594 -2.520995102306839 -0.7322411202339664 0.629412 0.9690319315923277 1.8153108089675558
19355 11322591 0.2738690951425651 -0.9386174737491407 0.67056 0.9690319315923277 1.8153108089675558
19356 11322591 0.32747395454567685 -0.9485396933158584 0.67056 0.9690319315923277 1.8153108089675558
19356 10610594 -2.541185761762243 -0.7884143431125785 0.63246 0.9690319315923277 1.8153108089675558
19357 10610594 -2.545345716669778 -0.8343806096753625 0.6358466666666667 0.9690319315923277 1.8153108089675558
19357 11322591 0.37867119631923263 -0.9576748095344326 0.67056 0.9690319315923277 1.8153108089675558
19358 11322591 0.43392529670697094 -0.9632281538710561 0.67056 0.9690319315923277 1.8153108089675558
19358 10610594 -2.549505671577313 -0.8803468762381466 0.6392333333333333 0.9690319315923277 1.8153108089675558
19359 10610594 -2.553665626484847 -0.9263131428009306 0.6426200000000001 0.9690319315923277 1.8153108089675558
19359 11322591 0.48917939709470926 -0.9687814982076796 0.67056 0.9690319315923277 1.8153108089675558
19360 10610594 -2.557825581392382 -0.9722794093637146 0.6460066666666667 0.9690319315923277 1.8153108089675558
19360 11322591 0.5402107451104559 -0.9702675244869853 0.67056 0.9690319315923277 1.8153108089675558
19361 10610594 -2.561985536299917 -1.0182456759264986 0.6493933333333334 0.9690319315923277 1.8153108089675558
19361 11322591 0.5953644614858715 -0.9720484302094302 0.67056 0.9690319315923277 1.8153108089675558
19362 10610594 -2.5661454912074517 -1.0642119424892826 0.65278 0.9690319315923277 1.8153108089675558
19362 11322591 0.6505181778612873 -0.9738293359318752 0.67056 0.9690319315923277 1.8153108089675558
19363 10610594 -2.570305446114986 -1.1101782090520667 0.6561666666666668 0.9690319315923277 1.8153108089675558
19363 11322591 0.7026766827069983 -0.9707758526159368 0.67056 0.9690319315923277 1.8153108089675558
19364 11322591 0.7551215818786029 -0.9679324220907702 0.67056 0.9690319315923277 1.8153108089675558
19364 10610594 -2.574465401022521 -1.1561444756148507 0.6595533333333334 0.9690319315923277 1.8153108089675558
19365 11322591 0.8084080098437207 -0.9665900527754454 0.67056 0.9690319315923277 1.8153108089675558
19365 10610594 -2.578625355930056 -1.2021107421776347 0.6629400000000001 0.9690319315923277 1.8153108089675558
19366 11322591 0.8616944378088385 -0.9652476834601206 0.67056 0.9690319315923277 1.8153108089675558
19366 10610594 -2.559283147310846 -1.2787769413939032 0.67056 0.9690319315923277 1.8153108089675558
19367 10610594 -2.5401794336596284 -1.3235841875332717 0.67056 0.9690319315923277 1.8153108089675558
19367 11322591 0.9168675973119711 -0.9632944622076701 0.67056 0.9690319315923277 1.8153108089675558
19368 10610594 -2.516820709698684 -1.3689653956657863 0.67056 0.9690319315923277 1.8153108089675558
19368 11322591 0.969380922961077 -0.9602383333278043 0.67056 0.9690319315923277 1.8153108089675558
19369 11322591 1.0235086588262416 -0.9603961786218501 0.67056 0.9690319315923277 1.8153108089675558
19369 10610594 -2.48251055534271 -1.4270425603661392 0.67056 0.9690319315923277 1.8153108089675558
19370 10610594 -2.454257170154599 -1.4656120157507457 0.67056 0.9690319315923277 1.8153108089675558
19370 11322591 1.0776362858404025 -0.9605536111816134 0.67056 0.9690319315923277 1.8153108089675558
19371 10610594 -2.4202311816389255 -1.5017463890389655 0.67056 0.9690319315923277 1.8153108089675558
19371 11322591 1.129459605316166 -0.959607509702947 0.67056 0.9690319315923277 1.8153108089675558
19372 10610594 -2.3862051931232515 -1.5378807623271853 0.67056 0.9690319315923277 1.8153108089675558
19372 11322591 1.183483572478024 -0.9600808174247818 0.67056 0.9690319315923277 1.8153108089675558
19373 11322591 1.2376108728593649 -0.9602370302850937 0.67056 0.9690319315923277 1.8153108089675558
19373 10610594 -2.346652528926411 -1.568461497372089 0.67056 0.9690319315923277 1.8153108089675558
19374 11322591 1.2886408530895834 -0.9617176744224595 0.67056 0.9690319315923277 1.8153108089675558
19374 10610594 -2.30709986472957 -1.5990422324169924 0.67056 0.9690319315923277 1.8153108089675558
19375 10610594 -2.2512355766666747 -1.6290573390058025 0.67056 0.9690319315923277 1.8153108089675558
19375 11322591 1.3396707524931966 -0.9631979512427423 0.67056 0.9690319315923277 1.8153108089675558
19376 10610594 -2.1953712886037797 -1.6590724455946129 0.67056 0.9690319315923277 1.8153108089675558
19376 11322591 1.390700571069568 -0.9646778607446432 0.67056 0.9690319315923277 1.8153108089675558
19377 11322591 1.4391847602757206 -0.9657933181635733 0.67056 0.9690319315923277 1.8153108089675558
19377 10610594 -2.1420595611358175 -1.6818841351597908 0.67056 0.9690319315923277 1.8153108089675558
19378 10610594 -2.0866780786188457 -1.6999977552047154 0.67056 0.9690319315923277 1.8153108089675558
19378 11322591 1.4866583377277305 -0.9689148482061084 0.67056 0.9690319315923277 1.8153108089675558
19379 10610594 -2.0453598639545447 -1.7081368572177353 0.67056 0.9690319315923277 1.8153108089675558
19379 11322591 1.5376879322363002 -0.9703936994330008 0.67056 0.9690319315923277 1.8153108089675558
19380 11322591 1.5837447738842607 -0.9740447700963244 0.67056 0.9690319315923277 1.8153108089675558
19380 10610594 -1.983449315824384 -1.7239451634074703 0.67056 0.9690319315923277 1.8153108089675558
19381 10610594 -1.9217157751580822 -1.733502643131198 0.67056 0.9690319315923277 1.8153108089675558
19381 11322591 1.6298016155322212 -0.977695840759648 0.67056 0.9690319315923277 1.8153108089675558
19382 11322591 1.6759812440904995 -0.9777067203769146 0.67056 0.9690319315923277 1.8153108089675558
19382 10610594 -1.8451380423180377 -1.7411375599100343 0.6629400000000001 0.9690319315923277 1.8153108089675558
19383 11322591 1.7214023950403023 -0.9800396940688666 0.67056 0.9690319315923277 1.8153108089675558
19383 10610594 -1.7941669683021189 -1.7428513432493509 0.6629400000000001 0.9690319315923277 1.8153108089675558
19384 11322591 1.7692311413869746 -0.9831585976380205 0.67056 0.9690319315923277 1.8153108089675558
19384 10610594 -1.73039707561567 -1.7461797825781205 0.6629400000000001 0.9690319315923277 1.8153108089675558
19385 10610594 -1.673663134676706 -1.7427671363856667 0.6629400000000001 0.9690319315923277 1.8153108089675558
19385 11322591 1.8138593469634272 -0.9879189407916648 0.67056 0.9690319315923277 1.8153108089675558
19386 11322591 1.8561488179788586 -0.9916816834518997 0.67056 0.9690319315923277 1.8153108089675558
19386 10610594 -1.646571658802595 -1.7433307482230975 0.65913 0.9690319315923277 1.8153108089675558
19387 10610594 -1.619480182928484 -1.7438943600605283 0.65532 0.9690319315923277 1.8153108089675558
19387 11322591 1.8890284159011248 -0.9967229940808202 0.67056 0.9690319315923277 1.8153108089675558
19388 11322591 1.921908013823391 -1.0017643047097406 0.67056 0.9690319315923277 1.8153108089675558
19388 10610594 -1.5337986659081284 -1.7427026337613787 0.65532 0.9690319315923277 1.8153108089675558
19389 11322591 1.9874835451312838 -1.012136869033012 0.67056 0.9690319315923277 1.8153108089675558
19389 10610594 -1.4599193783646984 -1.7409223123008555 0.6477 0.9690319315923277 1.8153108089675558
19390 11322591 2.031135745814274 -1.0187967474634432 0.67056 0.9690319315923277 1.8153108089675558
19390 10610594 -1.4059095771373196 -1.7367337042399447 0.6477 0.9690319315923277 1.8153108089675558
19391 10610594 -1.351899775909941 -1.7325450961790338 0.6477 0.9690319315923277 1.8153108089675558
19391 11322591 2.076068992457351 -1.0307810187433917 0.67056 0.9690319315923277 1.8153108089675558
19392 11322591 2.1189220861852385 -1.0409759023116925 0.67056 0.9690319315923277 1.8153108089675558
19392 10610594 -1.2982111112399373 -1.7340926505101053 0.6477 0.9690319315923277 1.8153108089675558
19393 10610594 -1.2430731443396155 -1.7312066529325059 0.6400800000000001 0.9690319315923277 1.8153108089675558
19393 11322591 2.1617751799131257 -1.0511707858799935 0.67056 0.9690319315923277 1.8153108089675558
19394 11322591 2.2041630469652103 -1.0627904147556102 0.6400800000000001 0.9690319315923277 1.8153108089675558
19394 10610594 -1.186019482521998 -1.7278950876210433 0.6400800000000001 0.9690319315923277 1.8153108089675558
19395 11322591 2.2474815277703737 -1.0715595103437234 0.6400800000000001 0.9690319315923277 1.8153108089675558
19395 10610594 -1.1272467117123617 -1.7258461441655832 0.6400800000000001 0.9690319315923277 1.8153108089675558
19396 11322591 2.2902722208792214 -1.0808569304307605 0.6400800000000001 0.9690319315923277 1.8153108089675558
19396 10610594 -1.0785407680461663 -1.7198047149131082 0.6400800000000001 0.9690319315923277 1.8153108089675558
19397 11322591 2.3326144359538152 -1.0923440187961122 0.6400800000000001 0.9690319315923277 1.8153108089675558
19397 10610594 -1.0007061248693685 -1.7181449118128604 0.6400800000000001 0.9690319315923277 1.8153108089675558
19398 10610594 -0.9497201622522922 -1.7143669044475935 0.63246 0.9690319315923277 1.8153108089675558
19398 11322591 2.3744940680288407 -1.100759258962589 0.6400800000000001 0.9690319315923277 1.8153108089675558
19399 11322591 2.4163737001038657 -1.1091744991290657 0.6400800000000001 0.9690319315923277 1.8153108089675558
19399 10610594 -0.9035066093639152 -1.7115987997121567 0.63246 0.9690319315923277 1.8153108089675558
19400 11322591 2.4570778475353503 -1.1177897064781328 0.6400800000000001 0.9690319315923277 1.8153108089675558
19400 10610594 -0.8327328008671413 -1.7043579028044606 0.63246 0.9690319315923277 1.8153108089675558
19401 10610594 -0.7742385451927476 -1.7047856310531022 0.6400800000000001 0.9690319315923277 1.8153108089675558
19401 11322591 2.500396485595645 -1.1265572476026307 0.6400800000000001 0.9690319315923277 1.8153108089675558
19402 10610594 -0.7062181579057414 -1.6978119192642958 0.6400800000000001 0.9690319315923277 1.8153108089675558
19402 11322591 2.5412385247586555 -1.134749700690828 0.6400800000000001 0.9690319315923277 1.8153108089675558
19403 11322591 2.573409125525115 -1.1416882273969522 0.6400800000000001 0.9690319315923277 1.8153108089675558
19403 10610594 -0.6827966014171485 -1.696822175331816 0.6400800000000001 0.9690319315923277 1.8153108089675558
19404 10610594 -0.6430864827070446 -1.6935623701750475 0.6400800000000001 0.9690319315923277 1.8153108089675558
19404 11322591 2.6055797262915745 -1.1486267541030764 0.6400800000000001 0.9690319315923277 1.8153108089675558
19405 10610594 -0.6033763639969407 -1.6903025650182788 0.6400800000000001 0.9690319315923277 1.8153108089675558
19405 11322591 2.66846237187565 -1.166699803485447 0.6400800000000001 0.9690319315923277 1.8153108089675558
19406 10610594 -0.5684131555380876 -1.6852572816450546 0.6400800000000001 0.9690319315923277 1.8153108089675558
19406 11322591 2.7108206948515017 -1.1702462879177116 0.6400800000000001 0.9690319315923277 1.8153108089675558
19407 10610594 -0.48216828770839715 -1.6776958544650142 0.6400800000000001 0.9690319315923277 1.8153108089675558
19407 11322591 2.754794171944286 -1.177006472631825 0.6400800000000001 0.9690319315923277 1.8153108089675558
19408 11322591 2.798270147037108 -1.1812091616824965 0.6400800000000001 0.9690319315923277 1.8153108089675558
19408 10610594 -0.414618686044687 -1.6699817641927273 0.6400800000000001 0.9690319315923277 1.8153108089675558
19409 11322591 2.84174612212993 -1.185411850733168 0.6400800000000001 0.9690319315923277 1.8153108089675558
19409 10610594 -0.370999499326383 -1.6683488313891999 0.6400800000000001 0.9690319315923277 1.8153108089675558
19410 10610594 -0.34010415284025086 -1.6650106371582902 0.6362700000000001 0.9690319315923277 1.8153108089675558
19410 11322591 2.885413661064068 -1.184945680281186 0.6400800000000001 0.9690319315923277 1.8153108089675558
19411 10610594 -0.30920880635411874 -1.6616724429273806 0.63246 0.9690319315923277 1.8153108089675558
19411 11322591 2.9287374010910128 -1.1838998003150596 0.6400800000000001 0.9690319315923277 1.8153108089675558
19412 11322591 2.9704340437662458 -1.1802199875819166 0.6400800000000001 0.9690319315923277 1.8153108089675558
19412 10610594 -0.25879721812267964 -1.6566509594003163 0.63246 0.9690319315923277 1.8153108089675558
19413 10610594 -0.19112388010314807 -1.6507278959279816 0.63246 0.9690319315923277 1.8153108089675558
19413 11322591 3.012386707225668 -1.168680066806252 0.6248400000000001 0.9690319315923277 1.8153108089675558
19414 11322591 3.0543393706850903 -1.1571401460305875 0.6096 0.9690319315923277 1.8153108089675558
19414 10610594 -0.13935945550413686 -1.6459141329773948 0.63246 0.9690319315923277 1.8153108089675558
19415 11322591 3.096200489358349 -1.1445186511645655 0.6096 0.9690319315923277 1.8153108089675558
19415 10610594 -0.11130457829941998 -1.644333958972412 0.63246 0.9690319315923277 1.8153108089675558
19416 10610594 -0.0573706297118155 -1.636957464535685 0.63246 0.9690319315923277 1.8153108089675558
19416 11322591 3.1380616080316077 -1.1318971562985436 0.6096 0.9690319315923277 1.8153108089675558
19417 11322591 3.1769673951404256 -1.1120029356589205 0.6096 0.9690319315923277 1.8153108089675558
19417 10610594 -0.013463711569074333 -1.6330800776246603 0.63246 0.9690319315923277 1.8153108089675558
19418 10610594 0.0387266749175722 -1.625600531051046 0.6248400000000001 0.9690319315923277 1.8153108089675558
19418 11322591 3.2158731822492435 -1.0921087150192976 0.6096 0.9690319315923277 1.8153108089675558
19419 10610594 0.10999803122040164 -1.6222526466498353 0.6248400000000001 0.9690319315923277 1.8153108089675558
19419 11322591 3.2506369696299133 -1.0644962439702215 0.6096 0.9690319315923277 1.8153108089675558
19420 11322591 3.285400757010583 -1.0368837729211455 0.6096 0.9690319315923277 1.8153108089675558
19420 10610594 0.13970809939562723 -1.6156047498228956 0.6248400000000001 0.9690319315923277 1.8153108089675558
19421 10610594 0.20612884744910986 -1.61078790457047 0.6248400000000001 0.9690319315923277 1.8153108089675558
19421 11322591 3.3163995792575496 -1.0044797266833312 0.6096 0.9690319315923277 1.8153108089675558
19422 11322591 3.347398401504516 -0.9720756804455167 0.6096 0.9690319315923277 1.8153108089675558
19422 10610594 0.25658464927182656 -1.6058945662805277 0.6248400000000001 0.9690319315923277 1.8153108089675558
19423 10610594 0.30133723874960616 -1.6048620029156084 0.6248400000000001 0.9690319315923277 1.8153108089675558
19423 11322591 3.373021067658878 -0.9354641062864509 0.6096 0.9690319315923277 1.8153108089675558
19424 11322591 3.396569072869967 -0.8967737314435629 0.6096 0.9690319315923277 1.8153108089675558
19424 10610594 0.3706399738228183 -1.5950273137142479 0.6248400000000001 0.9690319315923277 1.8153108089675558
19425 10610594 0.4104956533557079 -1.593211890692022 0.622935 0.9690319315923277 1.8153108089675558
19425 11322591 3.4201170780810557 -0.8580833566006749 0.6096 0.9690319315923277 1.8153108089675558
19426 11322591 3.4359257784137327 -0.8178019526674246 0.6096 0.9690319315923277 1.8153108089675558
19426 10610594 0.4503513328885976 -1.5913964676697963 0.62103 0.9690319315923277 1.8153108089675558
19427 10610594 0.48925501884478284 -1.5895033121690787 0.6191249999999999 0.9690319315923277 1.8153108089675558
19427 11322591 3.454658780840144 -0.7767226176768506 0.6096 0.9690319315923277 1.8153108089675558
19428 11322591 3.4663412866623116 -0.7327584853061356 0.6096 0.9690319315923277 1.8153108089675558
19428 10610594 0.5281587048009682 -1.5876101566683614 0.61722 0.9690319315923277 1.8153108089675558
19429 11322591 3.4776621118726934 -0.6899028556445066 0.6096 0.9690319315923277 1.8153108089675558
19429 10610594 0.580277110593465 -1.5819729265054117 0.6248400000000001 0.9690319315923277 1.8153108089675558
19430 11322591 3.488982937083075 -0.6470472259828774 0.6096 0.9690319315923277 1.8153108089675558
19430 10610594 0.6532438435599062 -1.578590010800249 0.6248400000000001 0.9690319315923277 1.8153108089675558
19431 11322591 3.495678246181143 -0.602039705962897 0.6096 0.9690319315923277 1.8153108089675558
19431 10610594 0.6985003348361479 -1.5773693727986011 0.6248400000000001 0.9690319315923277 1.8153108089675558
19432 10610594 0.7556420268942752 -1.5710355249428907 0.6248400000000001 0.9690319315923277 1.8153108089675558
19432 11322591 3.5001658155299467 -0.5583559507491429 0.6096 0.9690319315923277 1.8153108089675558
19433 11322591 3.5046533848787504 -0.5146721955353887 0.6096 0.9690319315923277 1.8153108089675558
19433 10610594 0.8060962519454531 -1.5661383010773133 0.6248400000000001 0.9690319315923277 1.8153108089675558
19434 11322591 3.5059483753581846 -0.4698881826126222 0.57912 0.9690319315923277 1.8153108089675558
19434 10610594 0.8549986491757298 -1.5659909325071206 0.6248400000000001 0.9690319315923277 1.8153108089675558
19435 10610594 0.8929330359091445 -1.5632534911868399 0.6248400000000001 0.9690319315923277 1.8153108089675558
19435 11322591 3.5065200440893207 -0.4273211759274894 0.57912 0.9690319315923277 1.8153108089675558
19436 10610594 0.9308674226425594 -1.5605160498665591 0.6248400000000001 0.9690319315923277 1.8153108089675558
19436 11322591 3.501003099513108 -0.38545393268399997 0.57912 0.9690319315923277 1.8153108089675558
19437 10610594 0.972260605850458 -1.5561627710662762 0.6248400000000001 0.9690319315923277 1.8153108089675558
19437 11322591 3.4908664353875816 -0.3419622453465103 0.57912 0.9690319315923277 1.8153108089675558
19438 11322591 3.4755229007920723 -0.30191100537796617 0.57912 0.9690319315923277 1.8153108089675558
19438 10610594 1.022393167930447 -1.5511591518101688 0.6248400000000001 0.9690319315923277 1.8153108089675558
19439 10610594 1.068557725036217 -1.5457937654000184 0.6248400000000001 0.9690319315923277 1.8153108089675558
19439 11322591 3.460179366196563 -0.261859765409422 0.57912 0.9690319315923277 1.8153108089675558
19440 11322591 3.437277126735337 -0.22810254595182322 0.57912 0.9690319315923277 1.8153108089675558
19440 10610594 1.1472211781773825 -1.5442670770473337 0.6248400000000001 0.9690319315923277 1.8153108089675558
19441 10610594 1.1968909513538222 -1.544485063776491 0.6248400000000001 0.9690319315923277 1.8153108089675558
19441 11322591 3.4143748872741106 -0.1943453264942244 0.57912 0.9690319315923277 1.8153108089675558
19442 11322591 3.3812325276554294 -0.1636706969050418 0.57912 0.9690319315923277 1.8153108089675558
19442 10610594 1.2386531053995296 -1.536279001352623 0.6248400000000001 0.9690319315923277 1.8153108089675558
19443 11322591 3.3447763739235823 -0.13390015947408632 0.57912 0.9690319315923277 1.8153108089675558
19443 10610594 1.2763372764533594 -1.5378389677459363 0.6248400000000001 0.9690319315923277 1.8153108089675558
19444 11322591 3.3067355610484226 -0.10898562743622434 0.57912 0.9690319315923277 1.8153108089675558
19444 10610594 1.3545561620693054 -1.5311417053170289 0.63246 0.9690319315923277 1.8153108089675558
19445 11322591 3.2679370319719943 -0.08639330668815973 0.5638799999999999 0.9690319315923277 1.8153108089675558
19445 10610594 1.396062535141389 -1.5275241912026152 0.63246 0.9690319315923277 1.8153108089675558
19446 10610594 1.4601275177706066 -1.5230959989952153 0.63246 0.9690319315923277 1.8153108089675558
19446 11322591 3.229138502895566 -0.06380098594009512 0.54864 0.9690319315923277 1.8153108089675558
19447 10610594 1.504007532163539 -1.519552172712874 0.63246 0.9690319315923277 1.8153108089675558
19447 11322591 3.187411417131675 -0.05018169003372577 0.54864 0.9690319315923277 1.8153108089675558
19448 10610594 1.5438905290623182 -1.5162798335860175 0.63246 0.9690319315923277 1.8153108089675558
19448 11322591 3.144287215322464 -0.033769792375154234 0.54864 0.9690319315923277 1.8153108089675558
19449 11322591 3.101025771663651 -0.0169623490939719 0.54864 0.9690319315923277 1.8153108089675558
19449 10610594 1.5837735259610972 -1.513007494459161 0.63246 0.9690319315923277 1.8153108089675558
19450 10610594 1.6279521615206833 -1.5082754984920086 0.63246 0.9690319315923277 1.8153108089675558
19450 11322591 3.0578974766557634 -0.00790791548173611 0.54864 0.9690319315923277 1.8153108089675558
19451 10610594 1.6737554521916347 -1.5094475045515556 0.63246 0.9690319315923277 1.8153108089675558
19451 11322591 3.0128876880023348 -0.0008088639365168293 0.54864 0.9690319315923277 1.8153108089675558
19452 10610594 1.7465324491707224 -1.5096141602949442 0.63246 0.9690319315923277 1.8153108089675558
19452 11322591 2.967877899348906 0.006290187608702452 0.54864 0.9690319315923277 1.8153108089675558
19453 11322591 2.9233254467076275 0.01125449796962183 0.54864 0.9690319315923277 1.8153108089675558
19453 10610594 1.7787329565229526 -1.5130024554750596 0.6362700000000001 0.9690319315923277 1.8153108089675558
19454 10610594 1.8109334638751826 -1.5163907506551748 0.6400800000000001 0.9690319315923277 1.8153108089675558
19454 11322591 2.8801809000502567 0.012371796851794209 0.54864 0.9690319315923277 1.8153108089675558
19455 11322591 2.8379667665920403 0.016339670073841267 0.54864 0.9690319315923277 1.8153108089675558
19455 10610594 1.8723967791698595 -1.516658665561907 0.6400800000000001 0.9690319315923277 1.8153108089675558
19456 10610594 1.936874436047024 -1.5196625862119402 0.6400800000000001 0.9690319315923277 1.8153108089675558
19456 11322591 2.7961080423885627 0.02030857969930247 0.54864 0.9690319315923277 1.8153108089675558
19457 11322591 2.7558865799806833 0.020589159867871493 0.5181600000000001 0.9690319315923277 1.8153108089675558
19457 10610594 1.977418481749921 -1.52197755601867 0.6438900000000001 0.9690319315923277 1.8153108089675558
19458 11322591 2.71669999731298 0.02567207551628145 0.5181600000000001 0.9690319315923277 1.8153108089675558
19458 10610594 2.017962527452818 -1.5242925258253994 0.6477 0.9690319315923277 1.8153108089675558
19459 11322591 2.675445554291332 0.02442122683259043 0.5181600000000001 0.9690319315923277 1.8153108089675558
19459 10610594 2.0670545643526763 -1.528989089152489 0.6477 0.9690319315923277 1.8153108089675558
19460 10610594 2.112832721970673 -1.532953872233462 0.6477 0.9690319315923277 1.8153108089675558
19460 11322591 2.6358766366309667 0.023438136209778 0.5181600000000001 0.9690319315923277 1.8153108089675558
19461 10610594 2.1633575918218826 -1.5387016647934055 0.65532 0.9690319315923277 1.8153108089675558
19461 11322591 2.5963077189706016 0.022455045586965566 0.5181600000000001 0.9690319315923277 1.8153108089675558
19462 11322591 2.555236166431291 0.0206778387279892 0.5181600000000001 0.9690319315923277 1.8153108089675558
19462 10610594 2.207427064510835 -1.5424584761584377 0.65532 0.9690319315923277 1.8153108089675558
19463 10610594 2.270739292675393 -1.5471233381350713 0.65532 0.9690319315923277 1.8153108089675558
19463 11322591 2.5204932295779483 0.01829491044796558 0.5181600000000001 0.9690319315923277 1.8153108089675558
19464 11322591 2.485750292724606 0.015911982167941957 0.5181600000000001 0.9690319315923277 1.8153108089675558
19464 10610594 2.3068369709236562 -1.5535338898302655 0.65532 0.9690319315923277 1.8153108089675558
19465 11322591 2.4487170913953733 0.0180736653294917 0.48768 0.9690319315923277 1.8153108089675558
19465 10610594 2.3663283432198545 -1.5617400938447836 0.65532 0.9690319315923277 1.8153108089675558
19466 11322591 2.4127301995007766 0.016097363663124836 0.48768 0.9690319315923277 1.8153108089675558
19466 10610594 2.414915460229736 -1.5666199395995462 0.6629400000000001 0.9690319315923277 1.8153108089675558
19467 11322591 2.37674330760618 0.014121061996757972 0.48768 0.9690319315923277 1.8153108089675558
19467 10610594 2.477880728824779 -1.576426471883324 0.6629400000000001 0.9690319315923277 1.8153108089675558
19468 11322591 2.3411812202785196 0.013174570133349162 0.48768 0.9690319315923277 1.8153108089675558
19468 10610594 2.5269380192303146 -1.581225408607421 0.65532 0.9690319315923277 1.8153108089675558
19469 11322591 2.3056191329508593 0.012228078269940351 0.48768 0.9690319315923277 1.8153108089675558
19469 10610594 2.5899032664024046 -1.591030941739392 0.65532 0.9690319315923277 1.8153108089675558
19470 11322591 2.270051031874586 0.010991740242118991 0.48768 0.9690319315923277 1.8153108089675558
19470 10610594 2.64410778070567 -1.5993782100152922 0.65532 0.9690319315923277 1.8153108089675558
19471 11322591 2.2355740521847975 0.012553415053151301 0.45720000000000005 0.9690319315923277 1.8153108089675558
19471 10610594 2.6669210758828195 -1.6034951285990966 0.65532 0.9690319315923277 1.8153108089675558
19472 10610594 2.6897343710599695 -1.607612047182901 0.65532 0.9690319315923277 1.8153108089675558
19472 11322591 2.199948745000322 0.011686614719489563 0.45720000000000005 0.9690319315923277 1.8153108089675558
19473 11322591 2.1643234378158462 0.010819814385827825 0.45720000000000005 0.9690319315923277 1.8153108089675558
19473 10610594 2.763237081883489 -1.6205049127368427 0.65532 0.9690319315923277 1.8153108089675558
19474 11322591 2.1296739811100758 0.011854183669717716 0.45720000000000005 0.9690319315923277 1.8153108089675558
19474 10610594 2.8396766533840183 -1.6312015227080312 0.6477 0.9690319315923277 1.8153108089675558
19475 10610594 2.8848910054019 -1.6382482182194753 0.6477 0.9690319315923277 1.8153108089675558
19475 11322591 2.0946464417447874 0.013362635567326114 0.45720000000000005 0.9690319315923277 1.8153108089675558
19476 11322591 2.06082728433775 0.013133278747127997 0.44196 0.9690319315923277 1.8153108089675558
19476 10610594 2.9161385268291813 -1.6431895419410096 0.6477 0.9690319315923277 1.8153108089675558
19477 10610594 2.99484813495667 -1.6550925781178005 0.6477 0.9690319315923277 1.8153108089675558
19477 11322591 2.0270081269307125 0.012903921926929879 0.42672000000000004 0.9690319315923277 1.8153108089675558
19478 10610594 3.0485245229089335 -1.6647829559603915 0.6477 0.9690319315923277 1.8153108089675558
19478 11322591 2.0091150931916575 0.012497205070171671 0.42672000000000004 0.9690319315923277 1.8153108089675558
19479 11322591 1.9912220594526024 0.012090488213413464 0.42672000000000004 0.9690319315923277 1.8153108089675558
19479 10610594 3.0908014010320866 -1.675659046953483 0.6477 0.9690319315923277 1.8153108089675558
19480 11322591 1.928329133446424 0.009849299320867339 0.42672000000000004 0.9690319315923277 1.8153108089675558
19480 10610594 3.1314569428770276 -1.683611006701975 0.6477 0.9690319315923277 1.8153108089675558
19481 10610594 3.1721124847219686 -1.6915629664504672 0.6477 0.9690319315923277 1.8153108089675558
19481 11322591 1.8953341736678455 0.00806644965921531 0.42672000000000004 0.9690319315923277 1.8153108089675558
19482 10610594 3.2235050277151274 -1.7055296420014934 0.6477 0.9690319315923277 1.8153108089675558
19482 11322591 1.862339213889267 0.006283599997563283 0.42672000000000004 0.9690319315923277 1.8153108089675558
19483 11322591 1.8298220801687033 0.007323859364170737 0.42672000000000004 0.9690319315923277 1.8153108089675558
19483 10610594 3.30926623423548 -1.7203141912718374 0.6477 0.9690319315923277 1.8153108089675558
19484 10610594 3.3319940241615407 -1.7234665332473074 0.6477 0.9690319315923277 1.8153108089675558
19484 11322591 1.7974190330656667 0.0076260650667931695 0.39624000000000004 0.9690319315923277 1.8153108089675558
19485 10610594 3.3547218140876014 -1.7266188752227773 0.6477 0.9690319315923277 1.8153108089675558
19485 11322591 1.764521383812144 0.005870320091779929 0.39624000000000004 0.9690319315923277 1.8153108089675558
19486 10610594 3.428197010762336 -1.723258997361946 0.6477 0.9690319315923277 1.8153108089675558
19486 11322591 1.7311766951497969 0.004377536045344882 0.39624000000000004 0.9690319315923277 1.8153108089675558
19487 10610594 3.4495269857654467 -1.7232098743567847 0.6477 0.9690319315923277 1.8153108089675558
19487 11322591 1.6988882404272478 0.004759545713287822 0.39624000000000004 0.9690319315923277 1.8153108089675558
19488 11322591 1.6673269517030738 0.003969670885698343 0.39624000000000004 0.9690319315923277 1.8153108089675558
19488 10610594 3.527743228373419 -1.7066778315157858 0.6400800000000001 0.9690319315923277 1.8153108089675558
19489 10610594 3.5790003745247754 -1.6856714234527663 0.6400800000000001 0.9690319315923277 1.8153108089675558
19489 11322591 1.6357656629789 0.0031797960581088636 0.39624000000000004 0.9690319315923277 1.8153108089675558
19490 10610594 3.6182939208814506 -1.6713912978804542 0.6400800000000001 0.9690319315923277 1.8153108089675558
19490 11322591 1.603097803782948 0.0024011373408801967 0.39624000000000004 0.9690319315923277 1.8153108089675558
19491 10610594 3.670137631762903 -1.6445016778801664 0.6400800000000001 0.9690319315923277 1.8153108089675558
19491 11322591 1.570429944586996 0.0016224786236515298 0.39624000000000004 0.9690319315923277 1.8153108089675558
19492 10610594 3.720069450393449 -1.6078183994621364 0.6362700000000001 0.9690319315923277 1.8153108089675558
19492 11322591 1.5382447286066516 0.0023219033434092734 0.36576 0.9690319315923277 1.8153108089675558
19493 10610594 3.770001269023995 -1.5711351210441065 0.63246 0.9690319315923277 1.8153108089675558
19493 11322591 1.505852599243045 0.0023881072338354514 0.36576 0.9690319315923277 1.8153108089675558
19494 11322591 1.475232999243836 0.00380312105861743 0.36576 0.9690319315923277 1.8153108089675558
19494 10610594 3.8117453628715126 -1.5330069361395535 0.6248400000000001 0.9690319315923277 1.8153108089675558
19495 10610594 3.8454770919916057 -1.5003829709935002 0.62103 0.9690319315923277 1.8153108089675558
19495 11322591 1.444613399244627 0.0052181348833994085 0.36576 0.9690319315923277 1.8153108089675558
19496 11322591 1.4150782187346547 0.004176445630147799 0.36576 0.9690319315923277 1.8153108089675558
19496 10610594 3.879208821111699 -1.4677590058474468 0.61722 0.9690319315923277 1.8153108089675558
19497 11322591 1.3855430382246823 0.0031347563768961903 0.36576 0.9690319315923277 1.8153108089675558
19497 10610594 3.922997604212952 -1.4179157726032214 0.6096 0.9690319315923277 1.8153108089675558
19498 10610594 3.9566587775456017 -1.3727115855960976 0.60198 0.9690319315923277 1.8153108089675558
19498 11322591 1.35600785771471 0.0020930671236445812 0.36576 0.9690319315923277 1.8153108089675558
19499 10610594 3.990319950878251 -1.3275073985889736 0.59436 0.9690319315923277 1.8153108089675558
19499 11322591 1.3264726772047377 0.0010513778703929721 0.36576 0.9690319315923277 1.8153108089675558
19500 11322591 1.3021334020422943 0.0010776855445541976 0.36576 0.9690319315923277 1.8153108089675558
19500 10610594 4.0017246464896665 -1.309968576717124 0.59436 0.9690319315923277 1.8153108089675558
19501 10610594 4.039590442535069 -1.2428909225667324 0.58674 0.9690319315923277 1.8153108089675558
19501 11322591 1.277794126879851 0.0011039932187154229 0.36576 0.9690319315923277 1.8153108089675558
19502 11322591 1.2534548517174076 0.0011303008928766484 0.36576 0.9690319315923277 1.8153108089675558
19502 10610594 4.0812443376506495 -1.164199973818006 0.57912 0.9690319315923277 1.8153108089675558
19503 10610594 4.093197396189728 -1.1362687914410552 0.57531 0.9690319315923277 1.8153108089675558
19503 11322591 1.2291155765549642 0.0011566085670378738 0.36576 0.9690319315923277 1.8153108089675558
19504 10610594 4.105150454728807 -1.1083376090641046 0.5715 0.9690319315923277 1.8153108089675558
19504 11322591 1.2047763013925208 0.001182916241199099 0.36576 0.9690319315923277 1.8153108089675558
19505 10610594 4.128953482185278 -1.051974369246594 0.56388 0.9690319315923277 1.8153108089675558
19505 11322591 1.1804370262300774 0.0012092239153603246 0.36576 0.9690319315923277 1.8153108089675558
19506 10610594 4.152579109164315 -0.9795504265428868 0.56388 0.9690319315923277 1.8153108089675558
19506 11322591 1.158587538962038 0.000928697500214265 0.36576 0.9690319315923277 1.8153108089675558
19507 10610594 4.165781856084476 -0.9220653946813919 0.5600700000000001 0.9690319315923277 1.8153108089675558
19507 11322591 1.1367380516939982 0.0006481710850682054 0.36576 0.9690319315923277 1.8153108089675558
19508 10610594 4.178984603004637 -0.864580362819897 0.55626 0.9690319315923277 1.8153108089675558
19508 11322591 1.1163680652863512 0.0008190278662015757 0.36576 0.9690319315923277 1.8153108089675558
19509 10610594 4.185506529683544 -0.8119244722717022 0.55626 -0.06844913464651836 2.0566212421265475
19509 11322591 1.0959980788787043 0.000989884647334946 0.36576 -0.06844913464651836 2.0566212421265475
19510 10610594 4.191133153618145 -0.7620135368531735 0.54864 -0.06844913464651836 2.0566212421265475
19510 11322591 1.0773317651926893 0.0022982338150642143 0.36576 -0.06844913464651836 2.0566212421265475
19511 10610594 4.1957851907227735 -0.7123687000646218 0.54864 -0.06844913464651836 2.0566212421265475
19511 11322591 1.0586654515066742 0.0036065829827934826 0.36576 -0.06844913464651836 2.0566212421265475
19512 11322591 1.041325784068395 0.004218787642125341 0.36576 -0.06844913464651836 2.0566212421265475
19512 10610594 4.19580487694082 -0.6633152386267981 0.54864 -0.06844913464651836 2.0566212421265475
19513 10610594 4.19257994422968 -0.5861034834824037 0.54102 -0.06844913464651836 2.0566212421265475
19513 11322591 1.0239861166301159 0.004830992301457199 0.36576 -0.06844913464651836 2.0566212421265475
19514 10610594 4.1821676643098105 -0.5336467166290148 0.54102 -0.06844913464651836 2.0566212421265475
19514 11322591 1.0066464491918365 0.005443196960789057 0.36576 -0.06844913464651836 2.0566212421265475
19515 10610594 4.17519645311849 -0.4788081478577023 0.54102 -0.06844913464651836 2.0566212421265475
19515 11322591 0.9893067817535574 0.006055401620120915 0.36576 -0.06844913464651836 2.0566212421265475
19516 10610594 4.166159052009264 -0.43030401997535306 0.54102 -0.06844913464651836 2.0566212421265475
19516 11322591 0.9734206056529395 0.004547564535892362 0.36576 -0.06844913464651836 2.0566212421265475
19517 10610594 4.148408281193498 -0.38129335466052106 0.54102 -0.06844913464651836 2.0566212421265475
19517 11322591 0.9575344295523217 0.0030397274516638095 0.36576 -0.06844913464651836 2.0566212421265475
19518 11322591 0.9416482534517039 0.0015318903674352569 0.36576 -0.06844913464651836 2.0566212421265475
19518 10610594 4.131563696575951 -0.33222774950455913 0.5334 -0.06844913464651836 2.0566212421265475
19519 10610594 4.112652436160279 -0.2973225886951627 0.5334 -0.06844913464651836 2.0566212421265475
19519 11322591 0.9264111687982672 0.003823080984796723 0.36576 -0.06844913464651836 2.0566212421265475
19520 11322591 0.9117316823415698 0.0010254194541588213 0.36576 -0.06844913464651836 2.0566212421265475
19520 10610594 4.093741175744608 -0.26241742788576633 0.5334 -0.06844913464651836 2.0566212421265475
19521 10610594 4.06437185899086 -0.21942752701435286 0.52959 -0.06844913464651836 2.0566212421265475
19521 11322591 0.8987076089517435 0.003294592736551194 0.36576 -0.06844913464651836 2.0566212421265475
19522 10610594 4.035002542237112 -0.17643762614293937 0.52578 -0.06844913464651836 2.0566212421265475
19522 11322591 0.8867193506182962 0.0032977384835212523 0.36576 -0.06844913464651836 2.0566212421265475
19523 11322591 0.8747310922848489 0.0033008842304913105 0.36576 -0.06844913464651836 2.0566212421265475
19523 10610594 4.00466860162703 -0.14422967283088764 0.52578 -0.06844913464651836 2.0566212421265475
19524 11322591 0.860890553350846 0.0027993931326774912 0.36576 -0.06844913464651836 2.0566212421265475
19524 10610594 3.9661745898510716 -0.10573789131605063 0.52578 -0.06844913464651836 2.0566212421265475
19525 10610594 3.9268049185753116 -0.07700585838399324 0.5181600000000001 -0.06844913464651836 2.0566212421265475
19525 11322591 0.8500900719830702 0.003991667908918403 0.36576 -0.06844913464651836 2.0566212421265475
19526 11322591 0.8420404066321402 0.003817880534289844 0.36576 -0.06844913464651836 2.0566212421265475
19526 10610594 3.888302467857197 -0.05731737777341153 0.5181600000000001 -0.06844913464651836 2.0566212421265475
19527 11322591 0.834163183531329 0.004171893000952415 0.36576 -0.06844913464651836 2.0566212421265475
19527 10610594 3.838796180525712 -0.03216908716475056 0.5181600000000001 -0.06844913464651836 2.0566212421265475
19528 10610594 3.7895818508770054 -0.019731376883762614 0.51054 -0.06844913464651836 2.0566212421265475
19528 11322591 0.8213333808724874 0.005676769980681853 0.36576 -0.06844913464651836 2.0566212421265475
19529 10610594 3.748943160266389 -0.008222667446843773 0.51054 -0.06844913464651836 2.0566212421265475
19529 11322591 0.8152799225868393 0.00672002089665608 0.36576 -0.06844913464651836 2.0566212421265475
19530 10610594 3.696504918117199 -0.0002224574141393154 0.50292 -0.06844913464651836 2.0566212421265475
19530 11322591 0.8092264643011912 0.007763271812630307 0.36576 -0.06844913464651836 2.0566212421265475
19531 10610594 3.6347109119022036 0.007677267515045133 0.4953 -0.06844913464651836 2.0566212421265475
19531 11322591 0.8031730060155431 0.008806522728604535 0.36576 -0.06844913464651836 2.0566212421265475
19532 11322591 0.8004447222384824 0.009697947868629972 0.36576 -0.06844913464651836 2.0566212421265475
19532 10610594 3.5859028435669265 0.0074848460248740645 0.48768 -0.06844913464651836 2.0566212421265475
19533 10610594 3.5477427343842214 0.0065922584064575795 0.485775 -0.06844913464651836 2.0566212421265475
19533 11322591 0.7956301046502929 0.011271053636009595 0.36576 -0.06844913464651836 2.0566212421265475
19534 10610594 3.509582625201516 0.005699670788041095 0.48387 -0.06844913464651836 2.0566212421265475
19534 11322591 0.7956385341677517 0.011289253203590803 0.36576 -0.06844913464651836 2.0566212421265475
19535 11322591 0.7956469636852103 0.011307452771172012 0.36576 -0.06844913464651836 2.0566212421265475
19535 10610594 3.4599224258869974 0.004530526468529833 0.478155 -0.06844913464651836 2.0566212421265475
19536 10610594 3.4102622265724793 0.0033613821490185714 0.47243999999999997 -0.06844913464651836 2.0566212421265475
19536 11322591 0.795655393202669 0.01132565233875322 0.36576 -0.06844913464651836 2.0566212421265475
19537 11322591 0.7956638227201276 0.011343851906334428 0.36576 -0.06844913464651836 2.0566212421265475
19537 10610594 3.340333761024479 0.0021200485420624637 0.46482000000000007 -0.06844913464651836 2.0566212421265475
19538 10610594 3.2802651083519834 0.00034803801408841983 0.45720000000000005 -0.06844913464651836 2.0566212421265475
19538 11322591 0.7956722522375863 0.011362051473915637 0.36576 -0.06844913464651836 2.0566212421265475
19539 11322591 0.7956806817550449 0.011380251041496845 0.36576 -0.06844913464651836 2.0566212421265475
19539 10610594 3.253292690343048 0.0006823711857051606 0.45720000000000005 -0.06844913464651836 2.0566212421265475
19540 10610594 3.226320272334113 0.0010167043573219015 0.45720000000000005 -0.06844913464651836 2.0566212421265475
19540 11322591 0.7956891112725036 0.011398450609078055 0.36576 -0.06844913464651836 2.0566212421265475
19541 11322591 0.7956975407899622 0.011416650176659262 0.36576 -0.06844913464651836 2.0566212421265475
19541 10610594 3.1758607423339784 0.0014826762704956697 0.44958000000000004 -0.06844913464651836 2.0566212421265475
19542 10610594 3.127616335566752 0.0060153930370526465 0.44958000000000004 -0.06844913464651836 2.0566212421265475
19542 11322591 0.795705970307421 0.01143484974424047 0.36576 -0.06844913464651836 2.0566212421265475
19543 11322591 0.7957143998248796 0.01145304931182168 0.36576 -0.06844913464651836 2.0566212421265475
19543 10610594 3.0768021779106602 0.008116378648740569 0.44196 -0.06844913464651836 2.0566212421265475
19544 11322591 0.7957228293423383 0.011471248879402887 0.36576 -0.06844913464651836 2.0566212421265475
19544 10610594 3.0230283188175324 0.007679323571523983 0.44196 -0.06844913464651836 2.0566212421265475
19545 11322591 0.7957312588597969 0.011489448446984095 0.36576 -0.06844913464651836 2.0566212421265475
19545 10610594 2.9742087631158842 0.009363547291720148 0.44196 -0.06844913464651836 2.0566212421265475
19546 11322591 0.7957396883772556 0.011507648014565304 0.36576 -0.06844913464651836 2.0566212421265475
19546 10610594 2.925319226683593 0.009201862298336722 0.44196 -0.06844913464651836 2.0566212421265475
19547 10610594 2.881313139744334 0.00767996608537122 0.43434000000000006 -0.06844913464651836 2.0566212421265475
19547 11322591 0.7957481178947142 0.011525847582146512 0.36576 -0.06844913464651836 2.0566212421265475
19548 11322591 0.7957565474121729 0.01154404714972772 0.36576 -0.06844913464651836 2.0566212421265475
19548 10610594 2.8323544963077882 0.007307786477967232 0.43434000000000006 -0.06844913464651836 2.0566212421265475
19549 11322591 0.7957649769296316 0.01156224671730893 0.36576 -0.06844913464651836 2.0566212421265475
19549 10610594 2.788348228792532 0.005786465849143635 0.43434000000000006 -0.06844913464651836 2.0566212421265475
19550 11322591 0.7957734064470903 0.011580446284890137 0.36576 -0.06844913464651836 2.0566212421265475
19550 10610594 2.7447086280345694 0.004028869671210938 0.42672000000000004 -0.06844913464651836 2.0566212421265475
19551 11322591 0.7957818359645489 0.011598645852471345 0.36576 -0.06844913464651836 2.0566212421265475
19551 10610594 2.695933340229759 0.003948134201661041 0.42672000000000004 -0.06844913464651836 2.0566212421265475
19552 11322591 0.7957902654820076 0.011616845420052554 0.36576 -0.06844913464651836 2.0566212421265475
19552 10610594 2.660032946772185 0.0022344940876672936 0.42672000000000004 -0.06844913464651836 2.0566212421265475
19553 11322591 0.7957986949994662 0.011635044987633762 0.36576 -0.06844913464651836 2.0566212421265475
19553 10610594 2.6241325533146105 0.0005208539736735462 0.42672000000000004 -0.06844913464651836 2.0566212421265475
19554 11322591 0.7958071245169249 0.011653244555214971 0.36576 -0.06844913464651836 2.0566212421265475
19554 10610594 2.5820322496692354 0.0037520643131586373 0.41910000000000003 -0.06844913464651836 2.0566212421265475
19555 10610594 2.5354921266297445 0.0031763675407991965 0.41910000000000003 -0.06844913464651836 2.0566212421265475
19555 11322591 0.7958155540343835 0.011671444122796179 0.36576 -0.06844913464651836 2.0566212421265475
19556 11322591 0.7958239835518423 0.011689643690377387 0.36576 -0.06844913464651836 2.0566212421265475
19556 10610594 2.4889520035902537 0.0026006707684397556 0.41910000000000003 -0.06844913464651836 2.0566212421265475
19557 10610594 2.452420641092019 0.0008603455307542862 0.41529000000000005 -0.06844913464651836 2.0566212421265475
19557 11322591 0.7958324130693009 0.011707843257958596 0.36576 -0.06844913464651836 2.0566212421265475
19558 10610594 2.4158892785937844 -0.0008799797069311832 0.41148 -0.06844913464651836 2.0566212421265475
19558 11322591 0.7958408425867596 0.011726042825539804 0.36576 -0.06844913464651836 2.0566212421265475
19559 10610594 2.347793939277258 -2.4100789093345343e-05 0.41148 -0.06844913464651836 2.0566212421265475
19559 11322591 0.7958492721042183 0.011744242393121012 0.36576 -0.06844913464651836 2.0566212421265475
19560 10610594 2.3051503351061404 -0.0028053991772122033 0.40386 -0.06844913464651836 2.0566212421265475
19560 11322591 0.7958577016216769 0.011762441960702221 0.36576 -0.06844913464651836 2.0566212421265475
19561 11322591 0.7958661311391356 0.011780641528283429 0.36576 -0.06844913464651836 2.0566212421265475
19561 10610594 2.266397254072939 -0.00019810358784780324 0.40386 -0.06844913464651836 2.0566212421265475
19562 10610594 2.2217931707051695 -0.0024556256263295884 0.39624000000000004 -0.06844913464651836 2.0566212421265475
19562 11322591 0.7958745606565942 0.011798841095864637 0.36576 -0.06844913464651836 2.0566212421265475
19563 11322591 0.795882990174053 0.011817040663445846 0.36576 -0.06844913464651836 2.0566212421265475
19563 10610594 2.177926435066518 0.000536877507624961 0.39624000000000004 -0.06844913464651836 2.0566212421265475
19564 10610594 2.141118833738819 -0.002046454926052127 0.39624000000000004 -0.06844913464651836 2.0566212421265475
19564 11322591 0.7958914196915116 0.011835240231027054 0.36576 -0.06844913464651836 2.0566212421265475
19565 11322591 0.7958998492089703 0.011853439798608263 0.36576 -0.06844913464651836 2.0566212421265475
19565 10610594 2.1000825536806316 -0.0012627983263670817 0.39624000000000004 -0.06844913464651836 2.0566212421265475
19566 11322591 0.7959082787264289 0.011871639366189471 0.36576 -0.06844913464651836 2.0566212421265475
19566 10610594 2.0546203606089932 -0.00043546375509831425 0.38862 -0.06844913464651836 2.0566212421265475
19567 11322591 0.7959167082438876 0.011889838933770679 0.36576 -0.06844913464651836 2.0566212421265475
19567 10610594 1.99990398737123 -0.0010249836460972661 0.38862 -0.06844913464651836 2.0566212421265475
19568 11322591 0.7959251377613462 0.011908038501351888 0.36576 -0.06844913464651836 2.0566212421265475
19568 10610594 1.9688551269796282 0.0007034052051707596 0.381 -0.06844913464651836 2.0566212421265475
19569 10610594 1.924778288573415 -0.0010236933647807533 0.381 -0.06844913464651836 2.0566212421265475
19569 11322591 0.7959335672788049 0.011926238068933096 0.36576 -0.06844913464651836 2.0566212421265475
19570 11322591 0.7959419967962635 0.011944437636514304 0.36576 -0.06844913464651836 2.0566212421265475
19570 10610594 1.8923521227539961 -0.0010647427648422941 0.381 -0.06844913464651836 2.0566212421265475
19571 10610594 1.859925956934577 -0.001105792164903835 0.381 -0.06844913464651836 2.0566212421265475
19571 11322591 0.7959504263137223 0.011962637204095513 0.36576 -0.06844913464651836 2.0566212421265475
19572 10610594 1.8120560623088684 0.0005092870892648982 0.37338 -0.06844913464651836 2.0566212421265475
19572 11322591 0.7959588558311809 0.01198083677167672 0.36576 -0.06844913464651836 2.0566212421265475
19573 10610594 1.774047198620631 0.0024087501506896702 0.37338 -0.06844913464651836 2.0566212421265475
19573 11322591 0.7959672853486396 0.011999036339257928 0.36576 -0.06844913464651836 2.0566212421265475
19574 10610594 1.7343144572889901 -0.0009696918890804429 0.36576 -0.06844913464651836 2.0566212421265475
19574 11322591 0.7959757148660982 0.012017235906839138 0.36576 -0.06844913464651836 2.0566212421265475
19575 10610594 1.7074172612404006 0.0023243800885949517 0.36576 -0.06844913464651836 2.0566212421265475
19575 11322591 0.7959841443835569 0.012035435474420346 0.36576 -0.06844913464651836 2.0566212421265475
19576 10610594 1.6527358694068002 0.003478215903678611 0.36576 -0.06844913464651836 2.0566212421265475
19576 11322591 0.7959925739010155 0.012053635042001553 0.36576 -0.06844913464651836 2.0566212421265475
19577 10610594 1.617190570284029 0.003405598401996973 0.35814000000000007 -0.06844913464651836 2.0566212421265475
19577 11322591 0.7960010034184742 0.012071834609582763 0.36576 -0.06844913464651836 2.0566212421265475
19578 10610594 1.5741913576277615 0.0022630777356278525 0.35814000000000007 -0.06844913464651836 2.0566212421265475
19578 11322591 0.7960094329359328 0.01209003417716397 0.36576 -0.06844913464651836 2.0566212421265475
19579 10610594 1.5343090342192185 -0.001299160534795854 0.35814000000000007 -0.06844913464651836 2.0566212421265475
19579 11322591 0.7960178624533916 0.012108233744745178 0.36576 -0.06844913464651836 2.0566212421265475
19580 11322591 0.7960262919708502 0.012126433312326388 0.36576 -0.06844913464651836 2.0566212421265475
19580 10610594 1.4969756250433648 -0.0003198902804363857 0.35052000000000005 -0.06844913464651836 2.0566212421265475
19581 10610594 1.4462840651533102 0.0008172390065544211 0.35052000000000005 -0.06844913464651836 2.0566212421265475
19581 11322591 0.7960347214883089 0.012144632879907595 0.36576 -0.06844913464651836 2.0566212421265475
19582 11322591 0.7960431510057675 0.012162832447488805 0.36576 -0.06844913464651836 2.0566212421265475
19582 10610594 1.4265051831360316 0.0014367060978762863 0.35052000000000005 -0.06844913464651836 2.0566212421265475
19583 10610594 1.3847656849882 -0.0012845016132526088 0.35052000000000005 -0.06844913464651836 2.0566212421265475
19583 11322591 0.7960515805232262 0.012181032015070013 0.36576 -0.06844913464651836 2.0566212421265475
19584 10610594 1.3455526366266264 0.00101043500154388 0.34290000000000004 -0.06844913464651836 2.0566212421265475
19584 11322591 0.7960600100406849 0.01219923158265122 0.36576 -0.06844913464651836 2.0566212421265475
19585 11322591 0.7960684395581435 0.01221743115023243 0.36576 -0.06844913464651836 2.0566212421265475
19585 10610594 1.3053697758946694 -0.00011580007806535897 0.34290000000000004 -0.06844913464651836 2.0566212421265475
19586 10610594 1.2651869151627124 -0.001242035157674598 0.34290000000000004 -0.06844913464651836 2.0566212421265475
19586 11322591 0.7960768690756023 0.012235630717813637 0.36576 -0.06844913464651836 2.0566212421265475
19587 11322591 0.7960852985930609 0.012253830285394845 0.36576 -0.06844913464651836 2.0566212421265475
19587 10610594 1.2250040544307554 -0.002368270237283837 0.34290000000000004 -0.06844913464651836 2.0566212421265475
19588 11322591 0.7960937281105196 0.012272029852976055 0.36576 -0.06844913464651836 2.0566212421265475
19588 10610594 1.2082782157859095 0.0021610506909127275 0.34290000000000004 -0.06844913464651836 2.0566212421265475
19589 10610594 1.1711665380058522 0.0013755916534764004 0.34290000000000004 -0.06844913464651836 2.0566212421265475
19589 11322591 0.7961021576279782 0.012290229420557262 0.36576 -0.06844913464651836 2.0566212421265475
19590 10610594 1.134054860225795 0.0005901326160400733 0.34290000000000004 -0.06844913464651836 2.0566212421265475
19590 11322591 0.7961105871454369 0.01230842898813847 0.36576 -0.06844913464651836 2.0566212421265475
19591 10610594 1.101226527999261 0.0006836964528392775 0.34290000000000004 -0.06844913464651836 2.0566212421265475
19591 11322591 0.7961190166628955 0.01232662855571968 0.36576 -0.06844913464651836 2.0566212421265475
19592 11322591 0.7961274461803542 0.012344828123300887 0.36576 -0.06844913464651836 2.0566212421265475
19592 10610594 1.0739807322951531 -0.0011632191754750443 0.34290000000000004 -0.06844913464651836 2.0566212421265475
19593 10610594 1.041117833229579 -0.0011749367646736453 0.34290000000000004 -0.06844913464651836 2.0566212421265475
19593 11322591 0.7961358756978129 0.012363027690882097 0.36576 -0.06844913464651836 2.0566212421265475
19594 10610594 1.0193206265663828 -0.00047913569881468526 0.34290000000000004 -0.06844913464651836 2.0566212421265475
19595 10610594 0.9975234199031868 0.00021666536704427475 0.34290000000000004 -0.06844913464651836 2.0566212421265475
19596 10610594 0.9624745728174068 0.0007638379395068692 0.34290000000000004 -0.06844913464651836 2.0566212421265475
19597 10610594 0.9274257257316267 0.0013110105119694636 0.34290000000000004 -0.06844913464651836 2.0566212421265475
19598 10610594 0.8923768786458467 0.001858183084432058 0.34290000000000004 -0.06844913464651836 2.0566212421265475
19599 10610594 0.8722963452249433 0.0015029284065370212 0.34290000000000004 -0.06844913464651836 2.0566212421265475
19600 10610594 0.8522158118040398 0.0011476737286419847 0.34290000000000004 -0.06844913464651836 2.0566212421265475
19601 10610594 0.8321352783831364 0.0007924190507469482 0.34290000000000004 -0.06844913464651836 2.0566212421265475
19602 10610594 0.812054744962233 0.00043716437285191154 0.34290000000000004 -0.06844913464651836 2.0566212421265475
19603 10610594 0.7919742115413295 8.190969495687483e-05 0.34290000000000004 -0.06844913464651836 2.0566212421265475
19604 10610594 0.7758185088522573 0.0009211662850748814 0.34290000000000004 -0.06844913464651836 2.0566212421265475
19605 10610594 0.759662806163185 0.001760422875192888 0.34290000000000004 -0.06844913464651836 2.0566212421265475
19606 10610594 0.7312931760407728 0.0002818847340262387 0.34290000000000004 -0.06844913464651836 2.0566212421265475
19607 10610594 0.7142420961750211 1.1886105051678308e-05 0.34290000000000004 -0.06844913464651836 2.0566212421265475
