18087 11259177 5.7735633290595825 0.09380382560891651 0.67056 1.6958058802865736 3.176793915693223
18088 11259177 5.700391141888404 0.0899202762300366 0.67056 1.6958058802865736 3.176793915693223
18089 11259177 5.627218954717225 0.08603672685115668 0.67056 1.6958058802865736 3.176793915693223
18090 11259177 5.554030303640157 0.08618962820884832 0.67056 1.6958058802865736 3.176793915693223
18091 11259177 5.480841652563088 0.08634252956653996 0.67056 1.6958058802865736 3.176793915693223
18092 11259177 5.410874327374651 0.08684770053955346 0.67056 1.6958058802865736 3.176793915693223
18093 11259177 5.340516997573026 0.08724707179387434 0.67056 1.6958058802865736 3.176793915693223
18094 11259177 5.268280306662322 0.0905960573525236 0.67056 1.6958058802865736 3.176793915693223
18095 11259177 5.1968220524298605 0.09129768649482947 0.6553200000000001 1.6958058802865736 3.176793915693223
18096 11259177 5.1253637981974 0.09199931563713534 0.6400800000000001 1.6958058802865736 3.176793915693223
18097 11259177 5.053310183828968 0.09564105588428648 0.6400800000000001 1.6958058802865736 3.176793915693223
18098 11259177 4.980796816053027 0.09651326097180743 0.6400800000000001 1.6958058802865736 3.176793915693223
18099 11259177 4.909064814782253 0.10250443138261275 0.6400800000000001 1.6958058802865736 3.176793915693223
18100 11259177 4.839784846986412 0.1051267641397565 0.6400800000000001 1.6958058802865736 3.176793915693223
18101 11259177 4.767661816212293 0.10856025944109601 0.6400800000000001 1.6958058802865736 3.176793915693223
18102 11259177 4.694815465577645 0.10977740820381174 0.6400800000000001 1.6958058802865736 3.176793915693223
18103 11259177 4.625673095246391 0.11364202315182367 0.6400800000000001 1.6958058802865736 3.176793915693223
18104 11259177 4.556530724915137 0.11750663809983561 0.6400800000000001 1.6958058802865736 3.176793915693223
18105 11259177 4.483660820963887 0.11838305791299794 0.6400800000000001 1.6958058802865736 3.176793915693223
18106 11259177 4.415137702358912 0.12333217986525477 0.6400800000000001 1.6958058802865736 3.176793915693223
18107 11259177 4.346144341213986 0.12820204455458736 0.6400800000000001 1.6958058802865736 3.176793915693223
18108 11259177 4.277150980069059 0.13307190924391996 0.6400800000000001 1.6958058802865736 3.176793915693223
18109 11259177 4.207215366384425 0.13369453535041417 0.6400800000000001 1.6958058802865736 3.176793915693223
18110 11259177 4.137062718800022 0.1363743916322437 0.6400800000000001 1.6958058802865736 3.176793915693223
18111 11259177 4.068344071543105 0.1412739935149174 0.6400800000000001 1.6958058802865736 3.176793915693223
18112 11259177 3.9996254242861884 0.1461735953975911 0.6400800000000001 1.6958058802865736 3.176793915693223
18113 11259177 3.931274615992275 0.15329036591255848 0.6400800000000001 1.6958058802865736 3.176793915693223
18114 11259177 3.862716225363952 0.1581392665904164 0.6400800000000001 1.6958058802865736 3.176793915693223
18115 11259177 3.793756477347482 0.16312008923002605 0.6400800000000001 1.6958058802865736 3.176793915693223
18116 11259177 3.724796729331012 0.1681009118696357 0.6400800000000001 1.6958058802865736 3.176793915693223
18117 11259177 3.656037389111021 0.17301761248161537 0.6400800000000001 1.6958058802865736 3.176793915693223
18118 11259177 3.5872780488910303 0.17793431309359506 0.6400800000000001 1.6958058802865736 3.176793915693223
18119 11259177 3.5207252066988826 0.1821318626327689 0.6400800000000001 1.6958058802865736 3.176793915693223
18120 11259177 3.453815475540919 0.18387656520855652 0.6400800000000001 1.6958058802865736 3.176793915693223
18121 11259177 3.3850043144204367 0.18904598700931038 0.6400800000000001 1.6958058802865736 3.176793915693223
18122 11259177 3.3174750474727954 0.19052683368402643 0.6400800000000001 1.6958058802865736 3.176793915693223
18123 11259177 3.2490166344387594 0.19161095610802334 0.6400800000000001 1.6958058802865736 3.176793915693223
18124 11259177 3.1805582214047234 0.19269507853202025 0.6400800000000001 1.6958058802865736 3.176793915693223
18125 11259177 3.1129142842672497 0.19491604928668324 0.6400800000000001 1.6958058802865736 3.176793915693223
18126 11259177 3.0440763327561733 0.1948409044300409 0.6400800000000001 1.6958058802865736 3.176793915693223
18127 11259177 2.975238381245097 0.19476575957339856 0.6400800000000001 1.6958058802865736 3.176793915693223
18128 11259177 2.907880492380218 0.19677834470957298 0.6400800000000001 1.6958058802865736 3.176793915693223
18129 11259177 2.840429795933554 0.19742030761911186 0.6400800000000001 1.6958058802865736 3.176793915693223
18130 11259177 2.7729790994868897 0.19806227052865075 0.6400800000000001 1.6958058802865736 3.176793915693223
18131 11259177 2.7052701218011643 0.19873132554603382 0.6400800000000001 1.6958058802865736 3.176793915693223
18132 11259177 2.6375611441154385 0.19940038056341688 0.6400800000000001 1.6958058802865736 3.176793915693223
18133 11259177 2.566829126142666 0.19761117428024247 0.6400800000000001 1.6958058802865736 3.176793915693223
18134 11259177 2.5008769138800737 0.19414516393734124 0.6400800000000001 1.6958058802865736 3.176793915693223
18135 11259177 2.430860593151214 0.19183175149659293 0.6400800000000001 1.6958058802865736 3.176793915693223
18136 11259177 2.360844272422354 0.18951833905584461 0.6400800000000001 1.6958058802865736 3.176793915693223
18137 11259177 2.2913844067962446 0.18836788862953072 0.6400800000000001 1.6958058802865736 3.176793915693223
18138 11259177 2.2219245411701345 0.18721743820321682 0.6400800000000001 1.6958058802865736 3.176793915693223
18139 11259177 2.151628644106345 0.18785958402042505 0.6096 1.6958058802865736 3.176793915693223
18140 11259177 2.0804076300100873 0.18594268150286106 0.6096 1.6958058802865736 3.176793915693223
18141 11259177 2.00918661591383 0.18402577898529707 0.6096 1.6958058802865736 3.176793915693223
18142 11259177 1.9439911335433437 0.1828873233993681 0.6096 1.6958058802865736 3.176793915693223
18143 11259177 1.8760746024476125 0.18248290320691768 0.6197600000000001 1.6958058802865736 3.176793915693223
18144 11259177 1.8081580713518814 0.18207848301446727 0.62992 1.6958058802865736 3.176793915693223
18145 11259177 1.7402415402561502 0.18167406282201684 0.6400800000000001 1.6958058802865736 3.176793915693223
18146 11259177 1.6701963621977183 0.18200502191145473 0.6400800000000001 1.6958058802865736 3.176793915693223
18147 11259177 1.6050344631799556 0.18097523966218224 0.6400800000000001 1.6958058802865736 3.176793915693223
18148 11259177 1.5333934619917944 0.17914172924664234 0.6400800000000001 1.6958058802865736 3.176793915693223
18149 11259177 1.4669585098161488 0.17829555288982624 0.6400800000000001 1.6958058802865736 3.176793915693223
18150 11259177 1.4005235576405033 0.17744937653301013 0.6400800000000001 1.6958058802865736 3.176793915693223
18151 11259177 1.3543840317943514 0.17756809993577663 0.6400800000000001 1.6958058802865736 3.176793915693223
18152 11259177 1.3082445059481995 0.17768682333854316 0.6400800000000001 1.6958058802865736 3.176793915693223
18153 11259177 1.2621049801020476 0.17780554674130966 0.6400800000000001 1.6958058802865736 3.176793915693223
18154 11259177 1.1991768227176447 0.17546529467145508 0.6400800000000001 1.6958058802865736 3.176793915693223
18155 11259177 1.058478013730429 0.1514524281675788 0.6400800000000001 1.6958058802865736 3.176793915693223
18156 11259177 0.9986976754358501 0.1435290791272027 0.6400800000000001 1.6958058802865736 3.176793915693223
18157 11259177 0.937686098313975 0.13075123213533316 0.6400800000000001 1.6958058802865736 3.176793915693223
18158 11259177 0.8841925457549025 0.12059957126468449 0.6400800000000001 1.6958058802865736 3.176793915693223
18159 11259177 0.83069899319583 0.11044791039403581 0.6400800000000001 1.6958058802865736 3.176793915693223
18160 11259177 0.7753153612571846 0.08975746252957334 0.6400800000000001 1.6958058802865736 3.176793915693223
18161 11259177 0.7199317293185392 0.06906701466511088 0.6400800000000001 1.6958058802865736 3.176793915693223
18162 11259177 0.6683900684786355 0.04314950037703988 0.6400800000000001 1.6958058802865736 3.176793915693223
18163 11259177 0.6188196484253158 0.016471274035200226 0.6400800000000001 1.6958058802865736 3.176793915693223
18164 11259177 0.5791195984586186 -0.012614242279189086 0.6400800000000001 1.6958058802865736 3.176793915693223
18165 11259177 0.535688383309938 -0.046321741866545724 0.6400800000000001 1.6958058802865736 3.176793915693223
18166 11259177 0.49225716816125736 -0.08002924145390236 0.6400800000000001 1.6958058802865736 3.176793915693223
18167 11259177 0.462681184745787 -0.11799147934153958 0.6400800000000001 1.6958058802865736 3.176793915693223
18168 11322591 0.9804604624693775 0.13663655024785037 0.36576 1.6958058802865736 3.176793915693223
18168 11259177 0.4331052013303166 -0.15595371722917678 0.6400800000000001 1.6958058802865736 3.176793915693223
18169 11322591 0.9852749943134792 0.135063570895336 0.36576 1.6958058802865736 3.176793915693223
18169 11259177 0.40352921791484625 -0.193915955116814 0.6400800000000001 1.6958058802865736 3.176793915693223
18170 11322591 0.9915724886081316 0.13802961791699087 0.36576 1.6958058802865736 3.176793915693223
18170 11259177 0.3767633369707505 -0.2350550923055523 0.6096 1.6958058802865736 3.176793915693223
18171 11322591 0.9972717382794045 0.13862094883050374 0.36576 1.6958058802865736 3.176793915693223
18171 11259177 0.35787492107171637 -0.27654869870186893 0.6096 1.6958058802865736 3.176793915693223
18172 11322591 1.0029709879506774 0.13921227974401665 0.36576 1.6958058802865736 3.176793915693223
18172 11259177 0.34380129116288083 -0.31961569758495645 0.6096 1.6958058802865736 3.176793915693223
18173 11322591 1.0054584950238525 0.13839958128881216 0.36576 1.6958058802865736 3.176793915693223
18173 11259177 0.32814808735669465 -0.35936262764890603 0.6096 1.6958058802865736 3.176793915693223
18174 11322591 1.0139436817011838 0.13854802864008484 0.36576 1.6958058802865736 3.176793915693223
18174 11259177 0.31641290644083064 -0.40342744646936257 0.6096 1.6958058802865736 3.176793915693223
18175 11259177 0.30860296280486765 -0.44363451204719384 0.6096 1.6958058802865736 3.176793915693223
18175 11322591 1.0193444929625084 0.13876957178902605 0.36576 1.6958058802865736 3.176793915693223
18176 11322591 1.0241590233477575 0.13719661903141117 0.36576 1.6958058802865736 3.176793915693223
18176 11259177 0.30257965986950897 -0.4865283267991055 0.6096 1.6958058802865736 3.176793915693223
18177 11322591 1.0270401782905314 0.13633678603592725 0.36576 1.6958058802865736 3.176793915693223
18177 11259177 0.30382793890426185 -0.5282350645533289 0.6096 1.6958058802865736 3.176793915693223
18178 11259177 0.30507621793901474 -0.5699418023075522 0.6096 1.6958058802865736 3.176793915693223
18178 11322591 1.0299213332333055 0.13547695304044333 0.36576 1.6958058802865736 3.176793915693223
18179 11322591 1.0328024881760793 0.1346171200449594 0.36576 1.6958058802865736 3.176793915693223
18179 11259177 0.30729794492201024 -0.6134269456922405 0.6096 1.6958058802865736 3.176793915693223
18180 11322591 1.0356836431188534 0.13375728704947548 0.36576 1.6958058802865736 3.176793915693223
18180 11259177 0.3171345417660575 -0.6567133414011783 0.6096 1.6958058802865736 3.176793915693223
18181 11322591 1.0385647980616273 0.13289745405399153 0.36576 1.6958058802865736 3.176793915693223
18181 11259177 0.3243730018275157 -0.6943607227531055 0.6096 1.6958058802865736 3.176793915693223
18182 11259177 0.3388470949306687 -0.7329704344360685 0.6096 1.6958058802865736 3.176793915693223
18182 11322591 1.0414459530044013 0.1320376210585076 0.36576 1.6958058802865736 3.176793915693223
18183 11322591 1.0443271079471752 0.1311777880630237 0.36576 1.6958058802865736 3.176793915693223
18183 11259177 0.35332118803382173 -0.7715801461190315 0.6096 1.6958058802865736 3.176793915693223
18184 11322591 1.0472082628899493 0.13031795506753976 0.36576 1.6958058802865736 3.176793915693223
18184 11259177 0.37100917481147777 -0.8071509161448294 0.6096 1.6958058802865736 3.176793915693223
18185 11322591 1.0500894178327231 0.12945812207205584 0.36576 1.6958058802865736 3.176793915693223
18185 11259177 0.39153794803444847 -0.8401449272943444 0.6096 1.6958058802865736 3.176793915693223
18186 11259177 0.41206672125741917 -0.8731389384438595 0.6096 1.6958058802865736 3.176793915693223
18186 11322591 1.0529705727754972 0.12859828907657192 0.36576 1.6958058802865736 3.176793915693223
18187 11322591 1.055851727718271 0.127738456081088 0.36576 1.6958058802865736 3.176793915693223
18187 11259177 0.43559275162052413 -0.9085140211312585 0.6096 1.6958058802865736 3.176793915693223
18188 11259177 0.46183114523687496 -0.9369477798904887 0.6096 1.6958058802865736 3.176793915693223
18188 11322591 1.058732882661045 0.12687862308560408 0.36576 1.6958058802865736 3.176793915693223
18189 11322591 1.061614037603819 0.12601879009012015 0.36576 1.6958058802865736 3.176793915693223
18189 11259177 0.4899726513635219 -0.9663536675613663 0.6096 1.6958058802865736 3.176793915693223
18190 11322591 1.0644951925465929 0.1251589570946362 0.36576 1.6958058802865736 3.176793915693223
18190 11259177 0.5188041646501109 -0.9936482868842814 0.6096 1.6958058802865736 3.176793915693223
18191 11259177 0.553749293406373 -1.0199025742368024 0.6096 1.6958058802865736 3.176793915693223
18191 11322591 1.067376347489367 0.1242991240991523 0.36576 1.6958058802865736 3.176793915693223
18192 11259177 0.588694422162635 -1.0461568615893233 0.6096 1.6958058802865736 3.176793915693223
18192 11322591 1.0702575024321408 0.12343929110366837 0.36576 1.6958058802865736 3.176793915693223
18193 11259177 0.6218184845318051 -1.0698297836680433 0.6096 1.6958058802865736 3.176793915693223
18193 11322591 1.0731386573749149 0.12257945810818444 0.36576 1.6958058802865736 3.176793915693223
18194 11322591 1.0760198123176887 0.12171962511270051 0.36576 1.6958058802865736 3.176793915693223
18194 11259177 0.6581562432254842 -1.090463402774677 0.59436 1.6958058802865736 3.176793915693223
18195 11259177 0.6944940019191633 -1.1110970218813103 0.57912 1.6958058802865736 3.176793915693223
18195 11322591 1.0789009672604628 0.12085979211721659 0.36576 1.6958058802865736 3.176793915693223
18196 11322591 1.0817821222032367 0.11999995912173267 0.36576 1.6958058802865736 3.176793915693223
18196 11259177 0.7395599066022023 -1.1308432865221143 0.57912 1.6958058802865736 3.176793915693223
18197 11259177 0.7766441940898026 -1.1505518931438785 0.57912 1.6958058802865736 3.176793915693223
18197 11322591 1.0846632771460107 0.11914012612624875 0.36576 1.6958058802865736 3.176793915693223
18198 11322591 1.0875444320887846 0.11828029313076481 0.36576 1.6958058802865736 3.176793915693223
18198 11259177 0.8183778018659125 -1.1641854795588429 0.57912 1.6958058802865736 3.176793915693223
18199 11322591 1.0904255870315585 0.11742046013528089 0.36576 1.6958058802865736 3.176793915693223
18199 11259177 0.8629158015581102 -1.1773912713525925 0.57912 1.6958058802865736 3.176793915693223
18200 11259177 0.907453801250308 -1.190597063146342 0.57912 1.6958058802865736 3.176793915693223
18200 11322591 1.0933067419743325 0.11656062713979697 0.36576 1.6958058802865736 3.176793915693223
18201 11322591 1.0961878969171064 0.11570079414431304 0.36576 1.6958058802865736 3.176793915693223
18201 11259177 0.9519229886178904 -1.2040134124255433 0.57912 1.6958058802865736 3.176793915693223
18202 11322591 1.0990690518598805 0.11484096114882911 0.36576 1.6958058802865736 3.176793915693223
18202 11259177 0.9963921759854729 -1.2174297617047445 0.57912 1.6958058802865736 3.176793915693223
18203 11259177 1.0411664834464538 -1.2293680471622839 0.57912 1.6958058802865736 3.176793915693223
18203 11322591 1.1019502068026543 0.11398112815334518 0.36576 1.6958058802865736 3.176793915693223
18204 11322591 1.1048313617454284 0.11312129515786126 0.36576 1.6958058802865736 3.176793915693223
18204 11259177 1.0859407909074346 -1.2413063326198235 0.57912 1.6958058802865736 3.176793915693223
18205 11322591 1.1077125166882023 0.11226146216237734 0.36576 1.6958058802865736 3.176793915693223
18205 11259177 1.1300024201800176 -1.2556983108853992 0.57912 1.6958058802865736 3.176793915693223
18206 11259177 1.1780002484769376 -1.2664690759570605 0.57912 1.6958058802865736 3.176793915693223
18206 11322591 1.1105936716309763 0.11140162916689342 0.36576 1.6958058802865736 3.176793915693223
18207 11322591 1.1134748265737502 0.1105417961714095 0.36576 1.6958058802865736 3.176793915693223
18207 11259177 1.224030110648586 -1.2790498459435624 0.5638799999999999 1.6958058802865736 3.176793915693223
18208 11259177 1.2700599728202344 -1.2916306159300643 0.54864 1.6958058802865736 3.176793915693223
18208 11322591 1.1163559815165243 0.10968196317592556 0.36576 1.6958058802865736 3.176793915693223
18209 11322591 1.1192371364592981 0.10882213018044164 0.36576 1.6958058802865736 3.176793915693223
18209 11259177 1.3188853909513834 -1.2998669389247215 0.54864 1.6958058802865736 3.176793915693223
18210 11322591 1.1221182914020722 0.10796229718495771 0.36576 1.6958058802865736 3.176793915693223
18210 11259177 1.3661249255730112 -1.312958786287692 0.54864 1.6958058802865736 3.176793915693223
18211 11259177 1.411589196719142 -1.3227834682705466 0.54864 1.6958058802865736 3.176793915693223
18211 11322591 1.124999446344846 0.10710246418947378 0.36576 1.6958058802865736 3.176793915693223
18212 11259177 1.4570534678652727 -1.3326081502534013 0.54864 1.6958058802865736 3.176793915693223
18212 11322591 1.12788060128762 0.10624263119398986 0.36576 1.6958058802865736 3.176793915693223
18213 11259177 1.5050516043338895 -1.3433766875135393 0.54864 1.6958058802865736 3.176793915693223
18213 11322591 1.130761756230394 0.10538279819850593 0.36576 1.6958058802865736 3.176793915693223
18214 11259177 1.5483376521847534 -1.3522556175233105 0.54864 1.6958058802865736 3.176793915693223
18214 11322591 1.1336429111731678 0.10452296520302201 0.36576 1.6958058802865736 3.176793915693223
18215 11322591 1.136524066115942 0.10366313220753809 0.36576 1.6958058802865736 3.176793915693223
18215 11259177 1.5947898998757535 -1.3595981700930384 0.54864 1.6958058802865736 3.176793915693223
18216 11322591 1.1394052210587158 0.10280329921205417 0.36576 1.6958058802865736 3.176793915693223
18216 11259177 1.6386620113120034 -1.3666818330957546 0.54864 1.6958058802865736 3.176793915693223
18217 11322591 1.1422863760014899 0.10194346621657024 0.36576 1.6958058802865736 3.176793915693223
18217 11259177 1.6825341227482533 -1.3737654960984709 0.54864 1.6958058802865736 3.176793915693223
18218 11259177 1.7263491318327757 -1.3804795064582573 0.5334000000000001 1.6958058802865736 3.176793915693223
18218 11322591 1.1451675309442637 0.10108363322108631 0.36576 1.6958058802865736 3.176793915693223
18219 11322591 1.1480486858870378 0.10022380022560239 0.36576 1.6958058802865736 3.176793915693223
18219 11259177 1.7701641409172981 -1.387193516818044 0.5181600000000001 1.6958058802865736 3.176793915693223
18220 11259177 1.8134188400414704 -1.3912708263060485 0.5181600000000001 1.6958058802865736 3.176793915693223
18220 11322591 1.1509298408298116 0.09936396723011845 0.36576 1.6958058802865736 3.176793915693223
18221 11259177 1.8566735391656426 -1.395348135794053 0.5181600000000001 1.6958058802865736 3.176793915693223
18221 11322591 1.1538109957725857 0.09850413423463453 0.36576 1.6958058802865736 3.176793915693223
18222 11322591 1.1566921507153596 0.0976443012391506 0.36576 1.6958058802865736 3.176793915693223
18222 11259177 1.897246655479322 -1.3962131068890467 0.5181600000000001 1.6958058802865736 3.176793915693223
18223 11259177 1.9397867388170489 -1.3933196929012914 0.5181600000000001 1.6958058802865736 3.176793915693223
18223 11322591 1.1595733056581334 0.09678446824366668 0.36576 1.6958058802865736 3.176793915693223
18224 11259177 1.9823268221547756 -1.3904262789135364 0.5181600000000001 1.6958058802865736 3.176793915693223
18224 11322591 1.1624544606009075 0.09592463524818276 0.36576 1.6958058802865736 3.176793915693223
18225 11322591 1.1653356155436814 0.09506480225269884 0.36576 1.6958058802865736 3.176793915693223
18225 11259177 2.0248669054925026 -1.3875328649257812 0.5181600000000001 1.6958058802865736 3.176793915693223
18226 11322591 1.1682167704864554 0.09420496925721492 0.36576 1.6958058802865736 3.176793915693223
18226 11259177 2.0655602816296628 -1.3785066732346847 0.5181600000000001 1.6958058802865736 3.176793915693223
18227 11322591 1.1710979254292293 0.09334513626173098 0.36576 1.6958058802865736 3.176793915693223
18227 11259177 2.1048907141747293 -1.3661731912288144 0.50292 1.6958058802865736 3.176793915693223
18228 11259177 2.1442211467197962 -1.3538397092229442 0.48768 1.6958058802865736 3.176793915693223
18228 11322591 1.1739790803720034 0.09248530326624706 0.36576 1.6958058802865736 3.176793915693223
18229 11322591 1.1768602353147772 0.09162547027076313 0.36576 1.6958058802865736 3.176793915693223
18229 11259177 2.1809907749967876 -1.3371069370902182 0.48768 1.6958058802865736 3.176793915693223
18230 11322591 1.1797413902575513 0.0907656372752792 0.36576 1.6958058802865736 3.176793915693223
18230 11259177 2.217760403273779 -1.3203741649574923 0.48768 1.6958058802865736 3.176793915693223
18231 11259177 2.2522806461015676 -1.2962482496593088 0.48768 1.6958058802865736 3.176793915693223
18231 11322591 1.1826225452003252 0.08990580427979528 0.36576 1.6958058802865736 3.176793915693223
18232 11259177 2.284299477541486 -1.2743428728890651 0.48768 1.6958058802865736 3.176793915693223
18232 11322591 1.1855037001430992 0.08904597128431135 0.36576 1.6958058802865736 3.176793915693223
18233 11322591 1.188384855085873 0.08818613828882743 0.36576 1.6958058802865736 3.176793915693223
18233 11259177 2.30948127200247 -1.2461751679944122 0.48768 1.6958058802865736 3.176793915693223
18234 11259177 2.3346630664634542 -1.2180074630997593 0.48768 1.6958058802865736 3.176793915693223
18234 11322591 1.191266010028647 0.08732630529334351 0.36576 1.6958058802865736 3.176793915693223
18235 11322591 1.194147164971421 0.08646647229785959 0.36576 1.6958058802865736 3.176793915693223
18235 11259177 2.3572742972603815 -1.1827508017966817 0.48768 1.6958058802865736 3.176793915693223
18236 11322591 1.197028319914195 0.08560663930237566 0.36576 1.6958058802865736 3.176793915693223
18236 11259177 2.375001088648292 -1.1461331953816154 0.48768 1.6958058802865736 3.176793915693223
18237 11259177 2.389229580328047 -1.1107098800592445 0.48768 1.6958058802865736 3.176793915693223
18238 11259177 2.403458072007802 -1.075286564736874 0.48768 1.6958058802865736 3.176793915693223
18239 11259177 2.4115068677522675 -1.0378458368304502 0.48768 1.6958058802865736 3.176793915693223
18240 11259177 2.4195556634967335 -1.0004051089240262 0.48768 1.6958058802865736 3.176793915693223
18241 11259177 2.4273080684619233 -0.9600639992281698 0.48768 1.6958058802865736 3.176793915693223
18242 11259177 2.433650211620443 -0.9195545282853832 0.47244 1.6958058802865736 3.176793915693223
18242 11322591 1.2143152495708387 0.0804476413294721 0.36576 1.6958058802865736 3.176793915693223
18243 11322591 1.2197850183070917 0.0808804575967685 0.36576 1.6958058802865736 3.176793915693223
18243 11259177 2.4399923547789624 -0.8790450573425966 0.45720000000000005 1.6958058802865736 3.176793915693223
18244 11322591 1.2253927216110554 0.08173551724335013 0.36576 1.6958058802865736 3.176793915693223
18244 11259177 2.4407699178598996 -0.8440200309602661 0.45720000000000005 1.6958058802865736 3.176793915693223
18245 11322591 1.2318074989498085 0.08098344388333967 0.36576 1.6958058802865736 3.176793915693223
18245 11259177 2.4415474809408373 -0.8089950045779356 0.45720000000000005 1.6958058802865736 3.176793915693223
18246 11322591 1.2382222762885613 0.08023137052332922 0.36576 1.6958058802865736 3.176793915693223
18246 11259177 2.442430637890138 -0.7894243416612141 0.45720000000000005 1.6958058802865736 3.176793915693223
18247 11322591 1.2440130103173208 0.08055935178959753 0.36576 1.6958058802865736 3.176793915693223
18247 11259177 2.443313794839439 -0.7698536787444927 0.45720000000000005 1.6958058802865736 3.176793915693223
18248 11322591 1.2494910616757722 0.08060980761302564 0.36576 1.6958058802865736 3.176793915693223
18248 11259177 2.437721694676342 -0.6874238524798845 0.45720000000000005 1.6958058802865736 3.176793915693223
18249 11322591 1.2549691130342238 0.08066026343645376 0.36576 1.6958058802865736 3.176793915693223
18249 11259177 2.431875443354884 -0.646848503136385 0.45720000000000005 1.6958058802865736 3.176793915693223
18250 11322591 1.2604471643926751 0.08071071925988188 0.36576 1.6958058802865736 3.176793915693223
18250 11259177 2.4260291920334263 -0.6062731537928855 0.45720000000000005 1.6958058802865736 3.176793915693223
18251 11259177 2.416350318397 -0.5706378195264412 0.45720000000000005 1.6958058802865736 3.176793915693223
18251 11322591 1.2659252157511265 0.08076117508330999 0.36576 1.6958058802865736 3.176793915693223
18252 11259177 2.405396705106844 -0.5293877980316664 0.45720000000000005 1.6958058802865736 3.176793915693223
18252 11322591 1.2739057047976758 0.08072432496997618 0.36576 1.6958058802865736 3.176793915693223
18253 11259177 2.3944430918166884 -0.4881377765368914 0.45720000000000005 1.6958058802865736 3.176793915693223
18253 11322591 1.2818861938442252 0.08068747485664238 0.36576 1.6958058802865736 3.176793915693223
18254 11259177 2.3810882846879373 -0.4458116273345244 0.45720000000000005 1.6958058802865736 3.176793915693223
18254 11322591 1.2874938779286351 0.08154258338078348 0.36576 1.6958058802865736 3.176793915693223
18255 11322591 1.2918461921000914 0.08263254935881123 0.36576 1.6958058802865736 3.176793915693223
18255 11259177 2.3693366338255473 -0.40727972074430185 0.45720000000000005 1.6958058802865736 3.176793915693223
18256 11259177 2.3502208298509086 -0.3733524879819523 0.45720000000000005 1.6958058802865736 3.176793915693223
18256 11322591 1.296198506271548 0.08372251533683898 0.36576 1.6958058802865736 3.176793915693223
18257 11322591 1.3069987595228196 0.08253091921245968 0.36576 1.6958058802865736 3.176793915693223
18257 11259177 2.332666009133385 -0.33736478479731546 0.42672000000000004 1.6958058802865736 3.176793915693223
18258 11322591 1.31213429966628 0.08085331291552 0.36576 1.6958058802865736 3.176793915693223
18258 11259177 2.32150825260264 -0.32122210922925676 0.42672000000000004 1.6958058802865736 3.176793915693223
18259 11322591 1.3189111325588385 0.08120970077293979 0.36576 1.6958058802865736 3.176793915693223
18259 11259177 2.3103504960718952 -0.30507943366119805 0.42672000000000004 1.6958058802865736 3.176793915693223
18260 11259177 2.2624661501830428 -0.23687602708278163 0.42672000000000004 1.6958058802865736 3.176793915693223
18260 11322591 1.3256879654513969 0.08156608863035957 0.36576 1.6958058802865736 3.176793915693223
18261 11322591 1.3312611527625793 0.08231567132975853 0.36576 1.6958058802865736 3.176793915693223
18261 11259177 2.240374978727915 -0.20472183192651933 0.42672000000000004 1.6958058802865736 3.176793915693223
18262 11259177 2.218283807272787 -0.17256763677025702 0.42672000000000004 1.6958058802865736 3.176793915693223
18262 11322591 1.33642054712907 0.08179853672849512 0.36576 1.6958058802865736 3.176793915693223
18263 11259177 2.1917804319552276 -0.14604012256472812 0.42672000000000004 1.6958058802865736 3.176793915693223
18263 11322591 1.3415799414955605 0.0812814021272317 0.36576 1.6958058802865736 3.176793915693223
18264 11322591 1.349950344726101 0.08135090472885154 0.36576 1.6958058802865736 3.176793915693223
18264 11259177 2.160299354667223 -0.1219756566890872 0.41148000000000007 1.6958058802865736 3.176793915693223
18265 11322591 1.3505426397521483 0.08051489598671449 0.36576 1.6958058802865736 3.176793915693223
18265 11259177 2.128818277379218 -0.09791119081344629 0.39624000000000004 1.6958058802865736 3.176793915693223
18266 11259177 2.095590792575843 -0.07946752919502573 0.39624000000000004 1.6958058802865736 3.176793915693223
18266 11322591 1.3511349347781954 0.07967888724457743 0.36576 1.6958058802865736 3.176793915693223
18267 11259177 2.0623633077724675 -0.06102386757660516 0.39624000000000004 1.6958058802865736 3.176793915693223
18267 11322591 1.3517272298042426 0.07884287850244039 0.36576 1.6958058802865736 3.176793915693223
18268 11259177 2.0278665100549254 -0.04619562545055539 0.39624000000000004 1.6958058802865736 3.176793915693223
18268 11322591 1.3523195248302897 0.07800686976030334 0.36576 1.6958058802865736 3.176793915693223
18269 11259177 1.993369712337383 -0.031367383324505616 0.39624000000000004 1.6958058802865736 3.176793915693223
18269 11322591 1.352911819856337 0.07717086101816628 0.36576 1.6958058802865736 3.176793915693223
18270 11322591 1.3535041148823843 0.07633485227602924 0.36576 1.6958058802865736 3.176793915693223
18270 11259177 1.962546452251268 -0.018614665571539984 0.39624000000000004 1.6958058802865736 3.176793915693223
18271 11259177 1.9280415778471802 -0.00734636444727102 0.39624000000000004 1.6958058802865736 3.176793915693223
18271 11322591 1.3540964099084314 0.07549884353389219 0.36576 1.6958058802865736 3.176793915693223
18272 11322591 1.3546887049344787 0.07466283479175514 0.36576 1.6958058802865736 3.176793915693223
18272 11259177 1.8945008938791985 -0.0026426371340557003 0.39624000000000004 1.6958058802865736 3.176793915693223
18273 11259177 1.8609602099112168 0.0020610901791596192 0.39624000000000004 1.6958058802865736 3.176793915693223
18273 11322591 1.3552809999605258 0.07382682604961809 0.36576 1.6958058802865736 3.176793915693223
18274 11259177 1.8239701740945768 0.0016416889323052353 0.381 1.6958058802865736 3.176793915693223
18274 11322591 1.355873294986573 0.07299081730748104 0.36576 1.6958058802865736 3.176793915693223
18275 11259177 1.786980138277937 0.0012222876854508513 0.36576 1.6958058802865736 3.176793915693223
18275 11322591 1.3564655900126203 0.072154808565344 0.36576 1.6958058802865736 3.176793915693223
18276 11259177 1.753088677363373 0.004580869088150363 0.36576 1.6958058802865736 3.176793915693223
18276 11322591 1.3570578850386674 0.07131879982320694 0.36576 1.6958058802865736 3.176793915693223
18277 11259177 1.7373180655670852 0.006051673397042698 0.36576 1.6958058802865736 3.176793915693223
18277 11322591 1.3576501800647147 0.07048279108106989 0.36576 1.6958058802865736 3.176793915693223
18278 11259177 1.7215474537707975 0.007522477705935032 0.36576 1.6958058802865736 3.176793915693223
18278 11322591 1.3582424750907618 0.06964678233893284 0.36576 1.6958058802865736 3.176793915693223
18279 11259177 1.6746146137857685 0.005211017086021036 0.36576 1.6958058802865736 3.176793915693223
18279 11322591 1.358834770116809 0.06881077359679579 0.36576 1.6958058802865736 3.176793915693223
18280 11259177 1.6276817738007394 0.0028995564661070394 0.36576 1.6958058802865736 3.176793915693223
18280 11322591 1.3594270651428564 0.06797476485465874 0.36576 1.6958058802865736 3.176793915693223
18281 11259177 1.5923652632881005 0.002168209765011142 0.36576 1.6958058802865736 3.176793915693223
18281 11322591 1.3600193601689035 0.0671387561125217 0.36576 1.6958058802865736 3.176793915693223
18282 11322591 1.3606116551949508 0.06630274737038463 0.36576 1.6958058802865736 3.176793915693223
18282 11259177 1.5620645333262995 0.000616552818425653 0.36576 1.6958058802865736 3.176793915693223
18283 11259177 1.5317638033644987 -0.000935104128159836 0.36576 1.6958058802865736 3.176793915693223
18283 11322591 1.361203950220998 0.06546673862824759 0.36576 1.6958058802865736 3.176793915693223
18284 11259177 1.5009492491389138 0.0004266580089997349 0.36576 1.6958058802865736 3.176793915693223
18284 11322591 1.3617962452470451 0.06463072988611054 0.36576 1.6958058802865736 3.176793915693223
18285 11259177 1.4701346949133287 0.0017884201461593058 0.36576 1.6958058802865736 3.176793915693223
18285 11322591 1.3623885402730924 0.0637947211439735 0.36576 1.6958058802865736 3.176793915693223
18286 11322591 1.3629808352991395 0.06295871240183644 0.36576 1.6958058802865736 3.176793915693223
18286 11259177 1.440619972706227 0.0011486673007574805 0.36576 1.6958058802865736 3.176793915693223
18287 11259177 1.409018217081242 0.000373045616095552 0.35052 1.6958058802865736 3.176793915693223
18287 11322591 1.3635731303251868 0.062122703659699394 0.36576 1.6958058802865736 3.176793915693223
18288 11322591 1.364165425351234 0.06128669491756235 0.36576 1.6958058802865736 3.176793915693223
18288 11259177 1.3774164614562572 -0.0004025760685663765 0.33528 1.6958058802865736 3.176793915693223
18289 11322591 1.3647577203772812 0.060450686175425296 0.36576 1.6958058802865736 3.176793915693223
18289 11259177 1.3515741311632588 0.003132321539545485 0.33528 1.6958058802865736 3.176793915693223
18290 11322591 1.3653500154033285 0.05961467743328824 0.36576 1.6958058802865736 3.176793915693223
18290 11259177 1.3204637397718662 0.00032729864723618496 0.33528 1.6958058802865736 3.176793915693223
18291 11259177 1.2918285912670262 0.0005691331496339667 0.33528 1.6958058802865736 3.176793915693223
18291 11322591 1.3659423104293755 0.0587786686911512 0.36576 1.6958058802865736 3.176793915693223
18292 11259177 1.2631934427621863 0.0008109676520317484 0.33528 1.6958058802865736 3.176793915693223
18292 11322591 1.3665346054554228 0.057942659949014146 0.36576 1.6958058802865736 3.176793915693223
18293 11259177 1.2345582942573463 0.0010528021544295302 0.33528 1.6958058802865736 3.176793915693223
18293 11322591 1.3671269004814701 0.05710665120687709 0.36576 1.6958058802865736 3.176793915693223
18294 11259177 1.2050684671713334 0.0032096015440993275 0.33528 1.6958058802865736 3.176793915693223
18294 11322591 1.3677191955075172 0.05627064246474005 0.36576 1.6958058802865736 3.176793915693223
18295 11259177 1.1795735548037931 0.00400308472196427 0.33528 1.6958058802865736 3.176793915693223
18295 11322591 1.3683114905335645 0.055434633722602995 0.36576 1.6958058802865736 3.176793915693223
18296 11259177 1.1540786424362528 0.004796567899829213 0.33528 1.6958058802865736 3.176793915693223
18296 11322591 1.3689037855596116 0.05459862498046594 0.36576 1.6958058802865736 3.176793915693223
18297 11259177 1.1318498035788225 0.00335496969672322 0.33528 1.6958058802865736 3.176793915693223
18297 11322591 1.3694960805856589 0.0537626162383289 0.36576 1.6958058802865736 3.176793915693223
18298 11322591 1.3700883756117062 0.05292660749619185 0.36576 1.6958058802865736 3.176793915693223
18298 11259177 1.1096209647213924 0.0019133714936172275 0.33528 1.6958058802865736 3.176793915693223
18299 11259177 1.0881209184131655 0.0013436148934535541 0.33528 1.6958058802865736 3.176793915693223
18299 11322591 1.3706806706377532 0.05209059875405479 0.36576 1.6958058802865736 3.176793915693223
18300 11322591 1.3712729656638005 0.05125459001191775 0.36576 1.6958058802865736 3.176793915693223
18301 11322591 1.3718652606898476 0.0504185812697807 0.36576 1.6958058802865736 3.176793915693223
18302 11322591 1.372457555715895 0.04958257252764365 0.36576 1.6958058802865736 3.176793915693223
18303 11322591 1.3730498507419422 0.0487465637855066 0.36576 1.6958058802865736 3.176793915693223
18304 11322591 1.3736421457679893 0.04791055504336955 0.36576 1.6958058802865736 3.176793915693223
18305 11322591 1.3742344407940366 0.0470745463012325 0.36576 1.6958058802865736 3.176793915693223
18306 11322591 1.3748267358200836 0.04623853755909545 0.36576 1.6958058802865736 3.176793915693223
18307 11322591 1.375419030846131 0.0454025288169584 0.36576 1.6958058802865736 3.176793915693223
18308 11322591 1.3760113258721782 0.04456652007482135 0.36576 1.6958058802865736 3.176793915693223
18309 11322591 1.3766036208982253 0.0437305113326843 0.36576 1.6958058802865736 3.176793915693223
18310 11322591 1.3771959159242726 0.04289450259054725 0.36576 1.6958058802865736 3.176793915693223
18311 11322591 1.3777882109503197 0.0420584938484102 0.36576 1.6958058802865736 3.176793915693223
18312 11322591 1.378380505976367 0.04122248510627315 0.36576 1.6958058802865736 3.176793915693223
18313 11322591 1.3789728010024143 0.0403864763641361 0.36576 1.6958058802865736 3.176793915693223
18314 11322591 1.3795650960284613 0.039550467621999055 0.36576 1.6958058802865736 3.176793915693223
18315 11322591 1.3801573910545086 0.038714458879862 0.36576 1.6958058802865736 3.176793915693223
18316 11322591 1.380749686080556 0.03787845013772495 0.36576 1.6958058802865736 3.176793915693223
18317 11322591 1.381341981106603 0.037042441395587905 0.36576 1.6958058802865736 3.176793915693223
18318 11322591 1.3819342761326503 0.03620643265345085 0.36576 1.6958058802865736 3.176793915693223
18319 11322591 1.3825265711586974 0.0353704239113138 0.36576 1.6958058802865736 3.176793915693223
18320 11322591 1.3831188661847447 0.034534415169176755 0.36576 1.6958058802865736 3.176793915693223
18321 11322591 1.383711161210792 0.0336984064270397 0.36576 1.6958058802865736 3.176793915693223
18322 11322591 1.384303456236839 0.03286239768490266 0.36576 1.6958058802865736 3.176793915693223
18323 11322591 1.3848957512628863 0.032026388942765605 0.36576 1.6958058802865736 3.176793915693223
18324 11322591 1.3854880462889334 0.031190380200628552 0.36576 1.6958058802865736 3.176793915693223
