19463 11217673 1.1709689435072035 -0.001947825723765735 0.33528 1.6958058802865736 3.176793915693223
19464 11217673 1.1439599893770034 -0.001711136379296388 0.33528 1.6958058802865736 3.176793915693223
19465 11217673 1.1116363163576652 -0.0014319411043765343 0.33528 1.6958058802865736 3.176793915693223
19466 11217673 1.079312643338327 -0.0011527458294566806 0.33528 1.6958058802865736 3.176793915693223
19467 11217673 1.044318327460422 0.00046645296179032014 0.33528 1.6958058802865736 3.176793915693223
19468 11217673 1.0117014043030033 -0.00015114746763977838 0.33528 1.6958058802865736 3.176793915693223
19469 11217673 0.9790844811455844 -0.0007687478970698769 0.33528 1.6958058802865736 3.176793915693223
19470 11217673 0.9434801782807354 -0.001695135170279971 0.33528 1.6958058802865736 3.176793915693223
19471 11217673 0.9078758754158864 -0.0026215224434900652 0.33528 1.6958058802865736 3.176793915693223
19472 11217673 0.8693232827386443 -0.005096162070252944 0.33528 1.6958058802865736 3.176793915693223
19473 11217673 0.8431058560265859 -0.004065498202513857 0.33528 1.6958058802865736 3.176793915693223
19474 11217673 0.8168884293145275 -0.0030348343347747705 0.33528 1.6958058802865736 3.176793915693223
19475 11217673 0.7674112611922859 -0.0017059220674820047 0.33528 1.6958058802865736 3.176793915693223
19476 11217673 0.7268086841932696 -0.0009398579650566063 0.36576 1.6958058802865736 3.176793915693223
19477 11217673 0.6892162285459893 6.96422893888618e-05 0.36576 1.6958058802865736 3.176793915693223
19478 11217673 0.6516237728987091 0.00107914254383433 0.36576 1.6958058802865736 3.176793915693223
19479 11217673 0.6143785598350423 -0.0006530842520500804 0.36576 1.6958058802865736 3.176793915693223
19480 11217673 0.5771333467713755 -0.0023853110479344908 0.36576 1.6958058802865736 3.176793915693223
19481 11217673 0.5361960990741386 -0.003728623349790766 0.36576 1.6958058802865736 3.176793915693223
19482 11217673 0.49179414050944636 -0.0069770715959369956 0.36576 1.6958058802865736 3.176793915693223
19483 11217673 0.45280045148865855 -0.008078568620705037 0.37338 1.6958058802865736 3.176793915693223
19484 11217673 0.41380676246787074 -0.009180065645473079 0.381 1.6958058802865736 3.176793915693223
19485 11217673 0.3748130734470829 -0.01028156267024112 0.38862 1.6958058802865736 3.176793915693223
19486 11217673 0.3358193844262951 -0.011383059695009162 0.39624000000000004 1.6958058802865736 3.176793915693223
19487 11217673 0.29707673017043146 -0.013617487480716242 0.39624000000000004 1.6958058802865736 3.176793915693223
19488 11217673 0.2583340759145678 -0.015851915266423322 0.39624000000000004 1.6958058802865736 3.176793915693223
19489 11217673 0.2182316167651881 -0.018985101074782074 0.39624000000000004 1.6958058802865736 3.176793915693223
19490 11217673 0.1781291576158084 -0.022118286883140825 0.39624000000000004 1.6958058802865736 3.176793915693223
19491 11217673 0.1383460291175227 -0.0269911648327118 0.39624000000000004 1.6958058802865736 3.176793915693223
19492 11217673 0.09785778925909092 -0.029491311534769655 0.40640000000000004 1.6958058802865736 3.176793915693223
19493 11217673 0.05736954940065912 -0.03199145823682751 0.41656000000000004 1.6958058802865736 3.176793915693223
19494 11217673 0.01688130954222733 -0.03449160493888537 0.42672000000000004 1.6958058802865736 3.176793915693223
19495 11217673 -0.023312397986548106 -0.03654230391046935 0.42672000000000004 1.6958058802865736 3.176793915693223
19496 11217673 -0.06350610551532354 -0.038593002882053334 0.42672000000000004 1.6958058802865736 3.176793915693223
19497 11217673 -0.10286532228853473 -0.04325278693179549 0.42672000000000004 1.6958058802865736 3.176793915693223
19498 11217673 -0.13744869649545643 -0.041996240027838944 0.42672000000000004 1.6958058802865736 3.176793915693223
19499 11217673 -0.17676682330643023 -0.04544227585850563 0.42672000000000004 1.6958058802865736 3.176793915693223
19500 11217673 -0.21608495011740403 -0.04888831168917232 0.42672000000000004 1.6958058802865736 3.176793915693223
19501 11217673 -0.26421917234515857 -0.05593640987713369 0.42672000000000004 1.6958058802865736 3.176793915693223
19502 11217673 -0.29629194304741646 -0.05514934566569954 0.42672000000000004 1.6958058802865736 3.176793915693223
19503 11217673 -0.336731840579088 -0.06202497254953784 0.44196 1.6958058802865736 3.176793915693223
19504 11217673 -0.37717173811075955 -0.06890059943337615 0.45720000000000005 1.6958058802865736 3.176793915693223
19505 11217673 -0.4153256337041027 -0.07149944360395163 0.45720000000000005 1.6958058802865736 3.176793915693223
19506 11217673 -0.4581731535497706 -0.07758753086776546 0.45720000000000005 1.6958058802865736 3.176793915693223
19507 11217673 -0.4948668309540356 -0.08183161717669252 0.45720000000000005 1.6958058802865736 3.176793915693223
19508 11217673 -0.5315605083583006 -0.08607570348561958 0.45720000000000005 1.6958058802865736 3.176793915693223
19509 11217673 -0.5714036256521784 -0.09180174341557856 0.47244 1.6958058802865736 3.176793915693223
19510 11217673 -0.6112467429460562 -0.09752778334553755 0.48768 1.6958058802865736 3.176793915693223
19511 11217673 -0.6483034961012961 -0.10328825394405741 0.48768 1.6958058802865736 3.176793915693223
19512 11217673 -0.6864890251103964 -0.1081536839452237 0.48768 1.6958058802865736 3.176793915693223
19513 11217673 -0.7246745541194968 -0.11301911394639 0.48768 1.6958058802865736 3.176793915693223
19514 11217673 -0.7619447449631341 -0.11970232226040156 0.48768 1.6958058802865736 3.176793915693223
19515 11217673 -0.7992149358067715 -0.12638553057441312 0.48768 1.6958058802865736 3.176793915693223
19516 11217673 -0.8413043507893503 -0.13014920358688883 0.48768 1.6958058802865736 3.176793915693223
19517 11217673 -0.8786826861518926 -0.13580353442100726 0.48768 1.6958058802865736 3.176793915693223
19518 11217673 -0.8982714342106719 -0.13798597618694033 0.48768 1.6958058802865736 3.176793915693223
19519 11217673 -0.9178601822694512 -0.1401684179528734 0.48768 1.6958058802865736 3.176793915693223
19520 11217673 -0.988911417542196 -0.14965013989990764 0.48768 1.6958058802865736 3.176793915693223
19521 11217673 -1.0282617582566485 -0.1545421695663685 0.5181600000000001 1.6958058802865736 3.176793915693223
19522 11217673 -1.0721594373272845 -0.16519088075660573 0.5181600000000001 1.6958058802865736 3.176793915693223
19523 11217673 -1.1087445523009831 -0.16841636549099528 0.5181600000000001 1.6958058802865736 3.176793915693223
19524 11217673 -1.1490486866651348 -0.17486532560972093 0.5181600000000001 1.6958058802865736 3.176793915693223
19525 11217673 -1.1891475888314724 -0.182315900342253 0.5181600000000001 1.6958058802865736 3.176793915693223
19526 11217673 -1.2302190874489798 -0.1875787577841798 0.5181600000000001 1.6958058802865736 3.176793915693223
19527 11217673 -1.2712905860664871 -0.19284161522610657 0.5181600000000001 1.6958058802865736 3.176793915693223
19528 11217673 -1.311078370950418 -0.1985238882351578 0.5181600000000001 1.6958058802865736 3.176793915693223
19529 11217673 -1.3508661558343487 -0.204206161244209 0.5181600000000001 1.6958058802865736 3.176793915693223
19530 11217673 -1.3903892196906849 -0.20880626560422524 0.5334000000000001 1.6958058802865736 3.176793915693223
19531 11217673 -1.429912283547021 -0.21340636996424148 0.54864 1.6958058802865736 3.176793915693223
19532 11217673 -1.4724763328268191 -0.21969891294958047 0.54864 1.6958058802865736 3.176793915693223
19533 11217673 -1.511060968780507 -0.2257737462475307 0.54864 1.6958058802865736 3.176793915693223
19534 11217673 -1.5496456047341949 -0.2318485795454809 0.54864 1.6958058802865736 3.176793915693223
19535 11217673 -1.5883679347817796 -0.24296049494194666 0.54864 1.6958058802865736 3.176793915693223
19536 11217673 -1.6270902648293644 -0.25407241033841244 0.54864 1.6958058802865736 3.176793915693223
19537 11217673 -1.646936960025177 -0.2604333619034392 0.54864 1.6958058802865736 3.176793915693223
19538 11217673 -1.6667836552209898 -0.26679431346846594 0.54864 1.6958058802865736 3.176793915693223
19539 11217673 -1.7374649255221077 -0.30092697957105297 0.54864 1.6958058802865736 3.176793915693223
19540 11217673 -1.7712138951752758 -0.3199158159485537 0.57912 1.6958058802865736 3.176793915693223
19541 11217673 -1.8005694165570874 -0.34787768088825033 0.57912 1.6958058802865736 3.176793915693223
19542 11217673 -1.8299249379388989 -0.375839545827947 0.57912 1.6958058802865736 3.176793915693223
19543 11217673 -1.856025500011098 -0.4053917801570813 0.57912 1.6958058802865736 3.176793915693223
19544 11217673 -1.8759088424666548 -0.4335892648737607 0.57912 1.6958058802865736 3.176793915693223
19545 11217673 -1.8965909554864484 -0.468302121351357 0.57912 1.6958058802865736 3.176793915693223
19546 11217673 -1.917273068506242 -0.5030149778289533 0.57912 1.6958058802865736 3.176793915693223
19547 11217673 -1.9326718558967644 -0.5408580495996756 0.57912 1.6958058802865736 3.176793915693223
19548 11217673 -1.9468865700910405 -0.5761674459765695 0.57912 1.6958058802865736 3.176793915693223
19549 11217673 -1.954282742225353 -0.6161607914960957 0.57912 1.6958058802865736 3.176793915693223
19550 11217673 -1.9620689090212828 -0.6562602425464291 0.57912 1.6958058802865736 3.176793915693223
19551 11217673 -1.965272473627661 -0.6904977742557936 0.57912 1.6958058802865736 3.176793915693223
19552 11217673 -1.9647420545539604 -0.7343690508082694 0.57912 1.6958058802865736 3.176793915693223
19553 11217673 -1.96421163548026 -0.7782403273607451 0.57912 1.6958058802865736 3.176793915693223
19554 11217673 -1.958589495907078 -0.8228422625253489 0.57912 1.6958058802865736 3.176793915693223
19555 11217673 -1.952967356333896 -0.8674441976899526 0.57912 1.6958058802865736 3.176793915693223
19556 11217673 -1.9439856610660045 -0.9078871652748667 0.57912 1.6958058802865736 3.176793915693223
19557 11217673 -1.9309565031097422 -0.9495370678173535 0.6096 1.6958058802865736 3.176793915693223
19558 11217673 -1.9172626231965422 -0.9918716439273049 0.6096 1.6958058802865736 3.176793915693223
19559 11217673 -1.895102336189606 -1.0291469209042499 0.6096 1.6958058802865736 3.176793915693223
19560 11217673 -1.87294204918267 -1.066422197881195 0.6096 1.6958058802865736 3.176793915693223
19561 11217673 -1.8507817621757339 -1.10369747485814 0.6096 1.6958058802865736 3.176793915693223
19562 11217673 -1.8371330930195848 -1.1195530436054604 0.6096 1.6958058802865736 3.176793915693223
19563 11217673 -1.8234844238634358 -1.135408612352781 0.6096 1.6958058802865736 3.176793915693223
19564 11217673 -1.7721940434054997 -1.1736225353653906 0.6096 1.6958058802865736 3.176793915693223
19565 11217673 -1.7209036629475636 -1.2118364583780006 0.6096 1.6958058802865736 3.176793915693223
19566 11217673 -1.6788330081734941 -1.2326051562237574 0.6096 1.6958058802865736 3.176793915693223
19567 11217673 -1.6388182325547447 -1.2508317092819614 0.6096 1.6958058802865736 3.176793915693223
19568 11217673 -1.5988034569359952 -1.2690582623401656 0.6096 1.6958058802865736 3.176793915693223
19569 11217673 -1.5567906886620761 -1.2852503993609616 0.6096 1.6958058802865736 3.176793915693223
19570 11217673 -1.514777920388157 -1.3014425363817577 0.6096 1.6958058802865736 3.176793915693223
19571 11217673 -1.469841828290978 -1.313449393591406 0.6096 1.6958058802865736 3.176793915693223
19572 11217673 -1.421842152559771 -1.3242378313178174 0.6096 1.6958058802865736 3.176793915693223
19573 11217673 -1.3770440004563047 -1.3366662955869697 0.6096 1.6958058802865736 3.176793915693223
19574 11217673 -1.329454329963901 -1.344632645933903 0.6096 1.6958058802865736 3.176793915693223
19575 11217673 -1.2818646594714973 -1.3525989962808367 0.6096 1.6958058802865736 3.176793915693223
19576 11217673 -1.2330365785608624 -1.3608529383076515 0.6096 1.6958058802865736 3.176793915693223
19577 11217673 -1.185136300472411 -1.3678683574955932 0.6096 1.6958058802865736 3.176793915693223
19578 11217673 -1.1372360223839595 -1.3748837766835351 0.6096 1.6958058802865736 3.176793915693223
19579 11217673 -1.0924643047655376 -1.3792401918522208 0.6096 1.6958058802865736 3.176793915693223
19580 11217673 -1.0565554013961327 -1.383531882444912 0.6248400000000001 1.6958058802865736 3.176793915693223
19581 11217673 -1.0206464980267278 -1.3878235730376034 0.6400800000000001 1.6958058802865736 3.176793915693223
19582 11217673 -0.9611306602544969 -1.394633344154788 0.6400800000000001 1.6958058802865736 3.176793915693223
19583 11217673 -0.901614822482266 -1.4014431152719729 0.6400800000000001 1.6958058802865736 3.176793915693223
19584 11217673 -0.8514065527538579 -1.4054723304982906 0.6400800000000001 1.6958058802865736 3.176793915693223
19585 11217673 -0.8061148312522433 -1.4116324859983056 0.6400800000000001 1.6958058802865736 3.176793915693223
19586 11217673 -0.7608231097506286 -1.4177926414983208 0.6400800000000001 1.6958058802865736 3.176793915693223
19587 11217673 -0.7082071428345793 -1.4226079252903092 0.6400800000000001 1.6958058802865736 3.176793915693223
19588 11217673 -0.6616676861470434 -1.4292527586085848 0.6400800000000001 1.6958058802865736 3.176793915693223
19589 11217673 -0.6151282294595075 -1.4358975919268602 0.6400800000000001 1.6958058802865736 3.176793915693223
19590 11217673 -0.5685887727719716 -1.4425424252451358 0.6400800000000001 1.6958058802865736 3.176793915693223
19591 11217673 -0.519174246755769 -1.448997016362892 0.6400800000000001 1.6958058802865736 3.176793915693223
19592 11217673 -0.4708774009752893 -1.4547937179394408 0.6400800000000001 1.6958058802865736 3.176793915693223
19593 11217673 -0.42258055519480964 -1.4605904195159896 0.6400800000000001 1.6958058802865736 3.176793915693223
19594 11217673 -0.3729935867137044 -1.4665162160558436 0.6400800000000001 1.6958058802865736 3.176793915693223
19595 11217673 -0.32347564620429836 -1.4726526007688947 0.6400800000000001 1.6958058802865736 3.176793915693223
19596 11217673 -0.2739577056948923 -1.478788985481946 0.6400800000000001 1.6958058802865736 3.176793915693223
19597 11217673 -0.22450878758464454 -1.4851359602054794 0.6400800000000001 1.6958058802865736 3.176793915693223
19598 11217673 -0.17254857579873373 -1.491952807265113 0.6400800000000001 1.6958058802865736 3.176793915693223
19599 11217673 -0.12230630058850611 -1.4958712887384271 0.6400800000000001 1.6958058802865736 3.176793915693223
19600 11217673 -0.07239178981152705 -1.5007920195254694 0.6400800000000001 1.6958058802865736 3.176793915693223
19601 11217673 -0.022477279034547992 -1.5057127503125116 0.6400800000000001 1.6958058802865736 3.176793915693223
19602 11217673 0.030828060994491313 -1.5084114083285478 0.6400800000000001 1.6958058802865736 3.176793915693223
19603 11217673 0.08095269300043861 -1.5086098328295732 0.6400800000000001 1.6958058802865736 3.176793915693223
19604 11217673 0.13107732500638591 -1.5088082573305988 0.6400800000000001 1.6958058802865736 3.176793915693223
19605 11217673 0.18163290134486204 -1.50768650657011 0.6400800000000001 1.6958058802865736 3.176793915693223
19606 11217673 0.23218847768333817 -1.5065647558096213 0.6400800000000001 1.6958058802865736 3.176793915693223
19607 11217673 0.2846720865072173 -1.5036191200290023 0.6400800000000001 1.6958058802865736 3.176793915693223
19608 11217673 0.33570701840252426 -1.5051065275896127 0.6400800000000001 1.6958058802865736 3.176793915693223
19609 11217673 0.3873971471208653 -1.5045879641370772 0.6400800000000001 1.6958058802865736 3.176793915693223
19610 11217673 0.4422537217523035 -1.5025334165117172 0.6400800000000001 1.6958058802865736 3.176793915693223
19611 11217673 0.4940125391610901 -1.5018027724980212 0.6400800000000001 1.6958058802865736 3.176793915693223
19612 11217673 0.5457713565698767 -1.501072128484325 0.6400800000000001 1.6958058802865736 3.176793915693223
19613 11217673 0.5998343781446422 -1.501444217092569 0.6400800000000001 1.6958058802865736 3.176793915693223
19614 11217673 0.6500411090751996 -1.5054627805142529 0.6400800000000001 1.6958058802865736 3.176793915693223
19615 11217673 0.7019030266274315 -1.5044141318474253 0.6400800000000001 1.6958058802865736 3.176793915693223
19616 11217673 0.7543510467857966 -1.5015705894194142 0.6400800000000001 1.6958058802865736 3.176793915693223
19617 11217673 0.809568743919136 -1.4984046165057299 0.6400800000000001 1.6958058802865736 3.176793915693223
19618 11217673 0.8647864410524755 -1.4952386435920453 0.6400800000000001 1.6958058802865736 3.176793915693223
19619 11217673 0.9157858212024255 -1.4968274403642454 0.6400800000000001 1.6958058802865736 3.176793915693223
19620 11217673 0.9676126535717724 -1.495882414081956 0.6400800000000001 1.6958058802865736 3.176793915693223
19621 11217673 1.0193359337178798 -1.4952536925812825 0.6400800000000001 1.6958058802865736 3.176793915693223
19622 11217673 1.071403834774972 -1.4935687925885748 0.6400800000000001 1.6958058802865736 3.176793915693223
19623 11217673 1.1234717358320643 -1.491883892595867 0.6400800000000001 1.6958058802865736 3.176793915693223
19624 11217673 1.1780161671300113 -1.4907735117390037 0.6400800000000001 1.6958058802865736 3.176793915693223
19625 11217673 1.2325605984279584 -1.4896631308821404 0.6400800000000001 1.6958058802865736 3.176793915693223
19626 11217673 1.2842142986150873 -1.4892434174750715 0.6400800000000001 1.6958058802865736 3.176793915693223
19627 11217673 1.3358679988022164 -1.4888237040680026 0.6400800000000001 1.6958058802865736 3.176793915693223
19628 11217673 1.3877283891427679 -1.4877700519574084 0.6400800000000001 1.6958058802865736 3.176793915693223
19629 11217673 1.439381820361409 -1.48734939810675 0.6400800000000001 1.6958058802865736 3.176793915693223
19630 11217673 1.4901658784457346 -1.487549357933265 0.6400800000000001 1.6958058802865736 3.176793915693223
19631 11217673 1.54094993653006 -1.48774931775978 0.6400800000000001 1.6958058802865736 3.176793915693223
19632 11217673 1.5917339946143854 -1.487949277586295 0.6400800000000001 1.6958058802865736 3.176793915693223
19633 11217673 1.6425180526987109 -1.48814923741281 0.6400800000000001 1.6958058802865736 3.176793915693223
19634 11217673 1.681532209248563 -1.4890316841022702 0.6400800000000001 1.6958058802865736 3.176793915693223
19635 11217673 1.720546365798415 -1.4899141307917305 0.6400800000000001 1.6958058802865736 3.176793915693223
19636 11217673 1.7808734149407544 -1.4916223012339431 0.6400800000000001 1.6958058802865736 3.176793915693223
19637 11217673 1.841200464083094 -1.493330471676156 0.6400800000000001 1.6958058802865736 3.176793915693223
19638 11217673 1.8890263203705426 -1.496329666948492 0.6400800000000001 1.6958058802865736 3.176793915693223
19639 11217673 1.9368521766579914 -1.499328862220828 0.6400800000000001 1.6958058802865736 3.176793915693223
19640 11217673 1.9820923461695854 -1.5015416536140187 0.6400800000000001 1.6958058802865736 3.176793915693223
19641 11217673 2.0273325156811794 -1.5037544450072093 0.6400800000000001 1.6958058802865736 3.176793915693223
19642 11217673 2.069693351827861 -1.5073047249943647 0.6400800000000001 1.6958058802865736 3.176793915693223
19643 11217673 2.115116818182765 -1.5096351036919902 0.6400800000000001 1.6958058802865736 3.176793915693223
19644 11217673 2.1549318932830377 -1.5128210337480839 0.6400800000000001 1.6958058802865736 3.176793915693223
19645 11217673 2.196822391911481 -1.5164506697595603 0.6400800000000001 1.6958058802865736 3.176793915693223
19646 11217673 2.233207931640467 -1.5206192629686581 0.6400800000000001 1.6958058802865736 3.176793915693223
19647 11217673 2.2722153090052153 -1.522197381221964 0.6400800000000001 1.6958058802865736 3.176793915693223
19648 11217673 2.311222686369963 -1.5237754994752701 0.6400800000000001 1.6958058802865736 3.176793915693223
19649 11217673 2.348314604265621 -1.5257792856180812 0.6400800000000001 1.6958058802865736 3.176793915693223
19650 11217673 2.385406522161279 -1.5277830717608925 0.6400800000000001 1.6958058802865736 3.176793915693223
19651 11217673 2.4197164935864053 -1.5315068308416626 0.6400800000000001 1.6958058802865736 3.176793915693223
19652 11217673 2.4577592448878205 -1.5352222437932825 0.6248400000000001 1.6958058802865736 3.176793915693223
19653 11217673 2.4958019961892353 -1.5389376567449025 0.6096 1.6958058802865736 3.176793915693223
19654 11217673 2.532376460740727 -1.5433415642474406 0.6096 1.6958058802865736 3.176793915693223
19655 11217673 2.568950925292219 -1.5477454717499788 0.6096 1.6958058802865736 3.176793915693223
19656 11217673 2.607789921688942 -1.5528298499604494 0.6096 1.6958058802865736 3.176793915693223
19657 11217673 2.6464691966497322 -1.5562262683972572 0.6096 1.6958058802865736 3.176793915693223
19658 11217673 2.685148471610522 -1.559622686834065 0.6096 1.6958058802865736 3.176793915693223
19659 11217673 2.7238277465713123 -1.5630191052708728 0.6096 1.6958058802865736 3.176793915693223
19660 11217673 2.760614335595461 -1.567315966097904 0.57912 1.6958058802865736 3.176793915693223
19661 11217673 2.7977383817116133 -1.5732996751156139 0.57912 1.6958058802865736 3.176793915693223
19662 11217673 2.834862427827766 -1.5792833841333238 0.57912 1.6958058802865736 3.176793915693223
19663 11217673 2.8740223923440267 -1.5844710792558077 0.57912 1.6958058802865736 3.176793915693223
19664 11217673 2.9113414170281713 -1.5904010098388786 0.57912 1.6958058802865736 3.176793915693223
19665 11217673 2.948660441712316 -1.5963309404219495 0.57912 1.6958058802865736 3.176793915693223
19666 11217673 2.987430437205904 -1.6016243701398964 0.57912 1.6958058802865736 3.176793915693223
19667 11217673 3.0290671443419477 -1.607385869341236 0.57912 1.6958058802865736 3.176793915693223
19668 11217673 3.0678560155739056 -1.6089469047324596 0.57912 1.6958058802865736 3.176793915693223
19669 11217673 3.1066448868058636 -1.610507940123683 0.57912 1.6958058802865736 3.176793915693223
19670 11217673 3.1460272370792977 -1.6054872098127273 0.57912 1.6958058802865736 3.176793915693223
19671 11217673 3.186448058872076 -1.5986440463231282 0.5638799999999999 1.6958058802865736 3.176793915693223
19672 11217673 3.2268688806648544 -1.5918008828335288 0.54864 1.6958058802865736 3.176793915693223
19673 11217673 3.2623429497268326 -1.5810654202279641 0.54864 1.6958058802865736 3.176793915693223
19674 11217673 3.3029908316715098 -1.565359708970925 0.54864 1.6958058802865736 3.176793915693223
19675 11217673 3.343638713616187 -1.5496539977138861 0.54864 1.6958058802865736 3.176793915693223
19676 11217673 3.377315916966412 -1.5294540601619668 0.54864 1.6958058802865736 3.176793915693223
19677 11217673 3.410993120316637 -1.5092541226100475 0.54864 1.6958058802865736 3.176793915693223
19678 11217673 3.4438933222958825 -1.4819086370979824 0.54864 1.6958058802865736 3.176793915693223
19679 11217673 3.4713456138148624 -1.4562898330757756 0.54864 1.6958058802865736 3.176793915693223
19680 11217673 3.496604339011128 -1.4244651051280457 0.54864 1.6958058802865736 3.176793915693223
19681 11217673 3.521863064207394 -1.3926403771803157 0.54864 1.6958058802865736 3.176793915693223
19682 11217673 3.5474906248430966 -1.355737835569537 0.5334000000000001 1.6958058802865736 3.176793915693223
19683 11217673 3.5731181854787994 -1.3188352939587586 0.5181600000000001 1.6958058802865736 3.176793915693223
19684 11217673 3.59151643619984 -1.2798659740103977 0.5181600000000001 1.6958058802865736 3.176793915693223
19685 11217673 3.60959359808595 -1.2407918826920952 0.5181600000000001 1.6958058802865736 3.176793915693223
19686 11217673 3.6241107838126054 -1.200381026356915 0.5181600000000001 1.6958058802865736 3.176793915693223
19687 11217673 3.638627969539261 -1.159970170021735 0.5181600000000001 1.6958058802865736 3.176793915693223
19688 11217673 3.6495163846298766 -1.118433725536648 0.5181600000000001 1.6958058802865736 3.176793915693223
19689 11217673 3.6604047997204923 -1.076897281051561 0.5181600000000001 1.6958058802865736 3.176793915693223
19690 11217673 3.670621575793191 -1.0374195050894286 0.5181600000000001 1.6958058802865736 3.176793915693223
19691 11217673 3.68083835186589 -0.9979417291272964 0.5181600000000001 1.6958058802865736 3.176793915693223
19692 11217673 3.688883508190881 -0.9555943848202416 0.5181600000000001 1.6958058802865736 3.176793915693223
19693 11217673 3.6927128725448717 -0.9134679055990158 0.508 1.6958058802865736 3.176793915693223
19694 11217673 3.6965422368988627 -0.8713414263777901 0.49784 1.6958058802865736 3.176793915693223
19695 11217673 3.7003716012528534 -0.8292149471565643 0.48768 1.6958058802865736 3.176793915693223
19696 11217673 3.7007405438184295 -0.7865823319681893 0.48768 1.6958058802865736 3.176793915693223
19697 11217673 3.7011094863840057 -0.7439497167798144 0.48768 1.6958058802865736 3.176793915693223
19698 11217673 3.7002232733064915 -0.7010827194028475 0.48768 1.6958058802865736 3.176793915693223
19699 11217673 3.6993370602289772 -0.6582157220258807 0.48768 1.6958058802865736 3.176793915693223
19700 11217673 3.6986964396069135 -0.6179986591699989 0.48768 1.6958058802865736 3.176793915693223
19701 11217673 3.69805581898485 -0.5777815963141169 0.48768 1.6958058802865736 3.176793915693223
19702 11217673 3.6962684949952225 -0.5383584306296547 0.48768 1.6958058802865736 3.176793915693223
19703 11217673 3.694481171005595 -0.49893526494519247 0.48768 1.6958058802865736 3.176793915693223
19704 11217673 3.693548286563607 -0.45961562877111445 0.48768 1.6958058802865736 3.176793915693223
19705 11217673 3.6926154021216187 -0.4202959925970364 0.48768 1.6958058802865736 3.176793915693223
19706 11217673 3.68921153208559 -0.38174696613930775 0.48768 1.6958058802865736 3.176793915693223
19707 11217673 3.6858076620495615 -0.3431979396815791 0.48768 1.6958058802865736 3.176793915693223
19708 11217673 3.6785223692825886 -0.30566015116594525 0.48768 1.6958058802865736 3.176793915693223
19709 11217673 3.6712818326491865 -0.2707067918908084 0.48768 1.6958058802865736 3.176793915693223
19710 11217673 3.664120541279433 -0.23823228946210995 0.48768 1.6958058802865736 3.176793915693223
19711 11217673 3.6569592499096792 -0.20575778703341155 0.48768 1.6958058802865736 3.176793915693223
19712 11217673 3.641593720166649 -0.1807394626444826 0.48768 1.6958058802865736 3.176793915693223
19713 11217673 3.6262281904236184 -0.15572113825555364 0.48768 1.6958058802865736 3.176793915693223
19714 11217673 3.5739893998069006 -0.103571692657809 0.48768 1.6958058802865736 3.176793915693223
19715 11217673 3.5515861747611837 -0.08107487944120942 0.48768 1.6958058802865736 3.176793915693223
19716 11217673 3.5291829497154668 -0.05857806622460984 0.48768 1.6958058802865736 3.176793915693223
19717 11217673 3.4975719115420647 -0.03844955423683019 0.48768 1.6958058802865736 3.176793915693223
19718 11217673 3.4630052854268882 -0.024657058411522187 0.48768 1.6958058802865736 3.176793915693223
19719 11217673 3.4284386593117118 -0.010864562586214183 0.48768 1.6958058802865736 3.176793915693223
19720 11217673 3.391526510752195 0.0011822182882734456 0.45720000000000005 1.6958058802865736 3.176793915693223
19721 11217673 3.3537906752021702 0.0060804173806603135 0.45720000000000005 1.6958058802865736 3.176793915693223
19722 11217673 3.3160548396521454 0.010978616473047181 0.45720000000000005 1.6958058802865736 3.176793915693223
19723 11217673 3.279238767277535 0.010261925756019002 0.45720000000000005 1.6958058802865736 3.176793915693223
19724 11217673 3.242422694902925 0.009545235038990824 0.45720000000000005 1.6958058802865736 3.176793915693223
19725 11217673 3.2226032839301357 0.007311376706150813 0.45720000000000005 1.6958058802865736 3.176793915693223
19726 11217673 3.2027838729573466 0.005077518373310802 0.45720000000000005 1.6958058802865736 3.176793915693223
19727 11217673 3.1242049964293486 -0.004435879627929823 0.45720000000000005 1.6958058802865736 3.176793915693223
19728 11217673 3.0853066959598383 -0.006633117195702781 0.45720000000000005 1.6958058802865736 3.176793915693223
19729 11217673 3.046408395490328 -0.00883035476347574 0.45720000000000005 1.6958058802865736 3.176793915693223
19730 11217673 3.016287269762141 -0.010387802292468246 0.44958000000000004 1.6958058802865736 3.176793915693223
19731 11217673 2.986166144033954 -0.011945249821460752 0.44196 1.6958058802865736 3.176793915693223
19732 11217673 2.9578004585525397 -0.011388745023548835 0.43434000000000006 1.6958058802865736 3.176793915693223
19733 11217673 2.929434773071125 -0.010832240225636919 0.42672000000000004 1.6958058802865736 3.176793915693223
19734 11217673 2.8520658026085006 -0.008472220392355873 0.42672000000000004 1.6958058802865736 3.176793915693223
19735 11217673 2.8139424517334235 -0.008292817417683701 0.42672000000000004 1.6958058802865736 3.176793915693223
19736 11217673 2.776404912865045 -0.006318573082313178 0.42672000000000004 1.6958058802865736 3.176793915693223
19737 11217673 2.742606376140264 -0.002410698977525133 0.42672000000000004 1.6958058802865736 3.176793915693223
19738 11217673 2.7016152100425668 -0.0042149523875330275 0.42672000000000004 1.6958058802865736 3.176793915693223
19739 11217673 2.6663272414735517 -0.004415160483469932 0.42672000000000004 1.6958058802865736 3.176793915693223
19740 11217673 2.631039272904537 -0.004615368579406837 0.42672000000000004 1.6958058802865736 3.176793915693223
19741 11217673 2.595751304335522 -0.004815576675343741 0.42672000000000004 1.6958058802865736 3.176793915693223
19742 11217673 2.558055747979453 -0.0074029042722185134 0.42672000000000004 1.6958058802865736 3.176793915693223
19743 11217673 2.5203601916233844 -0.009990231869093286 0.42672000000000004 1.6958058802865736 3.176793915693223
19744 11217673 2.4849070029079483 -0.011148193469526751 0.42672000000000004 1.6958058802865736 3.176793915693223
19745 11217673 2.4494538141925126 -0.012306155069960217 0.42672000000000004 1.6958058802865736 3.176793915693223
19746 11217673 2.4261170019392466 -0.012162996358516096 0.41656000000000004 1.6958058802865736 3.176793915693223
19747 11217673 2.4027801896859806 -0.012019837647071976 0.40640000000000004 1.6958058802865736 3.176793915693223
19748 11217673 2.3794433774327146 -0.011876678935627855 0.39624000000000004 1.6958058802865736 3.176793915693223
19749 11217673 2.309388641054975 -0.008862075078929194 0.39624000000000004 1.6958058802865736 3.176793915693223
19750 11217673 2.271677041243805 -0.009048095827255659 0.39624000000000004 1.6958058802865736 3.176793915693223
19751 11217673 2.237617296100276 -0.00919969158596809 0.39624000000000004 1.6958058802865736 3.176793915693223
19752 11217673 2.203557550956747 -0.00935128734468052 0.39624000000000004 1.6958058802865736 3.176793915693223
19753 11217673 2.1696867402299684 -0.009739511819903901 0.39624000000000004 1.6958058802865736 3.176793915693223
19754 11217673 2.1358159295031904 -0.010127736295127282 0.39624000000000004 1.6958058802865736 3.176793915693223
19755 11217673 2.102755123496726 -0.00803489098519189 0.39624000000000004 1.6958058802865736 3.176793915693223
19756 11217673 2.069694317490262 -0.0059420456752564965 0.39624000000000004 1.6958058802865736 3.176793915693223
19757 11217673 2.035599847592966 -0.006198235280882314 0.381 1.6958058802865736 3.176793915693223
19758 11217673 2.00150537769567 -0.006454424886508131 0.36576 1.6958058802865736 3.176793915693223
19759 11217673 1.968642445912123 -0.008105553190022569 0.36576 1.6958058802865736 3.176793915693223
19760 11217673 1.9387615205897557 -0.00851072582403005 0.36576 1.6958058802865736 3.176793915693223
19761 11217673 1.9088805952673884 -0.00891589845803753 0.36576 1.6958058802865736 3.176793915693223
19762 11217673 1.8755705332047348 -0.010303799099313615 0.36576 1.6958058802865736 3.176793915693223
19763 11217673 1.8433166505643215 -0.009816812105698833 0.36576 1.6958058802865736 3.176793915693223
19764 11217673 1.8110627679239082 -0.00932982511208405 0.36576 1.6958058802865736 3.176793915693223
19765 11217673 1.7809183563899698 -0.009181111845369544 0.36576 1.6958058802865736 3.176793915693223
19766 11217673 1.7485954138004558 -0.008904818666003136 0.36576 1.6958058802865736 3.176793915693223
19767 11217673 1.7162724712109418 -0.008628525486636729 0.36576 1.6958058802865736 3.176793915693223
19768 11217673 1.6844791445086593 -0.005370796722799914 0.33528 1.6958058802865736 3.176793915693223
19769 11217673 1.6525573391661994 -0.005225180927137918 0.33528 1.6958058802865736 3.176793915693223
19770 11217673 1.616839612172165 -0.005825606964330099 0.33528 1.6958058802865736 3.176793915693223
19771 11217673 1.5845682056777834 -0.005390223988928591 0.33528 1.6958058802865736 3.176793915693223
19772 11217673 1.5522967991834018 -0.004954841013527084 0.33528 1.6958058802865736 3.176793915693223
19773 11217673 1.5201501669629618 -0.003683699070567541 0.33528 1.6958058802865736 3.176793915693223
19774 11217673 1.4880035347425216 -0.0024125571276079985 0.33528 1.6958058802865736 3.176793915693223
19775 11217673 1.4558569025220816 -0.001141415184648456 0.33528 1.6958058802865736 3.176793915693223
19776 11217673 1.4232703270825042 -0.00031041445145256474 0.33528 1.6958058802865736 3.176793915693223
19777 11217673 1.3906021730684845 -0.0010880962071040043 0.33528 1.6958058802865736 3.176793915693223
19778 11217673 1.3579340190544649 -0.0018657779627554438 0.33528 1.6958058802865736 3.176793915693223
19779 11217673 1.328086896633932 -0.002162882273685496 0.33528 1.6958058802865736 3.176793915693223
19780 11217673 1.297232010670767 -0.0007871284883747484 0.33528 1.6958058802865736 3.176793915693223
19781 11217673 1.2663771247076023 0.000588625296935999 0.33528 1.6958058802865736 3.176793915693223
19782 11217673 1.2369656064107803 0.00026639896232827365 0.33528 1.6958058802865736 3.176793915693223
19783 11217673 1.2067171317974654 0.00010087226756952394 0.33528 1.6958058802865736 3.176793915693223
19784 11217673 1.1804370262300774 0.0012092239153603246 0.33528 1.6958058802865736 3.176793915693223
19785 11217673 1.153376337776867 0.001287641156249797 0.33528 1.6958058802865736 3.176793915693223
19786 11217673 1.1263156493236568 0.0013660583971392692 0.33528 1.6958058802865736 3.176793915693223
19787 11217673 1.1016058671263924 0.0018448492476892397 0.33528 1.6958058802865736 3.176793915693223
19788 11217673 1.076398655900641 0.0017074716484993442 0.33528 1.6958058802865736 3.176793915693223
19789 11217673 1.0511914446748896 0.0015700940493094488 0.33528 1.6958058802865736 3.176793915693223
19790 11217673 1.0259842334491382 0.0014327164501195533 0.33528 1.6958058802865736 3.176793915693223
19791 11217673 1.0061579605027875 0.0005500094675074813 0.33528 1.6958058802865736 3.176793915693223
19792 11217673 0.9832535441222615 0.00043938829788262024 0.33528 1.6958058802865736 3.176793915693223
19793 11217673 0.9603491277417355 0.0003287671282577592 0.33528 1.6958058802865736 3.176793915693223
19794 11217673 0.9602419058049181 0.00033071178186410235 0.33528 1.6958058802865736 3.176793915693223
19795 11217673 0.9601346838681007 0.0003326564354704455 0.33528 1.6958058802865736 3.176793915693223
19796 11217673 0.9600274619312833 0.0003346010890767886 0.33528 1.6958058802865736 3.176793915693223
19797 11217673 0.9599202399944659 0.00033654574268313173 0.33528 1.6958058802865736 3.176793915693223
19798 11217673 0.9598130180576484 0.00033849039628947486 0.33528 1.6958058802865736 3.176793915693223
19799 11217673 0.9597057961208311 0.000340435049895818 0.33528 1.6958058802865736 3.176793915693223
19800 11217673 0.9595985741840136 0.0003423797035021611 0.33528 1.6958058802865736 3.176793915693223
19801 11217673 0.9594913522471962 0.00034432435710850424 0.33528 1.6958058802865736 3.176793915693223
19802 11217673 0.9593841303103787 0.0003462690107148474 0.33528 1.6958058802865736 3.176793915693223
19803 11217673 0.9592769083735614 0.00034821366432119055 0.33528 1.6958058802865736 3.176793915693223
19804 11217673 0.9591696864367439 0.0003501583179275337 0.33528 1.6958058802865736 3.176793915693223
19805 11217673 0.9590624644999265 0.0003521029715338768 0.33528 1.6958058802865736 3.176793915693223
19806 11217673 0.958955242563109 0.00035404762514021994 0.33528 1.6958058802865736 3.176793915693223
19807 11217673 0.9588480206262917 0.00035599227874656307 0.33528 1.6958058802865736 3.176793915693223
19808 11217673 0.9587407986894743 0.0003579369323529062 0.33528 1.6958058802865736 3.176793915693223
19809 11217673 0.9586335767526568 0.0003598815859592493 0.33528 1.6958058802865736 3.176793915693223
19810 11217673 0.9585263548158394 0.00036182623956559245 0.33528 1.6958058802865736 3.176793915693223
19811 11217673 0.958419132879022 0.0003637708931719356 0.33528 1.6958058802865736 3.176793915693223
19812 11217673 0.9583119109422046 0.0003657155467782787 0.33528 1.6958058802865736 3.176793915693223
19813 11217673 0.9582046890053871 0.00036766020038462183 0.33528 1.6958058802865736 3.176793915693223
19814 11217673 0.9580974670685697 0.00036960485399096496 0.33528 1.6958058802865736 3.176793915693223
19815 11217673 0.9579902451317523 0.0003715495075973081 0.33528 1.6958058802865736 3.176793915693223
19816 11217673 0.9578830231949349 0.00037349416120365127 0.33528 1.6958058802865736 3.176793915693223
19817 11217673 0.9577758012581175 0.0003754388148099944 0.33528 1.6958058802865736 3.176793915693223
19818 11217673 0.9576685793213 0.0003773834684163375 0.33528 1.6958058802865736 3.176793915693223
19819 11217673 0.9575613573844827 0.00037932812202268065 0.33528 1.6958058802865736 3.176793915693223
19820 11217673 0.9574541354476652 0.0003812727756290238 0.33528 1.6958058802865736 3.176793915693223
19821 11217673 0.9573469135108478 0.0003832174292353669 0.33528 1.6958058802865736 3.176793915693223
19822 11217673 0.9572396915740303 0.00038516208284171004 0.33528 1.6958058802865736 3.176793915693223
19823 11217673 0.957132469637213 0.00038710673644805316 0.33528 1.6958058802865736 3.176793915693223
19824 11217673 0.9570252477003955 0.0003890513900543963 0.33528 1.6958058802865736 3.176793915693223
19825 11217673 0.9569180257635781 0.0003909960436607394 0.33528 1.6958058802865736 3.176793915693223
19826 11217673 0.9568108038267606 0.00039294069726708255 0.33528 1.6958058802865736 3.176793915693223
19827 11217673 0.9567035818899433 0.0003948853508734257 0.33528 1.6958058802865736 3.176793915693223
19828 11217673 0.9565963599531259 0.0003968300044797688 0.33528 1.6958058802865736 3.176793915693223
19829 11217673 0.9564891380163084 0.00039877465808611193 0.33528 1.6958058802865736 3.176793915693223
19830 11217673 0.956381916079491 0.00040071931169245506 0.33528 1.6958058802865736 3.176793915693223
19831 11217673 0.9562746941426736 0.0004026639652987982 0.33528 1.6958058802865736 3.176793915693223
19832 11217673 0.9561674722058562 0.0004046086189051413 0.33528 1.6958058802865736 3.176793915693223
19833 11217673 0.9560602502690387 0.00040655327251148444 0.33528 1.6958058802865736 3.176793915693223
19834 11217673 0.9559530283322213 0.00040849792611782757 0.33528 1.6958058802865736 3.176793915693223
19835 11217673 0.955845806395404 0.0004104425797241707 0.33528 1.6958058802865736 3.176793915693223
19836 11217673 0.9557385844585865 0.0004123872333305139 0.33528 1.6958058802865736 3.176793915693223
19837 11217673 0.9556313625217691 0.000414331886936857 0.33528 1.6958058802865736 3.176793915693223
19838 11217673 0.9555241405849516 0.00041627654054320014 0.33528 1.6958058802865736 3.176793915693223
19839 11217673 0.9554169186481343 0.00041822119414954326 0.33528 1.6958058802865736 3.176793915693223
19840 11217673 0.9553096967113168 0.0004201658477558864 0.33528 1.6958058802865736 3.176793915693223
19841 11217673 0.9552024747744994 0.0004221105013622295 0.33528 1.6958058802865736 3.176793915693223
19842 11217673 0.9550952528376819 0.00042405515496857265 0.33528 1.6958058802865736 3.176793915693223
19843 11217673 0.9549880309008646 0.0004259998085749158 0.33528 1.6958058802865736 3.176793915693223
19844 11217673 0.9548808089640471 0.0004279444621812589 0.33528 1.6958058802865736 3.176793915693223
19845 11217673 0.9547735870272297 0.00042988911578760203 0.33528 1.6958058802865736 3.176793915693223
19846 11217673 0.9546663650904123 0.00043183376939394516 0.33528 1.6958058802865736 3.176793915693223
19847 11217673 0.9545591431535949 0.00043377842300028834 0.33528 1.6958058802865736 3.176793915693223
19848 11217673 0.9544519212167775 0.00043572307660663147 0.33528 1.6958058802865736 3.176793915693223
19849 11217673 0.95434469927996 0.0004376677302129746 0.33528 1.6958058802865736 3.176793915693223
19850 11217673 0.9542374773431426 0.0004396123838193177 0.33528 1.6958058802865736 3.176793915693223
19851 11217673 0.9541302554063252 0.00044155703742566085 0.33528 1.6958058802865736 3.176793915693223
19852 11217673 0.9540230334695078 0.000443501691032004 0.33528 1.6958058802865736 3.176793915693223
19853 11217673 0.9539158115326903 0.0004454463446383471 0.33528 1.6958058802865736 3.176793915693223
