18281 10561439 0.7492311243217263 0.005168883301905028 0.33528 -0.6347677865124085 -0.8097307648880198
18282 10561439 0.6978104300698649 6.841099820104057e-06 0.36576 -0.6347677865124085 -0.8097307648880198
18283 10561439 0.6810120260608867 0.0002384904013726652 0.36576 -0.6347677865124085 -0.8097307648880198
18284 10561439 0.6127926757123515 -0.0046912495713969105 0.36576 -0.6347677865124085 -0.8097307648880198
18285 10561439 0.601576785110556 -0.006400405431107939 0.36576 -0.6347677865124085 -0.8097307648880198
18286 10561439 0.5351613090368486 -0.006895327948656091 0.36576 -0.6347677865124085 -0.8097307648880198
18287 10561439 0.5050431940006994 -0.007743122619457542 0.36576 -0.6347677865124085 -0.8097307648880198
18288 10561439 0.4749250789645504 -0.008590917290258994 0.36576 -0.6347677865124085 -0.8097307648880198
18289 10561439 0.4448069639284013 -0.009438711961060445 0.36576 -0.6347677865124085 -0.8097307648880198
18290 10561439 0.4146888488922522 -0.010286506631861897 0.36576 -0.6347677865124085 -0.8097307648880198
18291 10561439 0.38870795912890843 -0.007170316956768702 0.36576 -0.6347677865124085 -0.8097307648880198
18292 10561439 0.3217490294873626 -0.01204216582537826 0.36576 -0.6347677865124085 -0.8097307648880198
18293 10561439 0.2838290454321518 -0.01121583638746143 0.36576 -0.6347677865124085 -0.8097307648880198
18294 10561439 0.24082741568222021 -0.012350287640389451 0.39624000000000004 -0.6347677865124085 -0.8097307648880198
18295 10561439 0.20036201562552758 -0.011158990216747489 0.39624000000000004 -0.6347677865124085 -0.8097307648880198
18296 10561439 0.1504922530040329 -0.011567090991290607 0.39624000000000004 -0.6347677865124085 -0.8097307648880198
18297 10561439 0.13036747206167615 -0.011999532749158284 0.39624000000000004 -0.6347677865124085 -0.8097307648880198
18298 10561439 0.11024269111931939 -0.012431974507025961 0.39624000000000004 -0.6347677865124085 -0.8097307648880198
18299 10561439 0.06752951677213082 -0.011323146705086024 0.39624000000000004 -0.6347677865124085 -0.8097307648880198
18300 10561439 0.024471285522017716 -0.011269606948867028 0.39624000000000004 -0.6347677865124085 -0.8097307648880198
18301 10561439 -0.01557147700777839 -0.011500450120874944 0.39624000000000004 -0.6347677865124085 -0.8097307648880198
18302 10561439 -0.07483718394571426 -0.016196394425932098 0.39624000000000004 -0.6347677865124085 -0.8097307648880198
18303 10561439 -0.1285126926484057 -0.014657791527107195 0.42672000000000004 -0.6347677865124085 -0.8097307648880198
18304 10561439 -0.16141164237181038 -0.014769497337362353 0.42672000000000004 -0.6347677865124085 -0.8097307648880198
18305 10561439 -0.20677959500261367 -0.019333962277039568 0.42672000000000004 -0.6347677865124085 -0.8097307648880198
18306 10561439 -0.2562602090908259 -0.019633020128751538 0.42672000000000004 -0.6347677865124085 -0.8097307648880198
18307 10561439 -0.2994369462436679 -0.02292709787384814 0.42672000000000004 -0.6347677865124085 -0.8097307648880198
18308 10561439 -0.34131624281565465 -0.024425260159663925 0.42672000000000004 -0.6347677865124085 -0.8097307648880198
18309 10561439 -0.385656690436027 -0.021496837482928827 0.42672000000000004 -0.6347677865124085 -0.8097307648880198
18310 10561439 -0.4393328088365116 -0.019955883633607258 0.42672000000000004 -0.6347677865124085 -0.8097307648880198
18311 10561439 -0.4930435238095743 -0.018520075589821355 0.45720000000000005 -0.6347677865124085 -0.8097307648880198
18312 10561439 -0.5378760147833987 -0.014378398073237625 0.45720000000000005 -0.6347677865124085 -0.8097307648880198
18313 10561439 -0.5796193070903863 -0.01708807677263316 0.45720000000000005 -0.6347677865124085 -0.8097307648880198
18314 10561439 -0.625530403885685 -0.013527917591495825 0.45720000000000005 -0.6347677865124085 -0.8097307648880198
18315 10561439 -0.6423641542005406 -0.013398667923047253 0.45720000000000005 -0.6347677865124085 -0.8097307648880198
18316 10561439 -0.6591979045153962 -0.01326941825459868 0.45720000000000005 -0.6347677865124085 -0.8097307648880198
18317 10561439 -0.7322017076790481 -0.016506604381198414 0.45720000000000005 -0.6347677865124085 -0.8097307648880198
18318 10561439 -0.791784511287294 -0.015368661828529084 0.45720000000000005 -0.6347677865124085 -0.8097307648880198
18319 10561439 -0.8206699958579666 -0.014745170596994858 0.45720000000000005 -0.6347677865124085 -0.8097307648880198
18320 10561439 -0.8495554804286392 -0.014121679365460632 0.45720000000000005 -0.6347677865124085 -0.8097307648880198
18321 10561439 -0.9160713463779724 -0.01924485021041525 0.48768 -0.6347677865124085 -0.8097307648880198
18322 10561439 -0.953682402553709 -0.017461954319618306 0.48768 -0.6347677865124085 -0.8097307648880198
18323 10561439 -0.9953143295612823 -0.022542581074820572 0.48768 -0.6347677865124085 -0.8097307648880198
18324 10561439 -1.0546518673403558 -0.027441464914039232 0.48768 -0.6347677865124085 -0.8097307648880198
18325 10561439 -1.1098824450617772 -0.030645176848335037 0.48768 -0.6347677865124085 -0.8097307648880198
18326 10561439 -1.1259485996171235 -0.03088275247995889 0.5181600000000001 -0.6347677865124085 -0.8097307648880198
18327 10561439 -1.1763992414037225 -0.035765918329162344 0.5181600000000001 -0.6347677865124085 -0.8097307648880198
18328 10561439 -1.2229629118901675 -0.040985202834874196 0.5181600000000001 -0.6347677865124085 -0.8097307648880198
18329 10561439 -1.267671665506936 -0.04868022430134236 0.5181600000000001 -0.6347677865124085 -0.8097307648880198
18330 10561439 -1.3181572729475486 -0.053667938329018755 0.5181600000000001 -0.6347677865124085 -0.8097307648880198
18331 10561439 -1.374976515810659 -0.06172483300582057 0.5181600000000001 -0.6347677865124085 -0.8097307648880198
18332 10561439 -1.4085936053481156 -0.06673732462430407 0.5181600000000001 -0.6347677865124085 -0.8097307648880198
18333 10561439 -1.4476792521127675 -0.0728528301611808 0.5181600000000001 -0.6347677865124085 -0.8097307648880198
18334 10561439 -1.4867648988774191 -0.07896833569805753 0.5181600000000001 -0.6347677865124085 -0.8097307648880198
18335 10561439 -1.5267912939691506 -0.08524316350344993 0.5181600000000001 -0.6347677865124085 -0.8097307648880198
18336 10561439 -1.5668176890608818 -0.09151799130884233 0.5181600000000001 -0.6347677865124085 -0.8097307648880198
18337 10561439 -1.613611176748855 -0.09607576903906592 0.5181600000000001 -0.6347677865124085 -0.8097307648880198
18338 10561439 -1.6590331155441211 -0.104587046877222 0.54864 -0.6347677865124085 -0.8097307648880198
18339 10561439 -1.7015906422534 -0.11520338458975668 0.54864 -0.6347677865124085 -0.8097307648880198
18340 10561439 -1.7584804795217173 -0.12346833336829968 0.54864 -0.6347677865124085 -0.8097307648880198
18341 10561439 -1.8022998956189091 -0.13413879715155533 0.54864 -0.6347677865124085 -0.8097307648880198
18342 10561439 -1.850542302780594 -0.1414928411747083 0.54864 -0.6347677865124085 -0.8097307648880198
18343 10561439 -1.9025489806880878 -0.15112047097436856 0.54864 -0.6347677865124085 -0.8097307648880198
18344 10561439 -1.9480838900761122 -0.1572565082960701 0.54864 -0.6347677865124085 -0.8097307648880198
18345 10561439 -1.9898483439780092 -0.16544358740077317 0.57912 -0.6347677865124085 -0.8097307648880198
18346 10561439 -2.041242422543908 -0.1704803355178877 0.57912 -0.6347677865124085 -0.8097307648880198
18347 10561439 -2.089953064420352 -0.17545989247463814 0.57912 -0.6347677865124085 -0.8097307648880198
18348 10561439 -2.146809938047494 -0.18361621397632358 0.57912 -0.6347677865124085 -0.8097307648880198
18349 10561439 -2.1628425046696877 -0.18374590830390983 0.57912 -0.6347677865124085 -0.8097307648880198
18350 10561439 -2.2258348105627404 -0.19164712102644435 0.57912 -0.6347677865124085 -0.8097307648880198
18351 10561439 -2.2733802502672624 -0.19034685001086052 0.57912 -0.6347677865124085 -0.8097307648880198
18352 10561439 -2.3270264061003942 -0.18868609861403898 0.57912 -0.6347677865124085 -0.8097307648880198
18353 10561439 -2.3722370000942092 -0.18160595662304127 0.6096 -0.6347677865124085 -0.8097307648880198
18354 10561439 -2.415316478406795 -0.17615752757813866 0.6096 -0.6347677865124085 -0.8097307648880198
18355 10561439 -2.4557287448638476 -0.16527203522661219 0.6096 -0.6347677865124085 -0.8097307648880198
18356 10561439 -2.501879906973885 -0.15835068166075653 0.6096 -0.6347677865124085 -0.8097307648880198
18357 10561439 -2.5432042406994615 -0.14550107740079515 0.6096 -0.6347677865124085 -0.8097307648880198
18358 10561439 -2.5845285744250384 -0.13265147314083378 0.6096 -0.6347677865124085 -0.8097307648880198
18359 10561439 -2.6170258286042376 -0.12268977325860952 0.6096 -0.6347677865124085 -0.8097307648880198
18360 10561439 -2.6495230827834373 -0.11272807337638527 0.6096 -0.6347677865124085 -0.8097307648880198
18361 10561439 -2.6877278000096947 -0.09753923301913994 0.6400800000000001 -0.6347677865124085 -0.8097307648880198
18362 10561439 -2.7330284876068482 -0.08014496762242454 0.6400800000000001 -0.6347677865124085 -0.8097307648880198
18363 10561439 -2.787653554285841 -0.054324219989922456 0.6400800000000001 -0.6347677865124085 -0.8097307648880198
18364 10561439 -2.8284296272148373 -0.0323339721491295 0.6400800000000001 -0.6347677865124085 -0.8097307648880198
18365 10561439 -2.8462110931002833 -0.018803250697081803 0.6400800000000001 -0.6347677865124085 -0.8097307648880198
18366 10561439 -2.880599513702726 0.011846735896625521 0.6400800000000001 -0.6347677865124085 -0.8097307648880198
18367 10561439 -2.930744208434069 0.06085695456743276 0.6400800000000001 -0.6347677865124085 -0.8097307648880198
18368 10561439 -2.961321749415678 0.09364888712679406 0.6400800000000001 -0.6347677865124085 -0.8097307648880198
18369 10561439 -2.974381176547509 0.11346333653314686 0.6400800000000001 -0.6347677865124085 -0.8097307648880198
18370 10561439 -3.008927814642959 0.16262769442275235 0.6400800000000001 -0.6347677865124085 -0.8097307648880198
18371 10561439 -3.0353834632227628 0.19851131341042758 0.6400800000000001 -0.6347677865124085 -0.8097307648880198
18372 10561439 -3.052244426568521 0.23113799866797322 0.67056 -0.6347677865124085 -0.8097307648880198
18373 10561439 -3.0779474974996752 0.2720337028150154 0.67056 -0.6347677865124085 -0.8097307648880198
18374 10561439 -3.1032465402189473 0.3060202755516722 0.67056 -0.6347677865124085 -0.8097307648880198
18375 10561439 -3.1217094193244517 0.34080749840213187 0.67056 -0.6347677865124085 -0.8097307648880198
18376 10561439 -3.1396661421111984 0.37659763257305645 0.7010400000000001 -0.6347677865124085 -0.8097307648880198
18377 10561439 -3.1445277228577018 0.3943137317955189 0.7010400000000001 -0.6347677865124085 -0.8097307648880198
18378 10561439 -3.1648670842317674 0.4488783234509144 0.7010400000000001 -0.6347677865124085 -0.8097307648880198
18379 10561439 -3.173277095343959 0.48832103800675164 0.7010400000000001 -0.6347677865124085 -0.8097307648880198
18380 10561439 -3.180246649408109 0.5179153540537267 0.7010400000000001 -0.6347677865124085 -0.8097307648880198
18381 10561439 -3.187216203472259 0.5475096701007017 0.7010400000000001 -0.6347677865124085 -0.8097307648880198
18382 10561439 -3.196478836685497 0.604700301053821 0.7010400000000001 -0.6347677865124085 -0.8097307648880198
18383 10561439 -3.1987104042102485 0.6290923624500536 0.71628 -0.6347677865124085 -0.8097307648880198
18384 10561439 -3.2009419717350003 0.6534844238462862 0.73152 -0.6347677865124085 -0.8097307648880198
18385 10561439 -3.205942049847086 0.6951998159250609 0.73152 -0.6347677865124085 -0.8097307648880198
18386 10561439 -3.2077281992159348 0.7223088889135757 0.73152 -0.6347677865124085 -0.8097307648880198
18387 10561439 -3.2053876413395326 0.7565970252113859 0.73152 -0.6347677865124085 -0.8097307648880198
18388 10561439 -3.206782366167258 0.7930426638712293 0.73152 -0.6347677865124085 -0.8097307648880198
18389 10561439 -3.20837296565458 0.8370307052026086 0.762 -0.6347677865124085 -0.8097307648880198
18390 10561439 -3.211537100555235 0.8707838646875263 0.762 -0.6347677865124085 -0.8097307648880198
18391 10561439 -3.2147011194635544 0.9045370137474816 0.762 -0.6347677865124085 -0.8097307648880198
18392 10561439 -3.2150511817522727 0.9414587262733707 0.762 -0.6347677865124085 -0.8097307648880198
18393 10561439 -3.2172039546497837 0.9848129850174995 0.762 -0.6347677865124085 -0.8097307648880198
18394 10561439 -3.221002601765319 1.023681590225608 0.762 -0.6347677865124085 -0.8097307648880198
18395 10561439 -3.2178281176316412 1.0469468415821448 0.7924800000000001 -0.6347677865124085 -0.8097307648880198
18396 10561439 -3.2197017984480523 1.0927804859184684 0.7924800000000001 -0.6347677865124085 -0.8097307648880198
18397 10561439 -3.2185387323775245 1.1126145115481998 0.7924800000000001 -0.6347677865124085 -0.8097307648880198
18398 10561439 -3.222565703742415 1.1681504411153616 0.7924800000000001 -0.6347677865124085 -0.8097307648880198
18399 10561439 -3.220953381496119 1.1893564494271078 0.7924800000000001 -0.6347677865124085 -0.8097307648880198
18400 10561439 -3.2216863593267977 1.2386727903506467 0.7924800000000001 -0.6347677865124085 -0.8097307648880198
18401 10561439 -3.2212523381913636 1.2698461385979893 0.7924800000000001 -0.6347677865124085 -0.8097307648880198
18402 10561439 -3.2169204138263163 1.3004445518212286 0.7924800000000001 -0.6347677865124085 -0.8097307648880198
18403 10561439 -3.220752486222887 1.3392074870785529 0.7924800000000001 -0.6347677865124085 -0.8097307648880198
18404 10561439 -3.215968948194873 1.3728129933820623 0.82296 -0.6347677865124085 -0.8097307648880198
18405 10561439 -3.2146363161993934 1.4067302878485703 0.82296 -0.6347677865124085 -0.8097307648880198
18406 10561439 -3.2151148103950784 1.4249400877482874 0.82296 -0.6347677865124085 -0.8097307648880198
18407 10561439 -3.2155933045907634 1.4431498876480044 0.82296 -0.6347677865124085 -0.8097307648880198
18408 10561439 -3.2120305325494884 1.480894235877256 0.82296 -0.6347677865124085 -0.8097307648880198
18409 10561439 -3.209979121395957 1.5121224356653264 0.82296 -0.6347677865124085 -0.8097307648880198
18410 10561439 -3.2070052694801845 1.5548504179224139 0.82296 -0.6347677865124085 -0.8097307648880198
18411 10561439 -3.2034112274920243 1.5902475846033752 0.82296 -0.6347677865124085 -0.8097307648880198
18412 10561439 -3.200611784285657 1.6232173648133528 0.82296 -0.6347677865124085 -0.8097307648880198
18413 10561439 -3.198118984551706 1.6661028796116932 0.82296 -0.6347677865124085 -0.8097307648880198
18414 10561439 -3.194767476073623 1.7159519462400836 0.8534400000000001 -0.6347677865124085 -0.8097307648880198
18415 10561439 -3.192468983547016 1.7511890577396825 0.8534400000000001 -0.6347677865124085 -0.8097307648880198
18416 10561439 -3.1874158147660827 1.7883287301945254 0.8534400000000001 -0.6347677865124085 -0.8097307648880198
18417 10561439 -3.1843967434109635 1.830107227049581 0.8534400000000001 -0.6347677865124085 -0.8097307648880198
18418 10561439 -3.1819467331624143 1.8511559813653664 0.8534400000000001 -0.6347677865124085 -0.8097307648880198
18419 10561439 -3.1794533069785578 1.8940413893942016 0.8534400000000001 -0.6347677865124085 -0.8097307648880198
18420 10561439 -3.1778452614793244 1.923370006987226 0.8534400000000001 -0.6347677865124085 -0.8097307648880198
18421 10561439 -3.176237215980091 1.9526986245802502 0.8534400000000001 -0.6347677865124085 -0.8097307648880198
18422 10561439 -3.1762312533684405 1.987985276303727 0.8534400000000001 -0.6347677865124085 -0.8097307648880198
18423 10561439 -3.1706788466349147 2.0212223798527544 0.88392 -0.6347677865124085 -0.8097307648880198
18424 10561439 -3.1701469282125423 2.05540206696879 0.88392 -0.6347677865124085 -0.8097307648880198
18425 10561439 -3.1697606209008367 2.0918495903339562 0.88392 -0.6347677865124085 -0.8097307648880198
18426 10561439 -3.1696085957783886 2.124868338385111 0.88392 -0.6347677865124085 -0.8097307648880198
18427 10561439 -3.1666231514863616 2.166541143134584 0.88392 -0.6347677865124085 -0.8097307648880198
18428 10561439 -3.16833680226065 2.1938608448351666 0.88392 -0.6347677865124085 -0.8097307648880198
18429 10561439 -3.165316603555624 2.235639154647673 0.88392 -0.6347677865124085 -0.8097307648880198
18430 10561439 -3.1663884871579544 2.2703440321319595 0.88392 -0.6347677865124085 -0.8097307648880198
18431 10561439 -3.1663667715444577 2.300250572418327 0.9144000000000001 -0.6347677865124085 -0.8097307648880198
18432 10561439 -3.1672311408367078 2.335588648816922 0.9144000000000001 -0.6347677865124085 -0.8097307648880198
18433 10561439 -3.165059502250047 2.3693484808697076 0.9144000000000001 -0.6347677865124085 -0.8097307648880198
18434 10561439 -3.1662766358728325 2.406321148826887 0.9144000000000001 -0.6347677865124085 -0.8097307648880198
18435 10561439 -3.1641529493509557 2.4385776539565382 0.9144000000000001 -0.6347677865124085 -0.8097307648880198
18436 10561439 -3.1674850866337962 2.4718025227487224 0.9144000000000001 -0.6347677865124085 -0.8097307648880198
18437 10561439 -3.1645541407509965 2.514661851876165 0.9144000000000001 -0.6347677865124085 -0.8097307648880198
18438 10561439 -3.1662324088241656 2.5420869865770315 0.9144000000000001 -0.6347677865124085 -0.8097307648880198
18439 10561439 -3.1623830432978783 2.5931757468473813 0.9144000000000001 -0.6347677865124085 -0.8097307648880198
18440 10520887 1.101226527999261 0.0006836964528392775 0.3048 -0.6347677865124085 -0.8097307648880198
18440 10561439 -3.1661650876020744 2.631806307305046 0.9144000000000001 -0.6347677865124085 -0.8097307648880198
18441 10520887 1.0523334441587393 0.000534910575052519 0.3048 -0.6347677865124085 -0.8097307648880198
18441 10561439 -3.1614752880911148 2.6624047470821 0.9448799999999999 -0.6347677865124085 -0.8097307648880198
18442 10520887 1.021639580504162 0.0009499015653042608 0.3048 -0.6347677865124085 -0.8097307648880198
18442 10561439 -3.163909841550928 2.6785677656690625 0.9448799999999999 -0.6347677865124085 -0.8097307648880198
18443 10561439 -3.166344395010741 2.694730784256025 0.9448799999999999 -0.6347677865124085 -0.8097307648880198
18443 10520887 0.9909457168495848 0.0013648925555560026 0.3048 -0.6347677865124085 -0.8097307648880198
18444 10520887 0.9602518531950075 0.0017798835458077442 0.3048 -0.6347677865124085 -0.8097307648880198
18444 10561439 -3.162120611154589 2.7428926215182705 0.9448799999999999 -0.6347677865124085 -0.8097307648880198
18445 10561439 -3.1675718947026636 2.7766946983706378 0.9448799999999999 -0.6347677865124085 -0.8097307648880198
18445 10520887 0.9295579895404303 0.002194874536059486 0.3048 -0.6347677865124085 -0.8097307648880198
18446 10520887 0.8988641258858531 0.0026098655263112275 0.3048 -0.6347677865124085 -0.8097307648880198
18446 10561439 -3.1676599599981046 2.8089744390462354 0.9448799999999999 -0.6347677865124085 -0.8097307648880198
18447 10561439 -3.166787703544471 2.8468991682795726 0.9448799999999999 -0.6347677865124085 -0.8097307648880198
18447 10520887 0.8681702622312758 0.0030248565165629693 0.3048 -0.6347677865124085 -0.8097307648880198
18448 10561439 -3.166384483638754 2.8779664189550256 0.9448799999999999 -0.6347677865124085 -0.8097307648880198
18448 10520887 0.8374763985766985 0.003439847506814711 0.3048 -0.6347677865124085 -0.8097307648880198
18449 10520887 0.7974880586828197 0.0029149845466758368 0.30988000000000004 -0.6347677865124085 -0.8097307648880198
18449 10561439 -3.1666869395936175 2.9123028793505044 0.97536 -0.6347677865124085 -0.8097307648880198
18450 10561439 -3.1674657811040072 2.9424718431035615 0.97536 -0.6347677865124085 -0.8097307648880198
18450 10520887 0.757499718788941 0.0023901215865369625 0.31496 -0.6347677865124085 -0.8097307648880198
18451 10561439 -3.167892649228052 2.9777838883508143 0.97536 -0.6347677865124085 -0.8097307648880198
18451 10520887 0.7175113788950622 0.0018652586263980878 0.32004 -0.6347677865124085 -0.8097307648880198
18452 10520887 0.6775230390011834 0.0013403956662592135 0.32512 -0.6347677865124085 -0.8097307648880198
18452 10561439 -3.171797898051815 3.0173899019470105 0.97536 -0.6347677865124085 -0.8097307648880198
18453 10561439 -3.1698664576877764 3.0504107187032514 0.97536 -0.6347677865124085 -0.8097307648880198
18453 10520887 0.6375346991073045 0.0008155327061203392 0.33020000000000005 -0.6347677865124085 -0.8097307648880198
18454 10520887 0.5975463592134258 0.00029066974598146444 0.33528 -0.6347677865124085 -0.8097307648880198
18454 10561439 -3.1688763173501058 3.0506433570230915 0.9753457125 -0.6347677865124085 -0.8097307648880198
18455 10520887 0.5565640919775556 -0.00010330151353966227 0.33528 -0.6347677865124085 -0.8097307648880198
18455 10561439 -3.167886177012435 3.050875995342932 0.975331425 -0.6347677865124085 -0.8097307648880198
18456 10520887 0.5155818247416855 -0.000497272773060789 0.33528 -0.6347677865124085 -0.8097307648880198
18456 10561439 -3.1668960366747645 3.051108633662772 0.9753171375 -0.6347677865124085 -0.8097307648880198
18457 10520887 0.476385880778902 -0.003577570321461443 0.33528 -0.6347677865124085 -0.8097307648880198
18457 10561439 -3.165905896337094 3.0513412719826123 0.97530285 -0.6347677865124085 -0.8097307648880198
18458 10561439 -3.1649157559994228 3.051573910302453 0.9752885625 -0.6347677865124085 -0.8097307648880198
18458 10520887 0.4226079901981323 -0.0023598051354384725 0.33528 -0.6347677865124085 -0.8097307648880198
18459 10520887 0.38165090966251897 4.2693458938425355e-05 0.33528 -0.6347677865124085 -0.8097307648880198
18459 10561439 -3.163925615661752 3.051806548622293 0.975274275 -0.6347677865124085 -0.8097307648880198
18460 10520887 0.3481226981252492 0.0007186407027334474 0.33528 -0.6347677865124085 -0.8097307648880198
18460 10561439 -3.1629354753240815 3.052039186942133 0.9752599875 -0.6347677865124085 -0.8097307648880198
18461 10561439 -3.161945334986411 3.0522718252619736 0.9752457 -0.6347677865124085 -0.8097307648880198
18461 10520887 0.3284900785933333 -0.0009266023644890348 0.33528 -0.6347677865124085 -0.8097307648880198
18462 10520887 0.30885745906141737 -0.002571845431711517 0.33528 -0.6347677865124085 -0.8097307648880198
18462 10561439 -3.16095519464874 3.0525044635818137 0.9752314125 -0.6347677865124085 -0.8097307648880198
18463 10561439 -3.1599650543110696 3.052737101901654 0.975217125 -0.6347677865124085 -0.8097307648880198
18463 10520887 0.24183903594051426 0.0029743071597737175 0.35052 -0.6347677865124085 -0.8097307648880198
18464 10520887 0.21109030926908423 0.002508857576353947 0.35814 -0.6347677865124085 -0.8097307648880198
18464 10561439 -3.158974913973399 3.0529697402214944 0.9752028375 -0.6347677865124085 -0.8097307648880198
18465 10520887 0.1803415825976542 0.0020434079929341764 0.36576 -0.6347677865124085 -0.8097307648880198
18465 10561439 -3.1579847736357283 3.0532023785413345 0.97518855 -0.6347677865124085 -0.8097307648880198
18466 10520887 0.12035217309170282 0.007629991359084182 0.36576 -0.6347677865124085 -0.8097307648880198
18466 10561439 -3.156994633298057 3.0534350168611746 0.9751742625 -0.6347677865124085 -0.8097307648880198
18467 10520887 0.05325171457938915 0.011568959358197517 0.36576 -0.6347677865124085 -0.8097307648880198
18467 10561439 -3.1560044929603865 3.053667655181015 0.975159975 -0.6347677865124085 -0.8097307648880198
18468 10561439 -3.155014352622716 3.0539002935008552 0.9751456875 -0.6347677865124085 -0.8097307648880198
18468 10520887 0.03212132336409762 0.014853558686385118 0.36576 -0.6347677865124085 -0.8097307648880198
18469 10520887 0.010990932148806087 0.01813815801457272 0.36576 -0.6347677865124085 -0.8097307648880198
18469 10561439 -3.1540242122850453 3.0541329318206953 0.9751314 -0.6347677865124085 -0.8097307648880198
18470 10561439 -3.1530340719473746 3.054365570140536 0.9751171125 -0.6347677865124085 -0.8097307648880198
18470 10520887 -0.05254601751054244 0.01939457987293372 0.36576 -0.6347677865124085 -0.8097307648880198
18471 10520887 -0.08727598146501936 0.022918699493134714 0.36576 -0.6347677865124085 -0.8097307648880198
18471 10561439 -3.152043931609704 3.054598208460376 0.975102825 -0.6347677865124085 -0.8097307648880198
18472 10520887 -0.12738776264090568 0.022477383983533467 0.36576 -0.6347677865124085 -0.8097307648880198
18472 10561439 -3.1510537912720333 3.054830846780216 0.9750885375 -0.6347677865124085 -0.8097307648880198
18473 10520887 -0.163158582184582 0.028795544005976254 0.39624000000000004 -0.6347677865124085 -0.8097307648880198
18473 10561439 -3.1500636509343627 3.0550634851000567 0.97507425 -0.6347677865124085 -0.8097307648880198
18474 10561439 -3.1490735105966916 3.0552961234198968 0.9750599625 -0.6347677865124085 -0.8097307648880198
18474 10520887 -0.19087371867092195 0.029326209211461368 0.39624000000000004 -0.6347677865124085 -0.8097307648880198
18475 10520887 -0.24811118119950337 0.03518453515872841 0.39624000000000004 -0.6347677865124085 -0.8097307648880198
18475 10561439 -3.148083370259021 3.055528761739737 0.9750456750000001 -0.6347677865124085 -0.8097307648880198
18476 10561439 -3.1470932299213503 3.0557614000595774 0.9750313875 -0.6347677865124085 -0.8097307648880198
18476 10520887 -0.29541938497613485 0.03990048872453575 0.39624000000000004 -0.6347677865124085 -0.8097307648880198
18477 10561439 -3.1461030895836797 3.0559940383794175 0.9750171 -0.6347677865124085 -0.8097307648880198
18477 10520887 -0.3357560798455579 0.04420709287601007 0.39624000000000004 -0.6347677865124085 -0.8097307648880198
18478 10561439 -3.145112949246009 3.0562266766992576 0.9750028125 -0.6347677865124085 -0.8097307648880198
18478 10520887 -0.3798907371815441 0.04613367719822151 0.39624000000000004 -0.6347677865124085 -0.8097307648880198
18479 10561439 -3.1441228089083384 3.056459315019098 0.974988525 -0.6347677865124085 -0.8097307648880198
18479 10520887 -0.4207265240420537 0.05597821683214957 0.39624000000000004 -0.6347677865124085 -0.8097307648880198
18480 10561439 -3.1431326685706678 3.0566919533389383 0.9749742375 -0.6347677865124085 -0.8097307648880198
18480 10520887 -0.47737916015748394 0.061997663504244654 0.42672000000000004 -0.6347677865124085 -0.8097307648880198
18481 10520887 -0.5218661109310918 0.06719477115353858 0.42672000000000004 -0.6347677865124085 -0.8097307648880198
18481 10561439 -3.142142528232997 3.0569245916587784 0.97495995 -0.6347677865124085 -0.8097307648880198
18482 10520887 -0.5604857769101828 0.06860461428454415 0.42672000000000004 -0.6347677865124085 -0.8097307648880198
18482 10561439 -3.141152387895326 3.057157229978619 0.9749456625 -0.6347677865124085 -0.8097307648880198
18483 10520887 -0.5869829825668667 0.07177624234406924 0.42672000000000004 -0.6347677865124085 -0.8097307648880198
18483 10561439 -3.1401622475576554 3.057389868298459 0.974931375 -0.6347677865124085 -0.8097307648880198
18484 10520887 -0.61621967852978 0.07607734220837739 0.42672000000000004 -0.6347677865124085 -0.8097307648880198
18484 10561439 -3.1391721072199847 3.057622506618299 0.9749170875000001 -0.6347677865124085 -0.8097307648880198
18485 10561439 -3.138181966882314 3.0578551449381397 0.9749028 -0.6347677865124085 -0.8097307648880198
18485 10520887 -0.6454563744926933 0.08037844207268555 0.42672000000000004 -0.6347677865124085 -0.8097307648880198
18486 10561439 -3.1371918265446435 3.05808778325798 0.9748885125 -0.6347677865124085 -0.8097307648880198
18486 10520887 -0.6946394293654761 0.09090914992588739 0.42672000000000004 -0.6347677865124085 -0.8097307648880198
18487 10561439 -3.136201686206973 3.0583204215778204 0.974874225 -0.6347677865124085 -0.8097307648880198
18487 10520887 -0.7294962859123287 0.09398133036203175 0.44196 -0.6347677865124085 -0.8097307648880198
18488 10520887 -0.7643531424591814 0.09705351079817612 0.45720000000000005 -0.6347677865124085 -0.8097307648880198
18488 10561439 -3.135211545869302 3.0585530598976605 0.9748599375 -0.6347677865124085 -0.8097307648880198
18489 10561439 -3.1342214055316315 3.0587856982175006 0.97484565 -0.6347677865124085 -0.8097307648880198
18489 10520887 -0.8087669146478675 0.10655135137745234 0.45720000000000005 -0.6347677865124085 -0.8097307648880198
18490 10561439 -3.1332312651939604 3.059018336537341 0.9748313625 -0.6347677865124085 -0.8097307648880198
18490 10520887 -0.847822497573707 0.10798839713105987 0.45720000000000005 -0.6347677865124085 -0.8097307648880198
18491 10520887 -0.8934744026953001 0.11777477870434702 0.45720000000000005 -0.6347677865124085 -0.8097307648880198
18491 10561439 -3.13224112485629 3.0592509748571812 0.974817075 -0.6347677865124085 -0.8097307648880198
18492 10561439 -3.131250984518619 3.0594836131770213 0.9748027875 -0.6347677865124085 -0.8097307648880198
18492 10520887 -0.9287638018821625 0.12393939352693936 0.45720000000000005 -0.6347677865124085 -0.8097307648880198
18493 10561439 -3.1302608441809485 3.059716251496862 0.9747885000000001 -0.6347677865124085 -0.8097307648880198
18493 10520887 -0.991249332081025 0.13385636534463782 0.45720000000000005 -0.6347677865124085 -0.8097307648880198
18494 10561439 -3.129270703843278 3.059948889816702 0.9747742125 -0.6347677865124085 -0.8097307648880198
18494 10520887 -1.0315086608534694 0.13568800858101013 0.48768 -0.6347677865124085 -0.8097307648880198
18495 10520887 -1.069101781470608 0.1429571530620791 0.48768 -0.6347677865124085 -0.8097307648880198
18495 10561439 -3.1282805635056072 3.060181528136542 0.974759925 -0.6347677865124085 -0.8097307648880198
18496 10520887 -1.1101461809378637 0.15053725966190631 0.48768 -0.6347677865124085 -0.8097307648880198
18496 10561439 -3.1272904231679366 3.0604141664563826 0.9747456375 -0.6347677865124085 -0.8097307648880198
18497 10561439 -3.126300282830266 3.0606468047762228 0.97473135 -0.6347677865124085 -0.8097307648880198
18497 10520887 -1.1482959857230692 0.1520302115871299 0.48768 -0.6347677865124085 -0.8097307648880198
18498 10561439 -3.125310142492595 3.060879443096063 0.9747170625 -0.6347677865124085 -0.8097307648880198
18498 10520887 -1.1904059505911235 0.1604265906843135 0.48768 -0.6347677865124085 -0.8097307648880198
18499 10561439 -3.1243200021549242 3.0611120814159034 0.974702775 -0.6347677865124085 -0.8097307648880198
18499 10520887 -1.2259499709108324 0.16445614716927495 0.48768 -0.6347677865124085 -0.8097307648880198
18500 10561439 -3.1233298618172536 3.0613447197357435 0.9746884875 -0.6347677865124085 -0.8097307648880198
18500 10520887 -1.2614939912305412 0.1684857036542364 0.48768 -0.6347677865124085 -0.8097307648880198
18501 10561439 -3.122339721479583 3.0615773580555836 0.9746742 -0.6347677865124085 -0.8097307648880198
18501 10520887 -1.3019430785870616 0.17517121572477942 0.48768 -0.6347677865124085 -0.8097307648880198
18502 10561439 -3.1213495811419123 3.061809996375424 0.9746599125000001 -0.6347677865124085 -0.8097307648880198
18502 10520887 -1.3592689580409718 0.18457238946499796 0.48768 -0.6347677865124085 -0.8097307648880198
18503 10520887 -1.3889022307087444 0.18807168863079324 0.50292 -0.6347677865124085 -0.8097307648880198
18503 10561439 -3.1203594408042417 3.0620426346952643 0.974645625 -0.6347677865124085 -0.8097307648880198
18504 10520887 -1.418535503376517 0.19157098779658852 0.5181600000000001 -0.6347677865124085 -0.8097307648880198
18504 10561439 -3.119369300466571 3.0622752730151044 0.9746313375 -0.6347677865124085 -0.8097307648880198
18505 10561439 -3.1183791601289004 3.062507911334945 0.97461705 -0.6347677865124085 -0.8097307648880198
18505 10520887 -1.4508550281065495 0.19758482072705028 0.5181600000000001 -0.6347677865124085 -0.8097307648880198
18506 10561439 -3.1173890197912293 3.062740549654785 0.9746027625 -0.6347677865124085 -0.8097307648880198
18506 10520887 -1.483174552836582 0.20359865365751204 0.5181600000000001 -0.6347677865124085 -0.8097307648880198
18507 10520887 -1.5233605053553665 0.20973202301370517 0.5181600000000001 -0.6347677865124085 -0.8097307648880198
18507 10561439 -3.1163988794535586 3.062973187974625 0.974588475 -0.6347677865124085 -0.8097307648880198
18508 10561439 -3.115408739115888 3.0632058262944657 0.9745741875 -0.6347677865124085 -0.8097307648880198
18508 10520887 -1.5548878671145758 0.2165387323421548 0.5181600000000001 -0.6347677865124085 -0.8097307648880198
18509 10561439 -3.1144185987782174 3.063438464614306 0.9745599 -0.6347677865124085 -0.8097307648880198
18509 10520887 -1.589391588846065 0.22782427437926597 0.5181600000000001 -0.6347677865124085 -0.8097307648880198
18510 10561439 -3.1134284584405467 3.063671102934146 0.9745456125 -0.6347677865124085 -0.8097307648880198
18510 10520887 -1.6104856828549872 0.2328544386105584 0.5181600000000001 -0.6347677865124085 -0.8097307648880198
18511 10561439 -3.112438318102876 3.0639037412539865 0.9745313250000001 -0.6347677865124085 -0.8097307648880198
18511 10520887 -1.6886570623720834 0.2637984383169988 0.54864 -0.6347677865124085 -0.8097307648880198
18512 10561439 -3.1114481777652054 3.0641363795738266 0.9745170375 -0.6347677865124085 -0.8097307648880198
18512 10520887 -1.7049897426595593 0.27089347760376525 0.54864 -0.6347677865124085 -0.8097307648880198
18513 10520887 -1.7363514165432472 0.2917844650077266 0.54864 -0.6347677865124085 -0.8097307648880198
18513 10561439 -3.110458037427535 3.0643690178936667 0.97450275 -0.6347677865124085 -0.8097307648880198
18514 10520887 -1.785762170192309 0.32266916943267065 0.54864 -0.6347677865124085 -0.8097307648880198
18515 10520887 -1.8115738041921199 0.3431471785967629 0.54864 -0.6347677865124085 -0.8097307648880198
18516 10520887 -1.8378973970008976 0.3669474875538019 0.54864 -0.6347677865124085 -0.8097307648880198
18517 10520887 -1.8642008831124321 0.39786863946776596 0.54864 -0.6347677865124085 -0.8097307648880198
18518 10520887 -1.886855487568199 0.42093636218368247 0.54864 -0.6347677865124085 -0.8097307648880198
18519 10520887 -1.9069121004479406 0.44923001745159663 0.57912 -0.6347677865124085 -0.8097307648880198
18520 10520887 -1.92588489005502 0.4821934358477174 0.57912 -0.6347677865124085 -0.8097307648880198
18521 10520887 -1.9448576796620995 0.5151568542438382 0.57912 -0.6347677865124085 -0.8097307648880198
18522 10520887 -1.9570056314026945 0.5445441030272816 0.57912 -0.6347677865124085 -0.8097307648880198
18523 10520887 -1.9691535831432894 0.5739313518107251 0.57912 -0.6347677865124085 -0.8097307648880198
18524 10520887 -1.9813015348838843 0.6033186005941685 0.57912 -0.6347677865124085 -0.8097307648880198
18525 10520887 -1.9934494866244792 0.632705849377612 0.57912 -0.6347677865124085 -0.8097307648880198
18526 10520887 -2.0010582063695805 0.6651065847404386 0.57912 -0.6347677865124085 -0.8097307648880198
18527 10520887 -2.003778546473109 0.7002311980901298 0.57912 -0.6347677865124085 -0.8097307648880198
18528 10520887 -2.0069953871674624 0.7324803911043675 0.57912 -0.6347677865124085 -0.8097307648880198
18529 10520887 -2.00934180923187 0.7823216439629701 0.6096 -0.6347677865124085 -0.8097307648880198
18530 10520887 -2.011046101897529 0.8042613105588949 0.6096 -0.6347677865124085 -0.8097307648880198
18531 10520887 -2.0016008377854755 0.8385605157249506 0.6096 -0.6347677865124085 -0.8097307648880198
18532 10520887 -1.9997137909573193 0.8714767768870847 0.6096 -0.6347677865124085 -0.8097307648880198
18533 10520887 -1.9947107370402046 0.9112019913648817 0.6096 -0.6347677865124085 -0.8097307648880198
18534 10520887 -1.987297613502122 0.943361861357886 0.6096 -0.6347677865124085 -0.8097307648880198
18535 10520887 -1.974520999040987 0.9824132513180663 0.6096 -0.6347677865124085 -0.8097307648880198
18536 10520887 -1.9696000561618454 1.0205295594152526 0.6096 -0.6347677865124085 -0.8097307648880198
18537 10520887 -1.9622873620907912 1.0548254566219148 0.6400800000000001 -0.6347677865124085 -0.8097307648880198
18538 10520887 -1.9522932259107748 1.1060040652732386 0.6400800000000001 -0.6347677865124085 -0.8097307648880198
18539 10520887 -1.946704967976043 1.136657849500088 0.6400800000000001 -0.6347677865124085 -0.8097307648880198
18540 10520887 -1.9408558804327682 1.155892602830753 0.6400800000000001 -0.6347677865124085 -0.8097307648880198
18541 10520887 -1.9350067928894934 1.1751273561614177 0.6400800000000001 -0.6347677865124085 -0.8097307648880198
18542 10520887 -1.9303243696967518 1.2057269898379124 0.6400800000000001 -0.6347677865124085 -0.8097307648880198
18543 10520887 -1.9176995749302919 1.260601779613315 0.6400800000000001 -0.6347677865124085 -0.8097307648880198
18544 10520887 -1.9120501576734144 1.2941566293263025 0.6400800000000001 -0.6347677865124085 -0.8097307648880198
18545 10520887 -1.905707977718235 1.331457466597102 0.6400800000000001 -0.6347677865124085 -0.8097307648880198
18546 10520887 -1.900854783151585 1.3609496682914488 0.67056 -0.6347677865124085 -0.8097307648880198
18547 10520887 -1.890330534274849 1.3958306381754841 0.67056 -0.6347677865124085 -0.8097307648880198
18548 10520887 -1.8887003574921113 1.4333879099722295 0.67056 -0.6347677865124085 -0.8097307648880198
18549 10520887 -1.8822219300130751 1.4694757695078713 0.67056 -0.6347677865124085 -0.8097307648880198
18550 10520887 -1.871551439969812 1.502088892301206 0.67056 -0.6347677865124085 -0.8097307648880198
18551 10520887 -1.8710260844315776 1.536268711509018 0.67056 -0.6347677865124085 -0.8097307648880198
18552 10520887 -1.8606663408590542 1.5679319266197302 0.67056 -0.6347677865124085 -0.8097307648880198
18553 10520887 -1.8553163915192148 1.6179427728133267 0.7010400000000001 -0.6347677865124085 -0.8097307648880198
18554 10520887 -1.8504472903856708 1.6328244787354356 0.7010400000000001 -0.6347677865124085 -0.8097307648880198
18555 10520887 -1.8444154185676014 1.6691753190839773 0.7010400000000001 -0.6347677865124085 -0.8097307648880198
18556 10520887 -1.8329538565095207 1.7194065568646149 0.7010400000000001 -0.6347677865124085 -0.8097307648880198
18557 10520887 -1.8308524546949185 1.7351938264046851 0.7010400000000001 -0.6347677865124085 -0.8097307648880198
18558 10520887 -1.8287510528803164 1.7509810959447554 0.7010400000000001 -0.6347677865124085 -0.8097307648880198
18559 10520887 -1.8223200184843444 1.7855655552063052 0.7010400000000001 -0.6347677865124085 -0.8097307648880198
18560 10520887 -1.8146749741878219 1.8279318034979857 0.73152 -0.6347677865124085 -0.8097307648880198
18561 10520887 -1.8082571273331853 1.8611184748825866 0.73152 -0.6347677865124085 -0.8097307648880198
18562 10520887 -1.795687083340107 1.8995364587878367 0.73152 -0.6347677865124085 -0.8097307648880198
18563 10520887 -1.7925577810263034 1.9253864358189146 0.73152 -0.6347677865124085 -0.8097307648880198
18564 10520887 -1.7849073225850571 1.9541971578318422 0.73152 -0.6347677865124085 -0.8097307648880198
18565 10520887 -1.7783778080489794 1.9850104475788475 0.73152 -0.6347677865124085 -0.8097307648880198
18566 10520887 -1.7673271713464442 2.018784490772727 0.762 -0.6347677865124085 -0.8097307648880198
18567 10520887 -1.7626437534197767 2.0493839162523106 0.762 -0.6347677865124085 -0.8097307648880198
18568 10520887 -1.754406159187144 2.0799888700952534 0.762 -0.6347677865124085 -0.8097307648880198
18569 10520887 -1.7431482897636383 2.114396171562339 0.762 -0.6347677865124085 -0.8097307648880198
18570 10520887 -1.7330027284589808 2.15734642608184 0.762 -0.6347677865124085 -0.8097307648880198
18571 10520887 -1.725129113446169 2.181410427174472 0.762 -1.9143312731086803 -1.7180071643616912
18572 10520887 -1.7179979660781197 2.2032052363823325 0.77724 -1.9143312731086803 -1.7180071643616912
18573 10520887 -1.7108668187100704 2.225000045590193 0.7924800000000001 -1.9143312731086803 -1.7180071643616912
18574 10520887 -1.7124740605031306 2.2407155224918287 0.7924800000000001 -1.9143312731086803 -1.7180071643616912
18575 10520887 -1.6968012600323183 2.2845446925864623 0.7924800000000001 -1.9143312731086803 -1.7180071643616912
18576 10520887 -1.6873045528677293 2.3135692547647424 0.7924800000000001 -1.9143312731086803 -1.7180071643616912
18577 10520887 -1.6787348327608884 2.3438318691516034 0.7924800000000001 -1.9143312731086803 -1.7180071643616912
18578 10520887 -1.6699342108347406 2.3666578211381295 0.7924800000000001 -1.9143312731086803 -1.7180071643616912
18579 10520887 -1.6667378942997695 2.3994964970062407 0.7924800000000001 -1.9143312731086803 -1.7180071643616912
18580 10520887 -1.6570684891121574 2.4290487745737885 0.7924800000000001 -1.9143312731086803 -1.7180071643616912
18581 10520887 -1.6491257630351652 2.4533238607831307 0.82296 -1.9143312731086803 -1.7180071643616912
18582 10520887 -1.6371613766262472 2.4844620941395394 0.82296 -1.9143312731086803 -1.7180071643616912
18583 10520887 -1.6280602704420353 2.5177056158162583 0.82296 -1.9143312731086803 -1.7180071643616912
18584 10520887 -1.613471345837277 2.556865192194544 0.82296 -1.9143312731086803 -1.7180071643616912
18585 10520887 -1.6056134313684194 2.5863091327110648 0.82296 -1.9143312731086803 -1.7180071643616912
18586 10520887 -1.6000017210768294 2.60346001337275 0.82296 -1.9143312731086803 -1.7180071643616912
18587 10520887 -1.5943900107852393 2.620610894034435 0.82296 -1.9143312731086803 -1.7180071643616912
18588 10520887 -1.5834271332247922 2.6486883754846926 0.82296 -1.9143312731086803 -1.7180071643616912
18589 10520887 -1.5723763870976175 2.682462423370801 0.82296 -1.9143312731086803 -1.7180071643616912
18590 10520887 -1.555104855339817 2.721679019322132 0.8534400000000001 -1.9143312731086803 -1.7180071643616912
18591 10520887 -1.5452973339541842 2.7516534959453085 0.8534400000000001 -1.9143312731086803 -1.7180071643616912
18592 10520887 -1.535697013209518 2.780994710395554 0.8534400000000001 -1.9143312731086803 -1.7180071643616912
18593 10520887 -1.521283989003445 2.8087612323438402 0.8534400000000001 -1.9143312731086803 -1.7180071643616912
18594 10520887 -1.510089504059996 2.8386324359105313 0.8534400000000001 -1.9143312731086803 -1.7180071643616912
18595 10520887 -1.4990388025877188 2.8724065102994003 0.8534400000000001 -1.9143312731086803 -1.7180071643616912
18596 10520887 -1.4858747022132535 2.900698525470027 0.8534400000000001 -1.9143312731086803 -1.7180071643616912
18597 10520887 -1.4749464790313127 2.9286705211832365 0.8534400000000001 -1.9143312731086803 -1.7180071643616912
18598 10520887 -1.4601348680531367 2.9630835454083377 0.8534400000000001 -1.9143312731086803 -1.7180071643616912
18599 10520887 -1.4520886034186875 2.987675307772442 0.8534400000000001 -1.9143312731086803 -1.7180071643616912
18600 10520887 -1.4400898856726692 3.0189191875221075 0.88392 -1.9143312731086803 -1.7180071643616912
18601 10520887 -1.4281100652741532 3.044677626231787 0.88392 -1.9143312731086803 -1.7180071643616912
18602 10520887 -1.4184407531031844 3.0742299694228072 0.88392 -1.9143312731086803 -1.7180071643616912
18603 10520887 -1.4068219407744358 3.1043128834285154 0.88392 -1.9143312731086803 -1.7180071643616912
18604 10520887 -1.396977700349201 3.1276153105978475 0.88392 -1.9143312731086803 -1.7180071643616912
18605 10520887 -1.3871334599239662 3.15091773776718 0.88392 -1.9143312731086803 -1.7180071643616912
18606 10520887 -1.372777112958774 3.1920813770727614 0.88392 -1.9143312731086803 -1.7180071643616912
18607 10520887 -1.3638394069036415 3.2126132884033627 0.88392 -1.9143312731086803 -1.7180071643616912
18608 10520887 -1.3549017008485087 3.2331451997339644 0.88392 -1.9143312731086803 -1.7180071643616912
18609 10520887 -1.3453014953564886 3.2624864781537433 0.9144000000000001 -1.9143312731086803 -1.7180071643616912
18610 10520887 -1.3323783105631646 3.2992700555377072 0.9144000000000001 -1.9143312731086803 -1.7180071643616912
18611 10520887 -1.322950772794371 3.3280836173015684 0.9144000000000001 -1.9143312731086803 -1.7180071643616912
18612 10520887 -1.3131511631739363 3.360748107824599 0.9144000000000001 -1.9143312731086803 -1.7180071643616912
18613 10520887 -1.2975222015575099 3.3895189579407363 0.9144000000000001 -1.9143312731086803 -1.7180071643616912
18614 10520887 -1.2896141356794606 3.413688584617161 0.9144000000000001 -1.9143312731086803 -1.7180071643616912
18615 10520887 -1.2753865228389334 3.457172806189417 0.9144000000000001 -1.9143312731086803 -1.7180071643616912
18616 10520887 -1.2611122284071852 3.4845174101206515 0.9144000000000001 -1.9143312731086803 -1.7180071643616912
18617 10520887 -1.250027144110051 3.518397118339242 0.9448799999999999 -1.9143312731086803 -1.7180071643616912
18618 10520887 -1.2420021149631586 3.5442811280347377 0.9448799999999999 -1.9143312731086803 -1.7180071643616912
18619 10520887 -1.2357995582849524 3.561881357172088 0.9448799999999999 -1.9143312731086803 -1.7180071643616912
18620 10520887 -1.217415937571653 3.6017857716436477 0.9448799999999999 -1.9143312731086803 -1.7180071643616912
18621 10520887 -1.2117079940141087 3.618145717830691 0.9448799999999999 -1.9143312731086803 -1.7180071643616912
18622 10520887 -1.1981811073274093 3.6605739515109557 0.9448799999999999 -1.9143312731086803 -1.7180071643616912
18623 10520887 -1.1846800959629016 3.684198918105435 0.9448799999999999 -1.9143312731086803 -1.7180071643616912
18624 10520887 -1.173629588726105 3.7179731089728283 0.9448799999999999 -1.9143312731086803 -1.7180071643616912
18625 10520887 -1.1641330585293497 3.7469978057345714 0.9448799999999999 -1.9143312731086803 -1.7180071643616912
18626 10520887 -1.1566586361431803 3.7705206410790217 0.9524999999999999 -1.9143312731086803 -1.7180071643616912
18627 10520887 -1.149184213757011 3.794043476423472 0.96012 -1.9143312731086803 -1.7180071643616912
18628 10520887 -1.139708742294386 3.814048939627587 0.96774 -1.9143312731086803 -1.7180071643616912
18629 10520887 -1.1302332708317608 3.834054402831702 0.97536 -1.9143312731086803 -1.7180071643616912
18630 10520887 -1.1141755320213165 3.8831325478289958 0.97536 -1.9143312731086803 -1.7180071643616912
18631 10520887 -1.0987865540644755 3.9127998705930147 0.97536 -1.9143312731086803 -1.7180071643616912
18632 10520887 -1.0932832030477895 3.946986914404239 0.97536 -1.9143312731086803 -1.7180071643616912
18633 10520887 -1.0782395975333865 3.9755988112348564 0.97536 -1.9143312731086803 -1.7180071643616912
18634 10520887 -1.0608696475855648 4.028687668590154 0.97536 -1.9143312731086803 -1.7180071643616912
18635 10520887 -1.0545156296935567 4.048107848173354 0.97536 -1.9143312731086803 -1.7180071643616912
18636 10520887 -1.0430507707576127 4.0831486085423245 0.97536 -1.9143312731086803 -1.7180071643616912
18637 10520887 -1.0212488807132083 4.13350213404773 0.97536 -1.9143312731086803 -1.7180071643616912
18638 10520887 -1.014250489383356 4.171172696132795 0.97536 -1.9143312731086803 -1.7180071643616912
18639 10520887 -1.002854693328178 4.206002374567697 0.97536 -1.9143312731086803 -1.7180071643616912
18640 10520887 -0.9916660928671543 4.240198788045055 0.97536 -1.9143312731086803 -1.7180071643616912
18641 10520887 -0.9852257406303608 4.259882835871263 0.97536 -1.9143312731086803 -1.7180071643616912
18642 10520887 -0.9787853883935673 4.27956688369747 0.97536 -1.9143312731086803 -1.7180071643616912
18643 10520887 -0.9611966102159422 4.317044037460556 0.97536 -1.9143312731086803 -1.7180071643616912
18644 10520887 -0.9485231267761465 4.35577887975869 0.97536 -1.9143312731086803 -1.7180071643616912
18645 10520887 -0.9306352113092056 4.410450950162892 0.97536 -1.9143312731086803 -1.7180071643616912
18646 10520887 -0.9200682179448192 4.442747580915881 0.97536 -1.9143312731086803 -1.7180071643616912
18647 10520887 -0.9090177667060992 4.476521837115925 0.97536 -1.9143312731086803 -1.7180071643616912
18648 10520887 -0.8984853047413335 4.508712926788345 0.97536 -1.9143312731086803 -1.7180071643616912
18649 10520887 -0.886847796874499 4.544281444226674 0.97536 -1.9143312731086803 -1.7180071643616912
18650 10520887 -0.8759700069452403 4.577527983161539 0.97536 -1.9143312731086803 -1.7180071643616912
18651 10520887 -0.8536159539163335 4.629570390190559 0.97536 -1.9143312731086803 -1.7180071643616912
18652 10520887 -0.8470202274631493 4.649729409838746 0.97536 -1.9143312731086803 -1.7180071643616912
18653 10520887 -0.8292014050573728 4.704190429582311 0.97536 -1.9143312731086803 -1.7180071643616912
18654 10520887 -0.8140302383376352 4.734279605112625 0.97536 -1.9143312731086803 -1.7180071643616912
18655 10520887 -0.8112560401255301 4.750898403960589 0.97536 -1.9143312731086803 -1.7180071643616912
18656 10520887 -0.808481841913425 4.767517202808553 0.97536 -1.9143312731086803 -1.7180071643616912
18657 10520887 -0.7919294158598749 4.801828182054032 0.97536 -1.9143312731086803 -1.7180071643616912
18658 10520887 -0.7907592066419404 4.802012710697525 0.9753198418972332 -1.9143312731086803 -1.7180071643616912
18659 10520887 -0.789588997424006 4.8021972393410195 0.9752796837944664 -1.9143312731086803 -1.7180071643616912
18660 10520887 -0.7884187882060715 4.802381767984513 0.9752395256916996 -1.9143312731086803 -1.7180071643616912
18661 10520887 -0.787248578988137 4.802566296628006 0.9751993675889328 -1.9143312731086803 -1.7180071643616912
18662 10520887 -0.7860783697702026 4.8027508252715005 0.975159209486166 -1.9143312731086803 -1.7180071643616912
18663 10520887 -0.7849081605522682 4.802935353914994 0.9751190513833992 -1.9143312731086803 -1.7180071643616912
18664 10520887 -0.7837379513343338 4.803119882558487 0.9750788932806325 -1.9143312731086803 -1.7180071643616912
18665 10520887 -0.7825677421163992 4.803304411201982 0.9750387351778657 -1.9143312731086803 -1.7180071643616912
18666 10520887 -0.7813975328984648 4.803488939845475 0.9749985770750988 -1.9143312731086803 -1.7180071643616912
18667 10520887 -0.7802273236805304 4.803673468488968 0.974958418972332 -1.9143312731086803 -1.7180071643616912
18668 10520887 -0.779057114462596 4.803857997132462 0.9749182608695652 -1.9143312731086803 -1.7180071643616912
18669 10520887 -0.7778869052446615 4.804042525775956 0.9748781027667984 -1.9143312731086803 -1.7180071643616912
18670 10520887 -0.776716696026727 4.804227054419449 0.9748379446640316 -1.9143312731086803 -1.7180071643616912
18671 10520887 -0.7755464868087926 4.804411583062943 0.9747977865612648 -1.9143312731086803 -1.7180071643616912
18672 10520887 -0.7743762775908581 4.804596111706437 0.974757628458498 -1.9143312731086803 -1.7180071643616912
18673 10520887 -0.7732060683729237 4.8047806403499305 0.9747174703557312 -1.9143312731086803 -1.7180071643616912
18674 10520887 -0.7720358591549893 4.804965168993424 0.9746773122529644 -1.9143312731086803 -1.7180071643616912
18675 10520887 -0.7708656499370549 4.805149697636918 0.9746371541501976 -1.9143312731086803 -1.7180071643616912
18676 10520887 -0.7696954407191203 4.8053342262804115 0.9745969960474309 -1.9143312731086803 -1.7180071643616912
18677 10520887 -0.7685252315011859 4.805518754923905 0.9745568379446641 -1.9143312731086803 -1.7180071643616912
18678 10520887 -0.7673550222832515 4.805703283567399 0.9745166798418973 -1.9143312731086803 -1.7180071643616912
18679 10520887 -0.766184813065317 4.805887812210893 0.9744765217391305 -1.9143312731086803 -1.7180071643616912
18680 10520887 -0.7650146038473826 4.806072340854386 0.9744363636363637 -1.9143312731086803 -1.7180071643616912
18681 10520887 -0.7638443946294481 4.80625686949788 0.9743962055335968 -1.9143312731086803 -1.7180071643616912
18682 10520887 -0.7626741854115137 4.806441398141374 0.97435604743083 -1.9143312731086803 -1.7180071643616912
18683 10520887 -0.7615039761935792 4.806625926784867 0.9743158893280632 -1.9143312731086803 -1.7180071643616912
18684 10520887 -0.7603337669756448 4.806810455428361 0.9742757312252964 -1.9143312731086803 -1.7180071643616912
18685 10520887 -0.7591635577577104 4.806994984071855 0.9742355731225296 -1.9143312731086803 -1.7180071643616912
18686 10520887 -0.7579933485397758 4.807179512715348 0.9741954150197628 -1.9143312731086803 -1.7180071643616912
18687 10520887 -0.7568231393218414 4.807364041358841 0.974155256916996 -1.9143312731086803 -1.7180071643616912
18688 10520887 -0.755652930103907 4.807548570002336 0.9741150988142293 -1.9143312731086803 -1.7180071643616912
18689 10520887 -0.7544827208859726 4.807733098645829 0.9740749407114625 -1.9143312731086803 -1.7180071643616912
18690 10520887 -0.7533125116680381 4.8079176272893225 0.9740347826086957 -1.9143312731086803 -1.7180071643616912
18691 10520887 -0.7521423024501036 4.808102155932817 0.9739946245059289 -1.9143312731086803 -1.7180071643616912
18692 10520887 -0.7509720932321692 4.80828668457631 0.9739544664031621 -1.9143312731086803 -1.7180071643616912
18693 10520887 -0.7498018840142348 4.8084712132198035 0.9739143083003953 -1.9143312731086803 -1.7180071643616912
18694 10520887 -0.7486316747963003 4.808655741863298 0.9738741501976285 -1.9143312731086803 -1.7180071643616912
18695 10520887 -0.7474614655783659 4.808840270506791 0.9738339920948617 -1.9143312731086803 -1.7180071643616912
18696 10520887 -0.7462912563604314 4.809024799150285 0.9737938339920948 -1.9143312731086803 -1.7180071643616912
18697 10520887 -0.7451210471424969 4.809209327793779 0.973753675889328 -1.9143312731086803 -1.7180071643616912
18698 10520887 -0.7439508379245625 4.809393856437272 0.9737135177865612 -1.9143312731086803 -1.7180071643616912
18699 10520887 -0.7427806287066281 4.809578385080766 0.9736733596837944 -1.9143312731086803 -1.7180071643616912
18700 10520887 -0.7416104194886937 4.80976291372426 0.9736332015810277 -1.9143312731086803 -1.7180071643616912
18701 10520887 -0.7404402102707592 4.809947442367753 0.9735930434782609 -1.9143312731086803 -1.7180071643616912
18702 10520887 -0.7392700010528247 4.810131971011247 0.9735528853754941 -1.9143312731086803 -1.7180071643616912
18703 10520887 -0.7380997918348903 4.810316499654741 0.9735127272727273 -1.9143312731086803 -1.7180071643616912
18704 10520887 -0.7369295826169558 4.810501028298234 0.9734725691699605 -1.9143312731086803 -1.7180071643616912
18705 10520887 -0.7357593733990214 4.810685556941728 0.9734324110671937 -1.9143312731086803 -1.7180071643616912
18706 10520887 -0.7345891641810869 4.810870085585221 0.9733922529644269 -1.9143312731086803 -1.7180071643616912
18707 10520887 -0.7334189549631525 4.811054614228715 0.9733520948616601 -1.9143312731086803 -1.7180071643616912
18708 10520887 -0.732248745745218 4.811239142872209 0.9733119367588933 -1.9143312731086803 -1.7180071643616912
18709 10520887 -0.7310785365272836 4.811423671515702 0.9732717786561265 -1.9143312731086803 -1.7180071643616912
18710 10520887 -0.7299083273093492 4.811608200159196 0.9732316205533597 -1.9143312731086803 -1.7180071643616912
18711 10520887 -0.7287381180914148 4.81179272880269 0.9731914624505928 -1.9143312731086803 -1.7180071643616912
18712 10520887 -0.7275679088734802 4.811977257446183 0.973151304347826 -1.9143312731086803 -1.7180071643616912
18713 10520887 -0.7263976996555458 4.8121617860896775 0.9731111462450593 -1.9143312731086803 -1.7180071643616912
18714 10520887 -0.7252274904376114 4.812346314733171 0.9730709881422925 -1.9143312731086803 -1.7180071643616912
18715 10520887 -0.7240572812196769 4.812530843376664 0.9730308300395257 -1.9143312731086803 -1.7180071643616912
18716 10520887 -0.7228870720017425 4.8127153720201585 0.9729906719367589 -1.9143312731086803 -1.7180071643616912
18717 10520887 -0.721716862783808 4.812899900663652 0.9729505138339921 -1.9143312731086803 -1.7180071643616912
