29322 11017321 0.25994368532993606 0.0030012732302351977 0.36576 0.1448596461797531 1.0186313058750338
29323 11017321 0.2860809465212589 0.003148599005444244 0.36576 0.1448596461797531 1.0186313058750338
29324 11017321 0.3122182077125818 0.0032959247806532907 0.36576 0.1448596461797531 1.0186313058750338
29325 11017321 0.33835546890390467 0.003443250555862337 0.36576 0.1448596461797531 1.0186313058750338
29326 11017321 0.37043397384846455 0.0037669424107461373 0.36576 0.1448596461797531 1.0186313058750338
29327 11017321 0.4025124787930245 0.004090634265629937 0.36576 0.1448596461797531 1.0186313058750338
29328 11017321 0.4345909837375844 0.0044143261205137375 0.36576 0.1448596461797531 1.0186313058750338
29329 11017321 0.4666694886821443 0.004738017975397538 0.36576 0.1448596461797531 1.0186313058750338
29330 11017321 0.5044856762946516 0.0035959937539359887 0.36576 0.1448596461797531 1.0186313058750338
29331 11017321 0.5379071371187254 0.003500945623051227 0.36829999999999996 0.1448596461797531 1.0186313058750338
29332 11017321 0.5713285979427991 0.0034058974921664653 0.37084 0.1448596461797531 1.0186313058750338
29333 11017321 0.6047500587668729 0.0033108493612817036 0.37338 0.1448596461797531 1.0186313058750338
29334 11017321 0.6450017643611079 0.0032014852433028627 0.3754581818181818 0.1448596461797531 1.0186313058750338
29335 11017321 0.685253469955343 0.003092121125324022 0.3775363636363636 0.1448596461797531 1.0186313058750338
29336 11017321 0.7255051755495779 0.0029827570073451813 0.3796145454545455 0.1448596461797531 1.0186313058750338
29337 11017321 0.7657568811438129 0.0028733928893663408 0.3816927272727273 0.1448596461797531 1.0186313058750338
29338 11017321 0.806008586738048 0.0027640287713875 0.3837709090909091 0.1448596461797531 1.0186313058750338
29339 11017321 0.846260292332283 0.002654664653408659 0.3858490909090909 0.1448596461797531 1.0186313058750338
29340 11017321 0.8865119979265179 0.002545300535429818 0.38792727272727273 0.1448596461797531 1.0186313058750338
29341 11017321 0.926763703520753 0.0024359364174509775 0.39000545454545454 0.1448596461797531 1.0186313058750338
29342 11017321 0.9670154091149881 0.002326572299472137 0.3920836363636364 0.1448596461797531 1.0186313058750338
29343 11017321 1.0072671147092231 0.002217208181493296 0.3941618181818182 0.1448596461797531 1.0186313058750338
29344 11017321 1.047518820303458 0.002107844063514455 0.39624000000000004 0.1448596461797531 1.0186313058750338
29345 11017321 1.064702639435656 0.0037371274896800047 0.39624000000000004 0.1448596461797531 1.0186313058750338
29346 11017321 1.081886458567854 0.005366410915845554 0.39624000000000004 0.1448596461797531 1.0186313058750338
29347 11017321 1.1298493255578654 0.003891796405517782 0.40386 0.1448596461797531 1.0186313058750338
29348 11017321 1.1778121925478768 0.00241718189519001 0.41148 0.1448596461797531 1.0186313058750338
29349 11017321 1.2216954377916176 0.004086513225114857 0.41148 0.1448596461797531 1.0186313058750338
29350 11017321 1.2589827731436782 0.0024200069239107003 0.41910000000000003 0.1448596461797531 1.0186313058750338
29351 11017321 1.308574449860902 0.001991408833837416 0.42672000000000004 0.1448596461797531 1.0186313058750338
29352 11017321 1.3414025217554901 0.001898803878494476 0.42672000000000004 0.1448596461797531 1.0186313058750338
29353 11017321 1.3620810564110473 0.0006347980403729053 0.42672000000000004 0.1448596461797531 1.0186313058750338
29354 11017321 1.3827595910666042 -0.0006292077977486654 0.42672000000000004 0.1448596461797531 1.0186313058750338
29355 11017321 1.4462840651533102 0.0008172390065544211 0.43434000000000006 0.1448596461797531 1.0186313058750338
29356 11017321 1.489910399144042 -0.002918721490165213 0.43434000000000006 0.1448596461797531 1.0186313058750338
29357 11017321 1.5275184141995575 -0.0046886568599628226 0.44196 0.1448596461797531 1.0186313058750338
29358 11017321 1.5458678833089787 -0.00016804173274032053 0.44196 0.1448596461797531 1.0186313058750338
29359 11017321 1.6062355264631527 -0.0029462248507012984 0.44196 0.1448596461797531 1.0186313058750338
29360 11017321 1.6712797899216194 -0.007718651114823449 0.44196 0.1448596461797531 1.0186313058750338
29361 11017321 1.7053330801869309 -0.00949492184885753 0.44958000000000004 0.1448596461797531 1.0186313058750338
29362 11017321 1.7372768000283039 -0.01093245064073381 0.44958000000000004 0.1448596461797531 1.0186313058750338
29363 11017321 1.7692205198696769 -0.01236997943261009 0.44958000000000004 0.1448596461797531 1.0186313058750338
29364 11017321 1.8126771428163393 -0.012543969750915429 0.44958000000000004 0.1448596461797531 1.0186313058750338
29365 11017321 1.8383361879779694 -0.015550104918769958 0.45720000000000005 0.1448596461797531 1.0186313058750338
29366 11017321 1.8760127850733266 -0.017107064823933288 0.45720000000000005 0.1448596461797531 1.0186313058750338
29367 11017321 1.9224032230666614 -0.01917312999166046 0.45720000000000005 0.1448596461797531 1.0186313058750338
29368 11017321 1.9673610902805552 -0.020186973212215714 0.46482000000000007 0.1448596461797531 1.0186313058750338
29369 11017321 2.0153907598156717 -0.02267096798689447 0.46482000000000007 0.1448596461797531 1.0186313058750338
29370 11017321 2.070037145674142 -0.02392756734138826 0.47243999999999997 0.1448596461797531 1.0186313058750338
29371 11017321 2.1055790966922836 -0.02794046718394927 0.47243999999999997 0.1448596461797531 1.0186313058750338
29372 11017321 2.136961324459551 -0.028375213606054397 0.47624999999999995 0.1448596461797531 1.0186313058750338
29373 11017321 2.1683435522268186 -0.028809960028159526 0.48006 0.1448596461797531 1.0186313058750338
29374 11017321 2.2073268701440023 -0.030441507345377677 0.48768 0.1448596461797531 1.0186313058750338
29375 11017321 2.24500307462976 -0.03199650474736229 0.48768 0.1448596461797531 1.0186313058750338
29376 11017321 2.2878730481849656 -0.033962178702378804 0.48768 0.1448596461797531 1.0186313058750338
29377 11017321 2.326912770923501 -0.03677972200117344 0.4953 0.1448596461797531 1.0186313058750338
29378 11017321 2.3886923248186855 -0.03522307630501506 0.50292 0.1448596461797531 1.0186313058750338
29379 11017321 2.4280421427870538 -0.0370899758878028 0.50292 0.1448596461797531 1.0186313058750338
29380 11017321 2.4605022102894925 -0.03694076129466056 0.50673 0.1448596461797531 1.0186313058750338
29381 11017321 2.4929622777919307 -0.036791546701518324 0.51054 0.1448596461797531 1.0186313058750338
29382 11017321 2.5306381550938037 -0.03834502552893801 0.51054 0.1448596461797531 1.0186313058750338
29383 11017321 2.564370713577885 -0.038377258470224135 0.5181600000000001 0.1448596461797531 1.0186313058750338
29384 11017321 2.602883415968974 -0.04008677013477488 0.5181600000000001 0.1448596461797531 1.0186313058750338
29385 11017321 2.6410061721626654 -0.04190241529718139 0.5181600000000001 0.1448596461797531 1.0186313058750338
29386 11017321 2.6791407203072204 -0.0431376289223058 0.52578 0.1448596461797531 1.0186313058750338
29387 11017321 2.7189520981184288 -0.03978009825665049 0.52578 0.1448596461797531 1.0186313058750338
29388 11017321 2.746366233251248 -0.04066921195388798 0.52959 0.1448596461797531 1.0186313058750338
29389 11017321 2.7737803683840676 -0.041558325651125466 0.5334 0.1448596461797531 1.0186313058750338
29390 11017321 2.8166398366525716 -0.04083080371193945 0.5334 0.1448596461797531 1.0186313058750338
29391 11017321 2.8718952677721177 -0.037491018956329863 0.5334 0.1448596461797531 1.0186313058750338
29392 11017321 2.9111214087861716 -0.03429194686818479 0.54102 0.1448596461797531 1.0186313058750338
29393 11017321 2.9551867122084463 -0.0298687280982238 0.54864 0.1448596461797531 1.0186313058750338
29394 11017321 2.995606457629443 -0.024372104139397194 0.54864 0.1448596461797531 1.0186313058750338
29395 11017321 3.0424159643702975 -0.0129007009129323 0.55626 0.1448596461797531 1.0186313058750338
29396 11017321 3.0746166001696977 -0.004019970928269917 0.55626 0.1448596461797531 1.0186313058750338
29397 11017321 3.115672310660363 0.011315772554227416 0.56388 0.1448596461797531 1.0186313058750338
29398 11017321 3.1637939824629573 0.03252243631476301 0.56388 0.1448596461797531 1.0186313058750338
29399 11017321 3.181048411736127 0.04049962043440217 0.56388 0.1448596461797531 1.0186313058750338
29400 11017321 3.198302841009297 0.048476804554041325 0.56388 0.1448596461797531 1.0186313058750338
29401 11017321 3.236803849319739 0.06850177975503455 0.5715 0.1448596461797531 1.0186313058750338
29402 11017321 3.272567405380241 0.09374251555465193 0.5715 0.1448596461797531 1.0186313058750338
29403 11017321 3.3244375503927 0.1356876425524783 0.5715 0.1448596461797531 1.0186313058750338
29404 11017321 3.359641563946937 0.16601750229249682 0.57531 0.1448596461797531 1.0186313058750338
29405 11017321 3.394845577501174 0.19634736203251532 0.57912 0.1448596461797531 1.0186313058750338
29406 11017321 3.4126271875032748 0.21519180973227492 0.57912 0.1448596461797531 1.0186313058750338
29407 11017321 3.430408797505375 0.23403625743203454 0.57912 0.1448596461797531 1.0186313058750338
29408 11017321 3.4445167782381825 0.2744947781557171 0.5818094117647059 0.1448596461797531 1.0186313058750338
29409 11017321 3.4586247589709904 0.3149532988793996 0.5844988235294117 0.0 0.0
29410 11017321 3.472732739703798 0.35541181960308216 0.5871882352941177 0.0 0.0
29411 11017321 3.4868407204366054 0.3958703403267647 0.5898776470588235 0.0 0.0
29412 11017321 3.5009487011694134 0.43632886105044727 0.5925670588235294 0.0 0.0
29413 11017321 3.515056681902221 0.4767873817741298 0.5952564705882353 0.0 0.0
29414 11017321 3.5291646626350284 0.5172459024978123 0.5979458823529412 0.0 0.0
29415 11017321 3.5432726433678363 0.5577044232214949 0.600635294117647 0.0 0.0
29416 11017321 3.557380624100644 0.5981629439451774 0.603324705882353 0.0 0.0
29417 11017321 3.5714886048334513 0.6386214646688599 0.6060141176470588 0.0 0.0
29418 11017321 3.5855965855662593 0.6790799853925424 0.6087035294117648 0.0 0.0
29419 11017321 3.5997045662990668 0.719538506116225 0.6113929411764706 0.0 0.0
29420 11017321 3.6138125470318747 0.7599970268399077 0.6140823529411765 0.0 0.0
29421 11017321 3.627920527764682 0.8004555475635902 0.6167717647058824 0.0 0.0
29422 11017321 3.6420285084974897 0.8409140682872727 0.6194611764705883 0.0 0.0
29423 11017321 3.6561364892302977 0.8813725890109552 0.6221505882352942 0.0 0.0
29424 11017321 3.670244469963105 0.9218311097346378 0.6248400000000001 0.0 0.0
29425 11017321 3.6636948757961285 0.9928893926575729 0.6248400000000001 0.0 0.0
29426 11017321 3.6550636752004024 1.0330871550956167 0.6248400000000001 0.0 0.0
29427 11017321 3.6441751687980353 1.0651438082550753 0.62865 0.0 0.0
29428 11017321 3.633286662395668 1.0972004614145339 0.63246 0.0 0.0
29429 11017321 3.622900267866913 1.1344668227526753 0.63246 0.0 0.0
29430 11017321 3.603458343017091 1.1728198395899627 0.6400800000000001 0.0 0.0
29431 11017321 3.583248852553562 1.211540334441685 0.6400800000000001 0.0 0.0
29432 11017321 3.5719235402757636 1.2312406169244368 0.6400800000000001 0.0 0.0
29433 11017321 3.529922565383777 1.2888725717334168 0.6400800000000001 0.0 0.0
29434 11017321 3.4994142104075525 1.3191567799318769 0.6477 0.0 0.0
29435 11017321 3.448854357145396 1.3641635532203698 0.6477 0.0 0.0
29436 11017321 3.428933822236395 1.3777919265777463 0.6477 0.0 0.0
29437 11017321 3.4090132873273946 1.3914202999351228 0.6477 0.0 0.0
29438 11017321 3.3681780002303983 1.422973677063838 0.65532 0.0 0.0
29439 11017321 3.330451785171155 1.4406625635214814 0.65532 0.0 0.0
29440 11017321 3.2863764520873335 1.4606579884133446 0.65532 0.0 0.0
29441 11017321 3.2423109015043767 1.477963741695303 0.65532 0.0 0.0
29442 11017321 3.193362949360748 1.496630102822212 0.65532 0.0 0.0
29443 11017321 3.1476970046722945 1.5035949145714251 0.65532 0.0 0.0
29444 11017321 3.078558586680164 1.5175223901044446 0.65532 0.0 0.0
29445 11017321 3.029693147787788 1.522845715891868 0.65532 0.0 0.0
29446 11017321 3.008981699656312 1.5273882387625257 0.65532 0.0 0.0
29447 11017321 2.969124440052499 1.5297125810759191 0.65532 0.0 0.0
29448 11017321 2.9292671804486865 1.5320369233893125 0.65532 0.0 0.0
29449 11017321 2.8900068115045396 1.535510117850476 0.65532 0.0 0.0
29450 11017321 2.8139022542498093 1.538981346993198 0.6629400000000001 0.0 0.0
29451 11017321 2.764864271089996 1.5437786790205015 0.6629400000000001 0.0 0.0
29452 11017321 2.7109626260726545 1.5445571156085196 0.6629400000000001 0.0 0.0
29453 11017321 2.6620123337226866 1.5441863868675807 0.6629400000000001 0.0 0.0
29454 11017321 2.6221437731387063 1.5471586678853797 0.6629400000000001 0.0 0.0
29455 11017321 2.572356593596494 1.5469449702798732 0.6629400000000001 0.0 0.0
29456 11017321 2.5225003716461405 1.546520494513145 0.6629400000000001 0.0 0.0
29457 11017321 2.4802248776271334 1.5502795383347192 0.6629400000000001 0.0 0.0
29458 11017321 2.429210857041105 1.5501169446895628 0.6629400000000001 0.0 0.0
29459 11017321 2.3818645362388553 1.5492243105423151 0.6629400000000001 0.0 0.0
29460 11017321 2.3345182154366055 1.5483316763950674 0.6629400000000001 0.0 0.0
29461 11017321 2.284387042046922 1.548699456515851 0.6629400000000001 0.0 0.0
29462 11017321 2.2333341907484714 1.5435274490725082 0.65532 0.0 0.0
29463 11017321 2.190298509587653 1.5433307636417777 0.6629400000000001 0.0 0.0
29464 11017321 2.1401510872176406 1.538214084841378 0.6629400000000001 0.0 0.0
29465 11017321 2.0804426235162694 1.5331831576730777 0.6629400000000001 0.0 0.0
29466 11017321 2.034503834011632 1.5300803613786433 0.6629400000000001 0.0 0.0
29467 11017321 1.9786499821280465 1.52869774390419 0.65532 0.0 0.0
29468 11017321 1.9320889242372765 1.5220604162933513 0.65532 0.0 0.0
29469 11017321 1.9064015263845833 1.5195280856735476 0.65913 0.0 0.0
29470 11017321 1.8807141285318898 1.516995755053744 0.6629400000000001 0.0 0.0
29471 11017321 1.8281125566392948 1.5119816751726463 0.6629400000000001 0.0 0.0
29472 11017321 1.7499558578518555 1.5053858476059658 0.6629400000000001 0.0 0.0
29473 11017321 1.7043343098549832 1.498910169012292 0.6629400000000001 0.0 0.0
29474 11017321 1.65577172740597 1.4986526605328117 0.6629400000000001 0.0 0.0
29475 11017321 1.6170311930847152 1.4953035278731956 0.6629400000000001 0.0 0.0
29476 11017321 1.561861563322459 1.4911301032682949 0.6629400000000001 0.0 0.0
29477 11017321 1.515746142017433 1.4842326707883224 0.6629400000000001 0.0 0.0
29478 11017321 1.4545105106209983 1.4788874338135531 0.6629400000000001 0.0 0.0
29479 11017321 1.4074469551079334 1.4761556327777008 0.6629400000000001 0.0 0.0
29480 11017321 1.3552247847975196 1.4739412798124043 0.6629400000000001 0.0 0.0
29481 11017321 1.309533130678462 1.467257005693105 0.6629400000000001 0.0 0.0
29482 11017321 1.2607177046028566 1.4673181621051075 0.65532 0.0 0.0
29483 11017321 1.224294618864167 1.466718592106395 0.65532 0.0 0.0
29484 11017321 1.1878715331254772 1.4661190221076825 0.65532 0.0 0.0
29485 11017321 1.1362081260172476 1.4612701380317488 0.6629400000000001 0.0 0.0
29486 11017321 1.0853394075809526 1.4604845424845145 0.6629400000000001 0.0 0.0
29487 11017321 1.0303646835801834 1.4580034555335712 0.6629400000000001 0.0 0.0
29488 11017321 0.9798061745160463 1.4581686300848655 0.6629400000000001 0.0 0.0
29489 11017321 0.9371668018452739 1.4553958059122394 0.6629400000000001 0.0 0.0
29490 11017321 0.8883161282650658 1.4553539653879963 0.6629400000000001 0.0 0.0
29491 11017321 0.8120856344422995 1.4530444964271325 0.6629400000000001 0.0 0.0
29492 11017321 0.763984784809927 1.458015722776562 0.6629400000000001 0.0 0.0
29493 11017321 0.7208876925261496 1.4565619439409037 0.6629400000000001 0.0 0.0
29494 11017321 0.6592676734846108 1.4592927968443141 0.6629400000000001 0.0 0.0
29495 11017321 0.6363956927961827 1.4594076380637395 0.6629400000000001 0.0 0.0
29496 11017321 0.6135237121077545 1.459522479283165 0.6629400000000001 0.0 0.0
29497 11017321 0.5444191101434828 1.4643499587327853 0.6629400000000001 0.0 0.0
29498 11017321 0.4813234914300444 1.4707189844489386 0.65532 0.0 0.0
29499 11017321 0.4577405818142803 1.470833032626624 0.65532 0.0 0.0
29500 11017321 0.4149343745994685 1.474075962696926 0.65532 0.0 0.0
29501 11017321 0.33147340965430483 1.4768216935961673 0.65532 0.0 0.0
29502 11017321 0.29978830261063505 1.4804024910609774 0.65532 0.0 0.0
29503 11017321 0.26810319556696527 1.4839832885257878 0.65532 0.0 0.0
29504 11017321 0.22572991848391954 1.484749146766338 0.65532 0.0 0.0
29505 11017321 0.15974577031010884 1.4920651413606996 0.65532 0.0 0.0
29506 11017321 0.11012610053749117 1.492396474575892 0.65532 0.0 0.0
29507 11017321 0.06680370673754976 1.4956933158887893 0.6477 0.0 0.0
29508 11017321 0.006868284696067595 1.4986966356399332 0.6477 0.0 0.0
29509 11017321 -0.023001992648602088 1.5002250971997158 0.6477 0.0 0.0
29510 11017321 -0.05287226999327177 1.5017535587594983 0.6477 0.0 0.0
29511 11017321 -0.10437287492905256 1.5017665385902117 0.6477 0.0 0.0
29512 11017321 -0.1564168847003098 1.5082665670497837 0.6477 0.0 0.0
29513 11017321 -0.19415818311209554 1.5096234049567028 0.6477 0.0 0.0
29514 11017321 -0.24417953561324457 1.5100883677228258 0.6477 0.0 0.0
29515 11017321 -0.28790341440352996 1.5135185323281717 0.65532 0.0 0.0
29516 11017321 -0.3324013931694927 1.5115939761991977 0.6477 0.0 0.0
29517 11017321 -0.3923029558694824 1.5147062254204176 0.6477 0.0 0.0
29518 11017321 -0.43587774405372626 1.5183221735286498 0.6477 0.0 0.0
29519 11017321 -0.46421562341437206 1.5166640857007778 0.6477 0.0 0.0
29520 11017321 -0.49255350277501786 1.5150059978729058 0.6477 0.0 0.0
29521 11017321 -0.5277261115760892 1.5171602545610894 0.6477 0.0 0.0
29522 11017321 -0.5752059549273505 1.5148100926415644 0.6477 0.0 0.0
29523 11017321 -0.6320994476311408 1.5119166149556549 0.6477 0.0 0.0
29524 11017321 -0.6554350768401966 1.5084481212935088 0.6477 0.0 0.0
29525 11017321 -0.6988189966800271 1.5088485588306477 0.6477 0.0 0.0
29526 11017321 -0.754073786243878 1.5055368958176867 0.6400800000000001 0.0 0.0
29527 11017321 -0.7944410940246653 1.4972400923585554 0.6400800000000001 0.0 0.0
29528 11017321 -0.8145874425811483 1.4956499812295627 0.6400800000000001 0.0 0.0
29529 11017321 -0.8496085710918859 1.4903953885081156 0.6400800000000001 0.0 0.0
29530 11017321 -0.9126525272133894 1.4839070998548396 0.63246 0.0 0.0
29531 11017321 -0.9469985106370631 1.4777310758367561 0.63246 0.0 0.0
29532 11017321 -0.9763713350494706 1.4741349100920063 0.62865 0.0 0.0
29533 11017321 -1.0057441594618781 1.4705387443472564 0.6248400000000001 0.0 0.0
29534 11017321 -1.0453377241497315 1.4675982865788637 0.6248400000000001 0.0 0.0
29535 11017321 -1.0823305564510664 1.4631063669367488 0.6248400000000001 0.0 0.0
29536 11017321 -1.143988227086003 1.456516924864397 0.6248400000000001 0.0 0.0
29537 11017321 -1.177920499669922 1.4516085770415927 0.6248400000000001 0.0 0.0
29538 11017321 -1.2136076516416539 1.4462228102799612 0.61722 0.0 0.0
29539 11017321 -1.2411038436709514 1.444700997421043 0.61722 0.0 0.0
29540 11017321 -1.2852077832722284 1.4385634172409787 0.61722 0.0 0.0
29541 11017321 -1.3420525989687266 1.4304011543213846 0.6096 0.0 0.0
29542 11017321 -1.3740101913736218 1.4280023367737844 0.6096 0.0 0.0
29543 11017321 -1.3978928245624314 1.4235464480868136 0.60579 0.0 0.0
29544 11017321 -1.421775457751241 1.4190905593998429 0.6019800000000001 0.0 0.0
29545 11017321 -1.4623397562442364 1.4107444553452613 0.6019800000000001 0.0 0.0
29546 11017321 -1.5221120390014928 1.400152646298309 0.59436 0.0 0.0
29547 11017321 -1.554637656841306 1.393033018655126 0.59436 0.0 0.0
29548 11017321 -1.595454248532181 1.3850037374678543 0.59436 0.0 0.0
29549 11017321 -1.6311993402784128 1.370758728343336 0.58674 0.0 0.0
29550 11017321 -1.66343280947619 1.3591039444393571 0.58674 0.0 0.0
29551 11017321 -1.6995051664419518 1.34928937194044 0.57912 0.0 0.0
29552 11017321 -1.7443703853777028 1.3316021641323785 0.57912 0.0 0.0
29553 11017321 -1.7821004919830548 1.3167218464184391 0.5715 0.0 0.0
29554 11017321 -1.8194002306468418 1.297728241486894 0.5715 0.0 0.0
29555 11017321 -1.836717796088881 1.285517179139123 0.5715 0.0 0.0
29556 11017321 -1.8711884904381126 1.2643129034185048 0.56388 0.0 0.0
29557 11017321 -1.9160143447520401 1.2331766844507919 0.56388 0.0 0.0
29558 11017321 -1.9356976481733605 1.213736088491483 0.56388 0.0 0.0
29559 11017321 -1.955380951594681 1.1942954925321743 0.56388 0.0 0.0
29560 11017321 -1.9947559093247638 1.1581045053535204 0.56388 0.0 0.0
29561 11017321 -2.0208907397997597 1.1284479625727637 0.56388 0.0 0.0
29562 11017321 -2.05236794365289 1.0906078043852463 0.55626 0.0 0.0
29563 11017321 -2.0665086258979573 1.0704638654693261 0.55626 0.0 0.0
29564 11017321 -2.080649308143024 1.050319926553406 0.55626 0.0 0.0
29565 11017321 -2.1008972549148135 1.0155825876438276 0.54864 0.0 0.0
29566 11017321 -2.119195298248343 0.981375690614005 0.54864 0.0 0.0
29567 11017321 -2.1394163268941897 0.9317905304703427 0.54102 0.0 0.0
29568 11017321 -2.1504670129766232 0.8980165706662012 0.54102 0.0 0.0
29569 11017321 -2.1581826466658662 0.8764714769762828 0.53721 0.0 0.0
29570 11017321 -2.1658982803551092 0.8549263832863644 0.5334 0.0 0.0
29571 11017321 -2.172474222280589 0.8141967036174665 0.52578 0.0 0.0
29572 11017321 -2.1735757588684192 0.7771674499187121 0.52578 0.0 0.0
29573 11017321 -2.1798122538669613 0.7418183309829508 0.5181600000000001 0.0 0.0
29574 11017321 -2.1777306190296457 0.7009433791967191 0.5181600000000001 0.0 0.0
29575 11017321 -2.177556186015978 0.6661840719830716 0.5181600000000001 0.0 0.0
29576 11017321 -2.173164667224049 0.6291102705612327 0.51054 0.0 0.0
29577 11017321 -2.170117729797534 0.5895553730205849 0.51054 0.0 0.0
29578 11017321 -2.1602088409785534 0.553597520763254 0.51054 0.0 0.0
29579 11017321 -2.1496861678465513 0.5153065864531404 0.50673 0.0 0.0
29580 11017321 -2.1391634947145493 0.4770156521430269 0.50292 0.0 0.0
29581 11017321 -2.127114996809298 0.4436587865448766 0.49911000000000005 0.0 0.0
29582 11017321 -2.1150664989040466 0.41030192094672635 0.4953 0.0 0.0
29583 11017321 -2.0991846678258925 0.38173758921825585 0.48768 0.0 0.0
29584 11017321 -2.0770864278956287 0.34447961618825507 0.48768 0.0 0.0
29585 11017321 -2.058530975837275 0.3170270914876302 0.48768 0.0 0.0
29586 11017321 -2.023894299697668 0.2735643102652585 0.48768 0.0 0.0
29587 11017321 -1.9993417279638914 0.24543538507871263 0.48768 0.0 0.0
29588 11017321 -1.9800335277364318 0.22842796776637156 0.48768 0.0 0.0
29589 11017321 -1.9607253275089722 0.2114205504540305 0.48768 0.0 0.0
29590 11017321 -1.9343161061908203 0.19168133613505164 0.48006 0.0 0.0
29591 11017321 -1.9024113345909333 0.16430250451261083 0.48006 0.0 0.0
29592 11017321 -1.8652762477415548 0.14748115380023516 0.48006 0.0 0.0
29593 11017321 -1.8284005810910957 0.12443554412363908 0.48006 0.0 0.0
29594 11017321 -1.80497310815146 0.11390961229542598 0.47624999999999995 0.0 0.0
29595 11017321 -1.7815456352118242 0.10338368046721289 0.47243999999999997 0.0 0.0
29596 11017321 -1.752102248256773 0.0888453814376082 0.47243999999999997 0.0 0.0
29597 11017321 -1.7264245583145013 0.08044622902905837 0.47243999999999997 0.0 0.0
29598 11017321 -1.6718593654666647 0.06259834114572413 0.48006 0.0 0.0
29599 11017321 -1.6360709432712561 0.05089245611619195 0.48006 0.0 0.0
29600 11017321 -1.604506480047837 0.0458260732194343 0.47243999999999997 0.0 0.0
29601 11017321 -1.5645052691763917 0.03776672368262965 0.47243999999999997 0.0 0.0
29602 11017321 -1.5371531169921187 0.03448736152078227 0.47243999999999997 0.0 0.0
29603 11017321 -1.5098009648078456 0.031207999358934896 0.47243999999999997 0.0 0.0
29604 11017321 -1.479549437964293 0.03136194828777103 0.47243999999999997 0.0 0.0
29605 11017321 -1.439970939707713 0.024726773944589636 0.47243999999999997 0.0 0.0
29606 11017321 -1.3898808923554504 0.0247020792700334 0.46482000000000007 0.0 0.0
29607 11017321 -1.3577502646588513 0.0235409317161189 0.46482000000000007 0.0 0.0
29608 11017321 -1.3201389009806233 0.021755887718112515 0.46482000000000007 0.0 0.0
29609 11017321 -1.2727947980084966 0.01713863866651774 0.45720000000000005 0.0 0.0
29610 11017321 -1.235595936261204 0.01572259341913282 0.45720000000000005 0.0 0.0
29611 11017321 -1.19316741669756 0.014816429286728078 0.44958000000000004 0.0 0.0
29612 11017321 -1.160590900097329 0.012575613475459851 0.44958000000000004 0.0 0.0
29613 11017321 -1.135487411134881 0.013830257232750637 0.44958000000000004 0.0 0.0
29614 11017321 -1.110383922172433 0.015084900990041422 0.44958000000000004 0.0 0.0
29615 11017321 -1.071649411261225 0.01293381362456933 0.44196 0.0 0.0
29616 11017321 -1.0323213250035448 0.008252113858695592 0.44196 0.0 0.0
29617 11017321 -0.9905686714195665 0.008269093095230912 0.43434000000000006 0.0 0.0
29618 11017321 -0.9576687660526868 0.00837695385025436 0.43434000000000006 0.0 0.0
29619 11017321 -0.923058773678215 0.009911988738783711 0.42672000000000004 0.0 0.0
29620 11017321 -0.8854841002080984 0.006388569785861192 0.42672000000000004 0.0 0.0
29621 11017321 -0.8473797007671464 0.005028837166795558 0.42672000000000004 0.0 0.0
29622 11017321 -0.8156249685167889 0.006796919676797936 0.42672000000000004 0.0 0.0
29623 11017321 -0.7746621763670216 0.008475330097040074 0.41910000000000003 0.0 0.0
29624 11017321 -0.7343335524434997 0.006856263401890633 0.41148 0.0 0.0
29625 11017321 -0.6806225477492187 0.005418623982931997 0.41148 0.0 0.0
29626 11017321 -0.6558594553926811 0.005091996151490391 0.40767 0.0 0.0
29627 11017321 -0.6310963630361435 0.004765368320048785 0.40386 0.0 0.0
29628 11017321 -0.5940466784037259 0.0039853861594967566 0.40386 0.0 0.0
29629 11017321 -0.5596459051558154 0.003253750907452363 0.39624000000000004 0.0 0.0
29630 11017321 -0.5212329846031409 0.00121060800722525 0.39624000000000004 0.0 0.0
29631 11017321 -0.4802923243439088 0.004182956101164731 0.39624000000000004 0.0 0.0
29632 11017321 -0.44812646967559266 0.004766613047698182 0.39624000000000004 0.0 0.0
29633 11017321 -0.3983246540499119 0.004959401037815864 0.39624000000000004 0.0 0.0
29634 11017321 -0.37669373172718834 0.003204094913700689 0.39243000000000006 0.0 0.0
29635 11017321 -0.3550628094044648 0.0014487887895855145 0.38862 0.0 0.0
29636 11017321 -0.29853835372135995 0.004818888942079463 0.38862 0.0 0.0
29637 11017321 -0.26505433212260376 0.005089233302834312 0.38862 0.0 0.0
29638 11017321 -0.23781529528511414 0.004188263859403324 0.38481 0.0 0.0
29639 11017321 -0.2105762584476245 0.003287294415972336 0.381 0.0 0.0
29640 11017321 -0.17102517701492626 0.004729313114274741 0.381 0.0 0.0
29641 11017321 -0.13272513177005685 0.005061642455042675 0.381 0.0 0.0
29642 11017321 -0.09855363492037816 0.004991156887518694 0.381 0.0 0.0
29643 11017321 -0.06532262331181304 0.004760902014698504 0.37338 0.0 0.0
29644 11017321 -0.03238936799152736 0.004978605017223664 0.37338 0.0 0.0
29645 11017321 0.006126403213148612 0.00325498215398326 0.36576 0.0 0.0
29646 11017321 0.05647935348648647 0.005139831446917875 0.36576 0.0 0.0
29647 11017321 0.07287614230845346 0.004220292613587473 0.36576 0.0 0.0
29648 11017321 0.08927293113042045 0.0033007537802570708 0.36576 0.0 0.0
29649 11017321 0.13363965210869988 0.004806005824651682 0.36576 0.0 0.0
29650 11017321 0.15879798486911895 0.004878541603768355 0.36195 0.0 0.0
29651 11017321 0.183956317629538 0.004951077382885027 0.35814000000000007 0.0 0.0
29652 11017321 0.21561281407861652 0.005431454815755576 0.35814000000000007 0.0 0.0
29653 11017321 0.24726931052769502 0.0059118322486261254 0.35814000000000007 0.0 0.0
29654 11017321 0.2789258069767735 0.0063922096814966745 0.35814000000000007 0.0 0.0
29655 11017321 0.30610170936540326 0.005981112139439179 0.35814000000000007 0.0 0.0
29656 11017321 0.33327761175403303 0.005570014597381684 0.35814000000000007 0.0 0.0
29657 11017321 0.35518857074277066 0.0033163458869086004 0.36576 0.0 0.0
29658 11017321 0.37951346800064206 0.0034673947225905507 0.36576 0.0 0.0
29659 11017321 0.4038383652585135 0.0036184435582725014 0.36576 0.0 0.0
29660 11017321 0.4281632625163849 0.0037694923939544517 0.36576 0.0 0.0
29661 11017321 0.4524881597742563 0.003920541229636402 0.36576 0.0 0.0
29662 11017321 0.47681305703212773 0.004071590065318352 0.36576 0.0 0.0
29663 11017321 0.5011379542899992 0.004222638901000303 0.36576 0.0 0.0
29664 11017321 0.525527991618508 0.004664246458907957 0.36576 0.0 0.0
29665 11017321 0.5499180289470168 0.005105854016815611 0.36576 0.0 0.0
29666 11017321 0.5612479567734145 0.006076701857649899 0.36576 0.0 0.0
29667 11017321 0.5912683849667864 0.006898430234742646 0.36576 0.0 0.0
29668 11017321 0.6212888131601582 0.007720158611835393 0.36576 0.0 0.0
29669 11017321 0.6611562575064456 0.005383012462057746 0.36576 0.0 0.0
29670 11017321 0.701023701852733 0.003045866312280099 0.36576 0.0 0.0
29671 11017321 0.7229715693223855 0.003964787153398312 0.36576 0.0 0.0
29672 11017321 0.744919436792038 0.004883707994516526 0.36576 0.0 0.0
29673 11017321 0.7829202869117625 0.005039942868212385 0.3668485714285714 0.0 0.0
29674 11017321 0.8209211370314871 0.0051961777419082455 0.36793714285714285 0.0 0.0
29675 11017321 0.8589219871512116 0.005352412615604105 0.3690257142857143 0.0 0.0
29676 11017321 0.8969228372709361 0.005508647489299965 0.3701142857142857 0.0 0.0
29677 11017321 0.9349236873906608 0.005664882362995825 0.3712028571428571 0.0 0.0
29678 11017321 0.9729245375103853 0.005821117236691685 0.37229142857142855 0.0 0.0
29679 11017321 1.0109253876301099 0.005977352110387545 0.37338 0.0 0.0
29680 11017321 1.0489262377498343 0.006133586984083405 0.37446857142857143 0.0 0.0
29681 11017321 1.086927087869559 0.006289821857779264 0.37555714285714287 0.0 0.0
29682 11017321 1.1249279379892836 0.006446056731475124 0.3766457142857143 0.0 0.0
29683 11017321 1.162928788109008 0.006602291605170984 0.3777342857142857 0.0 0.0
29684 11017321 1.2009296382287327 0.006758526478866844 0.37882285714285713 0.0 0.0
29685 11017321 1.238930488348457 0.006914761352562703 0.37991142857142857 0.0 0.0
29686 11017321 1.2769313384681817 0.0070709962262585635 0.381 0.0 0.0
29687 11017321 1.3229507080073064 0.005223446953314581 0.38426571428571427 0.0 0.0
29688 11017321 1.368970077546431 0.003375897680370598 0.3875314285714286 0.0 0.0
29689 11017321 1.4149894470855557 0.0015283484074266156 0.39079714285714284 0.0 0.0
29690 11017321 1.4610088166246804 -0.00031920086551736736 0.39406285714285716 0.0 0.0
29691 11017321 1.507028186163805 -0.0021667501384613503 0.3973285714285714 0.0 0.0
29692 11017321 1.5530475557029297 -0.004014299411405332 0.40059428571428574 0.0 0.0
29693 11017321 1.5990669252420544 -0.005861848684349316 0.40386 0.0 0.0
29694 11017321 1.6367700437253374 -0.002989392737496932 0.41148 0.0 0.0
29695 11017321 1.6788715334988282 -0.006226220233724267 0.41148 0.0 0.0
29696 11017321 1.7049898242139185 -0.008506597479390213 0.41148 0.0 0.0
29697 11017321 1.7311081149290088 -0.010786974725056159 0.41148 0.0 0.0
29698 11017321 1.7798840724224445 -0.012347983870087842 0.41910000000000003 0.0 0.0
29699 11017321 1.8242798249581798 -0.01399684266435805 0.42672000000000004 0.0 0.0
29700 11017321 1.8670230944251727 -0.01744220446129849 0.42672000000000004 0.0 0.0
29701 11017321 1.927217861477931 -0.020745465089396786 0.42672000000000004 0.0 0.0
29702 11017321 1.965740832982389 -0.025148445950841564 0.43434000000000006 0.0 0.0
29703 11017321 2.024330587417272 -0.027926777995832763 0.43434000000000006 0.0 0.0
29704 11017321 2.037326206692202 -0.02960053543773665 0.43815000000000004 0.0 0.0
29705 11017321 2.0503218259671327 -0.031274292879640536 0.44196 0.0 0.0
29706 11017321 2.1188040964586135 -0.03774960923511403 0.44196 0.0 0.0
29707 11017321 2.1613295670140076 -0.04077168701622627 0.44196 0.0 0.0
29708 11017321 2.203384837922017 -0.04387362583084989 0.44958000000000004 0.0 0.0
29709 11017321 2.260204473696114 -0.052614004446468576 0.45720000000000005 -0.6872028657446766 0.7657325092434721
29710 11017321 2.2847722567353186 -0.054064723572996694 0.45910500000000004 -0.6872028657446766 0.7657325092434721
29711 11017321 2.3093400397745234 -0.05551544269952481 0.46101000000000003 -0.6872028657446766 0.7657325092434721
29712 11017321 2.333907822813728 -0.05696616182605293 0.4629150000000001 -0.6872028657446766 0.7657325092434721
29713 11017321 2.3584756058529326 -0.058416880952581046 0.46482000000000007 -0.6872028657446766 0.7657325092434721
29714 11017321 2.4607679113951066 -0.06903591950338708 0.47243999999999997 -0.6872028657446766 0.7657325092434721
29715 11017321 2.5034417611526907 -0.0726885655320493 0.47243999999999997 -0.6872028657446766 0.7657325092434721
29716 11017321 2.541885766986324 -0.07460953587750244 0.47243999999999997 -0.6872028657446766 0.7657325092434721
29717 11017321 2.581736034762695 -0.07675557612461771 0.47752 -0.6872028657446766 0.7657325092434721
29718 11017321 2.621586302539067 -0.07890161637173297 0.4826 -0.6872028657446766 0.7657325092434721
29719 11017321 2.661436570315438 -0.08104765661884825 0.48768 -0.6872028657446766 0.7657325092434721
29720 11017321 2.7062804135187015 -0.07968350723175618 0.48768 -0.6872028657446766 0.7657325092434721
29721 11017321 2.743311228465413 -0.08593161588218443 0.4953 -0.6872028657446766 0.7657325092434721
29722 11017321 2.7896416276493037 -0.09089312890075316 0.50292 -0.6872028657446766 0.7657325092434721
29723 11017321 2.827317378413191 -0.09244502483011066 0.50292 -0.6872028657446766 0.7657325092434721
29724 11017321 2.8693893058737476 -0.09549009526851196 0.51054 -0.6872028657446766 0.7657325092434721
29725 11017321 2.911461233334304 -0.09853516570691326 0.5181600000000001 -0.6872028657446766 0.7657325092434721
29726 11017321 2.949136866701938 -0.10008641339700255 0.5181600000000001 -0.6872028657446766 0.7657325092434721
29727 11017321 2.9916616142530934 -0.1031034998145838 0.5181600000000001 -0.6872028657446766 0.7657325092434721
29728 11017321 3.0305875819905728 -0.10354386514466254 0.52578 -0.6872028657446766 0.7657325092434721
29729 11017321 3.0692770216424456 -0.09654743862716522 0.52578 -0.6872028657446766 0.7657325092434721
29730 11017321 3.1085030498939643 -0.09334726752188041 0.5334 -0.6872028657446766 0.7657325092434721
29731 11017321 3.1421019301395585 -0.08562346851994665 0.5334 -0.6872028657446766 0.7657325092434721
29732 11017321 3.1996945683279465 -0.06423691890524588 0.54102 -0.6872028657446766 0.7657325092434721
29733 11017321 3.2431238682560943 -0.048156616480179576 0.54864 -0.6872028657446766 0.7657325092434721
29734 11017321 3.26125463274445 -0.04157501129057964 0.54864 -0.6872028657446766 0.7657325092434721
29735 11017321 3.299420879567026 -0.018403095563657962 0.54864 -0.6872028657446766 0.7657325092434721
29736 11017321 3.337587126389602 0.004768820163263715 0.54864 -0.6872028657446766 0.7657325092434721
29737 11017321 3.375753373212178 0.027940735890185392 0.54864 -0.6872028657446766 0.7657325092434721
29738 11017321 3.4051565518106854 0.05981365883509113 0.55245 -0.6872028657446766 0.7657325092434721
29739 11017321 3.434559730409193 0.09168658177999686 0.55626 -0.6872028657446766 0.7657325092434721
29740 11017321 3.4639629090077 0.1235595047249026 0.5600700000000001 -0.6872028657446766 0.7657325092434721
29741 11017321 3.4933660876062076 0.15543242766980833 0.56388 -0.6872028657446766 0.7657325092434721
29742 11017321 3.4874301944682666 0.19341895311105575 0.565023 -0.6872028657446766 0.7657325092434721
29743 11017321 3.4814943013303257 0.23140547855230315 0.5661660000000001 -0.6872028657446766 0.7657325092434721
29744 11017321 3.475558408192385 0.26939200399355057 0.5673090000000001 -0.6872028657446766 0.7657325092434721
29745 11017321 3.469622515054444 0.307378529434798 0.5684520000000001 -0.6872028657446766 0.7657325092434721
29746 11017321 3.4636866219165032 0.3453650548760454 0.5695950000000001 -0.6872028657446766 0.7657325092434721
29747 11017321 3.4577507287785623 0.3833515803172928 0.5707380000000001 -0.6872028657446766 0.7657325092434721
29748 11017321 3.4518148356406213 0.42133810575854025 0.5718810000000001 -0.6872028657446766 0.7657325092434721
29749 11017321 3.445878942502681 0.4593246311997876 0.5730240000000001 -0.6872028657446766 0.7657325092434721
29750 11017321 3.43994304936474 0.4973111566410351 0.5741670000000001 -0.6872028657446766 0.7657325092434721
29751 11017321 3.434007156226799 0.5352976820822825 0.57531 -0.6872028657446766 0.7657325092434721
29752 11017321 3.428071263088858 0.5732842075235299 0.576453 -0.6872028657446766 0.7657325092434721
29753 11017321 3.422135369950917 0.6112707329647773 0.577596 -0.6872028657446766 0.7657325092434721
29754 11017321 3.4161994768129764 0.6492572584060247 0.578739 -0.6872028657446766 0.7657325092434721
29755 11017321 3.4102635836750355 0.6872437838472721 0.579882 -0.6872028657446766 0.7657325092434721
29756 11017321 3.4043276905370945 0.7252303092885196 0.581025 -0.6872028657446766 0.7657325092434721
29757 11017321 3.3983917973991535 0.763216834729767 0.582168 -0.6872028657446766 0.7657325092434721
29758 11017321 3.3924559042612126 0.8012033601710143 0.583311 -0.6872028657446766 0.7657325092434721
29759 11017321 3.386520011123272 0.8391898856122618 0.584454 -0.6872028657446766 0.7657325092434721
29760 11017321 3.380584117985331 0.8771764110535092 0.585597 -0.6872028657446766 0.7657325092434721
29761 11017321 3.37464822484739 0.9151629364947567 0.58674 -0.6872028657446766 0.7657325092434721
29762 11017321 3.3092227816295052 0.9529899887004535 0.58674 -0.6872028657446766 0.7657325092434721
29763 11017321 3.280800873861482 0.9676411598867357 0.58674 -0.6872028657446766 0.7657325092434721
29764 11017321 3.203078665196882 0.9933627141105902 0.59436 -0.6872028657446766 0.7657325092434721
29765 11017321 3.154136943675172 1.0093394011730201 0.59436 -0.6872028657446766 0.7657325092434721
29766 11017321 3.0876174302316617 1.020424435840942 0.58674 -0.6872028657446766 0.7657325092434721
29767 11017321 3.0515323289804845 1.0268312427671726 0.58674 -0.6872028657446766 0.7657325092434721
29768 11017321 3.0154472277293074 1.0332380496934035 0.58674 -0.6872028657446766 0.7657325092434721
29769 11017321 2.960686809492521 1.039550786092613 0.58674 -0.6872028657446766 0.7657325092434721
29770 11017321 2.9060834424340154 1.0409062836270062 0.57912 -0.6872028657446766 0.7657325092434721
29771 11017321 2.8571804213928775 1.0461251792292667 0.57912 -0.6872028657446766 0.7657325092434721
29772 11017321 2.7766901674498694 1.047055252731147 0.57912 -0.6872028657446766 0.7657325092434721
29773 11017321 2.7496979640485755 1.0478662515979695 0.57912 -0.6872028657446766 0.7657325092434721
29774 11017321 2.7227057606472815 1.048677250464792 0.57912 -0.6872028657446766 0.7657325092434721
29775 11017321 2.6662477214456417 1.0541446285515694 0.57912 -0.6872028657446766 0.7657325092434721
29776 11017321 2.605234863077156 1.0549082522977915 0.58674 -0.6872028657446766 0.7657325092434721
29777 11017321 2.5515711151861584 1.0564267630444848 0.58674 -0.6872028657446766 0.7657325092434721
29778 11017321 2.4674381947927913 1.0625214492857076 0.57912 -0.6872028657446766 0.7657325092434721
29779 11017321 2.419873065393795 1.0636849000965203 0.57912 -0.6872028657446766 0.7657325092434721
29780 11017321 2.3653032942176915 1.065150129863609 0.57912 -0.6872028657446766 0.7657325092434721
29781 11017321 2.2907444899121057 1.0733772311235972 0.58674 -0.6872028657446766 0.7657325092434721
29782 11017321 2.241737475687396 1.0782836936088405 0.59436 -0.6872028657446766 0.7657325092434721
29783 11017321 2.202322201853534 1.0853734687397352 0.59436 -0.6872028657446766 0.7657325092434721
29784 11017321 2.162906928019672 1.09246324387063 0.59436 -0.6872028657446766 0.7657325092434721
29785 11017321 2.1119900928500304 1.1034849806918743 0.59436 -0.6872028657446766 0.7657325092434721
29786 11017321 2.061451901959875 1.1148507222955562 0.59436 -0.6872028657446766 0.7657325092434721
29787 11017321 1.9864546190265608 1.133971944274037 0.59436 -0.6872028657446766 0.7657325092434721
29788 11017321 1.9337781778980927 1.1521118579163345 0.59436 -0.6872028657446766 0.7657325092434721
29789 11017321 1.873810844134207 1.1707644992259134 0.59436 -0.6872028657446766 0.7657325092434721
29790 11017321 1.8458377446317136 1.185158737386419 0.59436 -0.6872028657446766 0.7657325092434721
29791 11017321 1.81786464512922 1.1995529755469247 0.59436 -0.6872028657446766 0.7657325092434721
29792 11017321 1.7673173766733585 1.226928888505345 0.58674 -0.6872028657446766 0.7657325092434721
29793 11017321 1.7167359097085975 1.2541996027178355 0.58674 -0.6872028657446766 0.7657325092434721
29794 11017321 1.6725202266757044 1.284648380028428 0.57912 -0.6872028657446766 0.7657325092434721
29795 11017321 1.6100120256860897 1.333573632622094 0.57912 -0.6872028657446766 0.7657325092434721
29796 11017321 1.5598377404021861 1.3664372492102106 0.57912 -0.6872028657446766 0.7657325092434721
29797 11017321 1.5117224594470202 1.4066896583247133 0.5715 -0.6872028657446766 0.7657325092434721
29798 11017321 1.4768335083590005 1.4357872191740575 0.56769 -0.6872028657446766 0.7657325092434721
29799 11017321 1.4419445572709808 1.4648847800234017 0.56388 -0.6872028657446766 0.7657325092434721
29800 11017321 1.3886884177190626 1.511140584154672 0.56388 -0.6872028657446766 0.7657325092434721
29801 11017321 1.3465191523852764 1.545129378293183 0.56388 -0.6872028657446766 0.7657325092434721
29802 11017321 1.303435524228505 1.5817538381682685 0.56388 -0.6872028657446766 0.7657325092434721
29803 11017321 1.2430731742857493 1.6279965749247671 0.56388 -0.6872028657446766 0.7657325092434721
29804 11017321 1.1547185200191834 1.6891113935257482 0.55626 -0.6872028657446766 0.7657325092434721
29805 11017321 1.113828646332713 1.7161418891098976 0.55626 -0.6872028657446766 0.7657325092434721
29806 11017321 1.0729387726462423 1.743172384694047 0.55626 -0.6872028657446766 0.7657325092434721
29807 11017321 1.0228949273546235 1.77588179925976 0.55626 -0.6872028657446766 0.7657325092434721
29808 11017321 0.9999333089836593 1.788759499991986 0.54864 -0.6872028657446766 0.7657325092434721
29809 11017321 0.9140070781680898 1.8328454998181218 0.55626 -0.6872028657446766 0.7657325092434721
29810 11017321 0.864742435132447 1.8641334315911557 0.55626 -0.6872028657446766 0.7657325092434721
29811 11017321 0.783701431871919 1.9084941583748154 0.54864 -0.6872028657446766 0.7657325092434721
29812 11017321 0.743288331168332 1.928829127355744 0.54864 -0.6872028657446766 0.7657325092434721
29813 11017321 0.7028752304647451 1.9491640963366725 0.54864 -0.6872028657446766 0.7657325092434721
29814 11017321 0.6470545426070415 1.9804938008033954 0.55626 -0.6872028657446766 0.7657325092434721
29815 11017321 0.5963941744198926 2.01294133271348 0.55626 -0.6872028657446766 0.7657325092434721
29816 11017321 0.5459066848150828 2.0459169976579106 0.55626 -0.6872028657446766 0.7657325092434721
29817 11017321 0.4993960367340611 2.08834176692875 0.56388 -0.6872028657446766 0.7657325092434721
29818 11017321 0.45214838415514924 2.1271524517328335 0.56388 -0.6872028657446766 0.7657325092434721
29819 11017321 0.41965814931471546 2.1687336617863036 0.5715 -0.6872028657446766 0.7657325092434721
29820 11017321 0.36806209623416863 2.235254058395032 0.5715 -0.6872028657446766 0.7657325092434721
29821 11017321 0.35656789974435155 2.249526508238503 0.57531 -0.6872028657446766 0.7657325092434721
29822 11017321 0.34507370325453446 2.2637989580819737 0.57912 -0.6872028657446766 0.7657325092434721
29823 11017321 0.3034144189248792 2.3373532289937287 0.57912 -0.6872028657446766 0.7657325092434721
29824 11017321 0.2740049554801687 2.384821754066291 0.57912 -0.6872028657446766 0.7657325092434721
29825 11017321 0.23518315706617443 2.4518412786853787 0.57912 -0.6872028657446766 0.7657325092434721
29826 11017321 0.20671500703730072 2.499470007067249 0.57912 -0.6872028657446766 0.7657325092434721
29827 11017321 0.17471405176893395 2.5550304058105824 0.57912 -0.6872028657446766 0.7657325092434721
29828 11017321 0.14837161860796555 2.6061707207897182 0.57912 -0.6872028657446766 0.7657325092434721
29829 11017321 0.120179171607808 2.653009080964154 0.57912 -0.6872028657446766 0.7657325092434721
29830 11017321 0.09195266571284721 2.6997419871253316 0.58674 -0.6872028657446766 0.7657325092434721
29831 11017321 0.08224239135801747 2.7189232922630557 0.58674 -0.6872028657446766 0.7657325092434721
29832 11017321 0.05074312576325968 2.7728413268485403 0.58674 -0.6872028657446766 0.7657325092434721
29833 11017321 0.01924386016850188 2.826759361434025 0.58674 -0.6872028657446766 0.7657325092434721
29834 11017321 -0.012255405426255916 2.8806773960195096 0.58674 -0.6872028657446766 0.7657325092434721
29835 11017321 -0.0471712686489269 2.939529909139859 0.59436 -0.6872028657446766 0.7657325092434721
29836 11017321 -0.06534879317107897 2.9708273670423093 0.59436 -0.6872028657446766 0.7657325092434721
29837 11017321 -0.08352631769323104 3.00212482494476 0.59436 -0.6872028657446766 0.7657325092434721
29838 11017321 -0.13241154818455192 3.072556423068872 0.59436 -0.6872028657446766 0.7657325092434721
29839 11017321 -0.16122875669405817 3.1201858454499716 0.59436 -0.6872028657446766 0.7657325092434721
29840 11017321 -0.19004596520356443 3.167815267831071 0.59436 -0.6872028657446766 0.7657325092434721
29841 11017321 -0.21468223770986705 3.2029783089480617 0.59436 -0.6872028657446766 0.7657325092434721
29842 11017321 -0.23931851021616968 3.2381413500650518 0.59436 -0.6872028657446766 0.7657325092434721
29843 11017321 -0.2848354890784337 3.3042020883796 0.59436 -0.6872028657446766 0.7657325092434721
29844 11017321 -0.3060025557111705 3.3399253261503326 0.5981700000000001 -0.6872028657446766 0.7657325092434721
29845 11017321 -0.32716962234390734 3.3756485639210654 0.6019800000000001 -0.6872028657446766 0.7657325092434721
29846 11017321 -0.3590541367547013 3.424750089723202 0.6096 -0.6872028657446766 0.7657325092434721
29847 11017321 -0.38821555284139597 3.460459529691682 0.6019800000000001 -0.6872028657446766 0.7657325092434721
29848 11017321 -0.4049341448007844 3.482635568819723 0.6019800000000001 -0.6872028657446766 0.7657325092434721
29849 11017321 -0.4565447367050759 3.558286078074876 0.6096 -0.6872028657446766 0.7657325092434721
29850 11017321 -0.48859589590580277 3.6009004056039426 0.6096 -0.6872028657446766 0.7657325092434721
29851 11017321 -0.5206470551065296 3.6435147331330087 0.6096 -0.6872028657446766 0.7657325092434721
29852 11017321 -0.5483932491827359 3.6819171665833186 0.6096 -0.6872028657446766 0.7657325092434721
29853 11017321 -0.5836737493568291 3.726055834931398 0.6096 -0.6872028657446766 0.7657325092434721
29854 11017321 -0.6295868416083222 3.781793303689407 0.6096 -0.6872028657446766 0.7657325092434721
29855 11017321 -0.6581727853240873 3.816878482297027 0.60579 -0.6872028657446766 0.7657325092434721
29856 11017321 -0.6867587290398522 3.8519636609046475 0.6019800000000001 -0.6872028657446766 0.7657325092434721
29857 11017321 -0.7287695775607286 3.8931642754671683 0.6096 -0.6872028657446766 0.7657325092434721
29858 11017321 -0.7657396682674791 3.932132044478957 0.6096 -0.6872028657446766 0.7657325092434721
29859 11017321 -0.8261418034416952 3.9849585142621007 0.6096 -0.6872028657446766 0.7657325092434721
29860 11017321 -0.8461134138840609 4.006681733373268 0.6096 -0.6872028657446766 0.7657325092434721
29861 11017321 -0.9332614268704627 4.063235414098277 0.6096 -0.6872028657446766 0.7657325092434721
29862 11017321 -0.9543258820468086 4.077546651803521 0.6096 -0.6872028657446766 0.7657325092434721
29863 11017321 -0.9753903372231545 4.091857889508766 0.6096 -0.6872028657446766 0.7657325092434721
29864 11017321 -1.0507238288472687 4.1288911055838735 0.6096 -0.6872028657446766 0.7657325092434721
29865 11017321 -1.1062417608070767 4.155936339715999 0.6019800000000001 -0.6872028657446766 0.7657325092434721
29866 11017321 -1.159973256453864 4.173517439568039 0.6019800000000001 -0.6872028657446766 0.7657325092434721
29867 11017321 -1.2193007294586955 4.189191074721852 0.6019800000000001 -0.6872028657446766 0.7657325092434721
29868 11017321 -1.249294006267016 4.199005433590303 0.6019800000000001 -0.6872028657446766 0.7657325092434721
29869 11017321 -1.3009359854610716 4.210762821629848 0.6019800000000001 -0.6872028657446766 0.7657325092434721
29870 11017321 -1.379096355732602 4.225589893884503 0.6019800000000001 -0.6872028657446766 0.7657325092434721
29871 11017321 -1.4289845826977035 4.2294131067063745 0.6019800000000001 -0.6872028657446766 0.7657325092434721
29872 11017321 -1.496484147991718 4.233274953497768 0.6019800000000001 -0.6872028657446766 0.7657325092434721
29873 11017321 -1.5639837132857324 4.23713680028916 0.6019800000000001 -0.6872028657446766 0.7657325092434721
29874 11017321 -1.6095403848383516 4.24036156842392 0.6019800000000001 -0.6872028657446766 0.7657325092434721
29875 11017321 -1.635735617272478 4.2411644131246 0.6019800000000001 -0.6872028657446766 0.7657325092434721
29876 11017321 -1.6619308497066043 4.241967257825279 0.6019800000000001 -0.6872028657446766 0.7657325092434721
29877 11017321 -1.7594376053791005 4.238650855246497 0.6019800000000001 -0.6872028657446766 0.7657325092434721
29878 11017321 -1.8098062153654377 4.237755615826189 0.60579 -0.6872028657446766 0.7657325092434721
29879 11017321 -1.860174825351775 4.236860376405881 0.6096 -0.6872028657446766 0.7657325092434721
29880 11017321 -1.9329600271251774 4.228784665983009 0.61722 -0.6872028657446766 0.7657325092434721
29881 11017321 -1.943860444278615 4.228847170955204 0.61722 -0.6872028657446766 0.7657325092434721
29882 11017321 -1.9547608614320524 4.228909675927399 0.61722 -0.6872028657446766 0.7657325092434721
29883 11017321 -1.955041955158383 4.228370889683289 0.6172130852994555 -0.6872028657446766 0.7657325092434721
29884 11017321 -1.9553230488847138 4.2278321034391775 0.617206170598911 -0.6872028657446766 0.7657325092434721
29885 11017321 -1.9556041426110444 4.227293317195067 0.6171992558983665 -0.6872028657446766 0.7657325092434721
29886 11017321 -1.955885236337375 4.226754530950956 0.6171923411978222 -0.6872028657446766 0.7657325092434721
29887 11017321 -1.9561663300637058 4.226215744706845 0.6171854264972777 -0.6872028657446766 0.7657325092434721
29888 11017321 -1.9564474237900362 4.225676958462734 0.6171785117967332 -0.6872028657446766 0.7657325092434721
29889 11017321 -1.956728517516367 4.225138172218624 0.6171715970961887 -0.6872028657446766 0.7657325092434721
29890 11017321 -1.9570096112426976 4.224599385974512 0.6171646823956443 -0.6872028657446766 0.7657325092434721
29891 11017321 -1.9572907049690282 4.224060599730402 0.6171577676950998 -0.6872028657446766 0.7657325092434721
29892 11017321 -1.957571798695359 4.2235218134862915 0.6171508529945553 -0.6872028657446766 0.7657325092434721
29893 11017321 -1.9578528924216896 4.22298302724218 0.6171439382940109 -0.6872028657446766 0.7657325092434721
29894 11017321 -1.9581339861480203 4.22244424099807 0.6171370235934664 -0.6872028657446766 0.7657325092434721
29895 11017321 -1.958415079874351 4.2219054547539585 0.617130108892922 -0.6872028657446766 0.7657325092434721
29896 11017321 -1.9586961736006816 4.221366668509848 0.6171231941923775 -0.6872028657446766 0.7657325092434721
29897 11017321 -1.9589772673270123 4.220827882265737 0.617116279491833 -0.6872028657446766 0.7657325092434721
29898 11017321 -1.959258361053343 4.220289096021626 0.6171093647912885 -0.6872028657446766 0.7657325092434721
29899 11017321 -1.9595394547796734 4.219750309777515 0.617102450090744 -0.6872028657446766 0.7657325092434721
29900 11017321 -1.959820548506004 4.219211523533405 0.6170955353901997 -0.6872028657446766 0.7657325092434721
29901 11017321 -1.9601016422323347 4.218672737289294 0.6170886206896552 -0.6872028657446766 0.7657325092434721
29902 11017321 -1.9603827359586654 4.218133951045183 0.6170817059891107 -0.6872028657446766 0.7657325092434721
29903 11017321 -1.960663829684996 4.2175951648010725 0.6170747912885662 -0.6872028657446766 0.7657325092434721
29904 11017321 -1.9609449234113268 4.217056378556961 0.6170678765880218 -0.6872028657446766 0.7657325092434721
29905 11017321 -1.9612260171376574 4.216517592312851 0.6170609618874773 -0.6872028657446766 0.7657325092434721
29906 11017321 -1.961507110863988 4.2159788060687395 0.6170540471869328 -0.6872028657446766 0.7657325092434721
29907 11017321 -1.9617882045903188 4.215440019824629 0.6170471324863884 -0.6872028657446766 0.7657325092434721
29908 11017321 -1.9620692983166494 4.214901233580518 0.617040217785844 -0.6872028657446766 0.7657325092434721
29909 11017321 -1.9623503920429801 4.214362447336407 0.6170333030852995 -0.6872028657446766 0.7657325092434721
29910 11017321 -1.9626314857693106 4.213823661092296 0.617026388384755 -0.6872028657446766 0.7657325092434721
29911 11017321 -1.9629125794956412 4.213284874848186 0.6170194736842105 -0.6872028657446766 0.7657325092434721
29912 11017321 -1.963193673221972 4.212746088604075 0.617012558983666 -0.6872028657446766 0.7657325092434721
29913 11017321 -1.9634747669483026 4.212207302359964 0.6170056442831215 -0.6872028657446766 0.7657325092434721
29914 11017321 -1.9637558606746333 4.211668516115854 0.6169987295825772 -0.6872028657446766 0.7657325092434721
29915 11017321 -1.964036954400964 4.211129729871742 0.6169918148820327 -0.6872028657446766 0.7657325092434721
29916 11017321 -1.9643180481272946 4.210590943627632 0.6169849001814882 -0.6872028657446766 0.7657325092434721
29917 11017321 -1.9645991418536253 4.210052157383521 0.6169779854809437 -0.6872028657446766 0.7657325092434721
29918 11017321 -1.964880235579956 4.20951337113941 0.6169710707803993 -0.6872028657446766 0.7657325092434721
29919 11017321 -1.9651613293062866 4.208974584895299 0.6169641560798548 -0.6872028657446766 0.7657325092434721
29920 11017321 -1.9654424230326173 4.208435798651188 0.6169572413793103 -0.6872028657446766 0.7657325092434721
29921 11017321 -1.9657235167589477 4.207897012407078 0.6169503266787659 -0.6872028657446766 0.7657325092434721
29922 11017321 -1.9660046104852784 4.207358226162967 0.6169434119782214 -0.6872028657446766 0.7657325092434721
29923 11017321 -1.966285704211609 4.206819439918856 0.616936497277677 -0.6872028657446766 0.7657325092434721
29924 11017321 -1.9665667979379398 4.206280653674745 0.6169295825771325 -0.6872028657446766 0.7657325092434721
29925 11017321 -1.9668478916642704 4.205741867430635 0.616922667876588 -0.6872028657446766 0.7657325092434721
29926 11017321 -1.967128985390601 4.205203081186523 0.6169157531760435 -0.6872028657446766 0.7657325092434721
29927 11017321 -1.9674100791169318 4.204664294942413 0.616908838475499 -0.6872028657446766 0.7657325092434721
29928 11017321 -1.9676911728432624 4.204125508698302 0.6169019237749547 -0.6872028657446766 0.7657325092434721
29929 11017321 -1.9679722665695931 4.203586722454191 0.6168950090744102 -0.6872028657446766 0.7657325092434721
29930 11017321 -1.9682533602959238 4.203047936210081 0.6168880943738657 -0.6872028657446766 0.7657325092434721
29931 11017321 -1.9685344540222545 4.2025091499659695 0.6168811796733212 -0.6872028657446766 0.7657325092434721
29932 11017321 -1.968815547748585 4.201970363721859 0.6168742649727768 -0.6872028657446766 0.7657325092434721
29933 11017321 -1.9690966414749156 4.201431577477748 0.6168673502722323 -0.6872028657446766 0.7657325092434721
29934 11017321 -1.9693777352012463 4.200892791233637 0.6168604355716878 -0.6872028657446766 0.7657325092434721
29935 11017321 -1.969658828927577 4.200354004989526 0.6168535208711433 -0.6872028657446766 0.7657325092434721
29936 11017321 -1.9699399226539076 4.199815218745416 0.6168466061705989 -0.6872028657446766 0.7657325092434721
29937 11017321 -1.9702210163802383 4.199276432501304 0.6168396914700545 -0.6872028657446766 0.7657325092434721
29938 11017321 -1.970502110106569 4.198737646257194 0.61683277676951 -0.6872028657446766 0.7657325092434721
29939 11017321 -1.9707832038328996 4.1981988600130835 0.6168258620689655 -0.6872028657446766 0.7657325092434721
29940 11017321 -1.9710642975592303 4.197660073768972 0.616818947368421 -0.6872028657446766 0.7657325092434721
29941 11017321 -1.971345391285561 4.197121287524862 0.6168120326678765 -0.6872028657446766 0.7657325092434721
29942 11017321 -1.9716264850118916 4.1965825012807505 0.6168051179673321 -0.6872028657446766 0.7657325092434721
