3652 10493955 1.0663343286245026 -4.719739926512145 0.8305800000000001 2.2216872527934295 2.834057677108069
3653 10493955 1.0828840973299703 -4.609581538322736 0.8305800000000001 2.2216872527934295 2.834057677108069
3654 10493955 1.0994338660354381 -4.499423150133326 0.8305800000000001 2.2216872527934295 2.834057677108069
3655 10493955 1.1159836347409058 -4.389264761943917 0.8305800000000001 2.2216872527934295 2.834057677108069
3656 10493955 1.1287665763525274 -4.333510790448813 0.8305800000000001 2.2216872527934295 2.834057677108069
3657 10493955 1.1529378429072958 -4.254782104540678 0.828675 2.2216872527934295 2.834057677108069
3658 10493955 1.1771091094620645 -4.176053418632543 0.82677 2.2216872527934295 2.834057677108069
3659 10493955 1.201280376016833 -4.09732473272441 0.8248650000000001 2.2216872527934295 2.834057677108069
3660 10493955 1.2254516425716013 -4.018596046816275 0.82296 2.2216872527934295 2.834057677108069
3661 10493955 1.2700791247612842 -3.9172831879794114 0.82296 2.2216872527934295 2.834057677108069
3662 10493955 1.3466163026868487 -3.7519754666175866 0.82296 2.2216872527934295 2.834057677108069
3663 10493955 1.402641079741542 -3.659289832937652 0.82296 2.2216872527934295 2.834057677108069
3664 10493955 1.4477620654354781 -3.578230529781689 0.82296 2.2216872527934295 2.834057677108069
3665 10493955 1.5020443466227758 -3.5044843262532943 0.82296 2.2216872527934295 2.834057677108069
3666 10493955 1.5819937655691119 -3.391572901129598 0.8153400000000001 2.2216872527934295 2.834057677108069
3667 10493955 1.616196357897584 -3.350755254978869 0.8153400000000001 2.2216872527934295 2.834057677108069
3668 10493955 1.7137974708953783 -3.236830563938515 0.8153400000000001 2.2216872527934295 2.834057677108069
3669 10493955 1.7500729907470283 -3.2005443037820456 0.8115300000000001 2.2216872527934295 2.834057677108069
3670 10493955 1.7863485105986783 -3.164258043625576 0.80772 2.2216872527934295 2.834057677108069
3671 10493955 1.8843136689791933 -3.073697719060271 0.80772 2.2216872527934295 2.834057677108069
3672 10493955 1.9554354350828076 -3.010937678254682 0.8001 2.2216872527934295 2.834057677108069
3673 10493955 2.0560049531320166 -2.9368796817992653 0.8001 2.2216872527934295 2.834057677108069
3674 10493955 2.139865440402258 -2.8786273059545855 0.7924800000000001 2.2216872527934295 2.834057677108069
3675 10493955 2.2481933272913315 -2.812356891339357 0.7924800000000001 2.2216872527934295 2.834057677108069
3676 10493955 2.3355694430913654 -2.760740977924547 0.78486 2.2216872527934295 2.834057677108069
3677 10493955 2.464997164113246 -2.696215416026752 0.78486 2.2216872527934295 2.834057677108069
3678 10493955 2.493412240562005 -2.683995468359467 0.78486 2.2216872527934295 2.834057677108069
3679 10493955 2.521827317010765 -2.6717755206921825 0.78486 2.2216872527934295 2.834057677108069
3680 10493955 2.6773889953657264 -2.610169499013963 0.78486 2.2216872527934295 2.834057677108069
3681 10493955 2.844985428308517 -2.5606652386678124 0.78486 2.2216872527934295 2.834057677108069
3682 10493955 2.929005702274951 -2.537269392256182 0.78486 2.2216872527934295 2.834057677108069
3683 10493955 3.0186427673790837 -2.519793979975079 0.78486 2.2216872527934295 2.834057677108069
3684 10493955 3.1254605688257113 -2.4997467675600733 0.78486 2.2216872527934295 2.834057677108069
3685 10493955 3.2527142014709938 -2.4815766754265316 0.77724 2.2216872527934295 2.834057677108069
3686 10493955 3.30163058095254 -2.475926428495063 0.77724 2.2216872527934295 2.834057677108069
3687 10493955 3.3505469604340865 -2.4702761815635936 0.77724 2.2216872527934295 2.834057677108069
3688 10493955 3.4406590837335083 -2.4635811235625638 0.77724 2.2216872527934295 2.834057677108069
3689 10493955 3.588538792413268 -2.455405720211813 0.76962 2.2216872527934295 2.834057677108069
3690 10493955 3.6663539284061706 -2.4534572384208917 0.76962 2.2216872527934295 2.834057677108069
3691 10493955 3.761096260744627 -2.451890105249256 0.762 2.2216872527934295 2.834057677108069
3692 10493955 3.927240702648402 -2.4514184618998462 0.762 2.2216872527934295 2.834057677108069
3693 10493955 3.972507015485874 -2.4504141503981987 0.762 2.2216872527934295 2.834057677108069
3694 10493955 4.14047461930003 -2.445977175675862 0.75438 1.9380638631846554 3.6306216179351116
3695 10493955 4.225043830857247 -2.4399184668902376 0.75438 1.9380638631846554 3.6306216179351116
3696 10493955 4.266508618197632 -2.435453255571659 0.75057 1.9380638631846554 3.6306216179351116
3697 10493955 4.307973405538016 -2.43098804425308 0.74676 1.9380638631846554 3.6306216179351116
3698 10493955 4.409504830394952 -2.4186618459871823 0.74676 1.9380638631846554 3.6306216179351116
3699 10493955 4.551726421509754 -2.39811116803595 0.73914 1.9380638631846554 3.6306216179351116
3700 10493955 4.64098792887879 -2.3738384189843402 0.73914 1.9380638631846554 3.6306216179351116
3701 10493955 4.758984161706206 -2.3338791272566426 0.7315200000000001 1.9380638631846554 3.6306216179351116
3702 10493955 4.8769803945336205 -2.293919835528945 0.7239000000000001 1.9380638631846554 3.6306216179351116
3703 10493955 4.9569414605215965 -2.25458103881749 0.7239000000000001 1.9380638631846554 3.6306216179351116
3704 10493955 5.009193650896573 -2.2245065103036055 0.7188200000000001 1.9380638631846554 3.6306216179351116
3705 10493955 5.061445841271549 -2.1944319817897204 0.71374 1.9380638631846554 3.6306216179351116
3706 10493955 5.113698031646526 -2.164357453275836 0.7086600000000001 1.9380638631846554 3.6306216179351116
3707 10493955 5.206297310352493 -2.103674354984445 0.7086600000000001 1.9380638631846554 3.6306216179351116
3708 10493955 5.251342006094411 -2.064922439775999 0.7048500000000001 1.9380638631846554 3.6306216179351116
3709 10493955 5.29638670183633 -2.026170524567552 0.7010400000000001 1.9380638631846554 3.6306216179351116
3710 10493955 5.327891630759137 -2.0003494760822043 0.7010400000000001 1.9380638631846554 3.6306216179351116
3711 10493955 5.384847271514504 -1.942762293800986 0.7010400000000001 1.9380638631846554 3.6306216179351116
3712 10493955 5.409122043974335 -1.8701138937740918 0.694436 1.9380638631846554 3.6306216179351116
3713 10493955 5.433396816434167 -1.7974654937471974 0.6878320000000001 1.9380638631846554 3.6306216179351116
3714 10493955 5.457671588893998 -1.7248170937203031 0.6812280000000001 1.9380638631846554 3.6306216179351116
3715 10493955 5.481946361353829 -1.6521686936934086 0.6746240000000001 1.9380638631846554 3.6306216179351116
3716 10493955 5.506221133813661 -1.5795202936665143 0.6680200000000001 1.9380638631846554 3.6306216179351116
3717 10493955 5.530495906273492 -1.50687189363962 0.6614160000000001 1.9380638631846554 3.6306216179351116
3718 10493955 5.554770678733323 -1.4342234936127256 0.6548120000000001 1.9380638631846554 3.6306216179351116
3719 10493955 5.579045451193155 -1.3615750935858313 0.6482080000000001 1.9380638631846554 3.6306216179351116
3720 10493955 5.603320223652986 -1.288926693558937 0.6416040000000001 1.9380638631846554 3.6306216179351116
3721 10493955 5.627594996112817 -1.2162782935320426 0.6350000000000001 1.9380638631846554 3.6306216179351116
3722 10493955 5.651869768572649 -1.1436298935051483 0.6283960000000001 1.9380638631846554 3.6306216179351116
3723 10493955 5.67614454103248 -1.070981493478254 0.6217920000000001 1.9380638631846554 3.6306216179351116
3724 10493955 5.700419313492311 -0.9983330934513596 0.6151880000000001 1.9380638631846554 3.6306216179351116
3725 10493955 5.724694085952143 -0.9256846934244651 0.608584 1.9380638631846554 3.6306216179351116
3726 10493955 5.748968858411974 -0.8530362933975709 0.6019800000000001 1.9380638631846554 3.6306216179351116
3727 10493955 5.745537273464562 -0.8145411420378165 0.6019800000000001 1.9380638631846554 3.6306216179351116
3728 10493955 5.739364138048444 -0.7830947120784794 0.5981700000000001 1.9380638631846554 3.6306216179351116
3729 10493955 5.733191002632327 -0.7516482821191423 0.59436 1.9380638631846554 3.6306216179351116
3730 10493955 5.701902101708439 -0.6488241037476312 0.58674 1.9380638631846554 3.6306216179351116
3731 10493955 5.681048330647519 -0.5929686480549633 0.58674 1.9380638631846554 3.6306216179351116
3732 10493955 5.659952125522481 -0.5460277420471685 0.58674 1.9380638631846554 3.6306216179351116
3733 10493955 5.616495542886231 -0.4685528566122835 0.57912 1.9380638631846554 3.6306216179351116
3734 10493955 5.585195518457195 -0.4254096385586015 0.57912 1.9380638631846554 3.6306216179351116
3735 10493955 5.5618719558881065 -0.39619664547825023 0.57912 1.9380638631846554 3.6306216179351116
3736 10493955 5.538548393319018 -0.366983652397899 0.57912 1.9380638631846554 3.6306216179351116
3737 10493955 5.494512615115494 -0.32097210771272766 0.5715 1.9380638631846554 3.6306216179351116
3738 10493955 5.445799108814366 -0.27705580889891135 0.5715 1.9380638631846554 3.6306216179351116
3739 10493955 5.396350113324181 -0.24084186584006764 0.5715 1.9380638631846554 3.6306216179351116
3740 10493955 5.347049894084936 -0.2068952394229814 0.5715 1.9380638631846554 3.6306216179351116
3741 10493955 5.325592553169076 -0.1910212606649541 0.5715 1.9380638631846554 3.6306216179351116
3742 10493955 5.255050883977795 -0.14979685488981023 0.5715 1.9380638631846554 3.6306216179351116
3743 10493955 5.1769979652559215 -0.11581692860943474 0.5715 1.9380638631846554 3.6306216179351116
3744 10493955 5.1532979320408145 -0.10545995433074198 0.5715 1.9380638631846554 3.6306216179351116
3745 10493955 5.129597898825708 -0.09510298005204923 0.5715 1.9380638631846554 3.6306216179351116
3746 10493955 5.0842835172678615 -0.07752177058845491 0.5715 1.9380638631846554 3.6306216179351116
3747 10493955 5.036516991222705 -0.05657077061517182 0.5715 1.9380638631846554 3.6306216179351116
3748 10493955 4.9434306955557545 -0.03438832302919162 0.5715 1.9380638631846554 3.6306216179351116
3749 10493955 4.8929322995828315 -0.023174673851363986 0.5715 1.9380638631846554 3.6306216179351116
3750 10493955 4.830785028913391 -0.013651190072277247 0.5715 1.9380638631846554 3.6306216179351116
3751 10493955 4.783528671901951 -0.009100927463046388 0.5715 1.9380638631846554 3.6306216179351116
3752 10493955 4.731400475718611 -0.002610861206885279 0.56388 1.9380638631846554 3.6306216179351116
3753 10493955 4.677733965582334 -0.001108626264255147 0.56388 1.9380638631846554 3.6306216179351116
3754 10493955 4.634593651001036 0.004085749581576786 0.56388 1.9380638631846554 3.6306216179351116
3755 10493955 4.603231905686705 0.0053799286466851 0.56388 1.9380638631846554 3.6306216179351116
3756 10493955 4.5718701603723755 0.0066741077117934144 0.56388 1.9380638631846554 3.6306216179351116
3757 10493955 4.506634555301058 0.006461379526031624 0.56388 1.9380638631846554 3.6306216179351116
3758 10493955 4.459400983868634 0.01135670813981357 0.55626 1.9380638631846554 3.6306216179351116
3759 10493955 4.40088500152001 0.01432606963359348 0.55626 1.9380638631846554 3.6306216179351116
3760 10493955 4.352032600123249 0.01426013231814069 0.55626 1.9380638631846554 3.6306216179351116
3761 10493955 4.303145665635945 0.014088957614641434 0.55626 1.9380638631846554 3.6306216179351116
3762 10493955 4.254293081584958 0.014023693070992133 0.54864 1.9380638631846554 3.6306216179351116
3763 10493955 4.200350243972759 0.01468495595024008 0.54864 1.9380638631846554 3.6306216179351116
3764 10493955 4.146923967919789 0.01693022353047044 0.54864 1.9380638631846554 3.6306216179351116
3765 10493955 4.1211044387525675 0.016710191529584667 0.5448299999999999 1.9380638631846554 3.6306216179351116
3766 10493955 4.095284909585345 0.016490159528698894 0.54102 1.9380638631846554 3.6306216179351116
3767 10493955 4.022010531313257 0.015049544703849532 0.54102 1.9380638631846554 3.6306216179351116
3768 10493955 3.978970994503057 0.01647687729539879 0.5334 1.9380638631846554 3.6306216179351116
3769 10493955 3.908275818957023 0.014779832637131313 0.5334 1.9380638631846554 3.6306216179351116
3770 10493955 3.8843365113297477 0.014881530698175743 0.52578 1.9380638631846554 3.6306216179351116
3771 10493955 3.804169842108424 0.01136983729917837 0.52578 1.9380638631846554 3.6306216179351116
3772 10493955 3.760027586387915 0.009420211976474663 0.5181600000000001 1.9380638631846554 3.6306216179351116
3773 10493955 3.716677587639812 0.009898994574219805 0.5181600000000001 1.9380638631846554 3.6306216179351116
3774 10493955 3.6814846262668617 0.009526845278419654 0.5143500000000001 1.9380638631846554 3.6306216179351116
3775 10493955 3.646291664893911 0.009154695982619504 0.51054 1.9380638631846554 3.6306216179351116
3776 10493955 3.602252453591621 0.007522762770562935 0.51054 1.9380638631846554 3.6306216179351116
3777 10493955 3.574172904211797 0.005822561644852481 0.50292 1.9380638631846554 3.6306216179351116
3778 10493955 3.493571615053316 0.006427500856475893 0.4953 1.9380638631846554 3.6306216179351116
3779 10493955 3.472005654907708 0.007274495526329944 0.4953 1.9380638631846554 3.6306216179351116
3780 10493955 3.423231734289816 0.0071887625671894495 0.4953 1.9380638631846554 3.6306216179351116
3781 10493955 3.3603547927947597 0.006332674246008224 0.48768 1.9380638631846554 3.6306216179351116
3782 10493955 3.282113473755982 0.004650989762169905 0.48006 1.9380638631846554 3.6306216179351116
3783 10493955 3.232961093595523 0.005040411990608534 0.48006 1.9380638631846554 3.6306216179351116
3784 10493955 3.2085337834563847 0.005011462304717468 0.47624999999999995 1.9380638631846554 3.6306216179351116
3785 10493955 3.1841064733172466 0.004982512618826401 0.47243999999999997 1.9380638631846554 3.6306216179351116
3786 10493955 3.124037453127362 0.0032118240553543342 0.47243999999999997 1.9380638631846554 3.6306216179351116
3787 10493955 3.071421532861767 0.002513283071049782 0.46482000000000007 1.9380638631846554 3.6306216179351116
3788 10493955 3.02629323759239 0.002992292545247549 0.46482000000000007 1.9380638631846554 3.6306216179351116
3789 10493955 2.9562735923912955 0.0044709656611501 0.46482000000000007 1.9380638631846554 3.6306216179351116
3790 10493955 2.907739430526827 0.0043101932419795375 0.45720000000000005 1.9380638631846554 3.6306216179351116
3791 10493955 2.862049668456567 0.005791163613170031 0.45720000000000005 1.9380638631846554 3.6306216179351116
3792 10493955 2.7946200742284324 0.005958537727229457 0.44958000000000004 1.9380638631846554 3.6306216179351116
3793 10493955 2.7452255752260744 0.005612370169930353 0.44958000000000004 1.9380638631846554 3.6306216179351116
3794 10493955 2.69998101965821 0.004378973620002197 0.44958000000000004 1.9380638631846554 3.6306216179351116
3795 10493955 2.6760763570076804 0.006634243374845666 0.44577 1.9380638631846554 3.6306216179351116
3796 10493955 2.652171694357151 0.008889513129689136 0.44196 1.9380638631846554 3.6306216179351116
3797 10493955 2.5985085141788833 0.0036297069156262796 0.44196 1.9380638631846554 3.6306216179351116
3798 10493955 2.5402647283132045 0.0074589569965447244 0.43434000000000006 1.9380638631846554 3.6306216179351116
3799 10493955 2.4793227597768643 0.00574457581961077 0.43434000000000006 1.9380638631846554 3.6306216179351116
3800 10493955 2.430661159834446 0.004927473356381801 0.42672000000000004 1.9380638631846554 3.6306216179351116
3801 10493955 2.360559811419355 0.006438227019496506 0.42672000000000004 1.9380638631846554 3.6306216179351116
3802 10493955 2.3027389023189095 0.008846208879104894 0.41910000000000003 1.9380638631846554 3.6306216179351116
3803 10493955 2.2532180213145274 0.009478989645497565 0.41910000000000003 1.9380638631846554 3.6306216179351116
3804 10493955 2.2027414964521137 0.0044663142175620785 0.41148 1.9380638631846554 3.6306216179351116
3805 10493955 2.1462838472046695 0.005612573305007668 0.41148 1.9380638631846554 3.6306216179351116
3806 10493955 2.0889987639232546 0.004225751602523337 0.40386 1.9380638631846554 3.6306216179351116
3807 10493955 2.0299612106866896 0.005631229500118989 0.40386 1.9380638631846554 3.6306216179351116
3808 10493955 1.9801640320204605 0.005421407343575213 0.40386 1.9380638631846554 3.6306216179351116
3809 10493955 1.9410183073363596 0.004654052995758204 0.40005 1.9380638631846554 3.6306216179351116
3810 10493955 1.9018725826522584 0.0038866986479411947 0.39624000000000004 1.9380638631846554 3.6306216179351116
3811 10493955 1.8446796481921774 0.0038734260214839944 0.39624000000000004 1.9380638631846554 3.6306216179351116
3812 10493955 1.774047198620631 0.0024087501506896702 0.38862 1.9380638631846554 3.6306216179351116
3813 10493955 1.7309353570868473 0.003638600920267021 0.38862 1.9380638631846554 3.6306216179351116
3814 10493955 1.6756428745734322 0.00020213291829079827 0.381 1.9380638631846554 3.6306216179351116
3815 10493955 1.6077870600685196 0.0018040476589853693 0.381 1.9380638631846554 3.6306216179351116
3816 10493955 1.5803490946196521 0.002763558147001202 0.37719 1.9380638631846554 3.6306216179351116
3817 10493955 1.5529111291707847 0.003723068635017035 0.37338 1.9380638631846554 3.6306216179351116
3818 10493955 1.4641132558258922 -0.0003335661248891203 0.36576 1.9380638631846554 3.6306216179351116
3819 10493955 1.436253600404743 0.004093626142661053 0.36576 1.9380638631846554 3.6306216179351116
3820 10493955 1.3751364358652185 0.0018609139158310972 0.35814000000000007 1.9380638631846554 3.6306216179351116
3821 10493955 1.3291558476970906 0.0011094890294924553 0.35814000000000007 1.9380638631846554 3.6306216179351116
3822 10493955 1.2589827731436782 0.0024200069239107003 0.35814000000000007 1.9380638631846554 3.6306216179351116
3823 10493955 1.1778121925478768 0.00241718189519001 0.35814000000000007 1.9380638631846554 3.6306216179351116
3824 10493955 1.1613005758634851 0.00243727822582325 0.35814000000000007 1.9380638631846554 3.6306216179351116
3825 10493955 1.1101600735284842 0.0022047188314933894 0.35814000000000007 1.9380638631846554 3.6306216179351116
3826 10493955 1.0590195711934833 0.0019721594371635287 0.35814000000000007 1.9380638631846554 3.6306216179351116
3827 10493955 1.0587772658177068 0.001971474853001129 0.35815330771917575 1.9380638631846554 3.6306216179351116
3828 10493955 1.0585349604419303 0.001970790268838729 0.35816661543835143 1.9380638631846554 3.6306216179351116
3829 10493955 1.0582926550661538 0.0019701056846763297 0.3581799231575271 1.9380638631846554 3.6306216179351116
3830 10493955 1.0580503496903775 0.00196942110051393 0.35819323087670285 1.9380638631846554 3.6306216179351116
3831 10493955 1.057808044314601 0.00196873651635153 0.35820653859587853 1.9380638631846554 3.6306216179351116
3832 10493955 1.0575657389388244 0.0019680519321891303 0.3582198463150542 1.9380638631846554 3.6306216179351116
3833 10493955 1.057323433563048 0.0019673673480267305 0.3582331540342299 1.9380638631846554 3.6306216179351116
3834 10493955 1.0570811281872714 0.0019666827638643307 0.3582464617534056 1.9380638631846554 3.6306216179351116
3835 10493955 1.0568388228114949 0.0019659981797019313 0.35825976947258126 1.9380638631846554 3.6306216179351116
3836 10493955 1.0565965174357184 0.0019653135955395315 0.358273077191757 1.9380638631846554 3.6306216179351116
3837 10493955 1.0563542120599418 0.0019646290113771317 0.3582863849109327 1.9380638631846554 3.6306216179351116
3838 10493955 1.0561119066841655 0.001963944427214732 0.35829969263010836 1.9380638631846554 3.6306216179351116
3839 10493955 1.055869601308389 0.001963259843052332 0.35831300034928404 1.9380638631846554 3.6306216179351116
3840 10493955 1.0556272959326125 0.0019625752588899323 0.3583263080684597 1.9380638631846554 3.6306216179351116
3841 10493955 1.055384990556836 0.001961890674727533 0.3583396157876354 1.9380638631846554 3.6306216179351116
3842 10493955 1.0551426851810595 0.001961206090565133 0.3583529235068111 1.9380638631846554 3.6306216179351116
3843 10493955 1.054900379805283 0.0019605215064027333 0.3583662312259868 1.9380638631846554 3.6306216179351116
3844 10493955 1.0546580744295064 0.0019598369222403335 0.3583795389451625 1.9380638631846554 3.6306216179351116
3845 10493955 1.05441576905373 0.0019591523380779337 0.3583928466643382 1.9380638631846554 3.6306216179351116
3846 10493955 1.0541734636779536 0.001958467753915534 0.35840615438351386 1.9380638631846554 3.6306216179351116
3847 10493955 1.053931158302177 0.0019577831697531346 0.35841946210268955 1.9380638631846554 3.6306216179351116
3848 10493955 1.0536888529264006 0.0019570985855907348 0.3584327698218652 1.9380638631846554 3.6306216179351116
3849 10493955 1.053446547550624 0.001956414001428335 0.3584460775410409 1.9380638631846554 3.6306216179351116
3850 10493955 1.0532042421748475 0.001955729417265935 0.35845938526021665 1.9380638631846554 3.6306216179351116
3851 10493955 1.052961936799071 0.0019550448331035353 0.3584726929793923 1.9380638631846554 3.6306216179351116
3852 10493955 1.0527196314232945 0.0019543602489411355 0.358486000698568 1.9380638631846554 3.6306216179351116
3853 10493955 1.052477326047518 0.001953675664778736 0.3584993084177437 1.9380638631846554 3.6306216179351116
3854 10493955 1.0522350206717417 0.0019529910806163361 0.35851261613691937 1.9380638631846554 3.6306216179351116
3855 10493955 1.0519927152959652 0.0019523064964539366 0.35852592385609505 1.9380638631846554 3.6306216179351116
3856 10493955 1.0517504099201886 0.0019516219122915368 0.3585392315752708 1.9380638631846554 3.6306216179351116
3857 10493955 1.0515081045444121 0.001950937328129137 0.35855253929444647 1.9380638631846554 3.6306216179351116
3858 10493955 1.0512657991686356 0.0019502527439667374 0.35856584701362215 1.9380638631846554 3.6306216179351116
3859 10493955 1.051023493792859 0.0019495681598043376 0.35857915473279783 1.9380638631846554 3.6306216179351116
3860 10493955 1.0507811884170826 0.0019488835756419378 0.3585924624519735 1.9380638631846554 3.6306216179351116
3861 10493955 1.0505388830413063 0.0019481989914795382 0.3586057701711492 1.9380638631846554 3.6306216179351116
3862 10493955 1.0502965776655298 0.0019475144073171384 0.3586190778903249 1.9380638631846554 3.6306216179351116
3863 10493955 1.0500542722897532 0.0019468298231547386 0.3586323856095006 1.9380638631846554 3.6306216179351116
3864 10493955 1.0498119669139767 0.001946145238992339 0.3586456933286763 1.9380638631846554 3.6306216179351116
3865 10493955 1.0495696615382002 0.0019454606548299392 0.358659001047852 1.9380638631846554 3.6306216179351116
3866 10493955 1.0493273561624237 0.0019447760706675394 0.35867230876702766 1.9380638631846554 3.6306216179351116
3867 10493955 1.0490850507866472 0.0019440914865051398 0.35868561648620334 1.9380638631846554 3.6306216179351116
3868 10493955 1.0488427454108706 0.00194340690234274 0.358698924205379 1.9380638631846554 3.6306216179351116
3869 10493955 1.0486004400350943 0.0019427223181803402 0.35871223192455476 1.9380638631846554 3.6306216179351116
3870 10493955 1.0483581346593178 0.0019420377340179406 0.35872553964373044 1.9380638631846554 3.6306216179351116
3871 10493955 1.0481158292835413 0.0019413531498555408 0.3587388473629061 1.9380638631846554 3.6306216179351116
3872 10493955 1.0478735239077648 0.001940668565693141 0.3587521550820818 1.9380638631846554 3.6306216179351116
3873 10493955 1.0476312185319883 0.0019399839815307414 0.3587654628012575 1.9380638631846554 3.6306216179351116
3874 10493955 1.0473889131562117 0.0019392993973683416 0.35877877052043317 1.9380638631846554 3.6306216179351116
3875 10493955 1.0471466077804352 0.0019386148132059418 0.35879207823960885 1.9380638631846554 3.6306216179351116
3876 10493955 1.0469043024046587 0.0019379302290435422 0.3588053859587846 1.9380638631846554 3.6306216179351116
3877 10493955 1.0466619970288824 0.0019372456448811424 0.35881869367796027 1.9380638631846554 3.6306216179351116
3878 10493955 1.0464196916531059 0.0019365610607187426 0.35883200139713595 1.9380638631846554 3.6306216179351116
3879 10493955 1.0461773862773294 0.001935876476556343 0.35884530911631163 1.9380638631846554 3.6306216179351116
3880 10493955 1.0459350809015528 0.0019351918923939432 0.3588586168354873 1.9380638631846554 3.6306216179351116
3881 10493955 1.0456927755257763 0.0019345073082315434 0.358871924554663 1.9380638631846554 3.6306216179351116
3882 10493955 1.0454504701499998 0.0019338227240691438 0.3588852322738387 1.9380638631846554 3.6306216179351116
3883 10493955 1.0452081647742233 0.001933138139906744 0.3588985399930144 1.9380638631846554 3.6306216179351116
3884 10493955 1.044965859398447 0.0019324535557443442 0.3589118477121901 1.9380638631846554 3.6306216179351116
3885 10493955 1.0447235540226705 0.0019317689715819446 0.35892515543136577 1.9380638631846554 3.6306216179351116
3886 10493955 1.044481248646894 0.0019310843874195448 0.35893846315054145 1.9380638631846554 3.6306216179351116
