0 10866934 0.935403041046506 0.15638119833811953 0.36576 1.5314650184869447 1.3744057314893527
1 10866934 0.9321933627517976 0.15742987361403943 0.36576 1.5314650184869447 1.3744057314893527
2 10866934 0.9354110964343585 0.15912399006239364 0.36576 1.5314650184869447 1.3744057314893527
3 10866934 0.9386288301169193 0.16081810651074782 0.36576 1.5314650184869447 1.3744057314893527
4 10866934 0.9338143158885234 0.1623911177675373 0.36576 1.5314650184869447 1.3744057314893527
5 10866934 0.9370239919202583 0.1613424432301072 0.36576 1.5314650184869447 1.3744057314893527
6 10866934 0.9371815639625264 0.16146230645073603 0.34137599999999996 1.5314650184869447 1.3744057314893527
7 10866934 0.9373391360047946 0.16158216967136485 0.316992 1.5314650184869447 1.3744057314893527
8 10866934 0.9374967080470626 0.16170203289199367 0.292608 1.5314650184869447 1.3744057314893527
9 10866934 0.9376542800893308 0.1618218961126225 0.26822399999999996 1.5314650184869447 1.3744057314893527
10 10866934 0.9378118521315989 0.1619417593332513 0.24383999999999997 1.5314650184869447 1.3744057314893527
11 10866934 0.9379694241738671 0.16206162255388012 0.21945599999999998 1.5314650184869447 1.3744057314893527
12 10866934 0.9381269962161352 0.16218148577450894 0.19507199999999997 1.5314650184869447 1.3744057314893527
13 10866934 0.9382845682584033 0.16230134899513773 0.17068799999999998 1.5314650184869447 1.3744057314893527
14 10866934 0.9384421403006714 0.16242121221576655 0.146304 1.5314650184869447 1.3744057314893527
15 10866934 0.9385997123429396 0.16254107543639537 0.12191999999999997 1.5314650184869447 1.3744057314893527
16 10866934 0.9387572843852077 0.1626609386570242 0.09753599999999996 1.5314650184869447 1.3744057314893527
17 10866934 0.9389148564274759 0.162780801877653 0.073152 1.5314650184869447 1.3744057314893527
18 10866934 0.9390724284697439 0.16290066509828183 0.04876799999999998 1.5314650184869447 1.3744057314893527
19 10866934 0.9392300005120121 0.16302052831891065 0.02438399999999996 1.5314650184869447 1.3744057314893527
20 10866934 0.9393875725542802 0.16314039153953946 0.0 1.5314650184869447 1.3744057314893527
21 10866934 0.942734287885922 0.16086991956993799 0.00762 1.5314650184869447 1.3744057314893527
22 10866934 0.9460810032175637 0.15859944760033648 0.01524 1.5314650184869447 1.3744057314893527
23 10866934 0.9494277185492055 0.156328975630735 0.02286 1.5314650184869447 1.3744057314893527
24 10866934 0.9527744338808473 0.15405850366113352 0.03048 1.5314650184869447 1.3744057314893527
25 10866934 0.956121149212489 0.15178803169153202 0.0381 1.5314650184869447 1.3744057314893527
26 10866934 0.9594678645441308 0.14951755972193054 0.04572 1.5314650184869447 1.3744057314893527
27 10866934 0.9628145798757725 0.14724708775232906 0.05334 1.5314650184869447 1.3744057314893527
28 10866934 0.9661612952074142 0.14497661578272755 0.06096 1.5314650184869447 1.3744057314893527
29 10866934 0.969508010539056 0.14270614381312607 0.06858 1.5314650184869447 1.3744057314893527
30 10866934 0.9728547258706978 0.14043567184352457 0.0762 1.5314650184869447 1.3744057314893527
31 10866934 0.9762014412023395 0.1381651998739231 0.08382 1.5314650184869447 1.3744057314893527
32 10866934 0.9795481565339813 0.1358947279043216 0.09144 1.5314650184869447 1.3744057314893527
33 10866934 0.9828948718656231 0.1336242559347201 0.09906 1.5314650184869447 1.3744057314893527
34 10866934 0.9862415871972648 0.13135378396511863 0.10668 1.5314650184869447 1.3744057314893527
35 10866934 0.9895883025289066 0.12908331199551715 0.1143 1.5314650184869447 1.3744057314893527
36 10866934 0.9929350178605484 0.12681284002591564 0.12192 1.5314650184869447 1.3744057314893527
37 10866934 0.9962817331921902 0.12454236805631416 0.12954 1.5314650184869447 1.3744057314893527
38 10866934 0.9996284485238319 0.12227189608671268 0.13716 1.5314650184869447 1.3744057314893527
39 10866934 1.0029751638554736 0.12000142411711119 0.14478 1.5314650184869447 1.3744057314893527
40 10866934 1.0063218791871154 0.1177309521475097 0.1524 1.5314650184869447 1.3744057314893527
41 10866934 1.0096685945187571 0.11546048017790822 0.16002 1.5314650184869447 1.3744057314893527
42 10866934 1.013015309850399 0.11319000820830673 0.16764 1.5314650184869447 1.3744057314893527
43 10866934 1.0163620251820407 0.11091953623870524 0.17526 1.5314650184869447 1.3744057314893527
44 10866934 1.0197087405136824 0.10864906426910376 0.18288 1.5314650184869447 1.3744057314893527
45 10866934 1.0230554558453242 0.10637859229950226 0.1905 1.5314650184869447 1.3744057314893527
46 10866934 1.026402171176966 0.10410812032990077 0.19812 1.5314650184869447 1.3744057314893527
47 10866934 1.0297488865086077 0.1018376483602993 0.20574 1.5314650184869447 1.3744057314893527
48 10866934 1.0330956018402495 0.0995671763906978 0.21336 1.5314650184869447 1.3744057314893527
49 10866934 1.0364423171718913 0.09729670442109631 0.22098 1.5314650184869447 1.3744057314893527
50 10866934 1.039789032503533 0.09502623245149482 0.2286 1.5314650184869447 1.3744057314893527
51 10866934 1.0431357478351748 0.09275576048189334 0.23622 1.5314650184869447 1.3744057314893527
52 10866934 1.0464824631668166 0.09048528851229184 0.24384 1.5314650184869447 1.3744057314893527
53 10866934 1.0498291784984584 0.08821481654269035 0.25146 1.5314650184869447 1.3744057314893527
54 10866934 1.0531758938301001 0.08594434457308887 0.25908 1.5314650184869447 1.3744057314893527
55 10866934 1.056522609161742 0.08367387260348738 0.2667 1.5314650184869447 1.3744057314893527
56 10866934 1.0598693244933837 0.08140340063388589 0.27432 1.5314650184869447 1.3744057314893527
57 10866934 1.0632160398250254 0.07913292866428441 0.28194 1.5314650184869447 1.3744057314893527
58 10866934 1.0665627551566672 0.07686245669468292 0.28956 1.5314650184869447 1.3744057314893527
59 10866934 1.0699094704883088 0.07459198472508143 0.29718 1.5314650184869447 1.3744057314893527
60 10866934 1.0732561858199507 0.07232151275547993 0.3048 1.5314650184869447 1.3744057314893527
61 10866934 1.0766029011515923 0.07005104078587845 0.31242 1.5314650184869447 1.3744057314893527
62 10866934 1.0799496164832343 0.06778056881627696 0.32004 1.5314650184869447 1.3744057314893527
63 10866934 1.0832963318148758 0.06551009684667547 0.32766 1.5314650184869447 1.3744057314893527
64 10866934 1.0866430471465176 0.06323962487707399 0.33528 1.5314650184869447 1.3744057314893527
65 10866934 1.0899897624781594 0.0609691529074725 0.3429 1.5314650184869447 1.3744057314893527
66 10866934 1.0933364778098011 0.058698680937871006 0.35052 1.5314650184869447 1.3744057314893527
67 10866934 1.096683193141443 0.05642820896826953 0.35814 1.5314650184869447 1.3744057314893527
68 10866934 1.1000299084730847 0.054157736998668035 0.36576 1.5314650184869447 1.3744057314893527
69 10866934 1.1033766238047265 0.05188726502906654 0.37338 1.5314650184869447 1.3744057314893527
70 10866934 1.1067233391363682 0.049616793059465064 0.381 1.5314650184869447 1.3744057314893527
71 10866934 1.11007005446801 0.04734632108986357 0.38862 1.5314650184869447 1.3744057314893527
72 10866934 1.1134167697996518 0.04507584912026208 0.39624 1.5314650184869447 1.3744057314893527
73 10866934 1.1167634851312935 0.0428053771506606 0.40386 1.5314650184869447 1.3744057314893527
74 10866934 1.1342114343377996 0.04275190063967037 0.4064 1.5314650184869447 1.3744057314893527
75 10866934 1.1516593835443054 0.042698424128680135 0.40894 1.5314650184869447 1.3744057314893527
76 10866934 1.1691073327508115 0.0426449476176899 0.41148 1.5314650184869447 1.3744057314893527
77 10866934 1.1956035184254556 0.039479896409622184 0.41148 1.5314650184869447 1.3744057314893527
78 10866934 1.216413697290947 0.037938778898291614 0.41910000000000003 1.5314650184869447 1.3744057314893527
79 10866934 1.2298826460116707 0.0329546704707292 0.41910000000000003 1.5314650184869447 1.3744057314893527
80 10866934 1.2700174128032895 0.03619922354900176 0.41910000000000003 1.5314650184869447 1.3744057314893527
81 10866934 1.2796466149548518 0.03305366422606357 0.41910000000000003 1.5314650184869447 1.3744057314893527
82 10866934 1.313346003136039 0.032909916732074565 0.42672000000000004 1.5314650184869447 1.3744057314893527
83 10866934 1.351195446986937 0.031877963548853694 0.42672000000000004 1.5314650184869447 1.3744057314893527
84 10866934 1.3911920622439622 0.03470095894927937 0.43434000000000006 1.5314650184869447 1.3744057314893527
85 10866934 1.419239788440315 0.03628697228267161 0.43434000000000006 1.5314650184869447 1.3744057314893527
86 10866934 1.4492013968979611 0.03666380538550133 0.44196 1.5314650184869447 1.3744057314893527
87 10866934 1.4963018288331529 0.03296126026199708 0.44958000000000004 1.5314650184869447 1.3744057314893527
88 10866934 1.5102049499083743 0.03338501021792403 0.44958000000000004 1.5314650184869447 1.3744057314893527
89 10866934 1.5241080709835957 0.03380876017385098 0.44958000000000004 1.5314650184869447 1.3744057314893527
90 10866934 1.577745729618199 0.03217709258518622 0.45720000000000005 1.5314650184869447 1.3744057314893527
91 10866934 1.615958470584112 0.026822150158515856 0.45720000000000005 1.5314650184869447 1.3744057314893527
92 10866934 1.647635773127679 0.0218496409735755 0.46482000000000007 1.5314650184869447 1.3744057314893527
93 10866934 1.6819867529180608 0.019625526080002148 0.46482000000000007 1.5314650184869447 1.3744057314893527
94 10866934 1.7180429638457202 0.01310631291752018 0.47243999999999997 1.5314650184869447 1.3744057314893527
95 10866934 1.7473318965010165 0.0035404750183832268 0.47243999999999997 1.5314650184869447 1.3744057314893527
96 10866934 1.7929371551654096 -0.006097053718180423 0.48006 1.5314650184869447 1.3744057314893527
97 10866934 1.8294154355245849 -0.01567407157268949 0.48006 1.5314650184869447 1.3744057314893527
98 10866934 1.8616259706770792 -0.02852998613597224 0.48768 1.5314650184869447 1.3744057314893527
99 10866934 1.880587355228987 -0.03355417001802857 0.48768 1.5314650184869447 1.3744057314893527
100 10866934 1.8995487397808948 -0.038578353900084905 0.48768 1.5314650184869447 1.3744057314893527
101 10866934 1.9531579841887943 -0.06367903072331305 0.4953 1.5314650184869447 1.3744057314893527
102 10866934 1.9828840885367975 -0.0716342346473608 0.4953 1.5314650184869447 1.3744057314893527
103 10866934 2.0162850068618265 -0.08791541774055475 0.50292 1.5314650184869447 1.3744057314893527
104 10866934 2.0633010951806754 -0.11389938389588122 0.51054 1.5314650184869447 1.3744057314893527
105 10866934 2.0984433823356756 -0.13273467883279794 0.50292 1.5314650184869447 1.3744057314893527
106 10866934 2.1330800478259024 -0.1533905929244648 0.50292 1.5314650184869447 1.3744057314893527
107 10866934 2.1656067600912348 -0.1745255187538677 0.50292 1.5314650184869447 1.3744057314893527
108 10866934 2.180446730259308 -0.1875486023918628 0.50673 1.5314650184869447 1.3744057314893527
109 10866934 2.195286700427381 -0.2005716860298579 0.51054 1.5314650184869447 1.3744057314893527
110 10866934 2.2215308306370583 -0.22082301382501593 0.5181600000000001 1.5314650184869447 1.3744057314893527
111 10866934 2.2593585741980844 -0.2545524564869489 0.5181600000000001 1.5314650184869447 1.3744057314893527
112 10866934 2.27785632851022 -0.2767716575134725 0.52197 1.5314650184869447 1.3744057314893527
113 10866934 2.2963540828223548 -0.2989908585399961 0.52578 1.5314650184869447 1.3744057314893527
114 10866934 2.3169525067453387 -0.32674379645866747 0.52578 1.5314650184869447 1.3744057314893527
115 10866934 2.348025432404497 -0.36375747207664133 0.52578 1.5314650184869447 1.3744057314893527
116 10866934 2.364974999206999 -0.39615973278928973 0.52578 1.5314650184869447 1.3744057314893527
117 10866934 2.377179123578331 -0.41725818477341264 0.52959 1.5314650184869447 1.3744057314893527
118 10866934 2.389383247949663 -0.43835663675753556 0.5334 1.5314650184869447 1.3744057314893527
119 10866934 2.4068379262057515 -0.4705731190844694 0.54102 1.5314650184869447 1.3744057314893527
120 10866934 2.4255578658455863 -0.5152348495529713 0.54864 1.5314650184869447 1.3744057314893527
121 10866934 2.437624436642241 -0.546276110380785 0.54864 1.5314650184869447 1.3744057314893527
122 10866934 2.447704545287832 -0.5820424023370324 0.54864 1.5314650184869447 1.3744057314893527
123 10866934 2.463333463806837 -0.619853787419217 0.55626 1.5314650184869447 1.3744057314893527
124 10866934 2.470779527477714 -0.6413843740454284 0.55626 1.5314650184869447 1.3744057314893527
125 10866934 2.4782255911485906 -0.6629149606716398 0.55626 1.5314650184869447 1.3744057314893527
126 10866934 2.488974411433377 -0.6936425503356577 0.56388 1.5314650184869447 1.3744057314893527
127 10866934 2.506718740337866 -0.7426578043425821 0.5715 1.5314650184869447 1.3744057314893527
128 10866934 2.5135823248868694 -0.7705982669129059 0.5715 1.5314650184869447 1.3744057314893527
129 10866934 2.5301329986612977 -0.8028692401630863 0.5715 1.5314650184869447 1.3744057314893527
130 10866934 2.5483974857175706 -0.8462131130269807 0.57912 1.5314650184869447 1.3744057314893527
131 10866934 2.5612437235602683 -0.8803118252447617 0.59436 1.5314650184869447 1.3744057314893527
132 10866934 2.5672434701540343 -0.8959379544208559 0.59436 1.5314650184869447 1.3744057314893527
133 10866934 2.5732432167478 -0.91156408359695 0.59436 1.5314650184869447 1.3744057314893527
134 10866934 2.5901959838040565 -0.9439659426164572 0.59436 1.5314650184869447 1.3744057314893527
135 10866934 2.5987099364580613 -0.9750147911171317 0.6019800000000001 1.5314650184869447 1.3744057314893527
136 10866934 2.6142302696760824 -1.0063648136841148 0.6019800000000001 1.5314650184869447 1.3744057314893527
137 10866934 2.6384120583273614 -1.0519900550264778 0.6096 1.5314650184869447 1.3744057314893527
138 10866934 2.651527405182204 -1.0784662617416085 0.6096 1.5314650184869447 1.3744057314893527
139 10866934 2.6703897695295264 -1.1227052947407181 0.61722 1.5314650184869447 1.3744057314893527
140 10866934 2.6912733126724646 -1.1621135834186402 0.6248400000000001 1.5314650184869447 1.3744057314893527
141 10866934 2.697768429507943 -1.1748638873224022 0.6248400000000001 1.5314650184869447 1.3744057314893527
142 10866934 2.7234247147974244 -1.2323008038074479 0.63246 1.5314650184869447 1.3744057314893527
143 10866934 2.7324861290629645 -1.249977199640985 0.6362700000000001 1.5314650184869447 1.3744057314893527
144 10866934 2.7415475433285046 -1.2676535954745218 0.6400800000000001 1.5314650184869447 1.3744057314893527
145 10866934 2.7481689686888706 -1.2805618242197616 0.6400800000000001 1.5314650184869447 1.3744057314893527
146 10866934 2.78651651927012 -1.346462718580691 0.6400800000000001 1.5314650184869447 1.3744057314893527
147 10866934 2.802703795572437 -1.3784966478156633 0.6477 1.5314650184869447 1.3744057314893527
148 10866934 2.8181433513831293 -1.4155431000903993 0.6477 1.5314650184869447 1.3744057314893527
149 10866934 2.8394332336244936 -1.4493590350509205 0.6477 1.5314650184869447 1.3744057314893527
150 10866934 2.8545522200337885 -1.486300647621669 0.6400800000000001 1.5314650184869447 1.3744057314893527
151 10866934 2.8820918248013117 -1.5450516112190584 0.6400800000000001 1.2695355730248168 1.6194615297760397
152 10866934 2.8922771616372067 -1.5647297064844823 0.6400800000000001 1.2695355730248168 1.6194615297760397
153 10866934 2.902462498473102 -1.5844078017499064 0.6400800000000001 1.2695355730248168 1.6194615297760397
154 10866934 2.9277217376544913 -1.6417131869891117 0.6400800000000001 1.2695355730248168 1.6194615297760397
155 10866934 2.949044914905608 -1.6811462685284753 0.63246 1.2695355730248168 1.6194615297760397
156 10866934 2.9723954387285634 -1.7266142287336221 0.63246 1.2695355730248168 1.6194615297760397
157 10866934 2.9884128181847243 -1.7591756610658944 0.63246 1.2695355730248168 1.6194615297760397
158 10866934 3.004430197640885 -1.7917370933981667 0.63246 1.2695355730248168 1.6194615297760397
159 10866934 3.0202119528277422 -1.8263824863297518 0.63246 1.2695355730248168 1.6194615297760397
160 10866934 3.0359937080145993 -1.8610278792613368 0.63246 1.2695355730248168 1.6194615297760397
161 10866934 3.0678578192300634 -1.9266783762410358 0.63246 1.2695355730248168 1.6194615297760397
162 10866934 3.105603181187668 -1.9988033211867318 0.6248400000000001 1.2695355730248168 1.6194615297760397
163 10866934 3.1238665001207684 -2.0394560636681085 0.6248400000000001 1.2695355730248168 1.6194615297760397
164 10866934 3.137227831148947 -2.0651925710912926 0.6248400000000001 1.2695355730248168 1.6194615297760397
165 10866934 3.172315520550427 -2.1345804246117344 0.6248400000000001 1.2695355730248168 1.6194615297760397
166 10866934 3.192321368967111 -2.1794224444968266 0.6248400000000001 1.2695355730248168 1.6194615297760397
167 10866934 3.2303937758645374 -2.245111028985875 0.6248400000000001 1.2695355730248168 1.6194615297760397
168 10866934 3.244688325192619 -2.277517700062192 0.6248400000000001 1.2695355730248168 1.6194615297760397
169 10866934 3.258982874520701 -2.309924371138509 0.6248400000000001 1.2695355730248168 1.6194615297760397
170 10866934 3.2817891514665076 -2.352992801338839 0.6248400000000001 1.2695355730248168 1.6194615297760397
171 10866934 3.311674922215497 -2.419279937417219 0.6248400000000001 1.2695355730248168 1.6194615297760397
172 10866934 3.334839964052776 -2.4558068099645642 0.6248400000000001 1.2695355730248168 1.6194615297760397
173 10866934 3.3521541985966437 -2.498017319664179 0.63246 1.2695355730248168 1.6194615297760397
174 10866934 3.3766813231651067 -2.5439826374502283 0.63246 1.2695355730248168 1.6194615297760397
175 10866934 3.3982915533012337 -2.585958995414675 0.62865 1.2695355730248168 1.6194615297760397
176 10866934 3.4199017834373606 -2.627935353379122 0.6248400000000001 1.2695355730248168 1.6194615297760397
177 10866934 3.4430060142098684 -2.679626805228715 0.63246 1.2695355730248168 1.6194615297760397
178 10866934 3.467030025304437 -2.7257776504951936 0.6248400000000001 1.2695355730248168 1.6194615297760397
179 10866934 3.489149070988952 -2.776680064917182 0.6248400000000001 1.2695355730248168 1.6194615297760397
180 10866934 3.5177154560762567 -2.8236114673710557 0.63246 1.2695355730248168 1.6194615297760397
181 10866934 3.5361783666776443 -2.869115680507748 0.6248400000000001 1.2695355730248168 1.6194615297760397
182 10866934 3.5746265130856534 -2.935039253134499 0.63246 1.2695355730248168 1.6194615297760397
183 10866934 3.606204446539997 -3.0043281052286193 0.6248400000000001 1.2695355730248168 1.6194615297760397
184 10866934 3.626951270066809 -3.0496422108798877 0.63246 1.2695355730248168 1.6194615297760397
185 10866934 3.646399573607893 -3.0847790911391635 0.62865 1.2695355730248168 1.6194615297760397
186 10866934 3.665847877148977 -3.1199159713984392 0.6248400000000001 1.2695355730248168 1.6194615297760397
187 10866934 3.6887397628900285 -3.1679150238910636 0.6248400000000001 1.2695355730248168 1.6194615297760397
188 10866934 3.7240359378006938 -3.240517841295115 0.63246 1.2695355730248168 1.6194615297760397
189 10866934 3.747216371987758 -3.2854567353270547 0.6248400000000001 1.2695355730248168 1.6194615297760397
190 10866934 3.779648730235925 -3.3494155294337715 0.63246 1.2695355730248168 1.6194615297760397
191 10866934 3.794186212353723 -3.3756493907235474 0.6248400000000001 1.2695355730248168 1.6194615297760397
192 10866934 3.8113362401318884 -3.414299028994792 0.62865 1.2695355730248168 1.6194615297760397
193 10866934 3.828486267910054 -3.4529486672660368 0.63246 1.2695355730248168 1.6194615297760397
194 10866934 3.8558878555017104 -3.5051036858410316 0.6248400000000001 1.2695355730248168 1.6194615297760397
195 10866934 3.8815683721187852 -3.562537436879966 0.6248400000000001 1.2695355730248168 1.6194615297760397
196 10866934 3.8971617035727864 -3.5909840162220084 0.6248400000000001 1.2695355730248168 1.6194615297760397
197 10866934 3.92448087503206 -3.648163161339691 0.6248400000000001 1.2695355730248168 1.6194615297760397
198 10866934 3.9518000464913343 -3.7053423064573745 0.6248400000000001 1.2695355730248168 1.6194615297760397
199 10866934 3.9512341435085374 -3.7054433450384945 0.6248372818073722 1.2695355730248168 1.6194615297760397
200 10866934 3.95066824052574 -3.7055443836196145 0.6248345636147444 1.2695355730248168 1.6194615297760397
201 10866934 3.950102337542943 -3.705645422200735 0.6248318454221166 1.2695355730248168 1.6194615297760397
202 10866934 3.949536434560146 -3.705746460781855 0.6248291272294888 1.2695355730248168 1.6194615297760397
203 10866934 3.948970531577349 -3.705847499362975 0.6248264090368609 1.2695355730248168 1.6194615297760397
204 10866934 3.9484046285945515 -3.705948537944095 0.6248236908442332 1.2695355730248168 1.6194615297760397
205 10866934 3.9478387256117546 -3.7060495765252153 0.6248209726516053 1.2695355730248168 1.6194615297760397
206 10866934 3.9472728226289573 -3.7061506151063353 0.6248182544589774 1.2695355730248168 1.6194615297760397
207 10866934 3.9467069196461604 -3.7062516536874552 0.6248155362663497 1.2695355730248168 1.6194615297760397
208 10866934 3.9461410166633635 -3.706352692268575 0.6248128180737218 1.2695355730248168 1.6194615297760397
209 10866934 3.945575113680566 -3.7064537308496956 0.624810099881094 1.2695355730248168 1.6194615297760397
210 10866934 3.945009210697769 -3.7065547694308156 0.6248073816884662 1.2695355730248168 1.6194615297760397
211 10866934 3.944443307714972 -3.7066558080119356 0.6248046634958383 1.2695355730248168 1.6194615297760397
212 10866934 3.943877404732175 -3.7067568465930556 0.6248019453032105 1.2695355730248168 1.6194615297760397
213 10866934 3.9433115017493776 -3.706857885174176 0.6247992271105827 1.2695355730248168 1.6194615297760397
214 10866934 3.9427455987665807 -3.706958923755296 0.6247965089179549 1.2695355730248168 1.6194615297760397
215 10866934 3.9421796957837834 -3.707059962336416 0.624793790725327 1.2695355730248168 1.6194615297760397
216 10866934 3.9416137928009864 -3.707161000917536 0.6247910725326993 1.2695355730248168 1.6194615297760397
217 10866934 3.9410478898181895 -3.7072620394986564 0.6247883543400714 1.2695355730248168 1.6194615297760397
218 10866934 3.940481986835392 -3.7073630780797764 0.6247856361474435 1.2695355730248168 1.6194615297760397
219 10866934 3.9399160838525953 -3.7074641166608964 0.6247829179548158 1.2695355730248168 1.6194615297760397
220 10866934 3.939350180869798 -3.7075651552420164 0.6247801997621879 1.2695355730248168 1.6194615297760397
221 10866934 3.938784277887001 -3.7076661938231363 0.6247774815695601 1.2695355730248168 1.6194615297760397
222 10866934 3.9382183749042037 -3.7077672324042568 0.6247747633769323 1.2695355730248168 1.6194615297760397
223 10866934 3.9376524719214068 -3.7078682709853767 0.6247720451843045 1.2695355730248168 1.6194615297760397
224 10866934 3.9370865689386094 -3.7079693095664967 0.6247693269916766 1.2695355730248168 1.6194615297760397
225 10866934 3.9365206659558125 -3.7080703481476167 0.6247666087990488 1.2695355730248168 1.6194615297760397
226 10866934 3.9359547629730156 -3.708171386728737 0.624763890606421 1.2695355730248168 1.6194615297760397
227 10866934 3.9353888599902183 -3.708272425309857 0.6247611724137931 1.2695355730248168 1.6194615297760397
228 10866934 3.9348229570074214 -3.708373463890977 0.6247584542211654 1.2695355730248168 1.6194615297760397
229 10866934 3.934257054024624 -3.708474502472097 0.6247557360285375 1.2695355730248168 1.6194615297760397
230 10866934 3.933691151041827 -3.7085755410532175 0.6247530178359096 1.2695355730248168 1.6194615297760397
231 10866934 3.9331252480590297 -3.7086765796343375 0.6247502996432819 1.2695355730248168 1.6194615297760397
232 10866934 3.932559345076233 -3.7087776182154575 0.624747581450654 1.2695355730248168 1.6194615297760397
233 10866934 3.9319934420934355 -3.7088786567965775 0.6247448632580263 1.2695355730248168 1.6194615297760397
234 10866934 3.9314275391106386 -3.708979695377698 0.6247421450653984 1.2695355730248168 1.6194615297760397
235 10866934 3.9308616361278412 -3.709080733958818 0.6247394268727706 1.2695355730248168 1.6194615297760397
236 10866934 3.9302957331450443 -3.709181772539938 0.6247367086801427 1.2695355730248168 1.6194615297760397
237 10866934 3.9297298301622474 -3.709282811121058 0.6247339904875149 1.2695355730248168 1.6194615297760397
238 10866934 3.92916392717945 -3.7093838497021783 0.6247312722948871 1.2695355730248168 1.6194615297760397
239 10866934 3.928598024196653 -3.7094848882832983 0.6247285541022592 1.2695355730248168 1.6194615297760397
240 10866934 3.928032121213856 -3.7095859268644182 0.6247258359096315 1.2695355730248168 1.6194615297760397
241 10866934 3.927466218231059 -3.709686965445538 0.6247231177170036 1.2695355730248168 1.6194615297760397
242 10866934 3.9269003152482616 -3.709788004026658 0.6247203995243759 1.2695355730248168 1.6194615297760397
243 10866934 3.9263344122654646 -3.7098890426077786 0.624717681331748 1.2695355730248168 1.6194615297760397
244 10866934 3.9257685092826673 -3.7099900811888986 0.6247149631391201 1.2695355730248168 1.6194615297760397
245 10866934 3.9252026062998704 -3.7100911197700186 0.6247122449464924 1.2695355730248168 1.6194615297760397
246 10866934 3.9246367033170735 -3.7101921583511386 0.6247095267538645 1.2695355730248168 1.6194615297760397
247 10866934 3.924070800334276 -3.710293196932259 0.6247068085612367 1.2695355730248168 1.6194615297760397
248 10866934 3.9235048973514792 -3.710394235513379 0.6247040903686089 1.2695355730248168 1.6194615297760397
249 10866934 3.922938994368682 -3.710495274094499 0.624701372175981 1.2695355730248168 1.6194615297760397
250 10866934 3.922373091385885 -3.710596312675619 0.6246986539833532 1.2695355730248168 1.6194615297760397
251 10866934 3.9218071884030876 -3.7106973512567394 0.6246959357907254 1.2695355730248168 1.6194615297760397
252 10866934 3.9212412854202907 -3.7107983898378594 0.6246932175980976 1.2695355730248168 1.6194615297760397
253 10866934 3.9206753824374934 -3.7108994284189794 0.6246904994054697 1.2695355730248168 1.6194615297760397
254 10866934 3.9201094794546965 -3.7110004670000993 0.624687781212842 1.2695355730248168 1.6194615297760397
255 10866934 3.9195435764718995 -3.7111015055812198 0.6246850630202141 1.2695355730248168 1.6194615297760397
256 10866934 3.918977673489102 -3.7112025441623397 0.6246823448275862 1.2695355730248168 1.6194615297760397
257 10866934 3.9184117705063053 -3.7113035827434597 0.6246796266349585 1.2695355730248168 1.6194615297760397
258 10866934 3.917845867523508 -3.7114046213245797 0.6246769084423306 1.2695355730248168 1.6194615297760397
