22127 11009867 0.6274739639417608 0.20874602162025926 0.23621999999999999 -1.7180071643616912 1.91433127310868
22128 11009867 0.6274842852611866 0.2087623390645499 0.2348929213483146 -1.7180071643616912 1.91433127310868
22129 11009867 0.6274946065806125 0.20877865650884053 0.2335658426966292 -1.7180071643616912 1.91433127310868
22130 11009867 0.6275049279000383 0.20879497395313118 0.2322387640449438 -1.7180071643616912 1.91433127310868
22131 11009867 0.6275152492194642 0.2088112913974218 0.2309116853932584 -1.7180071643616912 1.91433127310868
22132 11009867 0.62752557053889 0.20882760884171245 0.22958460674157302 -1.7180071643616912 1.91433127310868
22133 11009867 0.6275358918583158 0.2088439262860031 0.22825752808988764 -1.7180071643616912 1.91433127310868
22134 11009867 0.6275462131777417 0.20886024373029372 0.22693044943820223 -3.643788441996089 2.8564550393058386
22135 11009867 0.6275565344971675 0.20887656117458436 0.22560337078651685 -3.643788441996089 2.8564550393058386
22136 11009867 0.6275668558165934 0.20889287861887498 0.22427629213483144 -3.643788441996089 2.8564550393058386
22137 11009867 0.6275771771360192 0.20890919606316563 0.22294921348314606 -3.643788441996089 2.8564550393058386
22138 11009867 0.627587498455445 0.20892551350745625 0.22162213483146065 -3.643788441996089 2.8564550393058386
22139 11009867 0.627597819774871 0.2089418309517469 0.22029505617977527 -3.643788441996089 2.8564550393058386
22140 11009867 0.6276081410942967 0.20895814839603755 0.21896797752808989 -3.643788441996089 2.8564550393058386
22141 11009867 0.6276184624137227 0.20897446584032817 0.21764089887640448 -3.643788441996089 2.8564550393058386
22142 11009867 0.6276287837331485 0.20899078328461881 0.2163138202247191 -3.643788441996089 2.8564550393058386
22143 11009867 0.6276391050525743 0.20900710072890943 0.21498674157303369 -3.643788441996089 2.8564550393058386
22144 11009867 0.6276494263720002 0.20902341817320008 0.2136596629213483 -3.643788441996089 2.8564550393058386
22145 11009867 0.627659747691426 0.20903973561749073 0.2123325842696629 -3.643788441996089 2.8564550393058386
22146 11009867 0.6276700690108519 0.20905605306178135 0.2110055056179775 -3.643788441996089 2.8564550393058386
22147 11009867 0.6276803903302777 0.209072370506072 0.20967842696629213 -3.643788441996089 2.8564550393058386
22148 11009867 0.6276907116497035 0.20908868795036262 0.20835134831460672 -3.643788441996089 2.8564550393058386
22149 11009867 0.6277010329691294 0.20910500539465326 0.20702426966292134 -3.643788441996089 2.8564550393058386
22150 11009867 0.6277113542885552 0.2091213228389439 0.20569719101123596 -3.643788441996089 2.8564550393058386
22151 11009867 0.6277216756079811 0.20913764028323453 0.20437011235955055 -3.643788441996089 2.8564550393058386
22152 11009867 0.6277319969274069 0.20915395772752518 0.20304303370786517 -3.643788441996089 2.8564550393058386
22153 11009867 0.6277423182468328 0.2091702751718158 0.20171595505617976 -3.643788441996089 2.8564550393058386
22154 11009867 0.6277526395662586 0.20918659261610645 0.20038887640449438 -3.643788441996089 2.8564550393058386
22155 11009867 0.6277629608856844 0.2092029100603971 0.19906179775280897 -3.643788441996089 2.8564550393058386
22156 11009867 0.6277732822051103 0.20921922750468772 0.19773471910112358 -3.643788441996089 2.8564550393058386
22157 11009867 0.6277836035245361 0.20923554494897836 0.1964076404494382 -3.643788441996089 2.8564550393058386
22158 11009867 0.627793924843962 0.20925186239326898 0.1950805617977528 -3.643788441996089 2.8564550393058386
22159 11009867 0.6278042461633878 0.20926817983755963 0.1937534831460674 -3.643788441996089 2.8564550393058386
22160 11009867 0.6278145674828136 0.20928449728185025 0.192426404494382 -3.643788441996089 2.8564550393058386
22161 11009867 0.6278248888022395 0.2093008147261409 0.19109932584269662 -3.643788441996089 2.8564550393058386
22162 11009867 0.6278352101216653 0.20931713217043155 0.1897722471910112 -3.643788441996089 2.8564550393058386
22163 11009867 0.6278455314410912 0.20933344961472217 0.18844516853932583 -3.643788441996089 2.8564550393058386
22164 11009867 0.627855852760517 0.20934976705901281 0.18711808988764045 -3.643788441996089 2.8564550393058386
22165 11009867 0.6278661740799428 0.20936608450330343 0.18579101123595504 -3.643788441996089 2.8564550393058386
22166 11009867 0.6278764953993687 0.20938240194759408 0.18446393258426966 -3.643788441996089 2.8564550393058386
22167 11009867 0.6278868167187945 0.20939871939188473 0.18313685393258428 -3.643788441996089 2.8564550393058386
22168 11009867 0.6278971380382204 0.20941503683617535 0.18180977528089887 -3.643788441996089 2.8564550393058386
22169 11009867 0.6279074593576462 0.209431354280466 0.18048269662921346 -3.643788441996089 2.8564550393058386
22170 11009867 0.627917780677072 0.20944767172475662 0.17915561797752808 -3.643788441996089 2.8564550393058386
22171 11009867 0.627928101996498 0.20946398916904727 0.1778285393258427 -3.643788441996089 2.8564550393058386
22172 11009867 0.6279384233159238 0.2094803066133379 0.17650146067415728 -3.643788441996089 2.8564550393058386
22173 11009867 0.6279487446353497 0.20949662405762853 0.1751743820224719 -3.643788441996089 2.8564550393058386
22174 11009867 0.6279590659547755 0.20951294150191918 0.17384730337078652 -3.643788441996089 2.8564550393058386
22175 11009867 0.6279693872742013 0.2095292589462098 0.1725202247191011 -3.643788441996089 2.8564550393058386
22176 11009867 0.6279797085936272 0.20954557639050045 0.1711931460674157 -3.643788441996089 2.8564550393058386
22177 11009867 0.627990029913053 0.20956189383479107 0.16986606741573035 -3.643788441996089 2.8564550393058386
22178 11009867 0.6280003512324789 0.20957821127908172 0.16853898876404494 -3.643788441996089 2.8564550393058386
22179 11009867 0.6280106725519047 0.20959452872337236 0.16721191011235953 -3.643788441996089 2.8564550393058386
22180 11009867 0.6280209938713305 0.20961084616766298 0.16588483146067415 -3.643788441996089 2.8564550393058386
22181 11009867 0.6280313151907564 0.20962716361195363 0.16455775280898877 -3.643788441996089 2.8564550393058386
22182 11009867 0.6280416365101822 0.20964348105624425 0.16323067415730336 -3.643788441996089 2.8564550393058386
22183 11009867 0.6280519578296081 0.2096597985005349 0.16190359550561798 -3.643788441996089 2.8564550393058386
22184 11009867 0.6280622791490339 0.20967611594482555 0.1605765168539326 -3.643788441996089 2.8564550393058386
22185 11009867 0.6280726004684597 0.20969243338911617 0.15924943820224718 -3.643788441996089 2.8564550393058386
22186 11009867 0.6280829217878856 0.20970875083340682 0.15792235955056177 -3.643788441996089 2.8564550393058386
22187 11009867 0.6280932431073114 0.20972506827769744 0.1565952808988764 -3.643788441996089 2.8564550393058386
