46142 10561439 -4.053740587951717 -0.030163144702694572 0.5181600000000001 -1.3594866381677748 2.1835770929012974
46143 10561439 -4.000057707943785 -0.03173144433272959 0.5181600000000001 -1.3594866381677748 2.1835770929012974
46144 10561439 -3.959344482197155 -0.0322079427363339 0.5181600000000001 -1.3594866381677748 2.1835770929012974
46145 10561439 -3.913826666107367 -0.03320561645503686 0.48768 -1.3594866381677748 2.1835770929012974
46146 10561439 -3.88309746968679 -0.03812498214871565 0.48768 -1.3594866381677748 2.1835770929012974
46147 10561439 -3.8397697496161314 -0.03875572445737188 0.48768 -1.3594866381677748 2.1835770929012974
46148 10561439 -3.7756632280978373 -0.041047514868841534 0.48768 -1.3594866381677748 2.1835770929012974
46149 10561439 -3.753064407047507 -0.04529101611841871 0.48768 -1.3594866381677748 2.1835770929012974
46150 10561439 -3.686420289485225 -0.04525788794826005 0.48768 -1.3594866381677748 2.1835770929012974
46151 10561439 -3.641798900172093 -0.047362652918849696 0.48768 -1.3594866381677748 2.1835770929012974
46152 10561439 -3.620757083081205 -0.04957697736924219 0.48768 -1.3594866381677748 2.1835770929012974
46153 10561439 -3.5997152659903167 -0.05179130181963468 0.48768 -1.3594866381677748 2.1835770929012974
46154 10561439 -3.555603357906902 -0.04893800629878223 0.48768 -1.3594866381677748 2.1835770929012974
46155 10561439 -3.506781637183259 -0.048794679313231365 0.48768 -1.3594866381677748 2.1835770929012974
46156 10561439 -3.466566062574725 -0.052143694126590395 0.48768 -1.3594866381677748 2.1835770929012974
46157 10561439 -3.4255159460338014 -0.0488716725566464 0.48768 -1.3594866381677748 2.1835770929012974
46158 10561439 -3.3589920581427934 -0.04377195756631638 0.45720000000000005 -1.3594866381677748 2.1835770929012974
46159 10561439 -3.3424775402836566 -0.04380256579899014 0.48768 -1.3594866381677748 2.1835770929012974
46160 10561439 -3.2741130170218105 -0.03416338441743308 0.45720000000000005 -1.3594866381677748 2.1835770929012974
46161 10561439 -3.2558778225752913 -0.033822240471245074 0.45720000000000005 -1.3594866381677748 2.1835770929012974
46162 10561439 -3.1948515111917937 -0.0227153299510309 0.45720000000000005 -1.3594866381677748 2.1835770929012974
46163 10561439 -3.1427724368372765 -0.012886078214366187 0.45720000000000005 -1.3594866381677748 2.1835770929012974
46164 10561439 -3.102844408670663 -0.00760937072480386 0.45720000000000005 -1.3594866381677748 2.1835770929012974
46165 10561439 -3.0819823640465143 -0.0022268474471489885 0.45720000000000005 -1.3594866381677748 2.1835770929012974
46166 10561439 -3.0611203194223657 0.003155675830505883 0.45720000000000005 -1.3594866381677748 2.1835770929012974
46167 10561439 -3.01789514240762 0.013079101712466817 0.45720000000000005 -1.3594866381677748 2.1835770929012974
46168 10561439 -2.978613219988816 0.02452694134788977 0.42672000000000004 -1.3594866381677748 2.1835770929012974
46169 10561439 -2.9335762548894584 0.034558888683990346 0.42672000000000004 -1.3594866381677748 2.1835770929012974
46170 10561439 -2.8694087833133404 0.046042182029015416 0.42672000000000004 -1.3594866381677748 2.1835770929012974
46171 10561439 -2.8273666781341005 0.05506839555028939 0.42672000000000004 -1.3594866381677748 2.1835770929012974
46172 10561439 -2.7934264124874444 0.05996913590111794 0.42672000000000004 -1.3594866381677748 2.1835770929012974
46173 10561439 -2.7578244944202863 0.06397571374295205 0.42672000000000004 -1.3594866381677748 2.1835770929012974
46174 10561439 -2.689560498521365 0.06897864332645462 0.42672000000000004 -1.3594866381677748 2.1835770929012974
46175 10561439 -2.648754182940932 0.07151632796883009 0.42672000000000004 -1.3594866381677748 2.1835770929012974
46176 10561439 -2.6100789534491327 0.07568630531108064 0.42672000000000004 -1.3594866381677748 2.1835770929012974
46177 10561439 -2.588636798585428 0.07334372371785922 0.42672000000000004 -1.3594866381677748 2.1835770929012974
46178 10561439 -2.5584522364579905 0.07409962000448858 0.42672000000000004 -1.3594866381677748 2.1835770929012974
46179 10561439 -2.5282676743305528 0.07485551629111795 0.42672000000000004 -1.3594866381677748 2.1835770929012974
46180 10561439 -2.4937368580027455 0.07559157966653149 0.42672000000000004 -1.3594866381677748 2.1835770929012974
46181 10561439 -2.451705946885367 0.07644430058666227 0.39624000000000004 -1.3594866381677748 2.1835770929012974
46182 10561439 -2.3931085373382874 0.0736294438459166 0.39624000000000004 -1.3594866381677748 2.1835770929012974
46183 10561439 -2.354805489436184 0.07394977762266194 0.39624000000000004 -1.3594866381677748 2.1835770929012974
46184 10561439 -2.3167422336778536 0.07516664913696489 0.39624000000000004 -1.3594866381677748 2.1835770929012974
46185 10561439 -2.2841618858774213 0.07537337078509196 0.39624000000000004 -1.3594866381677748 2.1835770929012974
46186 10561439 -2.2257029088730977 0.0721377213480183 0.39624000000000004 -1.3594866381677748 2.1835770929012974
46187 10561439 -2.197618740602213 0.071771149809564 0.39624000000000004 -1.3594866381677748 2.1835770929012974
46188 10561439 -2.1695345723313286 0.07140457827110971 0.39624000000000004 -1.3594866381677748 2.1835770929012974
46189 10561439 -2.1418779429332506 0.06837386825391323 0.39624000000000004 -1.3594866381677748 2.1835770929012974
46190 10561439 -2.1142213135351726 0.06534315823671674 0.39624000000000004 -1.3594866381677748 2.1835770929012974
46191 10561439 -2.0758495867147433 0.0658760875179206 0.39624000000000004 -1.3594866381677748 2.1835770929012974
46192 10561439 -2.0274178497651754 0.0591455891832344 0.39624000000000004 -1.3594866381677748 2.1835770929012974
46193 10561439 -1.979374226513093 0.05394446974468878 0.39624000000000004 -1.3594866381677748 2.1835770929012974
46194 10561439 -1.9511842573567508 0.055939364242518635 0.39624000000000004 -1.0875893105342198 1.7468616743210381
46195 10561439 -1.9023037498072932 0.05058181618395227 0.39624000000000004 -1.0875893105342198 1.7468616743210381
46196 10561439 -1.8802749699426478 0.050035660273553745 0.39624000000000004 -1.0875893105342198 1.7468616743210381
46197 10561439 -1.8502344233665668 0.05089983855947053 0.39624000000000004 -1.0875893105342198 1.7468616743210381
46198 10561439 -1.820193876790486 0.05176401684538731 0.39624000000000004 -1.0875893105342198 1.7468616743210381
46199 10561439 -1.7810462626840866 0.04924046714341032 0.39624000000000004 -1.0875893105342198 1.7468616743210381
46200 10561439 -1.7309445162833936 0.04897602107266261 0.39624000000000004 -1.0875893105342198 1.7468616743210381
46201 10561439 -1.691555331632707 0.04719179208012944 0.39624000000000004 -1.0875893105342198 1.7468616743210381
46202 10561439 -1.6377970749606072 0.04561510507852026 0.39624000000000004 -1.0875893105342198 1.7468616743210381
46203 10561439 -1.6055127709030335 0.04329273288088212 0.39624000000000004 -1.0875893105342198 1.7468616743210381
46204 10561439 -1.5732284668454597 0.04097036068324397 0.39624000000000004 -1.0875893105342198 1.7468616743210381
46205 10561439 -1.530085822746918 0.04251601160238924 0.39624000000000004 -1.0875893105342198 1.7468616743210381
46206 10561439 -1.4918257586027346 0.03619491820529705 0.39624000000000004 -1.0875893105342198 1.7468616743210381
46207 10561439 -1.4321182920058422 0.03787324083988089 0.381 -1.0875893105342198 1.7468616743210381
46208 10561439 -1.3991893785569287 0.03444524982491334 0.37592 -1.0875893105342198 1.7468616743210381
46209 10561439 -1.3662604651080155 0.031017258809945797 0.37084 -1.0875893105342198 1.7468616743210381
46210 10561439 -1.333331551659102 0.02758926779497825 0.36576 -1.0875893105342198 1.7468616743210381
46211 10561439 -1.2912333364265869 0.028659959733133816 0.36576 -1.0875893105342198 1.7468616743210381
46212 10561439 -1.2514478580745905 0.02265913264952288 0.36576 -1.0875893105342198 1.7468616743210381
46213 10561439 -1.1966833827469683 0.019003967419321616 0.36576 -1.0875893105342198 1.7468616743210381
46214 10561439 -1.1535327460992162 0.01786186938976428 0.36576 -1.0875893105342198 1.7468616743210381
46215 10561439 -1.1165428834518776 0.014178020173715805 0.36576 -1.0875893105342198 1.7468616743210381
46216 10561439 -1.0732370933878421 0.008078532130342347 0.36576 -1.0875893105342198 1.7468616743210381
46217 10561439 -1.0118505153777189 0.009736786886287513 0.36576 -1.0875893105342198 1.7468616743210381
46218 10561439 -0.980136994174446 0.004858054567256381 0.36576 -1.0875893105342198 1.7468616743210381
46219 10561439 -0.9554650923713404 0.004793958412414839 0.36576 -1.0875893105342198 1.7468616743210381
46220 10561439 -0.9307931905682347 0.004729862257573297 0.36576 -1.0875893105342198 1.7468616743210381
46221 10561439 -0.8761396121229632 0.005085694423918569 0.36576 -1.0875893105342198 1.7468616743210381
46222 10561439 -0.8432743503221198 0.0050885351857604955 0.36576 -1.0875893105342198 1.7468616743210381
46223 10561439 -0.8020138171551572 0.006318950731238254 0.36576 -1.0875893105342198 1.7468616743210381
46224 10561439 -0.7602805908203962 0.01008222340697254 0.36576 -1.0875893105342198 1.7468616743210381
46225 10561439 -0.7177932817130253 0.01126247366499325 0.33528 -1.0875893105342198 1.7468616743210381
46226 10561439 -0.6790351104854937 0.010273986520392658 0.33528 -1.0875893105342198 1.7468616743210381
46227 10561439 -0.629379714827239 0.012733153978052664 0.33528 -1.0875893105342198 1.7468616743210381
46228 10561439 -0.5797243191689843 0.015192321435712669 0.33528 -1.0875893105342198 1.7468616743210381
46229 10561439 -0.5496680098806289 0.01611477891242996 0.33528 -1.0875893105342198 1.7468616743210381
46230 10561439 -0.5196117005922736 0.017037236389147253 0.33528 -1.0875893105342198 1.7468616743210381
46231 10561439 -0.48681594187494204 0.016830621838212517 0.33528 -1.0875893105342198 1.7468616743210381
46232 10561439 -0.44966297980403125 0.01636804870319966 0.33528 -1.0875893105342198 1.7468616743210381
46233 10561439 -0.3958273944740267 0.01395698169390433 0.33528 -1.0875893105342198 1.7468616743210381
46234 10561439 -0.35815217484483886 0.008300324802086229 0.33528 -1.0875893105342198 1.7468616743210381
46235 10561439 -0.32090466513247473 0.010845115294378399 0.33528 -1.0875893105342198 1.7468616743210381
46236 10561439 -0.2860836225936812 0.009364175505027023 0.32766 -1.0875893105342198 1.7468616743210381
46237 10561439 -0.25126258005488766 0.007883235715675646 0.32004 -1.0875893105342198 1.7468616743210381
46238 10561439 -0.21644153751609413 0.00640229592632427 0.31242000000000003 -1.0875893105342198 1.7468616743210381
46239 10561439 -0.1816204949773006 0.004921356136972893 0.3048 -1.0875893105342198 1.7468616743210381
46240 10561439 -0.14384685367332772 0.006360350037854318 0.3048 -1.0875893105342198 1.7468616743210381
46241 10561439 -0.10669435844606093 0.005899768364310766 0.3048 -1.0875893105342198 1.7468616743210381
46242 10561439 -0.06954186321879414 0.0054391866907672155 0.3048 -1.0875893105342198 1.7468616743210381
46243 10561439 -0.03238936799152736 0.004978605017223664 0.3048 -1.0875893105342198 1.7468616743210381
46244 10561439 0.024546711124835197 0.007982797135526687 0.3048 -1.0875893105342198 1.7468616743210381
46245 10561439 0.06288095042022968 0.008421735631689575 0.3048 -1.0875893105342198 1.7468616743210381
46246 10561439 0.08807205831906433 0.006691972852780041 0.29464 -1.0875893105342198 1.7468616743210381
46247 10561439 0.11326316621789898 0.004962210073870507 0.28448 -1.0875893105342198 1.7468616743210381
46248 10561439 0.1384542741167336 0.0032324472949609717 0.27432 -1.0875893105342198 1.7468616743210381
46249 10561439 0.17784952328784953 0.004201462728876074 0.27432 -1.0875893105342198 1.7468616743210381
46250 10561439 0.2059637122081307 0.004622431264583289 0.27432 -1.0875893105342198 1.7468616743210381
46251 10561439 0.23407790112841187 0.0050433998002905045 0.27432 -1.0875893105342198 1.7468616743210381
46252 10561439 0.27107788938194755 0.005569103638685957 0.27432 -1.0875893105342198 1.7468616743210381
46253 10561439 0.3080778776354832 0.00609480747708141 0.27432 -1.0875893105342198 1.7468616743210381
46254 10561439 0.3450778658890189 0.0066205113154768624 0.27432 -1.0875893105342198 1.7468616743210381
46255 10561439 0.3761364952248504 0.0055444837151497435 0.27432 -1.0875893105342198 1.7468616743210381
46256 10561439 0.4071951245606818 0.0044684561148226245 0.27432 -1.0875893105342198 1.7468616743210381
46257 10561439 0.4382537538965133 0.0033924285144955046 0.27432 -1.0875893105342198 1.7468616743210381
46258 10561439 0.4648857439345398 0.0040359350159185105 0.27432 -1.0875893105342198 1.7468616743210381
46259 10561439 0.49151773397256626 0.004679441517341516 0.27432 -1.0875893105342198 1.7468616743210381
46260 10561439 0.5181497240105928 0.005322948018764522 0.27432 -1.0875893105342198 1.7468616743210381
46261 10561439 0.5447817140486193 0.005966454520187528 0.27432 -1.0875893105342198 1.7468616743210381
46262 10561439 0.5662695337176118 0.0051367774455613885 0.27432 -1.0875893105342198 1.7468616743210381
46263 10561439 0.5889780074240265 0.005053340865069233 0.27432 -1.0875893105342198 1.7468616743210381
46264 10561439 0.6116864811304412 0.004969904284577079 0.27432 -1.0875893105342198 1.7468616743210381
46265 10561439 0.6343949548368559 0.004886467704084923 0.27432 -1.0875893105342198 1.7468616743210381
46266 10561439 0.6571034285432706 0.004803031123592769 0.27432 -1.0875893105342198 1.7468616743210381
46267 10561439 0.6798119022496854 0.004719594543100614 0.27432 -1.0875893105342198 1.7468616743210381
46268 10561439 0.699397008311198 0.004862487920299058 0.27432 -1.0875893105342198 1.7468616743210381
46269 10561439 0.7161038805236273 0.004894455488053388 0.27432 -1.0875893105342198 1.7468616743210381
46270 10561439 0.7328107527360567 0.004926423055807719 0.27432 -1.0875893105342198 1.7468616743210381
46271 10561439 0.7498026937040452 0.003112893299644176 0.27432 -1.0875893105342198 1.7468616743210381
46272 10561439 0.7603233963646471 0.0032385812496681238 0.27432 -1.0875893105342198 1.7468616743210381
46273 10561439 0.770844099025249 0.0033642691996920715 0.27432 -1.0875893105342198 1.7468616743210381
46274 10561439 0.7942505223376134 0.007048735144406404 0.27432 -1.0875893105342198 1.7468616743210381
46275 10561439 0.8161844393950406 0.005139385401377455 0.27432 -1.0875893105342198 1.7468616743210381
46276 10561439 0.8278497282683888 0.005144403900021074 0.27432 -1.0875893105342198 1.7468616743210381
46277 10561439 0.839515017141737 0.005149422398664692 0.27432 -1.0875893105342198 1.7468616743210381
46278 10561439 0.8511803060150852 0.005154440897308311 0.27432 -1.0875893105342198 1.7468616743210381
46279 10561439 0.8628455948884335 0.005159459395951929 0.27432 -1.0875893105342198 1.7468616743210381
46280 10561439 0.8745108837617817 0.005164477894595548 0.27432 -1.0875893105342198 1.7468616743210381
46281 10561439 0.8861761726351298 0.005169496393239166 0.27432 -1.0875893105342198 1.7468616743210381
46282 10561439 0.8978414615084781 0.0051745148918827845 0.27432 -1.0875893105342198 1.7468616743210381
46283 10561439 0.9095067503818263 0.005179533390526403 0.27432 -1.0875893105342198 1.7468616743210381
46284 10561439 0.9211720392551745 0.005184551889170021 0.27432 -1.0875893105342198 1.7468616743210381
46285 10561439 0.9328373281285227 0.00518957038781364 0.27432 -1.0875893105342198 1.7468616743210381
46286 10561439 0.944502617001871 0.005194588886457258 0.27432 -1.0875893105342198 1.7468616743210381
46287 10561439 0.9561679058752192 0.005199607385100877 0.27432 -1.0875893105342198 1.7468616743210381
46288 10561439 0.9690620225812954 0.005251112065008064 0.27432 -1.0875893105342198 1.7468616743210381
46289 10561439 0.9819561392873715 0.005302616744915251 0.27432 -1.0875893105342198 1.7468616743210381
46290 10561439 0.9936532415200121 0.006855073371323045 0.27432 -1.0875893105342198 1.7468616743210381
46291 10561439 1.0050611429407026 0.005347730089049124 0.27432 -1.0875893105342198 1.7468616743210381
46292 10561439 1.0150916059017046 0.0020707285400436426 0.27432 -1.0875893105342198 1.7468616743210381
46293 10561439 1.0251817961681273 0.0016948748060361118 0.27432 -1.0875893105342198 1.7468616743210381
46294 10561439 1.0344775326462556 0.0043239935522529915 0.27432 -1.0875893105342198 1.7468616743210381
46295 10561439 1.043773269124384 0.006953112298469871 0.27432 -1.0875893105342198 1.7468616743210381
46296 10561439 1.0539198018257103 0.005390630392337392 0.27432 -1.0875893105342198 1.7468616743210381
46297 10561439 1.0654205456203945 0.0052549560107285065 0.27432 -1.0875893105342198 1.7468616743210381
46298 10561439 1.0703512360167724 0.005396499416409545 0.27432 -1.0875893105342198 1.7468616743210381
46299 10561439 1.0742235038251637 0.005922771744506321 0.28448 -1.0875893105342198 1.7468616743210381
46300 10561439 1.078095771633555 0.0064490440726030955 0.29464 -1.0875893105342198 1.7468616743210381
46301 10561439 1.0819680394419464 0.006975316400699871 0.3048 -1.0875893105342198 1.7468616743210381
46302 10561439 1.0903439432189288 0.013584997438926688 0.3048 -1.0875893105342198 1.7468616743210381
46303 10561439 1.0971461103684912 0.01673674608915622 0.27432 -1.0875893105342198 1.7468616743210381
46304 10561439 1.098697957979891 0.02148691488962831 0.27432 -1.0875893105342198 1.7468616743210381
46305 10561439 1.1002498055912908 0.026237083690100402 0.27432 -1.0875893105342198 1.7468616743210381
46306 10561439 1.1018706242271463 0.03119837116408586 0.27432 -1.0875893105342198 1.7468616743210381
46307 10561439 1.102124632190078 0.033335072785217766 0.27432 -1.0875893105342198 1.7468616743210381
46308 10561439 1.1023786401530096 0.03547177440634967 0.27432 -1.0875893105342198 1.7468616743210381
46309 10561439 1.1026326481159412 0.037608476027481574 0.27432 -1.0875893105342198 1.7468616743210381
46310 10561439 1.1009907242560613 0.04889282894350854 0.27432 -1.0875893105342198 1.7468616743210381
46311 10561439 1.1031036082808392 0.05264193209358401 0.27432 -1.0875893105342198 1.7468616743210381
46312 10561439 1.1041289133488783 0.05849872364785515 0.27432 -1.0875893105342198 1.7468616743210381
46313 10561439 1.1026636706101807 0.06148915933106959 0.27432 -1.0875893105342198 1.7468616743210381
46314 10561439 1.101198427871483 0.06447959501428403 0.27432 -1.0875893105342198 1.7468616743210381
46315 10561439 1.1009006698214097 0.06492734767472422 0.27432 -1.0875893105342198 1.7468616743210381
46316 10561439 1.1014409452759988 0.06658110943039618 0.27432 -1.0875893105342198 1.7468616743210381
46317 10561439 1.1019812207305877 0.06823487118606812 0.27432 -1.0875893105342198 1.7468616743210381
46318 10561439 1.1025214961851768 0.06988863294174008 0.27432 -1.0875893105342198 1.7468616743210381
46319 10561439 1.1025977583327413 0.06966900924227126 0.27432 -1.0875893105342198 1.7468616743210381
46320 10561439 1.102674020480306 0.06944938554280243 0.27432 -1.0875893105342198 1.7468616743210381
46321 10561439 1.1027502826278706 0.06922976184333361 0.27432 -1.0875893105342198 1.7468616743210381
46322 10561439 1.1002286011960938 0.07034564697319892 0.27432 -1.0875893105342198 1.7468616743210381
46323 10561439 1.0977069197643168 0.07146153210306422 0.27432 -1.0875893105342198 1.7468616743210381
46324 10561439 1.0994073208908373 0.07557904164653925 0.27432 -1.0875893105342198 1.7468616743210381
46325 10561439 1.0976954728936046 0.0761382954779155 0.27432 -1.0875893105342198 1.7468616743210381
46326 10561439 1.0959836248963717 0.07669754930929175 0.27432 -1.0875893105342198 1.7468616743210381
46327 10561439 1.094271776899139 0.07725680314066799 0.27432 -1.0875893105342198 1.7468616743210381
46328 10561439 1.0940429916669967 0.0779156744797147 0.27432 -1.0875893105342198 1.7468616743210381
46329 10561439 1.089457205518344 0.07882970794430766 0.27432 -1.0875893105342198 1.7468616743210381
46330 10561439 1.0846426352129137 0.08040261604098654 0.27432 -1.0875893105342198 1.7468616743210381
46331 10561439 1.0819203516504725 0.08158404569525504 0.27432 -1.0875893105342198 1.7468616743210381
46332 10561439 1.079198068088031 0.08276547534952353 0.27432 -1.0875893105342198 1.7468616743210381
46333 10561439 1.077473766057871 0.0774875183550492 0.27432 -1.0875893105342198 1.7468616743210381
46334 10561439 1.0678446246889783 0.08063335423314844 0.27432 -1.0875893105342198 1.7468616743210381
46335 10561439 1.0632024869022954 0.08273407245595193 0.27432 -1.0875893105342198 1.7468616743210381
46336 10561439 1.056767061798624 0.07934572340510963 0.27432 -1.0875893105342198 1.7468616743210381
46337 10561439 1.051046604387015 0.08086413220687538 0.27432 -1.0875893105342198 1.7468616743210381
46338 10561439 1.0429625868893915 0.08058456505955613 0.27432 -1.0875893105342198 1.7468616743210381
46339 10561439 1.0348785693917681 0.08030499791223689 0.27432 -1.0875893105342198 1.7468616743210381
46340 10561439 1.0296041765591748 0.08047049497869689 0.27432 -1.0875893105342198 1.7468616743210381
46341 10561439 1.0243297837265812 0.08063599204515688 0.27432 -1.0875893105342198 1.7468616743210381
46342 10561439 1.019055390893988 0.08080148911161689 0.27432 -1.0875893105342198 1.7468616743210381
46343 10561439 1.0128302582507038 0.08213433187179787 0.27432 -1.0875893105342198 1.7468616743210381
46344 10561439 1.005152362502487 0.08173882797672957 0.27432 -1.0875893105342198 1.7468616743210381
46345 10561439 0.99747446675427 0.08134332408166126 0.27432 -1.0875893105342198 1.7468616743210381
46346 10561439 0.9897965710060531 0.08094782018659295 0.27432 -1.0875893105342198 1.7468616743210381
46347 10561439 0.9821186752578362 0.08055231629152464 0.27432 -1.0875893105342198 1.7468616743210381
46348 10561439 0.9744407795096194 0.08015681239645633 0.27432 -1.0875893105342198 1.7468616743210381
46349 10561439 0.9667628837614024 0.07976130850138802 0.27432 -1.0875893105342198 1.7468616743210381
46350 10561439 0.9590849880131855 0.07936580460631971 0.27432 -1.0875893105342198 1.7468616743210381
46351 10561439 0.9506185298886092 0.07944499924233447 0.27432 -1.0875893105342198 1.7468616743210381
46352 10561439 0.9421520717640329 0.07952419387834922 0.27432 -1.0875893105342198 1.7468616743210381
46353 10561439 0.9336856136394566 0.07960338851436398 0.27432 -1.0875893105342198 1.7468616743210381
46354 10561439 0.9252191555148802 0.07968258315037874 0.27432 -1.0875893105342198 1.7468616743210381
46355 10561439 0.916752697390304 0.07976177778639348 0.27432 -1.0875893105342198 1.7468616743210381
46356 10561439 0.9082862392657276 0.07984097242240824 0.27432 -1.0875893105342198 1.7468616743210381
46357 10561439 0.8998197811411512 0.07992016705842299 0.27432 -1.0875893105342198 1.7468616743210381
46358 10561439 0.8913533230165749 0.07999936169443775 0.27432 -1.0875893105342198 1.7468616743210381
46359 10561439 0.8828868648919986 0.08007855633045251 0.27432 -1.0875893105342198 1.7468616743210381
46360 10561439 0.8744204067674223 0.08015775096646725 0.27432 -1.0875893105342198 1.7468616743210381
46361 10561439 0.865953948642846 0.08023694560248201 0.27432 -1.0875893105342198 1.7468616743210381
46362 10561439 0.8574874905182697 0.08031614023849676 0.27432 -1.0875893105342198 1.7468616743210381
46363 10561439 0.8490210323936933 0.08039533487451152 0.27432 -1.0875893105342198 1.7468616743210381
46364 10561439 0.840554574269117 0.08047452951052628 0.27432 -1.0875893105342198 1.7468616743210381
46365 10561439 0.8320881161445407 0.08055372414654102 0.27432 -1.0875893105342198 1.7468616743210381
46366 10561439 0.8236216580199643 0.08063291878255578 0.27432 -1.0875893105342198 1.7468616743210381
46367 10561439 0.8180138279035698 0.07977817747264984 0.27432 -1.0875893105342198 1.7468616743210381
46368 10561439 0.8124059977871754 0.07892343616274389 0.27432 -1.0875893105342198 1.7468616743210381
46369 10561439 0.8087950709135168 0.08010326182281063 0.27432 -1.0875893105342198 1.7468616743210381
46370 10561439 0.8051841440398582 0.08128308748287738 0.27432 -1.0875893105342198 1.7468616743210381
46371 10561439 0.8015732171661997 0.08246291314294413 0.27432 -1.0875893105342198 1.7468616743210381
46372 10561439 0.7979622902925411 0.08364273880301087 0.27432 -1.0875893105342198 1.7468616743210381
46373 10561439 0.7977892998771438 0.08760847822235619 0.27432 -1.0875893105342198 1.7468616743210381
46374 10561439 0.7976163094617466 0.09157421764170151 0.27432 -1.0875893105342198 1.7468616743210381
46375 10561439 0.7974433190463492 0.09553995706104684 0.27432 -1.0875893105342198 1.7468616743210381
46376 10561439 0.7972703286309519 0.09950569648039216 0.27432 -1.0875893105342198 1.7468616743210381
46377 10561439 0.7970973382155547 0.10347143589973748 0.27432 -1.0875893105342198 1.7468616743210381
46378 10561439 0.7969243478001574 0.10743717531908281 0.27432 -1.0875893105342198 1.7468616743210381
46379 10561439 0.7967513573847601 0.11140291473842813 0.27432 -1.0875893105342198 1.7468616743210381
46380 10561439 0.7965783669693629 0.11536865415777345 0.27432 -1.0875893105342198 1.7468616743210381
46381 10561439 0.7964053765539656 0.11933439357711877 0.27432 -1.0875893105342198 1.7468616743210381
46382 10561439 0.7962323861385683 0.12330013299646408 0.27432 -1.0875893105342198 1.7468616743210381
46383 10561439 0.7960593957231711 0.12726587241580942 0.27432 -1.0875893105342198 1.7468616743210381
46384 10561439 0.7958864053077738 0.13123161183515475 0.27432 -1.0875893105342198 1.7468616743210381
46385 10561439 0.7957134148923766 0.13519735125450005 0.27432 -1.0875893105342198 1.7468616743210381
46386 10561439 0.7955404244769793 0.13916309067384539 0.27432 -1.0875893105342198 1.7468616743210381
46387 10561439 0.795367434061582 0.14312883009319072 0.27432 -1.0875893105342198 1.7468616743210381
46388 10561439 0.7951944436461847 0.14709456951253602 0.27432 -1.0875893105342198 1.7468616743210381
46389 10561439 0.7950214532307874 0.15106030893188133 0.27432 -1.0875893105342198 1.7468616743210381
46390 10561439 0.7948484628153901 0.15502604835122666 0.27432 -1.0875893105342198 1.7468616743210381
46391 10561439 0.7946754723999929 0.158991787770572 0.27432 -1.0875893105342198 1.7468616743210381
46392 10561439 0.7945024819845956 0.1629575271899173 0.27432 -1.0875893105342198 1.7468616743210381
46393 10561439 0.7943294915691983 0.16692326660926263 0.27432 -1.0875893105342198 1.7468616743210381
46394 10561439 0.7941565011538011 0.17088900602860796 0.27432 -1.0875893105342198 1.7468616743210381
46395 10561439 0.7939835107384038 0.17485474544795326 0.27432 -1.0875893105342198 1.7468616743210381
46396 10561439 0.7938105203230065 0.1788204848672986 0.27432 -1.0875893105342198 1.7468616743210381
46397 10561439 0.7936375299076093 0.18278622428664393 0.27432 -1.0875893105342198 1.7468616743210381
46398 10561439 0.793464539492212 0.18675196370598923 0.27432 -1.0875893105342198 1.7468616743210381
46399 10561439 0.794901577502278 0.18843204166738256 0.27432 -1.0875893105342198 1.7468616743210381
46400 10561439 0.796338615512344 0.1901121196287759 0.27432 -1.0875893105342198 1.7468616743210381
46401 10561439 0.79777565352241 0.19179219759016924 0.27432 -1.0875893105342198 1.7468616743210381
46402 10561439 0.799212691532476 0.19347227555156257 0.27432 -1.0875893105342198 1.7468616743210381
46403 10561439 0.800649729542542 0.1951523535129559 0.27432 -1.0875893105342198 1.7468616743210381
46404 10561439 0.7981897206684108 0.20121337243786838 0.27432 -1.0875893105342198 1.7468616743210381
46405 10561439 0.8003348979567895 0.20234274256648888 0.27432 -1.0875893105342198 1.7468616743210381
46406 10561439 0.8024800752451683 0.2034721126951094 0.27432 -1.0875893105342198 1.7468616743210381
46407 10561439 0.804625252533547 0.2046014828237299 0.27432 -1.0875893105342198 1.7468616743210381
46408 10561439 0.8069721260002285 0.2061971655796881 0.27432 -1.0875893105342198 1.7468616743210381
46409 10561439 0.80931899946691 0.2077928483356463 0.27432 -1.0875893105342198 1.7468616743210381
46410 10561439 0.8116658729335916 0.20938853109160452 0.27432 -1.0875893105342198 1.7468616743210381
46411 10561439 0.8140127464002731 0.21098421384756272 0.27432 -1.0875893105342198 1.7468616743210381
46412 10561439 0.8163596198669546 0.21257989660352092 0.27432 -1.0875893105342198 1.7468616743210381
46413 10561439 0.8187064933336361 0.21417557935947912 0.27432 -1.0875893105342198 1.7468616743210381
46414 10561439 0.8210533668003177 0.21577126211543735 0.27432 -1.0875893105342198 1.7468616743210381
46415 10561439 0.8234002402669992 0.21736694487139555 0.27432 -1.0875893105342198 1.7468616743210381
46416 10561439 0.8257471137336807 0.21896262762735375 0.27432 -1.0875893105342198 1.7468616743210381
46417 10561439 0.8287815086816597 0.2207750186381119 0.27432 -1.0875893105342198 1.7468616743210381
46418 10561439 0.8318159036296386 0.22258740964887 0.27432 -1.0875893105342198 1.7468616743210381
46419 10561439 0.8342231401574938 0.2218008691395163 0.27432 -1.0875893105342198 1.7468616743210381
46420 10561439 0.836630376685349 0.22101432863016263 0.27432 -1.0875893105342198 1.7468616743210381
46421 10561439 0.8382858939290796 0.22608110669244688 0.27432 -1.0875893105342198 1.7468616743210381
46422 10561439 0.8394113883280077 0.22816673236393437 0.27432 -1.0875893105342198 1.7468616743210381
46423 10561439 0.8405368827269357 0.23025235803542182 0.27432 -1.0875893105342198 1.7468616743210381
46424 10561439 0.8402563919284846 0.23075290035449167 0.27432 -1.0875893105342198 1.7468616743210381
46425 10561439 0.8399759011300334 0.23125344267356152 0.27432 -1.0875893105342198 1.7468616743210381
46426 10561439 0.8351614350774265 0.23282652140438137 0.27432 -1.0875893105342198 1.7468616743210381
46427 10561439 0.835690281979481 0.23444507517320057 0.27432 -1.0875893105342198 1.7468616743210381
46428 10561439 0.8362191288815355 0.2360636289420198 0.27432 -1.0875893105342198 1.7468616743210381
46429 10561439 0.8367479757835901 0.237682182710839 0.27432 -1.0875893105342198 1.7468616743210381
46430 10561439 0.8372744661363 0.2365755400032648 0.27432 -1.0875893105342198 1.7468616743210381
46431 10561439 0.8358889669290098 0.23614035268812542 0.27432 -1.0875893105342198 1.7468616743210381
46432 10561439 0.8345034677217197 0.23570516537298603 0.27432 -1.0875893105342198 1.7468616743210381
46433 10561439 0.8331179685144294 0.23526997805784666 0.27432 -1.0875893105342198 1.7468616743210381
46434 10561439 0.8317324693071393 0.23483479074270727 0.27432 -1.0875893105342198 1.7468616743210381
46435 10561439 0.8303469700998491 0.23439960342756788 0.27432 -1.0875893105342198 1.7468616743210381
