2795 11322591 0.896653908116005 0.13767356814905624 0.33528 2.42919229466406 -1.9043033595372238
2796 11322591 0.9019966873442969 0.1370377899617232 0.33528 2.42919229466406 -1.9043033595372238
2797 11322591 0.9074084431134837 0.1366131365101796 0.33528 2.42919229466406 -1.9043033595372238
2798 11322591 0.9128201988826704 0.13618848305863596 0.33528 2.42919229466406 -1.9043033595372238
2799 11322591 0.9195798646284684 0.13649170942052388 0.33528 2.42919229466406 -1.9043033595372238
2800 11322591 0.9263395303742664 0.1367949357824118 0.33528 2.42919229466406 -1.9043033595372238
2801 11322591 0.9311540626467305 0.13522192105988082 0.33528 2.42919229466406 -1.9043033595372238
2802 11322591 0.9359685949191947 0.13364890633734983 0.33528 2.42919229466406 -1.9043033595372238
2803 11322591 0.9417195951622297 0.13439853056661277 0.33528 2.42919229466406 -1.9043033595372238
2804 11322591 0.9474705954052647 0.13514815479587575 0.33528 2.42919229466406 -1.9043033595372238
2805 11322591 0.9530206421990361 0.13555454784407478 0.33528 2.42919229466406 -1.9043033595372238
2806 11322591 0.9588290011040308 0.1363438568004338 0.33528 2.42919229466406 -1.9043033595372238
2807 11322591 0.9646373600090254 0.1371331657567928 0.33528 2.42919229466406 -1.9043033595372238
2808 11322591 0.9713452784800201 0.13727810345773334 0.33528 2.42919229466406 -1.9043033595372238
2809 11322591 0.9780531969510148 0.13742304115867385 0.33528 2.42919229466406 -1.9043033595372238
2810 11322591 0.9844162368295157 0.1365124047580997 0.33528 2.42919229466406 -1.9043033595372238
2811 11322591 0.9907792767080167 0.13560176835752555 0.33528 2.42919229466406 -1.9043033595372238
2812 11322591 0.9977912566334943 0.13599786681015696 0.33528 2.42919229466406 -1.9043033595372238
2813 11322591 1.0048032365589719 0.13639396526278835 0.33528 2.42919229466406 -1.9043033595372238
2814 11322591 1.0124262460702589 0.13390344250355685 0.33528 2.42919229466406 -1.9043033595372238
2815 11322591 1.019496267507253 0.13515679319544172 0.33528 2.42919229466406 -1.9043033595372238
2816 11322591 1.0265662889442473 0.13641014388732658 0.33528 2.42919229466406 -1.9043033595372238
2817 11322591 1.031777420241565 0.13605112486907867 0.33528 2.42919229466406 -1.9043033595372238
2818 11322591 1.0369885515388828 0.13569210585083075 0.33528 2.42919229466406 -1.9043033595372238
2819 11322591 1.0437309381988853 0.13594267086823336 0.33528 2.42919229466406 -1.9043033595372238
2820 11322591 1.0504733248588876 0.136193235885636 0.33528 2.42919229466406 -1.9043033595372238
2821 11322591 1.0571288123007898 0.13536235695420717 0.33528 2.42919229466406 -1.9043033595372238
2822 11322591 1.063784299742692 0.13453147802277837 0.33528 2.42919229466406 -1.9043033595372238
2823 11322591 1.0682798981169004 0.13551609611735455 0.33528 2.42919229466406 -1.9043033595372238
2824 11322591 1.0727754964911085 0.13650071421193075 0.33528 2.42919229466406 -1.9043033595372238
2825 11322591 1.0775900284280255 0.13492779799914295 0.33528 2.42919229466406 -1.9043033595372238
2826 11322591 1.0799516040721855 0.13367785917026076 0.33528 2.42919229466406 -1.9043033595372238
2827 11322591 1.0823131797163454 0.13242792034137857 0.33528 2.42919229466406 -1.9043033595372238
2828 11322591 1.0846747553605056 0.13117798151249638 0.33528 2.42919229466406 -1.9043033595372238
2829 11322591 1.0870363310046656 0.12992804268361416 0.33528 2.42919229466406 -1.9043033595372238
2830 11322591 1.0893979066488255 0.12867810385473197 0.33528 2.42919229466406 -1.9043033595372238
2831 11322591 1.0917594822929855 0.12742816502584978 0.33528 2.42919229466406 -1.9043033595372238
2832 11322591 1.0941210579371454 0.12617822619696759 0.33528 2.42919229466406 -1.9043033595372238
2833 11322591 1.0964826335813056 0.12492828736808538 0.33528 2.42919229466406 -1.9043033595372238
2834 11322591 1.0988442092254656 0.12367834853920319 0.33528 2.42919229466406 -1.9043033595372238
2835 11322591 1.1012057848696255 0.122428409710321 0.33528 2.42919229466406 -1.9043033595372238
2836 11322591 1.1035673605137855 0.1211784708814388 0.33528 2.42919229466406 -1.9043033595372238
2837 11322591 1.1059289361579454 0.1199285320525566 0.33528 2.42919229466406 -1.9043033595372238
2838 11322591 1.1082905118021054 0.11867859322367441 0.33528 2.42919229466406 -1.9043033595372238
2839 11322591 1.1106520874462655 0.11742865439479222 0.33528 2.42919229466406 -1.9043033595372238
2840 11322591 1.1130136630904255 0.11617871556591002 0.33528 2.42919229466406 -1.9043033595372238
2841 11322591 1.1153752387345854 0.11492877673702782 0.33528 2.42919229466406 -1.9043033595372238
2842 11322591 1.1177368143787454 0.11367883790814562 0.33528 2.42919229466406 -1.9043033595372238
2843 11322591 1.1200983900229053 0.11242889907926343 0.33528 2.42919229466406 -1.9043033595372238
2844 11322591 1.1224599656670655 0.11117896025038124 0.33528 2.42919229466406 -1.9043033595372238
2845 11322591 1.1248215413112255 0.10992902142149905 0.33528 2.42919229466406 -1.9043033595372238
2846 11322591 1.1271831169553854 0.10867908259261684 0.33528 2.42919229466406 -1.9043033595372238
2847 11322591 1.1295446925995454 0.10742914376373465 0.33528 2.42919229466406 -1.9043033595372238
2848 11322591 1.1319062682437053 0.10617920493485244 0.33528 2.42919229466406 -1.9043033595372238
2849 11322591 1.1342678438878655 0.10492926610597025 0.33528 2.42919229466406 -1.9043033595372238
2850 11322591 1.1366294195320255 0.10367932727708806 0.33528 2.42919229466406 -1.9043033595372238
2851 11322591 1.1389909951761854 0.10242938844820587 0.33528 2.42919229466406 -1.9043033595372238
2852 11322591 1.1413525708203454 0.10117944961932367 0.33528 2.42919229466406 -1.9043033595372238
2853 11322591 1.1437141464645053 0.09992951079044148 0.33528 2.42919229466406 -1.9043033595372238
2854 11322591 1.1460757221086655 0.09867957196155927 0.33528 2.42919229466406 -1.9043033595372238
2855 11322591 1.1484372977528254 0.09742963313267708 0.33528 2.42919229466406 -1.9043033595372238
2856 11322591 1.1507988733969854 0.09617969430379489 0.33528 2.42919229466406 -1.9043033595372238
2857 11322591 1.1531604490411453 0.0949297554749127 0.33528 2.42919229466406 -1.9043033595372238
2858 11322591 1.1555220246853053 0.09367981664603049 0.33528 2.42919229466406 -1.9043033595372238
2859 11322591 1.1578836003294652 0.0924298778171483 0.33528 2.42919229466406 -1.9043033595372238
2860 11322591 1.1602451759736254 0.0911799389882661 0.33528 2.42919229466406 -1.9043033595372238
2861 11322591 1.1626067516177854 0.0899300001593839 0.33528 2.42919229466406 -1.9043033595372238
2862 11322591 1.1649683272619453 0.08868006133050171 0.33528 2.42919229466406 -1.9043033595372238
2863 11322591 1.1673299029061053 0.08743012250161952 0.33528 2.42919229466406 -1.9043033595372238
2864 11322591 1.1696914785502652 0.08618018367273732 0.33528 2.42919229466406 -1.9043033595372238
2865 11322591 1.1720530541944254 0.08493024484385513 0.33528 2.42919229466406 -1.9043033595372238
2866 11322591 1.1744146298385854 0.08368030601497292 0.33528 2.42919229466406 -1.9043033595372238
2867 11322591 1.1767762054827453 0.08243036718609073 0.33528 2.42919229466406 -1.9043033595372238
2868 11322591 1.1839980592633947 0.08007110079967045 0.33528 2.42919229466406 -1.9043033595372238
2869 11322591 1.1909410535384775 0.08025627214875733 0.33528 2.42919229466406 -1.9043033595372238
2870 11322591 1.1978840478135602 0.0804414434978442 0.33528 2.42919229466406 -1.9043033595372238
2871 11322591 1.2048960063250047 0.08083774788264017 0.33528 2.42919229466406 -1.9043033595372238
2872 11322591 1.2119079648364492 0.08123405226743613 0.33528 2.42919229466406 -1.9043033595372238
2873 11322591 1.2167225345729076 0.07966123121531117 0.33528 2.42919229466406 -1.9043033595372238
2874 11322591 1.2238614786226893 0.08112590624703635 0.33528 2.42919229466406 -1.9043033595372238
2875 11322591 1.2310004226724713 0.08259058127876152 0.33528 2.42919229466406 -1.9043033595372238
2876 11322591 1.2387103589761228 0.08118176655530351 0.33528 2.42919229466406 -1.9043033595372238
2877 11322591 1.246420295279774 0.07977295183184549 0.33528 2.42919229466406 -1.9043033595372238
2878 11322591 1.2553888855872233 0.08221708719005845 0.33528 2.42919229466406 -1.9043033595372238
2879 11322591 1.2634953786070922 0.08202223912071632 0.33528 2.42919229466406 -1.9043033595372238
2880 11322591 1.2716018716269613 0.0818273910513742 0.33528 2.42919229466406 -1.9043033595372238
2881 11322591 1.2798007498418236 0.08245909914652913 0.33528 2.42919229466406 -1.9043033595372238
2882 11322591 1.2879996280566857 0.08309080724168405 0.33528 2.42919229466406 -1.9043033595372238
2883 11322591 1.296198506271548 0.08372251533683898 0.33528 2.42919229466406 -1.9043033595372238
2884 11322591 1.3045112317678358 0.08334351598717951 0.33528 2.42919229466406 -1.9043033595372238
2885 11322591 1.3128239572641234 0.08296451663752002 0.33528 2.42919229466406 -1.9043033595372238
2886 11322591 1.323280681099571 0.08235246148077273 0.33528 2.42919229466406 -1.9043033595372238
2887 11322591 1.3320854864659974 0.08076132863284152 0.33528 2.42919229466406 -1.9043033595372238
2888 11322591 1.3408902918324237 0.0791701957849103 0.33528 2.42919229466406 -1.9043033595372238
2889 11322591 1.3494563111657856 0.08011039775288968 0.33528 2.42919229466406 -1.9043033595372238
2890 11322591 1.3580223304991472 0.08105059972086906 0.33528 2.42919229466406 -1.9043033595372238
2891 11322591 1.365749493041413 0.079694703865379 0.33528 2.42919229466406 -1.9043033595372238
2892 11322591 1.3734766555836786 0.07833880800988892 0.33528 2.42919229466406 -1.9043033595372238
2893 11322591 1.3798773977502128 0.08162187990862896 0.33528 2.42919229466406 -1.9043033595372238
2894 11322591 1.3862091705742874 0.08469383628266303 0.33528 2.42919229466406 -1.9043033595372238
2895 11322591 1.3940172123999905 0.0841293140854972 0.33528 2.42919229466406 -1.9043033595372238
2896 11322591 1.399388805168174 0.08371814305682604 0.33528 2.42919229466406 -1.9043033595372238
2897 11322591 1.4047603979363577 0.08330697202815487 0.33528 2.42919229466406 -1.9043033595372238
2898 11322591 1.4121427364641224 0.08089551668161235 0.33528 2.42919229466406 -1.9043033595372238
2899 11322591 1.4165262262186353 0.08035929892894043 0.33528 2.42919229466406 -1.9043033595372238
2900 11322591 1.420909715973148 0.07982308117626853 0.33528 2.42919229466406 -1.9043033595372238
2901 11322591 1.425293205727661 0.07928686342359662 0.33528 2.42919229466406 -1.9043033595372238
2902 11322591 1.4248245791209413 0.07852776913667284 0.33528 2.42919229466406 -1.9043033595372238
2903 11322591 1.4243559525142215 0.07776867484974907 0.33528 2.42919229466406 -1.9043033595372238
2904 11322591 1.4238873259075018 0.0770095805628253 0.33528 2.42919229466406 -1.9043033595372238
2905 11322591 1.423418699300782 0.07625048627590152 0.33528 2.42919229466406 -1.9043033595372238
2906 11322591 1.4229500726940623 0.07549139198897775 0.33528 2.42919229466406 -1.9043033595372238
2907 11322591 1.4224814460873425 0.07473229770205397 0.33528 2.42919229466406 -1.9043033595372238
2908 11322591 1.4220128194806227 0.0739732034151302 0.33528 2.42919229466406 -1.9043033595372238
2909 11322591 1.421544192873903 0.07321410912820642 0.33528 2.42919229466406 -1.9043033595372238
2910 11322591 1.4210755662671832 0.07245501484128265 0.33528 2.42919229466406 -1.9043033595372238
2911 11322591 1.4206069396604635 0.07169592055435887 0.33528 2.42919229466406 -1.9043033595372238
2912 11322591 1.4201383130537437 0.07093682626743511 0.33528 2.42919229466406 -1.9043033595372238
2913 11322591 1.419669686447024 0.07017773198051133 0.33528 2.42919229466406 -1.9043033595372238
2914 11322591 1.4192010598403042 0.06941863769358755 0.33528 2.42919229466406 -1.9043033595372238
2915 11322591 1.4187324332335844 0.06865954340666378 0.33528 2.42919229466406 -1.9043033595372238
2916 11322591 1.4182638066268647 0.06790044911974001 0.33528 2.42919229466406 -1.9043033595372238
2917 11322591 1.417795180020145 0.06714135483281623 0.33528 2.42919229466406 -1.9043033595372238
2918 11322591 1.4173265534134252 0.06638226054589245 0.33528 2.42919229466406 -1.9043033595372238
2919 11322591 1.4168579268067054 0.06562316625896869 0.33528 2.42919229466406 -1.9043033595372238
2920 11322591 1.4163893001999857 0.06486407197204491 0.33528 2.42919229466406 -1.9043033595372238
2921 11322591 1.415920673593266 0.06410497768512113 0.33528 2.42919229466406 -1.9043033595372238
2922 11322591 1.4154520469865461 0.06334588339819736 0.33528 2.42919229466406 -1.9043033595372238
2923 11322591 1.4149834203798264 0.06258678911127359 0.33528 2.42919229466406 -1.9043033595372238
2924 11322591 1.4145147937731066 0.06182769482434981 0.33528 2.42919229466406 -1.9043033595372238
2925 11322591 1.4140461671663869 0.06106860053742604 0.33528 2.42919229466406 -1.9043033595372238
2926 11322591 1.4135775405596671 0.06030950625050227 0.33528 2.42919229466406 -1.9043033595372238
2927 11322591 1.4131089139529474 0.05955041196357849 0.33528 2.42919229466406 -1.9043033595372238
2928 11322591 1.4126402873462276 0.05879131767665472 0.33528 2.42919229466406 -1.9043033595372238
2929 11322591 1.4121716607395078 0.05803222338973095 0.33528 2.42919229466406 -1.9043033595372238
2930 11322591 1.411703034132788 0.05727312910280717 0.33528 2.42919229466406 -1.9043033595372238
2931 11322591 1.4112344075260683 0.0565140348158834 0.33528 2.42919229466406 -1.9043033595372238
2932 11322591 1.4107657809193486 0.05575494052895963 0.33528 2.42919229466406 -1.9043033595372238
2933 11322591 1.4102971543126288 0.05499584624203585 0.33528 2.42919229466406 -1.9043033595372238
2934 11322591 1.409828527705909 0.05423675195511207 0.33528 2.42919229466406 -1.9043033595372238
2935 11322591 1.4093599010991893 0.0534776576681883 0.33528 2.42919229466406 -1.9043033595372238
2936 11322591 1.4088912744924695 0.05271856338126453 0.33528 2.42919229466406 -1.9043033595372238
2937 11322591 1.4084226478857498 0.05195946909434075 0.33528 2.42919229466406 -1.9043033595372238
2938 11322591 1.40795402127903 0.05120037480741698 0.33528 2.42919229466406 -1.9043033595372238
2939 11322591 1.4074853946723103 0.05044128052049321 0.33528 2.42919229466406 -1.9043033595372238
2940 11322591 1.4070167680655905 0.04968218623356943 0.33528 2.42919229466406 -1.9043033595372238
2941 11322591 1.4065481414588707 0.04892309194664566 0.33528 2.42919229466406 -1.9043033595372238
2942 11322591 1.406079514852151 0.04816399765972189 0.33528 2.42919229466406 -1.9043033595372238
2943 11322591 1.4056108882454312 0.04740490337279811 0.33528 2.42919229466406 -1.9043033595372238
2944 11322591 1.4051422616387115 0.04664580908587434 0.33528 2.42919229466406 -1.9043033595372238
2945 11322591 1.4046736350319917 0.04588671479895057 0.33528 2.42919229466406 -1.9043033595372238
2946 11322591 1.404205008425272 0.04512762051202679 0.33528 2.42919229466406 -1.9043033595372238
2947 11322591 1.4037363818185522 0.04436852622510302 0.33528 2.42919229466406 -1.9043033595372238
2948 11322591 1.4032677552118324 0.04360943193817924 0.33528 2.42919229466406 -1.9043033595372238
2949 11322591 1.4027991286051127 0.04285033765125547 0.33528 2.42919229466406 -1.9043033595372238
2950 11322591 1.402330501998393 0.0420912433643317 0.33528 2.42919229466406 -1.9043033595372238
2951 11322591 1.4018618753916732 0.04133214907740792 0.33528 2.42919229466406 -1.9043033595372238
2952 11322591 1.4013932487849536 0.04057305479048415 0.33528 2.42919229466406 -1.9043033595372238
2953 11322591 1.4009246221782339 0.03981396050356037 0.33528 2.42919229466406 -1.9043033595372238
2954 11322591 1.4004559955715141 0.0390548662166366 0.33528 2.42919229466406 -1.9043033595372238
2955 11322591 1.3999873689647944 0.03829577192971283 0.33528 2.42919229466406 -1.9043033595372238
2956 11322591 1.3995187423580746 0.03753667764278905 0.33528 2.42919229466406 -1.9043033595372238
2957 11322591 1.3990501157513549 0.03677758335586528 0.33528 2.42919229466406 -1.9043033595372238
2958 11322591 1.398581489144635 0.036018489068941506 0.33528 2.42919229466406 -1.9043033595372238
2959 11322591 1.3981128625379153 0.03525939478201773 0.33528 2.42919229466406 -1.9043033595372238
2960 11322591 1.3976442359311956 0.034500300495093957 0.33528 2.42919229466406 -1.9043033595372238
2961 11322591 1.3971756093244758 0.033741206208170185 0.33528 2.42919229466406 -1.9043033595372238
