12915 11322591 0.9039944180315683 0.12657164254771544 0.33528 -0.3838635193626256 0.9545904110677726
12916 11322591 0.910090316889826 0.1283768246532197 0.33528 -0.3838635193626256 0.9545904110677726
12917 11322591 0.9161862157480837 0.13018200675872393 0.33528 -0.3838635193626256 0.9545904110677726
12918 11322591 0.9232424971627549 0.13547027771781012 0.33528 -0.3838635193626256 0.9545904110677726
12919 11322591 0.9287467952021344 0.13600842930842247 0.33528 -0.3838635193626256 0.9545904110677726
12920 11322591 0.9342510932415141 0.13654658089903482 0.33528 -0.3838635193626256 0.9545904110677726
12921 11322591 0.9383758617282405 0.13286240103452912 0.33528 -0.3838635193626256 0.9545904110677726
12922 11322591 0.9436957614431158 0.13229254604905383 0.33528 -0.3838635193626256 0.9545904110677726
12923 11322591 0.9490156611579913 0.1317226910635785 0.33528 -0.3838635193626256 0.9545904110677726
12924 11322591 0.9537260450435486 0.1290154566264284 0.33528 -0.3838635193626256 0.9545904110677726
12925 11322591 0.958436428929106 0.1263082221892783 0.33528 -0.3838635193626256 0.9545904110677726
12926 11322591 0.9652305765881766 0.1267170508201153 0.33528 -0.3838635193626256 0.9545904110677726
12927 11322591 0.9720247242472473 0.12712587945095233 0.33528 -0.3838635193626256 0.9545904110677726
12928 11322591 0.9791637422475287 0.12859030767641133 0.33528 -0.3838635193626256 0.9545904110677726
12929 11322591 0.98630276024781 0.13005473590187036 0.33528 -0.3838635193626256 0.9545904110677726
12930 11322591 0.990324085533572 0.12605391074935962 0.33528 -0.3838635193626256 0.9545904110677726
12931 11322591 0.9934728334266687 0.12753693672349442 0.33528 -0.3838635193626256 0.9545904110677726
12932 11322591 0.9966215813197654 0.1290199626976292 0.33528 -0.3838635193626256 0.9545904110677726
12933 11322591 1.0002011543072864 0.1279061443768429 0.33528 -0.3838635193626256 0.9545904110677726
12934 11322591 1.0037807272948072 0.12679232605605656 0.33528 -0.3838635193626256 0.9545904110677726
12935 11322591 1.0073603002823281 0.12567850773527026 0.33528 -0.3838635193626256 0.9545904110677726
12936 11322591 1.0109398732698491 0.12456468941448393 0.33528 -0.3838635193626256 0.9545904110677726
12937 11322591 1.01451944625737 0.12345087109369761 0.33528 -0.3838635193626256 0.9545904110677726
12938 11322591 1.0180990192448909 0.12233705277291129 0.33528 -0.3838635193626256 0.9545904110677726
12939 11322591 1.0216785922324119 0.12122323445212498 0.33528 -0.3838635193626256 0.9545904110677726
12940 11322591 1.0252581652199326 0.12010941613133866 0.33528 -0.3838635193626256 0.9545904110677726
12941 11322591 1.0288377382074536 0.11899559781055234 0.33528 -0.3838635193626256 0.9545904110677726
12942 11322591 1.0324173111949746 0.11788177948976603 0.33528 -0.3838635193626256 0.9545904110677726
12943 11322591 1.0359968841824954 0.11676796116897972 0.33528 -0.3838635193626256 0.9545904110677726
12944 11322591 1.0395764571700163 0.11565414284819339 0.33528 -0.3838635193626256 0.9545904110677726
12945 11322591 1.0431560301575373 0.11454032452740709 0.33528 -0.3838635193626256 0.9545904110677726
12946 11322591 1.046735603145058 0.11342650620662077 0.33528 -0.3838635193626256 0.9545904110677726
12947 11322591 1.050315176132579 0.11231268788583446 0.33528 -0.3838635193626256 0.9545904110677726
12948 11322591 1.0538947491201 0.11119886956504814 0.33528 -0.3838635193626256 0.9545904110677726
12949 11322591 1.0574743221076208 0.11008505124426182 0.33528 -0.3838635193626256 0.9545904110677726
12950 11322591 1.0610538950951418 0.1089712329234755 0.33528 -0.3838635193626256 0.9545904110677726
12951 11322591 1.0646334680826628 0.10785741460268919 0.33528 -0.3838635193626256 0.9545904110677726
12952 11322591 1.0682130410701836 0.10674359628190287 0.33528 -0.3838635193626256 0.9545904110677726
12953 11322591 1.0717926140577045 0.10562977796111656 0.33528 -0.3838635193626256 0.9545904110677726
12954 11322591 1.0753721870452255 0.10451595964033024 0.33528 -0.3838635193626256 0.9545904110677726
12955 11322591 1.0789517600327463 0.10340214131954392 0.33528 -0.3838635193626256 0.9545904110677726
12956 11322591 1.0825313330202673 0.1022883229987576 0.33528 -0.3838635193626256 0.9545904110677726
12957 11322591 1.0861109060077883 0.10117450467797129 0.33528 -0.3838635193626256 0.9545904110677726
12958 11322591 1.089690478995309 0.10006068635718497 0.33528 -0.3838635193626256 0.9545904110677726
12959 11322591 1.09327005198283 0.09894686803639866 0.33528 -0.3838635193626256 0.9545904110677726
12960 11322591 1.096849624970351 0.09783304971561234 0.33528 -0.3838635193626256 0.9545904110677726
12961 11322591 1.1004291979578718 0.09671923139482602 0.33528 -0.3838635193626256 0.9545904110677726
12962 11322591 1.1040087709453927 0.09560541307403972 0.33528 -0.3838635193626256 0.9545904110677726
12963 11322591 1.1075883439329137 0.09449159475325339 0.33528 -0.3838635193626256 0.9545904110677726
12964 11322591 1.1111679169204345 0.09337777643246709 0.33528 -0.3838635193626256 0.9545904110677726
12965 11322591 1.1147474899079555 0.09226395811168076 0.33528 -0.3838635193626256 0.9545904110677726
12966 11322591 1.1183270628954765 0.09115013979089445 0.33528 -0.3838635193626256 0.9545904110677726
12967 11322591 1.1219066358829972 0.09003632147010812 0.33528 -0.3838635193626256 0.9545904110677726
12968 11322591 1.1254862088705182 0.08892250314932182 0.33528 -0.3838635193626256 0.9545904110677726
12969 11322591 1.1290657818580392 0.08780868482853549 0.33528 -0.3838635193626256 0.9545904110677726
12970 11322591 1.13264535484556 0.08669486650774919 0.33528 -0.3838635193626256 0.9545904110677726
12971 11322591 1.136224927833081 0.08558104818696287 0.33528 -0.3838635193626256 0.9545904110677726
12972 11322591 1.139804500820602 0.08446722986617655 0.33528 -0.3838635193626256 0.9545904110677726
12973 11322591 1.1433840738081227 0.08335341154539024 0.33528 -0.3838635193626256 0.9545904110677726
12974 11322591 1.1469636467956437 0.08223959322460392 0.33528 -0.3838635193626256 0.9545904110677726
12975 11322591 1.1535273155981036 0.08126357374746168 0.33528 -0.3838635193626256 0.9545904110677726
12976 11322591 1.1600909844005636 0.08028755427031944 0.33528 -0.3838635193626256 0.9545904110677726
12977 11322591 1.165465931900628 0.08043004622903953 0.33528 -0.3838635193626256 0.9545904110677726
12978 11322591 1.1708408794006926 0.08057253818775961 0.33528 -0.3838635193626256 0.9545904110677726
12979 11322591 1.1762158269007572 0.0807150301464797 0.33528 -0.3838635193626256 0.9545904110677726
12980 11322591 1.1815907744008216 0.08085752210519978 0.33528 -0.3838635193626256 0.9545904110677726
12981 11322591 1.1844246956092395 0.07829617498743449 0.33528 -0.3838635193626256 0.9545904110677726
12982 11322591 1.1872586168176573 0.0757348278696692 0.33528 -0.3838635193626256 0.9545904110677726
12983 11322591 1.1900925380260752 0.07317348075190391 0.33528 -0.3838635193626256 0.9545904110677726
12984 11322591 1.1981154886217615 0.07457132568437831 0.33528 -0.3838635193626256 0.9545904110677726
12985 11322591 1.2061384392174481 0.07596917061685271 0.33528 -0.3838635193626256 0.9545904110677726
12986 11322591 1.2141613898131345 0.0773670155493271 0.33528 -0.3838635193626256 0.9545904110677726
12987 11322591 1.222184340408821 0.0787648604818015 0.33528 -0.3838635193626256 0.9545904110677726
12988 11322591 1.2302072910045074 0.08016270541427589 0.33528 -0.3838635193626256 0.9545904110677726
12989 11322591 1.2356116257629297 0.08003278755346575 0.33528 -0.3838635193626256 0.9545904110677726
12990 11322591 1.2410159605213518 0.07990286969265563 0.33528 -0.3838635193626256 0.9545904110677726
12991 11322591 1.246420295279774 0.07977295183184549 0.33528 -0.3838635193626256 0.9545904110677726
12992 11322591 1.251475595174432 0.07812151641396092 0.33528 -0.3838635193626256 0.9545904110677726
12993 11322591 1.25653089506909 0.07647008099607634 0.33528 -0.3838635193626256 0.9545904110677726
12994 11322591 1.2636698196942904 0.07793480307019003 0.33528 -0.3838635193626256 0.9545904110677726
12995 11322591 1.2708087443194906 0.07939952514430373 0.33528 -0.3838635193626256 0.9545904110677726
12996 11322591 1.2779476689446907 0.08086424721841742 0.33528 -0.3838635193626256 0.9545904110677726
12997 11322591 1.285086593569891 0.08232896929253111 0.33528 -0.3838635193626256 0.9545904110677726
12998 11322591 1.291661846791246 0.08152452457491573 0.33528 -0.3838635193626256 0.9545904110677726
12999 11322591 1.2982371000126012 0.08072007985730034 0.33528 -0.3838635193626256 0.9545904110677726
13000 11322591 1.3043304131297186 0.0804986678469589 0.33528 -0.3838635193626256 0.9545904110677726
13001 11322591 1.3104237262468361 0.08027725583661748 0.33528 -0.3838635193626256 0.9545904110677726
13002 11322591 1.3165170393639536 0.08005584382627604 0.33528 -0.3838635193626256 0.9545904110677726
13003 11322591 1.3226103524810713 0.07983443181593461 0.33528 -0.3838635193626256 0.9545904110677726
13004 11322591 1.3287036655981888 0.07961301980559317 0.33528 -0.3838635193626256 0.9545904110677726
13005 11322591 1.3347969787153062 0.07939160779525174 0.33528 -0.3838635193626256 0.9545904110677726
13006 11322591 1.3408902918324237 0.0791701957849103 0.33528 -0.3838635193626256 0.9545904110677726
13007 11322591 1.339304097616485 0.0743144212276844 0.33528 -0.3838635193626256 0.9545904110677726
13008 11322591 1.3506082242655661 0.07955887866227615 0.33528 -0.3838635193626256 0.9545904110677726
13009 11322591 1.3619123509146474 0.08480333609686788 0.33528 -0.3838635193626256 0.9545904110677726
13010 11322591 1.3640835754702443 0.08275060804920178 0.33528 -0.3838635193626256 0.9545904110677726
13011 11322591 1.3662548000258412 0.08069788000153567 0.33528 -0.3838635193626256 0.9545904110677726
13012 11322591 1.3651513713384902 0.07731994630844193 0.33528 -0.3838635193626256 0.9545904110677726
13013 11322591 1.3640479426511394 0.07394201261534818 0.33528 -0.3838635193626256 0.9545904110677726
13014 11322591 1.373624235533622 0.07647983892069511 0.33528 -0.3838635193626256 0.9545904110677726
13015 11322591 1.3832005284161044 0.07901766522604206 0.33528 -0.3838635193626256 0.9545904110677726
13016 11322591 1.392776821298587 0.081555491531389 0.33528 -0.3838635193626256 0.9545904110677726
13017 11322591 1.4023531141810694 0.08409331783673593 0.33528 -0.3838635193626256 0.9545904110677726
13018 11322591 1.3994566536410895 0.07522622869642778 0.33528 -0.3838635193626256 0.9545904110677726
13019 11322591 1.3995984176218161 0.07473119357279755 0.33528 -0.3838635193626256 0.9545904110677726
13020 11322591 1.3997401816025425 0.07423615844916731 0.33528 -0.3838635193626256 0.9545904110677726
13021 11322591 1.3998819455832692 0.07374112332553708 0.33528 -0.3838635193626256 0.9545904110677726
13022 11322591 1.4000237095639958 0.07324608820190684 0.33528 -0.3838635193626256 0.9545904110677726
13023 11322591 1.4001654735447222 0.0727510530782766 0.33528 -0.3838635193626256 0.9545904110677726
13024 11322591 1.4003072375254488 0.07225601795464637 0.33528 -0.3838635193626256 0.9545904110677726
13025 11322591 1.4004490015061755 0.07176098283101613 0.33528 -0.3838635193626256 0.9545904110677726
13026 11322591 1.4005907654869019 0.0712659477073859 0.33528 -0.3838635193626256 0.9545904110677726
13027 11322591 1.4007325294676285 0.07077091258375566 0.33528 -0.3838635193626256 0.9545904110677726
13028 11322591 1.400874293448355 0.07027587746012542 0.33528 -0.3838635193626256 0.9545904110677726
13029 11322591 1.4010160574290815 0.06978084233649517 0.33528 -0.3838635193626256 0.9545904110677726
13030 11322591 1.4011578214098082 0.06928580721286494 0.33528 -0.3838635193626256 0.9545904110677726
13031 11322591 1.4012995853905346 0.0687907720892347 0.33528 -0.3838635193626256 0.9545904110677726
13032 11322591 1.4014413493712612 0.06829573696560447 0.33528 -0.3838635193626256 0.9545904110677726
13033 11322591 1.4015831133519878 0.06780070184197423 0.33528 -0.3838635193626256 0.9545904110677726
13034 11322591 1.4017248773327142 0.067305666718344 0.33528 -0.3838635193626256 0.9545904110677726
13035 11322591 1.4018666413134409 0.06681063159471376 0.33528 -0.3838635193626256 0.9545904110677726
13036 11322591 1.4020084052941675 0.06631559647108352 0.33528 -0.3838635193626256 0.9545904110677726
13037 11322591 1.4021501692748939 0.06582056134745329 0.33528 -0.3838635193626256 0.9545904110677726
13038 11322591 1.4022919332556205 0.06532552622382305 0.33528 -0.3838635193626256 0.9545904110677726
13039 11322591 1.4024336972363471 0.06483049110019282 0.33528 -0.3838635193626256 0.9545904110677726
13040 11322591 1.4025754612170735 0.06433545597656258 0.33528 -0.3838635193626256 0.9545904110677726
13041 11322591 1.4027172251978002 0.06384042085293234 0.33528 -0.3838635193626256 0.9545904110677726
13042 11322591 1.4028589891785268 0.06334538572930211 0.33528 -0.3838635193626256 0.9545904110677726
13043 11322591 1.4030007531592532 0.06285035060567187 0.33528 -0.3838635193626256 0.9545904110677726
13044 11322591 1.4031425171399798 0.06235531548204164 0.33528 -0.3838635193626256 0.9545904110677726
13045 11322591 1.4032842811207065 0.0618602803584114 0.33528 -0.3838635193626256 0.9545904110677726
13046 11322591 1.4034260451014329 0.061365245234781166 0.33528 -0.3838635193626256 0.9545904110677726
13047 11322591 1.4035678090821595 0.06087021011115092 0.33528 -0.3838635193626256 0.9545904110677726
13048 11322591 1.403709573062886 0.06037517498752069 0.33528 -0.3838635193626256 0.9545904110677726
13049 11322591 1.4038513370436125 0.05988013986389045 0.33528 -0.3838635193626256 0.9545904110677726
13050 11322591 1.4039931010243392 0.059385104740260215 0.33528 -0.3838635193626256 0.9545904110677726
13051 11322591 1.4041348650050656 0.05889006961662998 0.33528 -0.3838635193626256 0.9545904110677726
13052 11322591 1.4042766289857922 0.058395034492999744 0.33528 -0.3838635193626256 0.9545904110677726
13053 11322591 1.4044183929665188 0.0578999993693695 0.33528 -0.3838635193626256 0.9545904110677726
13054 11322591 1.4045601569472452 0.057404964245739265 0.33528 -0.3838635193626256 0.9545904110677726
13055 11322591 1.4047019209279719 0.05690992912210903 0.33528 -0.3838635193626256 0.9545904110677726
13056 11322591 1.4048436849086985 0.05641489399847879 0.33528 -0.3838635193626256 0.9545904110677726
13057 11322591 1.404985448889425 0.05591985887484856 0.33528 -0.3838635193626256 0.9545904110677726
13058 11322591 1.4051272128701515 0.05542482375121832 0.33528 -0.3838635193626256 0.9545904110677726
13059 11322591 1.4052689768508781 0.054929788627588086 0.33528 -0.3838635193626256 0.9545904110677726
13060 11322591 1.4054107408316046 0.05443475350395785 0.33528 -0.3838635193626256 0.9545904110677726
13061 11322591 1.4055525048123312 0.053939718380327614 0.33528 -0.3838635193626256 0.9545904110677726
13062 11322591 1.4056942687930578 0.05344468325669738 0.33528 -0.3838635193626256 0.9545904110677726
13063 11322591 1.4058360327737842 0.05294964813306714 0.33528 -0.3838635193626256 0.9545904110677726
13064 11322591 1.4059777967545108 0.05245461300943691 0.33528 -0.3838635193626256 0.9545904110677726
13065 11322591 1.4061195607352375 0.05195957788580667 0.33528 -0.3838635193626256 0.9545904110677726
13066 11322591 1.4062613247159639 0.051464542762176435 0.33528 -0.3838635193626256 0.9545904110677726
13067 11322591 1.4064030886966905 0.0509695076385462 0.33528 -0.3838635193626256 0.9545904110677726
13068 11322591 1.406544852677417 0.05047447251491596 0.33528 -0.3838635193626256 0.9545904110677726
13069 11322591 1.4066866166581435 0.04997943739128572 0.33528 -0.3838635193626256 0.9545904110677726
13070 11322591 1.4068283806388702 0.049484402267655485 0.33528 -0.3838635193626256 0.9545904110677726
13071 11322591 1.4069701446195966 0.04898936714402525 0.33528 -0.3838635193626256 0.9545904110677726
13072 11322591 1.4071119086003232 0.04849433202039501 0.33528 -0.3838635193626256 0.9545904110677726
13073 11322591 1.4072536725810498 0.04799929689676478 0.33528 -0.3838635193626256 0.9545904110677726
13074 11322591 1.4073954365617762 0.04750426177313454 0.33528 -0.3838635193626256 0.9545904110677726
13075 11322591 1.4075372005425029 0.0470092266495043 0.33528 -0.3838635193626256 0.9545904110677726
13076 11322591 1.4076789645232295 0.04651419152587406 0.33528 -0.3838635193626256 0.9545904110677726
13077 11322591 1.407820728503956 0.04601915640224383 0.33528 -0.3838635193626256 0.9545904110677726
13078 11322591 1.4079624924846825 0.04552412127861359 0.33528 -0.3838635193626256 0.9545904110677726
