21595 11322591 0.0782892637905388 0.005021331500437487 0.3048 -0.9596587984065638 2.3864760276694317
21596 11322591 0.09147477262419157 0.0035157563888126298 0.3048 -0.9596587984065638 2.3864760276694317
21597 11322591 0.10915134073655897 0.003930475269985231 0.3048 -0.9596587984065638 2.3864760276694317
21598 11322591 0.12682790884892636 0.004345194151157833 0.3048 -0.9596587984065638 2.3864760276694317
21599 11322591 0.1457253543434472 0.004419393570919222 0.3048 -0.9596587984065638 2.3864760276694317
21600 11322591 0.16462279983796801 0.004493592990680612 0.3048 -0.9596587984065638 2.3864760276694317
21601 11322591 0.18692608760362517 0.004798300027827246 0.3048 -0.9596587984065638 2.3864760276694317
21602 11322591 0.21083422879077962 0.004578574445816108 0.3048 -0.9596587984065638 2.3864760276694317
21603 11322591 0.23446487534259552 0.0018793601752622735 0.3048 -0.9596587984065638 2.3864760276694317
21604 11322591 0.26168695476010406 0.001745094160164995 0.3048 -0.9596587984065638 2.3864760276694317
21605 11322591 0.2889090341776126 0.0016108281450677164 0.3048 -0.9596587984065638 2.3864760276694317
21606 11322591 0.31525890260134215 0.0007102838118515642 0.3048 -0.9596587984065638 2.3864760276694317
21607 11322591 0.34631083200314844 0.0006098441894041157 0.3048 -0.9596587984065638 2.3864760276694317
21608 11322591 0.3773627614049547 0.0005094045669566671 0.3048 -0.9596587984065638 2.3864760276694317
21609 11322591 0.4099934541601056 0.0007111647038342087 0.3048 -0.9596587984065638 2.3864760276694317
21610 11322591 0.4426241469152564 0.0009129248407117503 0.3048 -0.9596587984065638 2.3864760276694317
21611 11322591 0.47525483967040727 0.001114684977589292 0.3048 -0.9596587984065638 2.3864760276694317
21612 11322591 0.5102153063109476 -0.000612879375197134 0.3048 -0.9596587984065638 2.3864760276694317
21613 11322591 0.5472026424012694 0.0011448805295718317 0.3048 -0.9596587984065638 2.3864760276694317
21614 11322591 0.5841899784915912 0.0029026404343407974 0.3048 -0.9596587984065638 2.3864760276694317
21615 11322591 0.6199781209211768 0.003708985537179965 0.3048 -0.9596587984065638 2.3864760276694317
21616 11322591 0.6557317168236034 0.004409953511745057 0.3048 -0.9596587984065638 2.3864760276694317
21617 11322591 0.693124623309108 0.004692266199491951 0.3048 -0.9596587984065638 2.3864760276694317
21618 11322591 0.7285849185919062 0.004496450673079994 0.32004 -0.9596587984065638 2.3864760276694317
21619 11322591 0.7640452138747045 0.004300635146668036 0.33528 -0.9596587984065638 2.3864760276694317
21620 11322591 0.8018391547841297 0.004452526964323265 0.33528 -0.9596587984065638 2.3864760276694317
21621 11322591 0.839633095693555 0.004604418781978495 0.33528 -0.9596587984065638 2.3864760276694317
21622 11322591 0.8755243266794116 0.005728725760796527 0.33528 -0.9596587984065638 2.3864760276694317
21623 11322591 0.9112556649194805 0.0077232986561261985 0.33528 -0.9596587984065638 2.3864760276694317
21624 11322591 0.9469870031595493 0.00971787155145587 0.33528 -0.9596587984065638 2.3864760276694317
21625 11322591 0.9853834944047952 0.010900458289014925 0.33528 -0.9596587984065638 2.3864760276694317
21626 11322591 1.0237799856500411 0.01208304502657398 0.33528 -0.9596587984065638 2.3864760276694317
21627 11322591 1.0622864777776422 0.014690293882093086 0.33528 -0.9596587984065638 2.3864760276694317
21628 11322591 1.0992947482489939 0.01515869743615543 0.33528 -0.9596587984065638 2.3864760276694317
21629 11322591 1.1363030187203458 0.015627100990217774 0.33528 -0.9596587984065638 2.3864760276694317
21630 11322591 1.1539386913405822 0.016057526350048992 0.35052 -0.9596587984065638 2.3864760276694317
21631 11322591 1.1715743639608185 0.01648795170988021 0.36576 -0.9596587984065638 2.3864760276694317
21632 11322591 1.2429312582808687 0.018528271139948232 0.36576 -0.9596587984065638 2.3864760276694317
21633 11322591 1.2799173400999453 0.020289841406952766 0.36576 -0.9596587984065638 2.3864760276694317
21634 11322591 1.316903421919022 0.0220514116739573 0.36576 -0.9596587984065638 2.3864760276694317
21635 11322591 1.3536762004217673 0.022481109871139972 0.381 -0.9596587984065638 2.3864760276694317
21636 11322591 1.3904489789245122 0.022910808068322644 0.39624000000000004 -0.9596587984065638 2.3864760276694317
21637 11322591 1.4282419592488007 0.023065931602954254 0.39624000000000004 -0.9596587984065638 2.3864760276694317
21638 11322591 1.4648218503199635 0.0263044285895844 0.39624000000000004 -0.9596587984065638 2.3864760276694317
21639 11322591 1.5002531682762976 0.027114488431562403 0.39624000000000004 -0.9596587984065638 2.3864760276694317
21640 11322591 1.5355584248959802 0.028082706222829767 0.39624000000000004 -0.9596587984065638 2.3864760276694317
21641 11322591 1.5737523896301777 0.028107553646627703 0.39624000000000004 -0.9596587984065638 2.3864760276694317
21642 11322591 1.6127393064309956 0.03056052330995579 0.39624000000000004 -0.9596587984065638 2.3864760276694317
21643 11322591 1.6307883446787483 0.03225887169649001 0.39624000000000004 -0.9596587984065638 2.3864760276694317
21644 11322591 1.648837382926501 0.03395722008302424 0.39624000000000004 -0.9596587984065638 2.3864760276694317
21645 11322591 1.7176475253676826 0.03636631875461965 0.42672000000000004 -0.9596587984065638 2.3864760276694317
21646 11322591 1.7561526935007397 0.03897732117571462 0.42672000000000004 -0.9596587984065638 2.3864760276694317
21647 11322591 1.7923075426653017 0.04200564280809713 0.42672000000000004 -0.9596587984065638 2.3864760276694317
21648 11322591 1.8286114743917845 0.04521915849215004 0.42672000000000004 -0.9596587984065638 2.3864760276694317
21649 11322591 1.8649154061182673 0.04843267417620295 0.42672000000000004 -0.9596587984065638 2.3864760276694317
21650 11322591 1.9018284761298987 0.05378393004565177 0.42672000000000004 -0.9596587984065638 2.3864760276694317
21651 11131026 0.9234663852592759 5.069166722858049 0.6400800000000001 -0.9596587984065638 2.3864760276694317
21651 11322591 1.9392003205888906 0.059452806540620046 0.42672000000000004 -0.9596587984065638 2.3864760276694317
21652 11322591 1.975205583639874 0.062297133900358265 0.42672000000000004 -0.9596587984065638 2.3864760276694317
21652 11131026 0.9263145570981497 5.0279273450467175 0.6400800000000001 -0.9596587984065638 2.3864760276694317
21653 11322591 2.0128310219203653 0.07010311992657717 0.42672000000000004 -0.9596587984065638 2.3864760276694317
21653 11131026 0.9303718720593961 4.98658478607445 0.6400800000000001 -0.9596587984065638 2.3864760276694317
21654 11131026 0.9344291870206425 4.945242227102182 0.6400800000000001 -0.9596587984065638 2.3864760276694317
21654 11322591 2.0487064443224328 0.07608599482890721 0.42672000000000004 -0.9596587984065638 2.3864760276694317
21655 11322591 2.0845818667245 0.08206886973123725 0.42672000000000004 -0.9596587984065638 2.3864760276694317
21655 11131026 0.9394186887175116 4.902134547707126 0.6400800000000001 -0.9596587984065638 2.3864760276694317
21656 11131026 0.9444081904143806 4.85902686831207 0.6400800000000001 -0.9596587984065638 2.3864760276694317
21656 11322591 2.1246255572291686 0.08885199757181719 0.45720000000000005 -0.9596587984065638 2.3864760276694317
21657 11322591 2.1624338610533624 0.09654057578160227 0.45720000000000005 -0.9596587984065638 2.3864760276694317
21657 11131026 0.9488926226355187 4.8149160659719 0.6400800000000001 -0.9596587984065638 2.3864760276694317
21658 11131026 0.9533770548566567 4.770805263631731 0.6400800000000001 -0.9596587984065638 2.3864760276694317
21658 11322591 2.2002421648775563 0.10422915399138735 0.45720000000000005 -0.9596587984065638 2.3864760276694317
21659 11322591 2.2393146832935362 0.11647001762919526 0.45720000000000005 -0.9596587984065638 2.3864760276694317
21659 11131026 0.961106861198253 4.728203878506816 0.6400800000000001 -0.9596587984065638 2.3864760276694317
21660 11322591 2.2811610550978454 0.12768847298147992 0.45720000000000005 -0.9596587984065638 2.3864760276694317
21660 11131026 0.966110416886431 4.686493845027767 0.6400800000000001 -0.9596587984065638 2.3864760276694317
21661 11322591 2.3217318920214 0.13500127871287107 0.45720000000000005 -0.9596587984065638 2.3864760276694317
21661 11131026 0.9711223851326674 4.642093919100728 0.6400800000000001 -0.9596587984065638 2.3864760276694317
21662 11322591 2.3564099020740947 0.14330383945382444 0.45720000000000005 -0.9596587984065638 2.3864760276694317
21662 11131026 0.9774952684505985 4.599819510266399 0.6400800000000001 -0.9596587984065638 2.3864760276694317
21663 11131026 0.9838681517685297 4.55754510143207 0.6400800000000001 -0.9596587984065638 2.3864760276694317
21663 11322591 2.3928553458929764 0.1543003822139374 0.45720000000000005 -0.9596587984065638 2.3864760276694317
21664 11131026 0.9893079530486295 4.515809483524121 0.6400800000000001 -0.9596587984065638 2.3864760276694317
21664 11322591 2.4323723891078033 0.16382696308019024 0.45720000000000005 -0.9596587984065638 2.3864760276694317
21665 11131026 0.9942779685131216 4.473993826922087 0.6400800000000001 -0.9596587984065638 2.3864760276694317
21665 11322591 2.47188943232263 0.17335354394644306 0.45720000000000005 -0.9596587984065638 2.3864760276694317
21666 11131026 0.9984808353080629 4.432545862893681 0.6400800000000001 -0.9596587984065638 2.3864760276694317
21666 11322591 2.5107417188305385 0.1835647000079694 0.48768 -0.9596587984065638 2.3864760276694317
21667 11322591 2.5518977110945285 0.1926734145230304 0.48768 -0.9596587984065638 2.3864760276694317
21667 11131026 1.0026837021030042 4.391097898865275 0.6400800000000001 -0.9596587984065638 2.3864760276694317
21668 11322591 2.5905552311523694 0.20364948836627147 0.48768 -0.9596587984065638 2.3864760276694317
21668 11131026 1.0100600958822485 4.348495717426459 0.6400800000000001 -0.9596587984065638 2.3864760276694317
21669 11322591 2.6292127512102104 0.21462556220951254 0.48768 -0.9596587984065638 2.3864760276694317
21669 11131026 1.0142635154037973 4.307047709473572 0.6400800000000001 -0.9596587984065638 2.3864760276694317
21670 11322591 2.669782401214387 0.22194032873097633 0.48768 -0.9596587984065638 2.3864760276694317
21670 11131026 1.0184669349253461 4.265599701520685 0.6400800000000001 -0.9596587984065638 2.3864760276694317
21671 11322591 2.714287969830908 0.23451211990761853 0.48768 -0.9596587984065638 2.3864760276694317
21671 11131026 1.0227824699495545 4.221778441140442 0.6096 -0.9596587984065638 2.3864760276694317
21672 11131026 1.0261153726366696 4.180381445094606 0.6400800000000001 -0.9596587984065638 2.3864760276694317
21672 11322591 2.7510891659659107 0.24796390529199527 0.48768 -0.9596587984065638 2.3864760276694317
21673 11131026 1.028336016934492 4.138296598396722 0.6248400000000001 -0.9596587984065638 2.3864760276694317
21673 11322591 2.79217534292801 0.2568628565751869 0.48768 -0.9596587984065638 2.3864760276694317
21674 11131026 1.030556661232314 4.096211751698838 0.6096 -0.9596587984065638 2.3864760276694317
21674 11322591 2.83304380413928 0.2661835234171285 0.48768 -0.9596587984065638 2.3864760276694317
21675 11131026 1.03607871542126 4.054449757002175 0.6400800000000001 -0.9596587984065638 2.3864760276694317
21675 11322591 2.874371966674066 0.27745701615938245 0.48768 -0.9596587984065638 2.3864760276694317
21676 11131026 1.0376023260291025 4.0137612005221355 0.6400800000000001 -0.9596587984065638 2.3864760276694317
21676 11322591 2.9162847958206743 0.2888902804229825 0.48768 -0.9596587984065638 2.3864760276694317
21677 11322591 2.957290321966609 0.29822525936625927 0.50292 -0.9596587984065638 2.3864760276694317
21677 11131026 1.0391259366369447 3.973072644042096 0.6400800000000001 -0.9596587984065638 2.3864760276694317
21678 11322591 2.9982958481125435 0.30756023830953605 0.5181600000000001 -0.9596587984065638 2.3864760276694317
21678 11131026 1.0437402336698716 3.9288035220704223 0.6096 -0.9596587984065638 2.3864760276694317
21679 11322591 3.0397725368275026 0.3190196178001129 0.5181600000000001 -0.9596587984065638 2.3864760276694317
21679 11131026 1.0443363500883869 3.8885350627460067 0.6096 -0.9596587984065638 2.3864760276694317
21680 11322591 3.0791741412892053 0.33092290960771864 0.5181600000000001 -0.9596587984065638 2.3864760276694317
21680 11131026 1.0469375992404255 3.8476111956286214 0.6096 -0.9596587984065638 2.3864760276694317
21681 11131026 1.048376174385627 3.802043618754306 0.6096 -0.9596587984065638 2.3864760276694317
21681 11322591 3.1228386280330485 0.3395658109845828 0.5181600000000001 -0.9596587984065638 2.3864760276694317
21682 11131026 1.0512184364449246 3.761041060444509 0.6096 -0.9596587984065638 2.3864760276694317
21682 11322591 3.161506440608065 0.3519426059122821 0.5181600000000001 -0.9596587984065638 2.3864760276694317
21683 11131026 1.0540606985042222 3.720038502134712 0.6096 -0.9596587984065638 2.3864760276694317
21683 11322591 3.2045699621114143 0.3628264444847559 0.5181600000000001 -0.9596587984065638 2.3864760276694317
21684 11131026 1.058699410832869 3.6761121512958566 0.6096 -0.9596587984065638 2.3864760276694317
21684 11322591 3.247633483614764 0.37371028305722964 0.5181600000000001 -0.9596587984065638 2.3864760276694317
21685 11322591 3.2892470226509296 0.38559336597556326 0.5181600000000001 -0.9596587984065638 2.3864760276694317
21685 11131026 1.0611454046698046 3.6338956656046992 0.6096 -0.9596587984065638 2.3864760276694317
21686 11131026 1.0635913985067402 3.5916791799135424 0.6096 -0.9596587984065638 2.3864760276694317
21686 11322591 3.3290389856705342 0.4000570446063072 0.5181600000000001 -0.9596587984065638 2.3864760276694317
21687 11322591 3.3716046815602763 0.4134987522306274 0.5181600000000001 -0.9596587984065638 2.3864760276694317
21687 11131026 1.0654002627524064 3.5483274351945435 0.6096 -0.9596587984065638 2.3864760276694317
21688 11322591 3.4140155199061337 0.42728332138094244 0.5181600000000001 -0.9596587984065638 2.3864760276694317
21688 11131026 1.0680589190777674 3.5062167957734482 0.6096 -0.9596587984065638 2.3864760276694317
21689 11322591 3.456426358251991 0.4410678905312575 0.5181600000000001 -0.9596587984065638 2.3864760276694317
21689 11131026 1.0707175754031282 3.464106156352353 0.6096 -0.9596587984065638 2.3864760276694317
21690 11131026 1.0725269462479643 3.420754354247603 0.6096 -0.9596587984065638 2.3864760276694317
21690 11322591 3.4989170583366604 0.45482676690257834 0.5181600000000001 -0.9596587984065638 2.3864760276694317
21691 11131026 1.0755767366319766 3.3795674478666284 0.6096 -0.9596587984065638 2.3864760276694317
21691 11322591 3.5414077584213297 0.4685856432738992 0.5181600000000001 -0.9596587984065638 2.3864760276694317
21692 11322591 3.583683424584413 0.4847709100145329 0.52832 -0.9596587984065638 2.3864760276694317
21692 11131026 1.0777072666897092 3.33611074682307 0.6096 -0.9596587984065638 2.3864760276694317
21693 11322591 3.625959090747497 0.5009561767551666 0.5384800000000001 -0.9596587984065638 2.3864760276694317
21693 11131026 1.0820613327962127 3.292394650930232 0.6096 -0.9596587984065638 2.3864760276694317
21694 11131026 1.0838629061101956 3.251732682079382 0.6096 -0.9596587984065638 2.3864760276694317
21694 11322591 3.6682347569105804 0.5171414434958003 0.54864 -0.9596587984065638 2.3864760276694317
21695 11131026 1.0856644794241783 3.2110707132285317 0.6096 -0.9596587984065638 2.3864760276694317
21695 11322591 3.7084951532210875 0.531687402350254 0.54864 -0.9596587984065638 2.3864760276694317
21696 11131026 1.0879673861989954 3.185160393671884 0.6096 -0.9596587984065638 2.3864760276694317
21696 11322591 3.750229456630862 0.5480304788586374 0.54864 -0.9596587984065638 2.3864760276694317
21697 11131026 1.0902702929738124 3.1592500741152367 0.6096 -0.9596587984065638 2.3864760276694317
21697 11322591 3.7919637600406366 0.5643735553670209 0.54864 -0.9596587984065638 2.3864760276694317
21698 11131026 1.0925731997486294 3.1333397545585893 0.6096 -0.9596587984065638 2.3864760276694317
21698 11322591 3.8330159667778956 0.5813483245086273 0.54864 -0.9596587984065638 2.3864760276694317
21699 11131026 1.1076897245900101 3.055730294607272 0.6096 -0.9596587984065638 2.3864760276694317
21699 11322591 3.873483198196759 0.5981637102166657 0.54864 -0.9596587984065638 2.3864760276694317
21700 11322591 3.9162841924155942 0.6169628901120073 0.54864 -0.9596587984065638 2.3864760276694317
21700 11131026 1.1147188118919522 3.0147620102051205 0.6096 -0.9596587984065638 2.3864760276694317
21701 11322591 3.9590851866344297 0.635762070007349 0.54864 -0.9596587984065638 2.3864760276694317
21701 11131026 1.121747899193894 2.9737937258029685 0.6096 -0.9596587984065638 2.3864760276694317
21702 11131026 1.1242837962774492 2.9326583819029346 0.6096 -0.9596587984065638 2.3864760276694317
21702 11322591 3.9978681392914934 0.655580608446601 0.54864 -0.9596587984065638 2.3864760276694317
21703 11322591 4.039252890582314 0.6746671128783643 0.54864 -0.9596587984065638 2.3864760276694317
21703 11131026 1.1224772569395731 2.8931759412191753 0.6096 -0.9596587984065638 2.3864760276694317
21704 11322591 4.079309151307886 0.6967571347787873 0.54864 -0.9596587984065638 2.3864760276694317
21704 11131026 1.1214902611918378 2.8480514760410442 0.6096 -0.9596587984065638 2.3864760276694317
21705 11131026 1.1141252466372626 2.8092173963523397 0.6096 -0.9596587984065638 2.3864760276694317
21705 11322591 4.117708695062408 0.7192127227592207 0.5638799999999999 -0.9596587984065638 2.3864760276694317
21706 11322591 4.156108238816931 0.7416683107396539 0.57912 -0.9596587984065638 2.3864760276694317
21706 11131026 1.1067602320826875 2.770383316663635 0.6096 -0.9596587984065638 2.3864760276694317
21707 11131026 1.0926031471960265 2.7311403459214527 0.6096 -0.9596587984065638 2.3864760276694317
21707 11322591 4.189655996824946 0.7710221068090223 0.57912 -0.9596587984065638 2.3864760276694317
21708 11131026 1.0784460623093652 2.6918973751792703 0.6096 -0.9596587984065638 2.3864760276694317
21708 11322591 4.228647744218445 0.7980156289163218 0.57912 -0.9596587984065638 2.3864760276694317
21709 11322591 4.259788047476567 0.8281551039095717 0.57912 -0.9596587984065638 2.3864760276694317
21709 11131026 1.0586006761125142 2.655623351817787 0.6096 -0.9596587984065638 2.3864760276694317
21710 11131026 1.035041920194075 2.625645088577243 0.6096 -0.9596587984065638 2.3864760276694317
21710 11322591 4.297233466175405 0.8585736495364779 0.57912 -0.9596587984065638 2.3864760276694317
21711 11131026 1.011483164275636 2.595666825336698 0.6096 -0.9596587984065638 2.3864760276694317
21711 11322591 4.325931922673947 0.8893931645681987 0.57912 -0.9596587984065638 2.3864760276694317
21712 11322591 4.351730830950196 0.9222100873299011 0.59436 -0.9596587984065638 2.3864760276694317
21712 11131026 0.984357655251171 2.5697166627536148 0.6096 -0.9596587984065638 2.3864760276694317
21713 11131026 0.9510408680566815 2.542752449699432 0.6096 -0.9596587984065638 2.3864760276694317
21713 11322591 4.377529739226444 0.9550270100916033 0.6096 -0.9596587984065638 2.3864760276694317
21714 11131026 0.9212222466169877 2.5177994258181906 0.6096 -0.9596587984065638 2.3864760276694317
21714 11322591 4.402171519212628 0.9897400736535418 0.6096 -0.9596587984065638 2.3864760276694317
21715 11131026 0.8855485053555932 2.495578007610666 0.6096 -0.9596587984065638 2.3864760276694317
21715 11322591 4.426813299198811 1.0244531372154804 0.6096 -0.9596587984065638 2.3864760276694317
21716 11322591 4.44931336402794 1.0634861581923478 0.6096 -0.9596587984065638 2.3864760276694317
21716 11131026 0.8498747640941986 2.4733565894031417 0.6096 -0.9596587984065638 2.3864760276694317
21717 11322591 4.471813428857069 1.1025191791692153 0.6096 -0.9596587984065638 2.3864760276694317
21717 11131026 0.8136314263736878 2.4548264352693083 0.6096 -0.9596587984065638 2.3864760276694317
21718 11131026 0.777068675567254 2.4380365012336913 0.6096 -0.9596587984065638 2.3864760276694317
21718 11322591 4.490301778764178 1.142861100699389 0.6096 -0.9596587984065638 2.3864760276694317
21719 11131026 0.7405059247608203 2.4212465671980743 0.6096 -0.9596587984065638 2.3864760276694317
21719 11322591 4.508790128671287 1.1832030222295626 0.6096 -0.9596587984065638 2.3864760276694317
21720 11322591 4.52525039115305 1.2254915631043597 0.6096 -0.9596587984065638 2.3864760276694317
21720 11131026 0.7030846889922389 2.405905741682398 0.6096 -0.9596587984065638 2.3864760276694317
21721 11131026 0.6658421874307943 2.3917918487809082 0.6096 -0.9596587984065638 2.3864760276694317
21721 11322591 4.539958192195316 1.2705712794763333 0.6096 -0.9596587984065638 2.3864760276694317
21722 11131026 0.6285996858693496 2.3776779558794185 0.6096 -0.9596587984065638 2.3864760276694317
21722 11322591 4.55279090274542 1.313984956901637 0.6248400000000001 -0.9596587984065638 2.3864760276694317
21723 11322591 4.565623613295524 1.357398634326941 0.6400800000000001 -0.9596587984065638 2.3864760276694317
21723 11131026 0.5915100356748278 2.361995489143885 0.6096 -0.9596587984065638 2.3864760276694317
21724 11131026 0.5520741220663081 2.3500009047136343 0.6096 -0.9596587984065638 2.3864760276694317
21724 11322591 4.577287390674346 1.401310509774257 0.6400800000000001 -0.9596587984065638 2.3864760276694317
21725 11131026 0.5126932438540973 2.3414351361853596 0.6096 -0.9596587984065638 2.3864760276694317
21725 11322591 4.588951168053169 1.4452223852215729 0.6400800000000001 -0.9596587984065638 2.3864760276694317
21726 11131026 0.4733123656418865 2.3328693676570844 0.6096 -0.9596587984065638 2.3864760276694317
21726 11322591 4.598225410859344 1.4899722913530542 0.6400800000000001 -0.9596587984065638 2.3864760276694317
21727 11322591 4.607006585875372 1.534299019233502 0.6400800000000001 -0.9596587984065638 2.3864760276694317
21727 11131026 0.43086754804976246 2.326882686642126 0.6096 -0.9596587984065638 2.3864760276694317
21728 11131026 0.3911983635193981 2.3223255203913147 0.6096 -0.9596587984065638 2.3864760276694317
21728 11322591 4.616235171565672 1.579180647191196 0.6400800000000001 -0.9596587984065638 2.3864760276694317
21729 11322591 4.622598381979834 1.6245299133986608 0.6400800000000001 -0.9596587984065638 2.3864760276694317
21729 11131026 0.3503316888408834 2.3130193484141213 0.6096 -0.9596587984065638 2.3864760276694317
21730 11131026 0.3120888934912512 2.3079379226135948 0.6096 -0.9596587984065638 2.3864760276694317
21730 11322591 4.6318728889002845 1.6692797638396828 0.6400800000000001 -0.9596587984065638 2.3864760276694317
21731 11131026 0.273846098141619 2.3028564968130683 0.6096 -0.9596587984065638 2.3864760276694317
21731 11322591 4.6374857538363905 1.7150490902416942 0.6553200000000001 -0.9596587984065638 2.3864760276694317
21732 11131026 0.2343597332131513 2.2981819718944383 0.6096 -0.9596587984065638 2.3864760276694317
21732 11322591 4.643098618772496 1.7608184166437058 0.67056 -0.9596587984065638 2.3864760276694317
21733 11322591 4.644735013171886 1.808002000397738 0.67056 -0.9596587984065638 2.3864760276694317
21733 11131026 0.1948733682846836 2.293507446975808 0.6096 -0.9596587984065638 2.3864760276694317
21734 11131026 0.15576640157393024 2.289994430214205 0.6096 -0.9596587984065638 2.3864760276694317
21734 11322591 4.646371407571276 1.8551855841517704 0.67056 -0.9596587984065638 2.3864760276694317
21735 11131026 0.11665943486317687 2.286481413452602 0.6096 -0.9596587984065638 2.3864760276694317
21735 11322591 4.650798592002512 1.9014002362870188 0.67056 -0.9596587984065638 2.3864760276694317
21736 11131026 0.07785217786374565 2.2845647862005585 0.6096 -0.9596587984065638 2.3864760276694317
21736 11322591 4.655122561609393 1.9472981479267533 0.67056 -0.9596587984065638 2.3864760276694317
21737 11131026 0.03888074507917294 2.279430653769657 0.6096 -0.9596587984065638 2.3864760276694317
21737 11322591 4.658106084550663 1.9939838832610213 0.67056 -0.9596587984065638 2.3864760276694317
21738 11131026 -0.0031614598983245035 2.275768041362079 0.6096 -0.9596587984065638 2.3864760276694317
21738 11322591 4.661089607491933 2.0406696185952895 0.67056 -0.9596587984065638 2.3864760276694317
21739 11131026 -0.040703236839011336 2.272970970612481 0.6096 -0.9596587984065638 2.3864760276694317
21739 11322591 4.660383226378908 2.088559339440341 0.67056 -0.9596587984065638 2.3864760276694317
21740 11322591 4.663228941441391 2.1340051814035315 0.67056 -0.9596587984065638 2.3864760276694317
21740 11131026 -0.07824501377969817 2.270173899862883 0.6096 -0.9596587984065638 2.3864760276694317
21741 11322591 4.6660746565038735 2.1794510233667217 0.67056 -0.9596587984065638 2.3864760276694317
21741 11131026 -0.11672060601774914 2.2679160883747334 0.6096 -0.9596587984065638 2.3864760276694317
21742 11322591 4.665714212180001 2.230031454565941 0.67056 -0.9596587984065638 2.3864760276694317
21742 11131026 -0.15329436355315917 2.2646861002868746 0.6096 -0.9596587984065638 2.3864760276694317
21743 11131026 -0.19366970139127027 2.2654450631171485 0.6096 -0.9596587984065638 2.3864760276694317
21743 11322591 4.666429429151916 2.2771070329677556 0.67056 -0.9596587984065638 2.3864760276694317
21744 11131026 -0.23404503922938136 2.266204025947422 0.6096 -0.9596587984065638 2.3864760276694317
21744 11322591 4.66714464612383 2.3241826113695705 0.67056 -0.9596587984065638 2.3864760276694317
21745 11322591 4.66883452346148 2.371524271214243 0.67056 -0.9596587984065638 2.3864760276694317
21745 11131026 -0.2718651481923162 2.2659525124664017 0.6096 -0.9596587984065638 2.3864760276694317
21746 11131026 -0.31081121031008396 2.263615803728471 0.6096 -0.9596587984065638 2.3864760276694317
21746 11322591 4.666400551149163 2.422547808370531 0.67056 -0.9596587984065638 2.3864760276694317
21747 11322591 4.666160540915375 2.4714537738949094 0.6858000000000001 -0.9596587984065638 2.3864760276694317
21747 11131026 -0.347858301989425 2.25785423849316 0.6096 -0.9596587984065638 2.3864760276694317
21748 11322591 4.665920530681587 2.5203597394192876 0.7010400000000001 -0.9596587984065638 2.3864760276694317
21748 11131026 -0.38814686537232446 2.2546717946232677 0.6096 -0.9596587984065638 2.3864760276694317
21749 11131026 -0.4284354287552239 2.2514893507533755 0.6096 -0.9596587984065638 2.3864760276694317
21749 11322591 4.662729356324592 2.5690606119101136 0.7010400000000001 -0.9596587984065638 2.3864760276694317
21750 11322591 4.660942254443721 2.6173033966152337 0.7010400000000001 -0.9596587984065638 2.3864760276694317
21750 11131026 -0.46642753414846017 2.2515287702094327 0.6096 -0.9596587984065638 2.3864760276694317
21751 11131026 -0.5044196395416964 2.2515681896654898 0.6096 -0.9596587984065638 2.3864760276694317
21751 11322591 4.65915515256285 2.6655461813203534 0.7010400000000001 -0.9596587984065638 2.3864760276694317
21752 11131026 -0.5448368618694414 2.2561398839833124 0.6096 -0.9596587984065638 2.3864760276694317
21752 11322591 4.656033535275108 2.7144581252938997 0.7010400000000001 -0.9596587984065638 2.3864760276694317
21753 11131026 -0.5852540841971863 2.2607115783011356 0.6096 -0.9596587984065638 2.3864760276694317
21753 11322591 4.650665691343001 2.763285405766555 0.7010400000000001 -0.9596587984065638 2.3864760276694317
21754 11131026 -0.6266417749721858 2.2590580771321225 0.6096 -0.9596587984065638 2.3864760276694317
21754 11322591 4.645086644711616 2.812824172162336 0.7010400000000001 -0.9596587984065638 2.3864760276694317
21755 11322591 4.639507598080231 2.8623629385581166 0.7010400000000001 -0.9596587984065638 2.3864760276694317
21755 11131026 -0.6628955929723286 2.255725769542187 0.6096 -0.9596587984065638 2.3864760276694317
21756 11322591 4.6331221067838975 2.9135083553016035 0.7010400000000001 -0.9596587984065638 2.3864760276694317
21756 11131026 -0.7006016367096366 2.255555852801513 0.6096 -0.9596587984065638 2.3864760276694317
21757 11322591 4.626736615487563 2.96465377204509 0.7010400000000001 -0.9596587984065638 2.3864760276694317
21757 11131026 -0.7402389001336187 2.2511105280508947 0.6096 -0.9596587984065638 2.3864760276694317
21758 11322591 4.620350621357437 3.0137553219252107 0.7010400000000001 -0.9596587984065638 2.3864760276694317
21758 11131026 -0.7791858443091726 2.2487763835823946 0.6096 -0.9596587984065638 2.3864760276694317
21759 11322591 4.613964627227311 3.062856871805331 0.7010400000000001 -0.9596587984065638 2.3864760276694317
21759 11131026 -0.8160156591435903 2.243413205596974 0.6096 -0.9596587984065638 2.3864760276694317
21760 11131026 -0.854318481011028 2.238298376156481 0.6096 -0.9596587984065638 2.3864760276694317
21760 11322591 4.6075786330971855 3.111958421685452 0.7010400000000001 -0.9596587984065638 2.3864760276694317
21761 11322591 4.601192638967059 3.1610599715655727 0.7010400000000001 -0.9596587984065638 2.3864760276694317
21761 11131026 -0.8926213028784657 2.233183546715988 0.6096 -0.9596587984065638 2.3864760276694317
21762 11322591 4.5934209076801835 3.2106723254451173 0.7010400000000001 -0.9596587984065638 2.3864760276694317
21762 11131026 -0.9304536911934744 2.2331728710279983 0.6096 -0.9596587984065638 2.3864760276694317
21763 11131026 -0.9687166789716194 2.2280455356596107 0.59436 -0.9596587984065638 2.3864760276694317
21763 11322591 4.585024628084027 3.2597293229539916 0.7010400000000001 -0.9596587984065638 2.3864760276694317
21764 11322591 4.576628348487871 3.3087863204628665 0.7010400000000001 -0.9596587984065638 2.3864760276694317
21764 11131026 -1.0069796667497644 2.222918200291223 0.57912 -0.9596587984065638 2.3864760276694317
21765 11322591 4.566142343906527 3.359868797809956 0.73152 -0.9596587984065638 2.3864760276694317
21765 11131026 -1.0451331377343893 2.2230130906383594 0.57912 -0.9596587984065638 2.3864760276694317
21766 11322591 4.55825767811802 3.4102192179101416 0.73152 -0.9596587984065638 2.3864760276694317
21766 11131026 -1.0809065231851054 2.219525470890221 0.57912 -0.9596587984065638 2.3864760276694317
21767 11322591 4.557991828414667 3.4104064684767628 0.731510226070226 -0.9596587984065638 2.3864760276694317
21767 11131026 -1.1213387896431255 2.212654687120234 0.57912 -0.9596587984065638 2.3864760276694317
21768 11322591 4.557725978711314 3.4105937190433835 0.7315004521404521 -0.9596587984065638 2.3864760276694317
21768 11131026 -1.160942557350077 2.208317243816057 0.57912 -0.9596587984065638 2.3864760276694317
21769 11131026 -1.1978423983215842 2.2027450345721 0.57912 -0.9596587984065638 2.3864760276694317
21769 11322591 4.5574601290079615 3.4107809696100047 0.7314906782106781 -0.9596587984065638 2.3864760276694317
21770 11131026 -1.2347422392930916 2.1971728253281424 0.57912 -0.9596587984065638 2.3864760276694317
21770 11322591 4.557194279304609 3.4109682201766254 0.7314809042809042 -0.9596587984065638 2.3864760276694317
21771 11131026 -1.271939737218977 2.1920487489197273 0.57912 -0.9596587984065638 2.3864760276694317
21771 11322591 4.556928429601256 3.4111554707432465 0.7314711303511303 -0.9596587984065638 2.3864760276694317
21772 11322591 4.556662579897903 3.4113427213098673 0.7314613564213563 -0.9596587984065638 2.3864760276694317
21772 11131026 -1.3089088744860378 2.186265924941614 0.57912 -0.9596587984065638 2.3864760276694317
21773 11322591 4.5563967301945505 3.4115299718764884 0.7314515824915825 -0.9596587984065638 2.3864760276694317
21773 11131026 -1.3489407145856214 2.179265212603909 0.57912 -0.9596587984065638 2.3864760276694317
21774 11131026 -1.385684621550615 2.1749864728921984 0.57912 -0.9596587984065638 2.3864760276694317
21774 11322591 4.556130880491198 3.411717222443109 0.7314418085618085 -0.9596587984065638 2.3864760276694317
21775 11322591 4.555865030787845 3.4119044730097303 0.7314320346320345 -0.9596587984065638 2.3864760276694317
21775 11131026 -1.4224285285156084 2.1707077331804876 0.57912 -0.9596587984065638 2.3864760276694317
21776 11131026 -1.4615517628072803 2.1662144922726387 0.54864 -0.9596587984065638 2.3864760276694317
21776 11322591 4.555599181084492 3.412091723576351 0.7314222607022607 -0.9596587984065638 2.3864760276694317
21777 11131026 -1.499084591909001 2.1682116271445193 0.54864 -0.9596587984065638 2.3864760276694317
21777 11322591 4.5553333313811395 3.412278974142972 0.7314124867724867 -0.9596587984065638 2.3864760276694317
21778 11131026 -1.540474321796543 2.1665634348052967 0.54864 -0.9596587984065638 2.3864760276694317
21778 11322591 4.555067481677787 3.4124662247095934 0.7314027128427127 -0.9596587984065638 2.3864760276694317
21779 11131026 -1.5774680228166191 2.168851938310965 0.54864 -0.9596587984065638 2.3864760276694317
21779 11322591 4.554801631974434 3.412653475276214 0.7313929389129389 -0.9596587984065638 2.3864760276694317
21780 11322591 4.554535782271081 3.4128407258428353 0.7313831649831649 -0.9596587984065638 2.3864760276694317
21780 11131026 -1.6145308193813366 2.170929546469136 0.54864 -0.9596587984065638 2.3864760276694317
21781 11322591 4.5542699325677285 3.413027976409456 0.731373391053391 -0.9596587984065638 2.3864760276694317
21781 11131026 -1.6546656949844982 2.169046760751426 0.54864 -0.9596587984065638 2.3864760276694317
21782 11322591 4.554004082864376 3.413215226976077 0.7313636171236171 -0.9596587984065638 2.3864760276694317
21782 11131026 -1.6948005705876599 2.1671639750337164 0.54864 -0.9596587984065638 2.3864760276694317
21783 11131026 -1.730665220482469 2.156347920241195 0.54864 -0.9596587984065638 2.3864760276694317
21783 11322591 4.553738233161023 3.413402477542698 0.7313538431938431 -0.9596587984065638 2.3864760276694317
21784 11131026 -1.7642493256443224 2.1449026520372825 0.54864 -0.9596587984065638 2.3864760276694317
21784 11322591 4.55347238345767 3.413589728109319 0.7313440692640693 -0.9596587984065638 2.3864760276694317
21785 11131026 -1.798651220965344 2.13068715681785 0.5181600000000001 -0.9596587984065638 2.3864760276694317
21785 11322591 4.5532065337543175 3.4137769786759398 0.7313342953342953 -0.9596587984065638 2.3864760276694317
21786 11322591 4.552940684050965 3.413964229242561 0.7313245214045213 -0.9596587984065638 2.3864760276694317
21786 11131026 -1.8279746278263882 2.1075657710069864 0.5181600000000001 -0.9596587984065638 2.3864760276694317
21787 11322591 4.552674834347612 3.4141514798091817 0.7313147474747475 -0.9596587984065638 2.3864760276694317
21787 11131026 -1.8565625643432366 2.0771931867750686 0.5181600000000001 -0.9596587984065638 2.3864760276694317
21788 11131026 -1.882603739972417 2.04809050499517 0.5181600000000001 -0.9596587984065638 2.3864760276694317
21788 11322591 4.552408984644259 3.414338730375803 0.7313049735449735 -0.9596587984065638 2.3864760276694317
21789 11322591 4.5521431349409065 3.414525980942424 0.7312951996151995 -0.9596587984065638 2.3864760276694317
21789 11131026 -1.9047315501448328 2.0176489452553357 0.5181600000000001 -0.9596587984065638 2.3864760276694317
21790 11131026 -1.9268593603172486 1.9872073855155017 0.5181600000000001 -0.9596587984065638 2.3864760276694317
21790 11322591 4.551877285237554 3.4147132315090447 0.7312854256854256 -0.9596587984065638 2.3864760276694317
21791 11131026 -1.944312555572049 1.950153550337964 0.5181600000000001 -0.9596587984065638 2.3864760276694317
21791 11322591 4.551611435534201 3.414900482075666 0.7312756517556517 -0.9596587984065638 2.3864760276694317
21792 11322591 4.551345585830848 3.4150877326422866 0.7312658778258778 -0.9596587984065638 2.3864760276694317
21792 11131026 -1.9593828592915477 1.9203822157856407 0.48768 -0.9596587984065638 2.3864760276694317
21793 11131026 -1.9712630356775953 1.884075371683929 0.48768 -0.9596587984065638 2.3864760276694317
21793 11322591 4.5510797361274955 3.4152749832089078 0.7312561038961038 -0.9596587984065638 2.3864760276694317
21794 11322591 4.550813886424143 3.4154622337755285 0.7312463299663299 -0.9596587984065638 2.3864760276694317
21794 11131026 -1.980045823545882 1.849091889192868 0.5181600000000001 -0.9596587984065638 2.3864760276694317
21795 11322591 4.55054803672079 3.4156494843421497 0.731236556036556 -0.9596587984065638 2.3864760276694317
21795 11131026 -1.9878669695558906 1.8129758427932048 0.5181600000000001 -0.9596587984065638 2.3864760276694317
21796 11322591 4.550282187017437 3.4158367349087704 0.731226782106782 -0.9596587984065638 2.3864760276694317
21796 11131026 -1.9956881155658992 1.7768597963935415 0.5181600000000001 -0.9596587984065638 2.3864760276694317
21797 11131026 -1.998932146160518 1.7425176824199415 0.48768 -0.9596587984065638 2.3864760276694317
21797 11322591 4.5500163373140845 3.4160239854753915 0.7312170081770081 -0.9596587984065638 2.3864760276694317
21798 11322591 4.549750487610732 3.4162112360420123 0.7312072342472342 -0.9596587984065638 2.3864760276694317
21798 11131026 -2.0055843280229624 1.7059023082735236 0.48768 -0.9596587984065638 2.3864760276694317
21799 11131026 -2.0122365098854065 1.6692869341271055 0.48768 -0.9596587984065638 2.3864760276694317
21799 11322591 4.549484637907379 3.4163984866086334 0.7311974603174602 -0.9596587984065638 2.3864760276694317
21800 11322591 4.549218788204026 3.416585737175254 0.7311876863876864 -0.9596587984065638 2.3864760276694317
21800 11131026 -2.0164313337761066 1.6354312241081237 0.48768 -0.9596587984065638 2.3864760276694317
21801 11131026 -2.0206261576668068 1.6015755140891421 0.48768 -0.9596587984065638 2.3864760276694317
21801 11322591 4.5489529385006735 3.4167729877418753 0.7311779124579124 -0.9596587984065638 2.3864760276694317
21802 11131026 -2.0226053758116187 1.5697406698224385 0.48768 -0.9596587984065638 2.3864760276694317
21802 11322591 4.548687088797321 3.4169602383084965 0.7311681385281384 -0.9596587984065638 2.3864760276694317
21803 11131026 -2.025020192825748 1.5379315241147806 0.48768 -0.9596587984065638 2.3864760276694317
21803 11322591 4.548421239093968 3.417147488875117 0.7311583645983646 -0.9596587984065638 2.3864760276694317
21804 11131026 -2.0274004120145346 1.5062279108550973 0.48768 -0.9596587984065638 2.3864760276694317
21804 11322591 4.548155389390615 3.4173347394417384 0.7311485906685906 -0.9596587984065638 2.3864760276694317
21805 11322591 4.5478895396872625 3.417521990008359 0.7311388167388166 -0.9596587984065638 2.3864760276694317
21805 11131026 -2.030574858065023 1.472096788150478 0.48768 -0.9596587984065638 2.3864760276694317
21806 11131026 -2.0315681992735057 1.4398809877844845 0.48768 -0.9596587984065638 2.3864760276694317
21806 11322591 4.54762368998391 3.4177092405749803 0.7311290428090428 -0.9596587984065638 2.3864760276694317
21807 11322591 4.547357840280557 3.417896491141601 0.7311192688792688 -0.9596587984065638 2.3864760276694317
21807 11131026 -2.0325615404819883 1.407665187418491 0.48768 -0.9596587984065638 2.3864760276694317
21808 11322591 4.547091990577204 3.418083741708222 0.731109494949495 -0.9596587984065638 2.3864760276694317
21808 11131026 -2.0315118986795486 1.3769425378177642 0.45720000000000005 -0.9596587984065638 2.3864760276694317
21809 11322591 4.5468261408738515 3.418270992274843 0.731099721019721 -0.9596587984065638 2.3864760276694317
21809 11131026 -2.0314503899275955 1.3445568907256962 0.45720000000000005 -0.9596587984065638 2.3864760276694317
21810 11322591 4.546560291170499 3.418458242841464 0.731089947089947 -0.9596587984065638 2.3864760276694317
21810 11131026 -2.0310325635717805 1.312716800088972 0.45720000000000005 -0.9596587984065638 2.3864760276694317
21811 11322591 4.546294441467146 3.4186454934080848 0.7310801731601732 -0.9596587984065638 2.3864760276694317
21811 11131026 -2.030614737215965 1.2808767094522477 0.45720000000000005 -0.9596587984065638 2.3864760276694317
21812 11322591 4.546028591763793 3.418832743974706 0.7310703992303992 -0.9596587984065638 2.3864760276694317
21812 11131026 -2.03019691086015 1.2490366188155235 0.45720000000000005 -0.9596587984065638 2.3864760276694317
21813 11322591 4.5457627420604405 3.419019994541327 0.7310606253006252 -0.9596587984065638 2.3864760276694317
21813 11131026 -2.028874705503976 1.215888027771367 0.45720000000000005 -0.9596587984065638 2.3864760276694317
21814 11131026 -2.0275525001478023 1.1827394367272108 0.45720000000000005 -0.9596587984065638 2.3864760276694317
21814 11322591 4.545496892357088 3.419207245107948 0.7310508513708514 -0.9596587984065638 2.3864760276694317
21815 11322591 4.545231042653735 3.419394495674569 0.7310410774410774 -0.9596587984065638 2.3864760276694317
21815 11131026 -2.023564105937596 1.1542101315842204 0.45720000000000005 -0.9596587984065638 2.3864760276694317
21816 11131026 -2.0208958745882626 1.124360163256969 0.45720000000000005 -0.9596587984065638 2.3864760276694317
21816 11322591 4.544965192950382 3.4195817462411897 0.7310313035113034 -0.9596587984065638 2.3864760276694317
21817 11322591 4.5446993432470295 3.419768996807811 0.7310215295815295 -0.9596587984065638 2.3864760276694317
21817 11131026 -2.0182276432389292 1.0945101949297178 0.45720000000000005 -0.9596587984065638 2.3864760276694317
21818 11322591 4.544433493543677 3.4199562473744316 0.7310117556517556 -0.9596587984065638 2.3864760276694317
21818 11131026 -2.0157583978582965 1.0613369328042328 0.45720000000000005 -0.9596587984065638 2.3864760276694317
21819 11322591 4.544167643840324 3.4201434979410528 0.7310019817219817 -0.9596587984065638 2.3864760276694317
21819 11131026 -2.0125984028250867 1.0302745413133325 0.45720000000000005 -0.9596587984065638 2.3864760276694317
21820 11131026 -2.0083465074051965 1.001191771606678 0.45720000000000005 -0.9596587984065638 2.3864760276694317
21820 11322591 4.543901794136971 3.4203307485076735 0.7309922077922077 -0.9596587984065638 2.3864760276694317
21821 11322591 4.5436359444336185 3.4205179990742947 0.7309824338624338 -0.9596587984065638 2.3864760276694317
21821 11131026 -2.002447233556773 0.9689995130101539 0.45720000000000005 -0.9596587984065638 2.3864760276694317
21822 11322591 4.543370094730266 3.4207052496409154 0.7309726599326599 -0.9596587984065638 2.3864760276694317
21822 11131026 -1.998907033076934 0.9390980813181984 0.44196 -0.9596587984065638 2.3864760276694317
21823 11322591 4.543104245026913 3.4208925002075365 0.730962886002886 -0.9596587984065638 2.3864760276694317
21823 11131026 -1.9953668325970948 0.909196649626243 0.42672000000000004 -0.9596587984065638 2.3864760276694317
21824 11322591 4.54283839532356 3.4210797507741577 0.730953112073112 -0.9596587984065638 2.3864760276694317
21824 11131026 -1.9942355341744389 0.8784475918638351 0.42672000000000004 -0.9596587984065638 2.3864760276694317
21825 11322591 4.5425725456202075 3.4212670013407784 0.7309433381433381 -0.9596587984065638 2.3864760276694317
21825 11131026 -1.9866651080511504 0.8434887062971672 0.42672000000000004 -0.9596587984065638 2.3864760276694317
21826 11322591 4.542306695916855 3.4214542519073996 0.7309335642135641 -0.9596587984065638 2.3864760276694317
21826 11131026 -1.9835043880764538 0.8124262586847342 0.42672000000000004 -0.9596587984065638 2.3864760276694317
21827 11131026 -1.9763317577971917 0.7800512973118741 0.42672000000000004 -0.9596587984065638 2.3864760276694317
21828 11131026 -1.9691591275179297 0.7476763359390141 0.42672000000000004 -0.9596587984065638 2.3864760276694317
21829 11131026 -1.9604588069322582 0.7172553105487679 0.42672000000000004 -0.9596587984065638 2.3864760276694317
21830 11131026 -1.9485834463310623 0.6856787524672332 0.42672000000000004 -0.9596587984065638 2.3864760276694317
21831 11131026 -1.9406770234461999 0.6528302034653145 0.42672000000000004 -0.9596587984065638 2.3864760276694317
21832 11131026 -1.9298697629977133 0.6196168936344185 0.42672000000000004 -0.9596587984065638 2.3864760276694317
21833 11131026 -1.9215161461762456 0.5865053039675002 0.39624000000000004 -0.9596587984065638 2.3864760276694317
21834 11131026 -1.912458413812237 0.5522871339929736 0.39624000000000004 -0.9596587984065638 2.3864760276694317
21835 11131026 -1.9034006814482283 0.5180689640184469 0.39624000000000004 -0.9596587984065638 2.3864760276694317
21836 11131026 -1.8917854681907673 0.4790416740254348 0.39624000000000004 -0.9596587984065638 2.3864760276694317
21837 11131026 -1.8801702549333064 0.44001438403242266 0.39624000000000004 -0.9596587984065638 2.3864760276694317
21838 11131026 -1.8698480335367678 0.4053828041877481 0.39624000000000004 -0.9596587984065638 2.3864760276694317
21839 11131026 -1.8595258121402294 0.37075122434307345 0.39624000000000004 -0.9596587984065638 2.3864760276694317
21840 11131026 -1.8491542541084356 0.34848868614453643 0.39624000000000004 -0.9596587984065638 2.3864760276694317
21841 11131026 -1.838782696076642 0.32622614794599936 0.39624000000000004 -0.9596587984065638 2.3864760276694317
21842 11131026 -1.8199446945367297 0.2751971968245558 0.39624000000000004 -0.9596587984065638 2.3864760276694317
21843 11131026 -1.8047456200898495 0.240197428622535 0.39624000000000004 -0.9596587984065638 2.3864760276694317
21844 11131026 -1.7991121083455692 0.23297998493937985 0.39624000000000004 -0.9596587984065638 2.3864760276694317
21845 11131026 -1.7801625353667523 0.2080870129351575 0.39624000000000004 -0.9596587984065638 2.3864760276694317
21846 11131026 -1.7612129623879353 0.18319404093093514 0.39624000000000004 -0.9596587984065638 2.3864760276694317
21847 11131026 -1.7394261076294193 0.16222201940139871 0.39624000000000004 -0.9596587984065638 2.3864760276694317
21848 11131026 -1.7176392528709032 0.1412499978718623 0.39624000000000004 -0.9596587984065638 2.3864760276694317
21849 11131026 -1.692288342781322 0.12302652778928955 0.39624000000000004 -0.9596587984065638 2.3864760276694317
21850 11131026 -1.6669374326917408 0.1048030577067168 0.39624000000000004 -0.9596587984065638 2.3864760276694317
21851 11131026 -1.6379213213049402 0.08760088200381086 0.39624000000000004 -0.9596587984065638 2.3864760276694317
21852 11131026 -1.6098418711442026 0.07350942100478117 0.381 -0.9596587984065638 2.3864760276694317
21853 11131026 -1.581762420983465 0.059417960005751475 0.36576 -0.9596587984065638 2.3864760276694317
21854 11131026 -1.5477393329920017 0.048289926471350525 0.36576 -0.9596587984065638 2.3864760276694317
21855 11131026 -1.5173589105406313 0.04069022816488729 0.36576 -0.9596587984065638 2.3864760276694317
21856 11131026 -1.4677200478265917 0.026792013099105588 0.36576 -0.9596587984065638 2.3864760276694317
21857 11131026 -1.4369468192400203 0.021751549534302167 0.36576 -0.9596587984065638 2.3864760276694317
21858 11131026 -1.406173590653449 0.016711085969498746 0.36576 -0.9596587984065638 2.3864760276694317
21859 11131026 -1.3742742433996564 0.013756120825385881 0.36576 -0.9596587984065638 2.3864760276694317
21860 11131026 -1.3411410083919446 0.011858303803221087 0.36576 -0.9596587984065638 2.3864760276694317
21861 11131026 -1.3080077733842328 0.009960486781056294 0.36576 -0.9596587984065638 2.3864760276694317
21862 11131026 -1.2618973358687888 0.009719235046900171 0.36576 -0.9596587984065638 2.3864760276694317
21863 11131026 -1.240339203366328 0.009095213904231153 0.36576 -0.9596587984065638 2.3864760276694317
21864 11131026 -1.2187810708638673 0.008471192761562135 0.36576 -0.9596587984065638 2.3864760276694317
21865 11131026 -1.1718769066396872 0.010658151375803143 0.36576 -0.06844913464651836 2.0566212421265475
21866 11131026 -1.1342294381903313 0.01061477737654501 0.36576 -0.06844913464651836 2.0566212421265475
21867 11131026 -1.1042302203472916 0.011086388109248418 0.36576 -0.06844913464651836 2.0566212421265475
21868 11131026 -1.0716451357133183 0.01158886924882288 0.35052 -0.06844913464651836 2.0566212421265475
21869 11131026 -1.039060051079345 0.012091350388397343 0.33528 -0.06844913464651836 2.0566212421265475
21870 11131026 -1.0008968020053646 0.011996796829799011 0.33528 -0.06844913464651836 2.0566212421265475
21871 11131026 -0.9789937366969562 0.01242906979299177 0.33528 -0.06844913464651836 2.0566212421265475
21872 11131026 -0.9570906713885479 0.01286134275618453 0.33528 -0.06844913464651836 2.0566212421265475
21873 11131026 -0.9217817998751341 0.013817348649581146 0.33528 -0.06844913464651836 2.0566212421265475
21874 11131026 -0.889375538310683 0.013502726059131581 0.33528 -0.06844913464651836 2.0566212421265475
21875 11131026 -0.8650652569106387 0.013148187026709807 0.33528 -0.06844913464651836 2.0566212421265475
21876 11131026 -0.8328773503223699 0.012437857822287596 0.33528 -0.06844913464651836 2.0566212421265475
21877 11131026 -0.8004772412538409 0.011833601642632391 0.33528 -0.06844913464651836 2.0566212421265475
21878 11131026 -0.7680771321853119 0.011229345462977186 0.33528 -0.06844913464651836 2.0566212421265475
21879 11131026 -0.7436867073604407 0.010848986146031664 0.33528 -0.06844913464651836 2.0566212421265475
21880 11131026 -0.6974737148298107 0.010928053887210104 0.33528 -0.06844913464651836 2.0566212421265475
21881 11131026 -0.6615095349407614 0.013890827633417119 0.33528 -0.06844913464651836 2.0566212421265475
21882 11131026 -0.6323391042480593 0.011831197140266897 0.33528 -0.06844913464651836 2.0566212421265475
21883 11131026 -0.6022714711040345 0.012516031113674636 0.3048 -0.06844913464651836 2.0566212421265475
21884 11131026 -0.5719511144673968 0.01370258202150923 0.3048 -0.06844913464651836 2.0566212421265475
21885 11131026 -0.5416307578307591 0.014889132929343823 0.3048 -0.06844913464651836 2.0566212421265475
21886 11131026 -0.5232267665489889 0.014129918418999382 0.3048 -0.06844913464651836 2.0566212421265475
21887 11131026 -0.4920873269263917 0.008856781931103425 0.3048 -0.06844913464651836 2.0566212421265475
21888 11131026 -0.44040452786112927 0.00936902906867168 0.3048 -0.06844913464651836 2.0566212421265475
21889 11131026 -0.4109220993886382 0.009895411339050336 0.3048 -0.06844913464651836 2.0566212421265475
21890 11131026 -0.3885493081409128 0.010409415582509934 0.3048 -0.06844913464651836 2.0566212421265475
21891 11131026 -0.3512239257904659 0.010475121872240784 0.3048 -0.06844913464651836 2.0566212421265475
21892 11131026 -0.32277475505763986 0.009879253315686176 0.3048 -0.06844913464651836 2.0566212421265475
21893 11131026 -0.2943255843248138 0.009283384759131569 0.3048 -0.06844913464651836 2.0566212421265475
21894 11131026 -0.2747959282596024 0.01061027560950148 0.3048 -0.06844913464651836 2.0566212421265475
21895 11131026 -0.2370694902459296 0.010545428793854589 0.3048 -0.06844913464651836 2.0566212421265475
21896 11131026 -0.20715158384448196 0.01104705903345296 0.3048 -0.06844913464651836 2.0566212421265475
21897 11131026 -0.17532670752016144 0.00923147334518426 0.28956000000000004 -0.06844913464651836 2.0566212421265475
21898 11131026 -0.14350183119584092 0.00741588765691556 0.27432 -0.06844913464651836 2.0566212421265475
21899 11131026 -0.11242376672991927 0.010108954073897475 0.27432 -0.06844913464651836 2.0566212421265475
21900 11131026 -0.07426183770654249 0.010019382474223154 0.27432 -0.06844913464651836 2.0566212421265475
21901 11131026 -0.05599612457149383 0.00883916457910125 0.27432 -0.06844913464651836 2.0566212421265475
21902 11131026 -0.020539324944432114 0.00998461893847305 0.27432 -0.06844913464651836 2.0566212421265475
21903 11131026 0.014917474682629606 0.01113007329784485 0.27432 -0.06844913464651836 2.0566212421265475
21904 11131026 0.04754010668117081 0.010398156198255765 0.27432 -0.06844913464651836 2.0566212421265475
21905 11131026 0.07742317545236677 0.010795430677497636 0.27432 -0.06844913464651836 2.0566212421265475
21906 11131026 0.10836862851228635 0.010027971956172978 0.27432 -0.06844913464651836 2.0566212421265475
21907 11131026 0.13931408157220593 0.00926051323484832 0.27432 -0.06844913464651836 2.0566212421265475
21908 11131026 0.1702595346321255 0.008493054513523661 0.27432 -0.06844913464651836 2.0566212421265475
21909 11131026 0.2012049876920451 0.007725595792199003 0.27432 -0.06844913464651836 2.0566212421265475
21910 11131026 0.22952199523337852 0.007408615183913947 0.27432 -0.06844913464651836 2.0566212421265475
21911 11131026 0.25783900277471195 0.007091634575628891 0.27432 -0.06844913464651836 2.0566212421265475
21912 11131026 0.2843831215056205 0.005426518835316141 0.27432 -0.06844913464651836 2.0566212421265475
21913 11131026 0.32056387676231435 0.008790256606862501 0.27432 -0.06844913464651836 2.0566212421265475
21914 11131026 0.33966178142361564 0.008799412818159463 0.27432 -0.06844913464651836 2.0566212421265475
21915 11131026 0.35875968608491693 0.008808569029456426 0.27432 -0.06844913464651836 2.0566212421265475
21916 11131026 0.379457909218613 0.009638379397524488 0.27432 -0.06844913464651836 2.0566212421265475
21917 11131026 0.4001561323523091 0.01046818976559255 0.27432 -0.06844913464651836 2.0566212421265475
21918 11131026 0.4312170090919685 0.0076780307548248855 0.27432 -0.06844913464651836 2.0566212421265475
21919 11131026 0.4310912360482632 0.007677355062311851 0.27432 -0.06844913464651836 2.0566212421265475
21920 11131026 0.430965463004558 0.007676679369798817 0.27432 -0.06844913464651836 2.0566212421265475
21921 11131026 0.43083968996085276 0.007676003677285783 0.27432 -0.06844913464651836 2.0566212421265475
21922 11131026 0.43071391691714755 0.007675327984772749 0.27432 -0.06844913464651836 2.0566212421265475
21923 11131026 0.4305881438734423 0.007674652292259715 0.27432 -0.06844913464651836 2.0566212421265475
21924 11131026 0.4304623708297371 0.007673976599746681 0.27432 -0.06844913464651836 2.0566212421265475
21925 11131026 0.43033659778603184 0.007673300907233647 0.27432 -0.06844913464651836 2.0566212421265475
21926 11131026 0.43021082474232664 0.007672625214720613 0.27432 -0.06844913464651836 2.0566212421265475
21927 11131026 0.4300850516986214 0.007671949522207578 0.27432 -0.06844913464651836 2.0566212421265475
21928 11131026 0.4299592786549162 0.007671273829694544 0.27432 -0.06844913464651836 2.0566212421265475
21929 11131026 0.4298335056112109 0.00767059813718151 0.27432 -0.06844913464651836 2.0566212421265475
21930 11131026 0.4297077325675057 0.007669922444668476 0.27432 -0.06844913464651836 2.0566212421265475
21931 11131026 0.42958195952380046 0.007669246752155442 0.27432 -0.06844913464651836 2.0566212421265475
21932 11131026 0.42945618648009526 0.007668571059642408 0.27432 -0.06844913464651836 2.0566212421265475
21933 11131026 0.42933041343639 0.007667895367129374 0.27432 -0.06844913464651836 2.0566212421265475
21934 11131026 0.4292046403926848 0.00766721967461634 0.27432 -0.06844913464651836 2.0566212421265475
21935 11131026 0.42907886734897954 0.007666543982103305 0.27432 -0.06844913464651836 2.0566212421265475
21936 11131026 0.42895309430527434 0.007665868289590271 0.27432 -0.06844913464651836 2.0566212421265475
21937 11131026 0.4288273212615691 0.007665192597077237 0.27432 -0.06844913464651836 2.0566212421265475
21938 11131026 0.4287015482178639 0.007664516904564203 0.27432 -0.06844913464651836 2.0566212421265475
21939 11131026 0.4285757751741586 0.007663841212051169 0.27432 -0.06844913464651836 2.0566212421265475
21940 11131026 0.4284500021304534 0.007663165519538135 0.27432 -0.06844913464651836 2.0566212421265475
21941 11131026 0.42832422908674816 0.007662489827025101 0.27432 -0.06844913464651836 2.0566212421265475
21942 11131026 0.42819845604304296 0.007661814134512067 0.27432 -0.06844913464651836 2.0566212421265475
21943 11131026 0.4280726829993377 0.0076611384419990325 0.27432 -0.06844913464651836 2.0566212421265475
21944 11131026 0.4279469099556325 0.007660462749485998 0.27432 -0.06844913464651836 2.0566212421265475
21945 11131026 0.42782113691192725 0.007659787056972964 0.27432 -0.06844913464651836 2.0566212421265475
21946 11131026 0.42769536386822204 0.00765911136445993 0.27432 -0.06844913464651836 2.0566212421265475
21947 11131026 0.4275695908245168 0.0076584356719468965 0.27432 -0.06844913464651836 2.0566212421265475
21948 11131026 0.4274438177808116 0.007657759979433862 0.27432 -0.06844913464651836 2.0566212421265475
21949 11131026 0.42731804473710633 0.007657084286920828 0.27432 -0.06844913464651836 2.0566212421265475
21950 11131026 0.4271922716934011 0.007656408594407794 0.27432 -0.06844913464651836 2.0566212421265475
21951 11131026 0.42706649864969587 0.0076557329018947596 0.27432 -0.06844913464651836 2.0566212421265475
21952 11131026 0.42694072560599067 0.007655057209381725 0.27432 -0.06844913464651836 2.0566212421265475
21953 11131026 0.4268149525622854 0.007654381516868691 0.27432 -0.06844913464651836 2.0566212421265475
21954 11131026 0.4266891795185802 0.007653705824355657 0.27432 -0.06844913464651836 2.0566212421265475
21955 11131026 0.42656340647487495 0.0076530301318426235 0.27432 -0.06844913464651836 2.0566212421265475
21956 11131026 0.42643763343116975 0.007652354439329589 0.27432 -0.06844913464651836 2.0566212421265475
21957 11131026 0.4263118603874645 0.007651678746816555 0.27432 -0.06844913464651836 2.0566212421265475
21958 11131026 0.4261860873437593 0.007651003054303521 0.27432 -0.06844913464651836 2.0566212421265475
21959 11131026 0.42606031430005403 0.007650327361790487 0.27432 -0.06844913464651836 2.0566212421265475
21960 11131026 0.42593454125634883 0.007649651669277452 0.27432 -0.06844913464651836 2.0566212421265475
21961 11131026 0.4258087682126436 0.007648975976764418 0.27432 -0.06844913464651836 2.0566212421265475
21962 11131026 0.42568299516893837 0.007648300284251384 0.27432 -0.06844913464651836 2.0566212421265475
21963 11131026 0.4255572221252331 0.007647624591738351 0.27432 -0.06844913464651836 2.0566212421265475
21964 11131026 0.4254314490815279 0.007646948899225316 0.27432 -0.06844913464651836 2.0566212421265475
21965 11131026 0.42530567603782266 0.007646273206712282 0.27432 -0.06844913464651836 2.0566212421265475
21966 11131026 0.42517990299411745 0.007645597514199248 0.27432 -0.06844913464651836 2.0566212421265475
21967 11131026 0.4250541299504122 0.007644921821686214 0.27432 -0.06844913464651836 2.0566212421265475
21968 11131026 0.42492835690670694 0.0076442461291731795 0.27432 -0.06844913464651836 2.0566212421265475
21969 11131026 0.42480258386300174 0.007643570436660145 0.27432 -0.06844913464651836 2.0566212421265475
21970 11131026 0.4246768108192965 0.007642894744147111 0.27432 -0.06844913464651836 2.0566212421265475
21971 11131026 0.4245510377755913 0.007642219051634078 0.27432 -0.06844913464651836 2.0566212421265475
21972 11131026 0.424425264731886 0.0076415433591210434 0.27432 -0.06844913464651836 2.0566212421265475
21973 11131026 0.4242994916881808 0.007640867666608009 0.27432 -0.06844913464651836 2.0566212421265475
21974 11131026 0.42417371864447556 0.007640191974094975 0.27432 -0.06844913464651836 2.0566212421265475
21975 11131026 0.42404794560077036 0.007639516281581941 0.27432 -0.06844913464651836 2.0566212421265475
21976 11131026 0.4239221725570651 0.0076388405890689065 0.27432 -0.06844913464651836 2.0566212421265475
21977 11131026 0.4237963995133599 0.007638164896555872 0.27432 -0.06844913464651836 2.0566212421265475
21978 11131026 0.42367062646965464 0.007637489204042838 0.27432 -0.06844913464651836 2.0566212421265475
