18762 10561439 0.8104067176314332 0.24050604038591156 0.0 4.6273977947847325 0.15401055295466892
18763 10561439 0.8099657469472538 0.24105902047127944 0.0 4.6273977947847325 0.15401055295466892
18764 10561439 0.8060332282132181 0.2415261589536853 0.0 4.6273977947847325 0.15401055295466892
18765 10561439 0.805239947903966 0.23909833157876087 0.0 4.6273977947847325 0.15401055295466892
18766 10561439 0.8044466675947141 0.23667050420383648 0.0 4.6273977947847325 0.15401055295466892
18767 10561439 0.8032815999752918 0.23392021281597544 0.0 4.6273977947847325 0.15401055295466892
18768 10561439 0.8021165323558697 0.2311699214281144 0.0 4.6273977947847325 0.15401055295466892
18769 10561439 0.8009514647364474 0.2284196300402534 0.0 4.6273977947847325 0.15401055295466892
18770 10561439 0.7997863971170253 0.22566933865239236 0.0 4.6273977947847325 0.15401055295466892
18771 10561439 0.798621329497603 0.22291904726453132 0.0 4.6273977947847325 0.15401055295466892
18772 10561439 0.7970692585643427 0.21816895063997888 0.0 4.6273977947847325 0.15401055295466892
18773 10561439 0.7932859496162912 0.21882099296599422 0.0 4.6273977947847325 0.15401055295466892
18774 10561439 0.7933305918429321 0.2108037363571731 0.0 4.6273977947847325 0.15401055295466892
18775 10561439 0.7933752340695731 0.20278647974835193 0.0 4.6273977947847325 0.15401055295466892
18776 10561439 0.7930757837226551 0.19860844545807044 0.036576 4.6273977947847325 0.15401055295466892
18777 10561439 0.792776333375737 0.19443041116778897 0.073152 4.6273977947847325 0.15401055295466892
18778 10561439 0.792476883028819 0.19025237687750748 0.10972799999999999 4.6273977947847325 0.15401055295466892
18779 10561439 0.792177432681901 0.18607434258722602 0.146304 4.6273977947847325 0.15401055295466892
18780 10561439 0.791877982334983 0.18189630829694453 0.18288 4.6273977947847325 0.15401055295466892
18781 10561439 0.7913789076576117 0.1749329162375103 0.19304 4.6273977947847325 0.15401055295466892
18782 10561439 0.7908798329802404 0.16796952417807606 0.20320000000000002 4.6273977947847325 0.15401055295466892
18783 10561439 0.7903807583028691 0.16100613211864184 0.21336000000000002 4.6273977947847325 0.15401055295466892
18784 10561439 0.7888114496852157 0.1562032547086633 0.22860000000000003 4.6273977947847325 0.15401055295466892
18785 10561439 0.7872421410675621 0.1514003772986848 0.24384 4.6273977947847325 0.15401055295466892
18786 10561439 0.7877587789362595 0.1455070369792707 0.24384 4.6273977947847325 0.15401055295466892
18787 10561439 0.7882754168049569 0.13961369665985662 0.24384 4.6273977947847325 0.15401055295466892
18788 10561439 0.7887920546736544 0.13372035634044252 0.24384 4.6273977947847325 0.15401055295466892
18789 10561439 0.7893086925423518 0.12782701602102842 0.24384 4.6273977947847325 0.15401055295466892
18790 10561439 0.7896397267808039 0.12442335513870204 0.24892 4.6273977947847325 0.15401055295466892
18791 10561439 0.7899707610192559 0.12101969425637565 0.254 4.6273977947847325 0.15401055295466892
18792 10561439 0.7903017952577079 0.11761603337404927 0.25908 4.6273977947847325 0.15401055295466892
18793 10561439 0.79063282949616 0.11421237249172289 0.26416 4.6273977947847325 0.15401055295466892
18794 10561439 0.790963863734612 0.11080871160939651 0.26924000000000003 4.6273977947847325 0.15401055295466892
18795 10561439 0.7912948979730641 0.10740505072707013 0.27432 4.6273977947847325 0.15401055295466892
18796 10561439 0.7916259322115161 0.10400138984474375 0.2794 4.6273977947847325 0.15401055295466892
18797 10561439 0.7919569664499682 0.10059772896241737 0.28448 4.6273977947847325 0.15401055295466892
18798 10561439 0.7922880006884202 0.09719406808009098 0.28956000000000004 4.6273977947847325 0.15401055295466892
18799 10561439 0.7926190349268722 0.0937904071977646 0.29464 4.6273977947847325 0.15401055295466892
18800 10561439 0.7929500691653243 0.09038674631543822 0.29972 4.6273977947847325 0.15401055295466892
18801 10561439 0.7932811034037763 0.08698308543311184 0.3048 4.6273977947847325 0.15401055295466892
18802 10561439 0.7944293920999783 0.08603210442028757 0.3048 4.6273977947847325 0.15401055295466892
18803 10561439 0.7955776807961804 0.08508112340746328 0.3048 4.6273977947847325 0.15401055295466892
18804 10561439 0.7967259694923824 0.08413014239463901 0.3048 4.6273977947847325 0.15401055295466892
18805 10561439 0.7978742581885844 0.08317916138181472 0.3048 4.6273977947847325 0.15401055295466892
18806 10561439 0.7990225468847864 0.08222818036899045 0.3048 4.6273977947847325 0.15401055295466892
18807 10561439 0.8001708355809884 0.08127719935616616 0.3048 4.6273977947847325 0.15401055295466892
18808 10561439 0.8013191242771904 0.08032621834334189 0.3048 4.6273977947847325 0.15401055295466892
18809 10561439 0.8047963144328149 0.07919009059716514 0.3048 4.6273977947847325 0.15401055295466892
18810 10561439 0.8082735045884394 0.07805396285098841 0.3048 4.6273977947847325 0.15401055295466892
18811 10561439 0.8117506947440638 0.07691783510481166 0.3048 4.6273977947847325 0.15401055295466892
18812 10561439 0.8124059977871754 0.07892343616274389 0.3048 4.6273977947847325 0.15401055295466892
18813 10561439 0.8159415729685424 0.07887207172587755 0.3048 4.6273977947847325 0.15401055295466892
18814 10561439 0.8194771481499095 0.07882070728901124 0.3048 4.6273977947847325 0.15401055295466892
18815 10561439 0.8230127233312765 0.0787693428521449 0.3048 4.6273977947847325 0.15401055295466892
18816 10561439 0.8265482985126436 0.07871797841527858 0.3048 4.6273977947847325 0.15401055295466892
18817 10561439 0.8300838736940106 0.07866661397841225 0.3048 4.6273977947847325 0.15401055295466892
18818 10561439 0.8336194488753776 0.07861524954154592 0.3048 4.6273977947847325 0.15401055295466892
18819 10561439 0.8371550240567447 0.0785638851046796 0.3048 4.6273977947847325 0.15401055295466892
18820 10561439 0.8406905992381118 0.07851252066781327 0.3048 4.6273977947847325 0.15401055295466892
18821 10561439 0.8442261744194789 0.07846115623094695 0.3048 4.6273977947847325 0.15401055295466892
18822 10561439 0.8477617496008459 0.07840979179408061 0.3048 4.6273977947847325 0.15401055295466892
18823 10561439 0.851297324782213 0.0783584273572143 0.3048 4.6273977947847325 0.15401055295466892
18824 10561439 0.85483289996358 0.07830706292034796 0.3048 4.6273977947847325 0.15401055295466892
18825 10561439 0.8583684751449471 0.07825569848348163 0.3048 4.6273977947847325 0.15401055295466892
18826 10561439 0.8619040503263141 0.07820433404661531 0.3048 4.6273977947847325 0.15401055295466892
18827 10561439 0.8654396255076812 0.07815296960974898 0.3048 4.6273977947847325 0.15401055295466892
18828 10561439 0.8689752006890482 0.07810160517288266 0.3048 4.6273977947847325 0.15401055295466892
18829 10561439 0.8725107758704153 0.07805024073601632 0.3048 4.6273977947847325 0.15401055295466892
18830 10561439 0.8760463510517823 0.07799887629914999 0.3048 4.6273977947847325 0.15401055295466892
18831 10561439 0.8795819262331493 0.07794751186228367 0.3048 4.6273977947847325 0.15401055295466892
18832 10561439 0.8831175014145164 0.07789614742541734 0.3048 4.6273977947847325 0.15401055295466892
18833 10561439 0.8866530765958835 0.07784478298855102 0.3048 4.6273977947847325 0.15401055295466892
18834 10561439 0.8901886517772506 0.07779341855168469 0.3048 4.6273977947847325 0.15401055295466892
18835 10561439 0.8937242269586176 0.07774205411481837 0.3048 4.6273977947847325 0.15401055295466892
18836 10561439 0.8972598021399847 0.07769068967795204 0.3048 4.6273977947847325 0.15401055295466892
18837 10561439 0.9007953773213517 0.0776393252410857 0.3048 4.6273977947847325 0.15401055295466892
18838 10561439 0.9043309525027188 0.07758796080421938 0.3048 4.6273977947847325 0.15401055295466892
18839 10561439 0.9078665276840858 0.07753659636735305 0.3048 4.6273977947847325 0.15401055295466892
18840 10561439 0.9114021028654529 0.07748523193048673 0.3048 4.6273977947847325 0.15401055295466892
18841 10561439 0.9149376780468199 0.0774338674936204 0.3048 4.6273977947847325 0.15401055295466892
18842 10561439 0.9231304924321035 0.07750252670533751 0.3048 4.6273977947847325 0.15401055295466892
18843 10561439 0.9313233068173872 0.07757118591705463 0.3048 4.6273977947847325 0.15401055295466892
18844 10561439 0.9363461782729477 0.07826664951584539 0.31242000000000003 4.6273977947847325 0.15401055295466892
18845 10561439 0.9413690497285083 0.07896211311463613 0.32004 4.6273977947847325 0.15401055295466892
18846 10561439 0.9463919211840689 0.0796575767134269 0.32766 4.6273977947847325 0.15401055295466892
18847 10561439 0.9514147926396295 0.08035304031221766 0.33528 4.6273977947847325 0.15401055295466892
18848 10561439 0.957687055563652 0.08052349379140356 0.33528 4.6273977947847325 0.15401055295466892
18849 10561439 0.9639593184876745 0.08069394727058946 0.33528 4.6273977947847325 0.15401055295466892
18850 10561439 0.970231581411697 0.08086440074977536 0.33528 4.6273977947847325 0.15401055295466892
18851 10561439 0.9779799662328678 0.07739828911171498 0.33528 4.6273977947847325 0.15401055295466892
18852 10561439 0.9867882401122917 0.07989452075554347 0.33528 4.6273977947847325 0.15401055295466892
18853 10561439 0.9940008717564801 0.08022507642752927 0.33528 4.6273977947847325 0.15401055295466892
18854 10561439 1.0012135034006684 0.08055563209951506 0.33528 4.6273977947847325 0.15401055295466892
18855 10561439 1.0060280736010256 0.07898266694089329 0.33528 4.6273977947847325 0.15401055295466892
18856 10561439 1.0112438591993484 0.07727862506826778 0.33528 4.6273977947847325 0.15401055295466892
18857 10561439 1.019122095930155 0.07828741601625748 0.33528 4.6273977947847325 0.15401055295466892
18858 10561439 1.0270003326609616 0.07929620696424719 0.33528 4.6273977947847325 0.15401055295466892
18859 10561439 1.0348785693917681 0.08030499791223689 0.33528 4.6273977947847325 0.15401055295466892
18860 10561439 1.0372858545778416 0.07951852684562942 0.33528 4.6273977947847325 0.15401055295466892
18861 10561439 1.0396931397639149 0.07873205577902195 0.33528 4.6273977947847325 0.15401055295466892
18862 10561439 1.0519524918475311 0.08091865386005691 0.33528 4.6273977947847325 0.15401055295466892
18863 10561439 1.0571291675944157 0.08045409905698662 0.33528 4.6273977947847325 0.15401055295466892
18864 10561439 1.0623058433413002 0.07998954425391636 0.33528 4.6273977947847325 0.15401055295466892
18865 10561439 1.0674825190881845 0.07952498945084607 0.33528 4.6273977947847325 0.15401055295466892
18866 10561439 1.072659194835069 0.07906043464777579 0.33528 4.6273977947847325 0.15401055295466892
18867 10561439 1.0786509150239914 0.07973152534438116 0.33528 4.6273977947847325 0.15401055295466892
18868 10561439 1.0846426352129137 0.08040261604098654 0.33528 4.6273977947847325 0.15401055295466892
18869 10561439 1.0955948534896096 0.08266583908858116 0.33528 4.6273977947847325 0.15401055295466892
18870 10561439 1.100993664710387 0.08043476671112132 0.33528 4.6273977947847325 0.15401055295466892
18871 10561439 1.1094500242427006 0.08035910912591056 0.33528 4.6273977947847325 0.15401055295466892
18872 10561439 1.117906383775014 0.0802834515406998 0.33528 4.6273977947847325 0.15401055295466892
18873 10561439 1.126469824175948 0.07795314177934876 0.33528 4.6273977947847325 0.15401055295466892
18874 10561439 1.132845500300642 0.0784404253724402 0.33528 4.6273977947847325 0.15401055295466892
18875 10561439 1.139221176425336 0.07892770896553164 0.33528 4.6273977947847325 0.15401055295466892
18876 10561439 1.1513080316056636 0.08058668081706465 0.33528 4.6273977947847325 0.15401055295466892
18877 10561439 1.1593323158343363 0.0779652451466516 0.33528 4.6273977947847325 0.15401055295466892
18878 10561439 1.160910654931036 0.08007819118609634 0.33528 4.6273977947847325 0.15401055295466892
18879 10561439 1.1624889940277354 0.08219113722554108 0.33528 4.6273977947847325 0.15401055295466892
18880 10561439 1.1753278473022934 0.07799686493618029 0.33528 4.6273977947847325 0.15401055295466892
18881 10561439 1.184812946429218 0.0782160909364863 0.33528 4.6273977947847325 0.15401055295466892
18882 10561439 1.1942980455561427 0.07843531693679229 0.33528 4.6273977947847325 0.15401055295466892
18883 10561439 1.2037831446830671 0.0786545429370983 0.33528 4.6273977947847325 0.15401055295466892
18884 10561439 1.2132682438099918 0.07887376893740429 0.33528 4.6273977947847325 0.15401055295466892
18885 10561439 1.2227533429369164 0.0790929949377103 0.33528 4.6273977947847325 0.15401055295466892
18886 10561439 1.2262820334755236 0.0790208823151136 0.33528 4.6273977947847325 0.15401055295466892
18887 10561439 1.2298107240141305 0.0789487696925169 0.33528 4.6273977947847325 0.15401055295466892
18888 10561439 1.238220284021286 0.07954568937871867 0.33528 4.6273977947847325 0.15401055295466892
18889 10561439 1.2466298440284413 0.08014260906492043 0.33528 4.6273977947847325 0.15401055295466892
18890 10561439 1.2550394040355968 0.08073952875112218 0.33528 4.6273977947847325 0.15401055295466892
18891 10561439 1.2634489640427522 0.08133644843732395 0.33528 4.6273977947847325 0.15401055295466892
18892 10561439 1.2706708201556847 0.07897727467694454 0.33528 4.6273977947847325 0.15401055295466892
18893 10561439 1.277892676268617 0.07661810091656515 0.33528 4.6273977947847325 0.15401055295466892
18894 10561439 1.2855837871680131 0.07796086950960969 0.33528 4.6273977947847325 0.15401055295466892
18895 10561439 1.2932748980674096 0.07930363810265421 0.33528 4.6273977947847325 0.15401055295466892
18896 10561439 1.3009660089668058 0.08064640669569875 0.33528 4.6273977947847325 0.15401055295466892
18897 10561439 1.3078000432379122 0.0808380745592564 0.33528 4.6273977947847325 0.15401055295466892
18898 10561439 1.3146340775090186 0.08102974242281405 0.33528 4.6273977947847325 0.15401055295466892
18899 10561439 1.321468111780125 0.08122141028637168 0.33528 4.6273977947847325 0.15401055295466892
18900 10561439 1.3283021460512314 0.08141307814992933 0.33528 4.6273977947847325 0.15401055295466892
18901 10561439 1.3389021099823166 0.0806958491349589 0.33528 4.6273977947847325 0.15401055295466892
18902 10561439 1.3495020739134018 0.07997862011998848 0.33528 4.6273977947847325 0.15401055295466892
18903 10561439 1.3513593692603847 0.07968344798250289 0.33528 4.6273977947847325 0.15401055295466892
18904 10561439 1.3532166646073678 0.07938827584501729 0.33528 4.6273977947847325 0.15401055295466892
18905 10561439 1.3550739599543506 0.0790931037075317 0.33528 4.6273977947847325 0.15401055295466892
18906 10561439 1.3661685906793148 0.08043398753774737 0.33528 4.6273977947847325 0.15401055295466892
18907 10561439 1.377263221404279 0.08177487136796305 0.33528 4.6273977947847325 0.15401055295466892
18908 10561439 1.3832131146931586 0.08041542725432707 0.33528 4.6273977947847325 0.15401055295466892
18909 10561439 1.3891630079820383 0.0790559831406911 0.33528 4.6273977947847325 0.15401055295466892
18910 10561439 1.3958179389236312 0.07898496917953943 0.33528 4.6273977947847325 0.15401055295466892
18911 10561439 1.402472869865224 0.07891395521838777 0.33528 4.6273977947847325 0.15401055295466892
18912 10561439 1.409127800806817 0.07884294125723611 0.33528 4.6273977947847325 0.15401055295466892
18913 10561439 1.41578273174841 0.07877192729608445 0.33528 4.6273977947847325 0.15401055295466892
18914 10561439 1.4224376626900028 0.07870091333493279 0.33528 4.6273977947847325 0.15401055295466892
18915 10561439 1.4248449484247525 0.07791457480631428 0.33528 4.6273977947847325 0.15401055295466892
18916 10561439 1.4272522341595022 0.07712823627769577 0.33528 4.6273977947847325 0.15401055295466892
18917 10561439 1.4273314145626796 0.07702050700074502 0.3353377272727273 4.6273977947847325 0.15401055295466892
18918 10561439 1.427410594965857 0.07691277772379425 0.33539545454545455 4.6273977947847325 0.15401055295466892
18919 10561439 1.4274897753690345 0.0768050484468435 0.33545318181818184 4.6273977947847325 0.15401055295466892
18920 10561439 1.427568955772212 0.07669731916989274 0.33551090909090914 4.6273977947847325 0.15401055295466892
18921 10561439 1.4276481361753894 0.07658958989294197 0.3355686363636364 4.6273977947847325 0.15401055295466892
18922 10561439 1.4277273165785669 0.07648186061599122 0.33562636363636367 4.6273977947847325 0.15401055295466892
18923 10561439 1.4278064969817443 0.07637413133904046 0.3356840909090909 4.6273977947847325 0.15401055295466892
18924 10561439 1.4278856773849218 0.07626640206208969 0.3357418181818182 4.6273977947847325 0.15401055295466892
18925 10561439 1.4279648577880992 0.07615867278513894 0.3357995454545455 4.6273977947847325 0.15401055295466892
18926 10561439 1.428044038191277 0.07605094350818818 0.3358572727272727 4.6273977947847325 0.15401055295466892
18927 10561439 1.4281232185944543 0.07594321423123741 0.335915 4.6273977947847325 0.15401055295466892
18928 10561439 1.4282023989976318 0.07583548495428666 0.3359727272727273 4.6273977947847325 0.15401055295466892
18929 10561439 1.4282815794008092 0.0757277556773359 0.33603045454545455 4.6273977947847325 0.15401055295466892
18930 10561439 1.4283607598039867 0.07562002640038513 0.33608818181818184 4.6273977947847325 0.15401055295466892
18931 10561439 1.4284399402071641 0.07551229712343438 0.33614590909090913 4.6273977947847325 0.15401055295466892
18932 10561439 1.4285191206103416 0.07540456784648362 0.33620363636363637 4.6273977947847325 0.15401055295466892
18933 10561439 1.428598301013519 0.07529683856953286 0.33626136363636366 4.6273977947847325 0.15401055295466892
18934 11322591 0.8944033239111656 0.07982033936618631 0.33528 4.6273977947847325 0.15401055295466892
18934 10561439 1.4286774814166965 0.0751891092925821 0.33631909090909096 4.6273977947847325 0.15401055295466892
18935 11322591 0.8999421512173437 0.08046402844861095 0.33528 4.6273977947847325 0.15401055295466892
18935 10561439 1.428756661819874 0.07508138001563135 0.3363768181818182 4.6273977947847325 0.15401055295466892
18936 10561439 1.4288358422230514 0.07497365073868058 0.3364345454545455 4.6273977947847325 0.15401055295466892
18936 11322591 0.9054809785235217 0.0811077175310356 0.33528 4.6273977947847325 0.15401055295466892
18937 11322591 0.9109508262746179 0.08154029627439704 0.33528 4.6273977947847325 0.15401055295466892
18937 10561439 1.4289150226262288 0.07486592146172982 0.3364922727272727 4.6273977947847325 0.15401055295466892
18938 11322591 0.9161620102680577 0.0811811930388424 0.33528 4.6273977947847325 0.15401055295466892
18938 10561439 1.4289942030294063 0.07475819218477907 0.33655 4.6273977947847325 0.15401055295466892
18939 11322591 0.9213731942614973 0.08082208980328776 0.33528 4.6273977947847325 0.15401055295466892
18939 10561439 1.4290733834325837 0.0746504629078283 0.3366077272727273 4.6273977947847325 0.15401055295466892
18940 11322591 0.9260134024671067 0.08098055237989399 0.33528 4.6273977947847325 0.15401055295466892
18940 10561439 1.4291525638357612 0.07454273363087754 0.33666545454545455 4.6273977947847325 0.15401055295466892
18941 11322591 0.9306536106727161 0.08113901495650024 0.33528 4.6273977947847325 0.15401055295466892
18941 10561439 1.4292317442389386 0.07443500435392679 0.33672318181818184 4.6273977947847325 0.15401055295466892
18942 10561439 1.429310924642116 0.07432727507697602 0.33678090909090913 4.6273977947847325 0.15401055295466892
18942 11322591 0.9352938188783255 0.08129747753310647 0.33528 4.6273977947847325 0.15401055295466892
18943 11322591 0.9406538745611144 0.08071451252470369 0.33528 4.6273977947847325 0.15401055295466892
18943 10561439 1.4293901050452935 0.07421954580002527 0.33683863636363637 4.6273977947847325 0.15401055295466892
18944 11322591 0.9460139302439033 0.08013154751630089 0.33528 4.6273977947847325 0.15401055295466892
18944 10561439 1.429469285448471 0.07411181652307451 0.33689636363636366 4.6273977947847325 0.15401055295466892
18945 10561439 1.4295484658516486 0.07400408724612374 0.33695409090909095 4.6273977947847325 0.15401055295466892
18945 11322591 0.951518255917158 0.08066971602573647 0.36576 4.6273977947847325 0.15401055295466892
18946 10561439 1.429627646254826 0.07389635796917299 0.3370118181818182 4.6273977947847325 0.15401055295466892
18946 11322591 0.9571605305296821 0.08163012316013835 0.33528 4.6273977947847325 0.15401055295466892
18947 10561439 1.4297068266580035 0.07378862869222223 0.3370695454545455 4.6273977947847325 0.15401055295466892
18947 11322591 0.9627338275245065 0.08237941749218966 0.33528 4.6273977947847325 0.15401055295466892
18948 11322591 0.9651411118661861 0.08159292134219011 0.33528 4.6273977947847325 0.15401055295466892
18948 10561439 1.429786007061181 0.07368089941527146 0.3371272727272727 4.6273977947847325 0.15401055295466892
18949 11322591 0.9754600006174824 0.08055811854348682 0.33528 4.6273977947847325 0.15401055295466892
18949 10561439 1.4298651874643584 0.07357317013832071 0.337185 4.6273977947847325 0.15401055295466892
18950 10561439 1.4299443678675359 0.07346544086136995 0.3372427272727273 4.6273977947847325 0.15401055295466892
18950 11322591 0.9808890259270179 0.0801863014162206 0.33528 4.6273977947847325 0.15401055295466892
18951 10561439 1.4300235482707133 0.07335771158441919 0.33730045454545454 4.6273977947847325 0.15401055295466892
18951 11322591 0.9863180512365534 0.0798144842889544 0.33528 4.6273977947847325 0.15401055295466892
18952 10561439 1.4301027286738908 0.07324998230746843 0.33735818181818183 4.6273977947847325 0.15401055295466892
18952 11322591 0.9919026090201697 0.08032646776209712 0.33528 4.6273977947847325 0.15401055295466892
18953 10561439 1.4301819090770682 0.07314225303051768 0.3374159090909091 4.6273977947847325 0.15401055295466892
18953 11322591 0.9977278934561498 0.08075980714235484 0.33528 4.6273977947847325 0.15401055295466892
18954 10561439 1.4302610894802457 0.07303452375356691 0.33747363636363636 4.6273977947847325 0.15401055295466892
18954 11322591 1.0029390644393588 0.08040076773957197 0.33528 4.6273977947847325 0.15401055295466892
18955 11322591 1.0081502354225678 0.0800417283367891 0.33528 4.6273977947847325 0.15401055295466892
18955 10561439 1.430340269883423 0.07292679447661615 0.33753136363636366 4.6273977947847325 0.15401055295466892
18956 11322591 1.0137580050851758 0.08089662146182414 0.33528 4.6273977947847325 0.15401055295466892
18956 10561439 1.4304194502866006 0.0728190651996654 0.33758909090909095 4.6273977947847325 0.15401055295466892
18957 10561439 1.430498630689778 0.07271133592271463 0.3376468181818182 4.6273977947847325 0.15401055295466892
18957 11322591 1.019227825122694 0.08132928347945367 0.33528 4.6273977947847325 0.15401055295466892
18958 11322591 1.0244734791012016 0.08107581880216354 0.33528 4.6273977947847325 0.15401055295466892
18958 10561439 1.4305778110929555 0.07260360664576387 0.3377045454545455 4.6273977947847325 0.15401055295466892
18959 11322591 1.029719133079709 0.0808223541248734 0.33528 4.6273977947847325 0.15401055295466892
18959 10561439 1.430656991496133 0.07249587736881312 0.33776227272727277 4.6273977947847325 0.15401055295466892
18960 11322591 1.0354409470901351 0.08093904762807032 0.33528 4.6273977947847325 0.15401055295466892
18960 10561439 1.4307361718993103 0.07238814809186235 0.33782 4.6273977947847325 0.15401055295466892
18961 11322591 1.0387216662687373 0.08255421670744947 0.33528 4.6273977947847325 0.15401055295466892
18961 10561439 1.4308153523024878 0.0722804188149116 0.3378777272727273 4.6273977947847325 0.15401055295466892
18962 10561439 1.4308945327056652 0.07217268953796084 0.33793545454545454 4.6273977947847325 0.15401055295466892
18962 11322591 1.0460237627538558 0.0801685930824892 0.33528 4.6273977947847325 0.15401055295466892
18963 11322591 1.051101820245296 0.08029536394270284 0.33528 4.6273977947847325 0.15401055295466892
18963 10561439 1.4309737131088427 0.07206496026101007 0.33799318181818183 4.6273977947847325 0.15401055295466892
18964 11322591 1.0561798777367362 0.08042213480291648 0.33528 4.6273977947847325 0.15401055295466892
18964 10561439 1.4310528935120204 0.07195723098405932 0.3380509090909091 4.6273977947847325 0.15401055295466892
18965 10561439 1.4311320739151978 0.07184950170710856 0.33810863636363636 4.6273977947847325 0.15401055295466892
18965 11322591 1.0612579352281761 0.08054890566313011 0.33528 4.6273977947847325 0.15401055295466892
18966 10561439 1.4312112543183753 0.0717417724301578 0.33816636363636365 4.6273977947847325 0.15401055295466892
18966 11322591 1.0663359927196163 0.08067567652334375 0.33528 4.6273977947847325 0.15401055295466892
18967 10561439 1.4312904347215527 0.07163404315320704 0.33822409090909095 4.6273977947847325 0.15401055295466892
18967 11322591 1.0714140502110565 0.08080244738355738 0.33528 4.6273977947847325 0.15401055295466892
18968 10561439 1.4313696151247302 0.07152631387625628 0.3382818181818182 4.6273977947847325 0.15401055295466892
18968 11322591 1.0764921077024967 0.08092921824377101 0.33528 4.6273977947847325 0.15401055295466892
18969 11322591 1.081570165193937 0.08105598910398466 0.33528 4.6273977947847325 0.15401055295466892
18969 10561439 1.4314487955279076 0.07141858459930552 0.3383395454545455 4.6273977947847325 0.15401055295466892
18970 11322591 1.0866482226853769 0.0811827599641983 0.33528 4.6273977947847325 0.15401055295466892
18970 10561439 1.431527975931085 0.07131085532235476 0.33839727272727277 4.6273977947847325 0.15401055295466892
18971 11322591 1.091726280176817 0.08130953082441193 0.33528 4.6273977947847325 0.15401055295466892
18971 10561439 1.4316071563342625 0.071203126045404 0.338455 4.6273977947847325 0.15401055295466892
18972 10561439 1.43168633673744 0.07109539676845324 0.3385127272727273 4.6273977947847325 0.15401055295466892
18972 11322591 1.0968043376682572 0.08143630168462557 0.33528 4.6273977947847325 0.15401055295466892
18973 11322591 1.1018823951596974 0.0815630725448392 0.33528 4.6273977947847325 0.15401055295466892
18973 10561439 1.4317655171406174 0.07098766749150248 0.33857045454545454 4.6273977947847325 0.15401055295466892
18974 11322591 1.1069604526511374 0.08168984340505284 0.33528 4.6273977947847325 0.15401055295466892
18974 10561439 1.4318446975437948 0.07087993821455173 0.33862818181818183 4.6273977947847325 0.15401055295466892
18975 11322591 1.1120385101425776 0.08181661426526647 0.33528 4.6273977947847325 0.15401055295466892
18975 10561439 1.4319238779469723 0.07077220893760096 0.3386859090909091 4.6273977947847325 0.15401055295466892
18976 11322591 1.1171165676340178 0.0819433851254801 0.33528 4.6273977947847325 0.15401055295466892
18976 10561439 1.4320030583501497 0.0706644796606502 0.33874363636363636 4.6273977947847325 0.15401055295466892
18977 11322591 1.1215206593363165 0.08319158631002506 0.33528 4.6273977947847325 0.15401055295466892
18978 11322591 1.1259247510386152 0.08443978749457001 0.33528 4.6273977947847325 0.15401055295466892
18979 11322591 1.13073931858302 0.08286690763322743 0.33528 4.6273977947847325 0.15401055295466892
18980 11322591 1.1386508766242904 0.08261878214915797 0.33528 4.6273977947847325 0.15401055295466892
18981 11322591 1.1445563626741864 0.08302602719541594 0.33528 4.6273977947847325 0.15401055295466892
18982 11322591 1.1503129664667546 0.08365715467342494 0.33528 4.6273977947847325 0.15401055295466892
18983 11322591 1.1560695702593229 0.08428828215143394 0.33528 4.6273977947847325 0.15401055295466892
18984 11322591 1.1616772914139577 0.0851432915571963 0.33528 4.6273977947847325 0.15401055295466892
18985 11322591 1.169554354123387 0.08478964098146384 0.33528 4.6273977947847325 0.15401055295466892
18986 11322591 1.1743689214276964 0.08321679096124167 0.33528 4.6273977947847325 0.15401055295466892
18987 11322591 1.180045606875549 0.08428293397946965 0.33528 4.6273977947847325 0.15401055295466892
18988 11322591 1.1855498658341135 0.08482128553229625 0.33528 4.6273977947847325 0.15401055295466892
18989 11322591 1.191054124792678 0.08535963708512284 0.33528 4.6273977947847325 0.15401055295466892
18990 11322591 1.1970630482552396 0.08608360457396905 0.33528 4.6273977947847325 0.15401055295466892
18991 11322591 1.2024058231621995 0.08544805786911998 0.33528 4.6273977947847325 0.15401055295466892
18992 11322591 1.2077485980691594 0.08481251116427091 0.33528 4.6273977947847325 0.15401055295466892
18993 11322591 1.2133563028336296 0.08566756122254772 0.33528 4.6273977947847325 0.15401055295466892
18994 11322591 1.2213712882815704 0.08573620714488171 0.33528 4.6273977947847325 0.15401055295466892
18995 11322591 1.2268410520377067 0.08616902870727416 0.33528 4.6273977947847325 0.15401055295466892
18996 11322591 1.2324487489506162 0.08702409594446221 0.33528 4.6273977947847325 0.15401055295466892
18997 11322591 1.2380564458635257 0.08787916318165026 0.33528 4.6273977947847325 0.15401055295466892
18998 11322591 1.242120967808364 0.08754439376425938 0.33528 4.6273977947847325 0.15401055295466892
18999 11322591 1.2461854897532025 0.08720962434686848 0.33528 4.6273977947847325 0.15401055295466892
19000 11322591 1.2543496736933806 0.08746321389368104 0.33528 4.6273977947847325 0.15401055295466892
19001 11322591 1.259364846671024 0.08582489072736277 0.33528 4.6273977947847325 0.15401055295466892
19002 11322591 1.2643800196486676 0.08418656756104448 0.33528 4.6273977947847325 0.15401055295466892
19003 11322591 1.2716018716269613 0.0818273910513742 0.33528 4.6273977947847325 0.15401055295466892
19004 11322591 1.2770716248094416 0.08226025133923393 0.33528 4.6273977947847325 0.15401055295466892
19005 11322591 1.280272024963774 0.08390174427417857 0.33528 4.6273977947847325 0.15401055295466892
19006 11322591 1.2834724251181064 0.08554323720912323 0.33528 4.6273977947847325 0.15401055295466892
19007 11322591 1.2840002010641742 0.08522309978753624 0.33528 4.6273977947847325 0.15401055295466892
19008 11322591 1.284527977010242 0.08490296236594924 0.33528 4.6273977947847325 0.15401055295466892
19009 11322591 1.2850557529563098 0.08458282494436226 0.33528 4.6273977947847325 0.15401055295466892
19010 11322591 1.2855835289023776 0.08426268752277527 0.33528 4.6273977947847325 0.15401055295466892
19011 11322591 1.2861113048484454 0.08394255010118827 0.33528 4.6273977947847325 0.15401055295466892
19012 11322591 1.2866390807945132 0.08362241267960129 0.33528 4.6273977947847325 0.15401055295466892
19013 11322591 1.287166856740581 0.0833022752580143 0.33528 4.6273977947847325 0.15401055295466892
19014 11322591 1.2876946326866487 0.08298213783642731 0.33528 4.6273977947847325 0.15401055295466892
19015 11322591 1.2882224086327165 0.08266200041484031 0.33528 4.6273977947847325 0.15401055295466892
19016 11322591 1.2887501845787843 0.08234186299325333 0.33528 4.6273977947847325 0.15401055295466892
19017 11322591 1.289277960524852 0.08202172557166634 0.33528 4.6273977947847325 0.15401055295466892
19018 11322591 1.28980573647092 0.08170158815007934 0.33528 4.6273977947847325 0.15401055295466892
19019 11322591 1.2903335124169877 0.08138145072849236 0.33528 4.6273977947847325 0.15401055295466892
19020 11322591 1.2908612883630555 0.08106131330690537 0.33528 4.6273977947847325 0.15401055295466892
19021 11322591 1.291389064309123 0.08074117588531837 0.33528 4.6273977947847325 0.15401055295466892
19022 11322591 1.2919168402551908 0.08042103846373139 0.33528 4.6273977947847325 0.15401055295466892
19023 11322591 1.2924446162012586 0.0801009010421444 0.33528 4.6273977947847325 0.15401055295466892
19024 11322591 1.2929723921473264 0.07978076362055742 0.33528 4.6273977947847325 0.15401055295466892
19025 11322591 1.2935001680933942 0.07946062619897042 0.33528 4.6273977947847325 0.15401055295466892
19026 11322591 1.294027944039462 0.07914048877738343 0.33528 4.6273977947847325 0.15401055295466892
19027 11322591 1.2945557199855298 0.07882035135579644 0.33528 4.6273977947847325 0.15401055295466892
19028 11322591 1.2950834959315976 0.07850021393420945 0.33528 4.6273977947847325 0.15401055295466892
19029 11322591 1.2956112718776653 0.07818007651262246 0.33528 4.6273977947847325 0.15401055295466892
19030 11322591 1.2961390478237331 0.07785993909103547 0.33528 4.6273977947847325 0.15401055295466892
19031 11322591 1.296666823769801 0.07753980166944847 0.33528 4.6273977947847325 0.15401055295466892
19032 11322591 1.2971945997158687 0.07721966424786149 0.33528 4.6273977947847325 0.15401055295466892
19033 11322591 1.2977223756619365 0.0768995268262745 0.33528 4.6273977947847325 0.15401055295466892
19034 11322591 1.2982501516080043 0.0765793894046875 0.33528 4.6273977947847325 0.15401055295466892
19035 11322591 1.298777927554072 0.07625925198310052 0.33528 4.6273977947847325 0.15401055295466892
19036 11322591 1.2993057035001399 0.07593911456151353 0.33528 4.6273977947847325 0.15401055295466892
19037 11322591 1.2998334794462076 0.07561897713992655 0.33528 4.6273977947847325 0.15401055295466892
19038 11322591 1.3003612553922754 0.07529883971833955 0.33528 4.6273977947847325 0.15401055295466892
19039 11322591 1.3008890313383432 0.07497870229675256 0.33528 4.6273977947847325 0.15401055295466892
19040 11322591 1.301416807284411 0.07465856487516558 0.33528 4.6273977947847325 0.15401055295466892
19041 11322591 1.3019445832304788 0.07433842745357858 0.33528 4.6273977947847325 0.15401055295466892
19042 11322591 1.3024723591765466 0.07401829003199159 0.33528 4.6273977947847325 0.15401055295466892
19043 11322591 1.3030001351226144 0.0736981526104046 0.33528 4.6273977947847325 0.15401055295466892
19044 11322591 1.3035279110686822 0.0733780151888176 0.33528 4.6273977947847325 0.15401055295466892
19045 11322591 1.30405568701475 0.07305787776723062 0.33528 4.6273977947847325 0.15401055295466892
19046 11322591 1.3045834629608177 0.07273774034564363 0.33528 4.6273977947847325 0.15401055295466892
19047 11322591 1.3051112389068855 0.07241760292405663 0.33528 4.6273977947847325 0.15401055295466892
19048 11322591 1.3056390148529533 0.07209746550246965 0.33528 4.6273977947847325 0.15401055295466892
19049 11322591 1.3061667907990209 0.07177732808088266 0.33528 4.6273977947847325 0.15401055295466892
19050 11322591 1.3066945667450887 0.07145719065929568 0.33528 4.6273977947847325 0.15401055295466892
19051 11322591 1.3072223426911564 0.07113705323770868 0.33528 4.6273977947847325 0.15401055295466892
19052 11322591 1.3077501186372242 0.07081691581612169 0.33528 4.6273977947847325 0.15401055295466892
19053 11322591 1.308277894583292 0.0704967783945347 0.33528 4.6273977947847325 0.15401055295466892
19054 11322591 1.3088056705293598 0.07017664097294771 0.33528 4.6273977947847325 0.15401055295466892
19055 11322591 1.3093334464754276 0.06985650355136072 0.33528 4.6273977947847325 0.15401055295466892
19056 11322591 1.3098612224214954 0.06953636612977374 0.33528 4.6273977947847325 0.15401055295466892
19057 11322591 1.3103889983675632 0.06921622870818675 0.33528 4.6273977947847325 0.15401055295466892
19058 11322591 1.310916774313631 0.06889609128659975 0.33528 4.6273977947847325 0.15401055295466892
19059 11322591 1.3114445502596987 0.06857595386501276 0.33528 4.6273977947847325 0.15401055295466892
19060 11322591 1.3119723262057665 0.06825581644342577 0.33528 4.6273977947847325 0.15401055295466892
19061 11322591 1.3125001021518343 0.06793567902183878 0.33528 4.6273977947847325 0.15401055295466892
19062 11322591 1.3130278780979021 0.0676155416002518 0.33528 4.6273977947847325 0.15401055295466892
19063 11322591 1.31355565404397 0.06729540417866481 0.33528 4.6273977947847325 0.15401055295466892
19064 11322591 1.3140834299900377 0.06697526675707781 0.33528 4.6273977947847325 0.15401055295466892
19065 11322591 1.3146112059361055 0.06665512933549082 0.33528 4.6273977947847325 0.15401055295466892
19066 11322591 1.3151389818821733 0.06633499191390384 0.33528 4.6273977947847325 0.15401055295466892
