0 11355017 0.48793407754458595 -0.0022108346966193265 0.3048 0.4245377693332423 -2.013490476761575
1 11355017 0.4298299309659035 -0.004719845241646273 0.31242000000000003 0.4245377693332423 -2.013490476761575
2 11355017 0.3752495071237553 -0.003239494909148821 0.32766 0.4245377693332423 -2.013490476761575
3 11355017 0.3086159864828104 -0.0033107360367086447 0.33528 0.4245377693332423 -2.013490476761575
4 11355017 0.2537376137753432 -0.0013816629710801942 0.33528 0.4245377693332423 -2.013490476761575
5 11355017 0.17588764821873926 -0.0031602487486367403 0.35052000000000005 0.4245377693332423 -2.013490476761575
6 11355017 0.15106076269542457 -0.004392603556696434 0.35052000000000005 0.4245377693332423 -2.013490476761575
7 11355017 0.1085329502416782 -0.0013584555791148478 0.36576 0.4245377693332423 -2.013490476761575
8 11355017 0.00938852032263271 -0.003068614313028295 0.381 0.4245377693332423 -2.013490476761575
9 11355017 -0.01833780418738895 -0.002301235482214184 0.38481 0.4245377693332423 -2.013490476761575
10 11355017 -0.04606412869741061 -0.0015338566514000729 0.38862 0.4245377693332423 -2.013490476761575
11 11355017 -0.10452741779126296 -0.006491831469127102 0.40386 0.4245377693332423 -2.013490476761575
12 11355017 -0.16325018329248375 -0.006808145333808441 0.41910000000000003 0.4245377693332423 -2.013490476761575
13 11355017 -0.24176593590390838 -0.007897646224652582 0.43434000000000006 0.4245377693332423 -2.013490476761575
14 11355017 -0.29347569475167323 -0.012842054744720582 0.44958000000000004 0.4245377693332423 -2.013490476761575
15 11355017 -0.3549480830051239 -0.010155130583751643 0.45720000000000005 0.4245377693332423 -2.013490476761575
16 11355017 -0.40474271124352934 -0.014673386698182661 0.47243999999999997 0.4245377693332423 -2.013490476761575
17 11355017 -0.45623546347470256 -0.02003820071899673 0.48768 0.4245377693332423 -2.013490476761575
18 11355017 -0.5386778901406648 -0.02498174662588501 0.4953 0.4245377693332423 -2.013490476761575
19 11355017 -0.5877982288590287 -0.0312381732896663 0.50292 0.4245377693332423 -2.013490476761575
20 11355017 -0.6363491043481588 -0.04118550681180835 0.51054 0.4245377693332423 -2.013490476761575
21 11355017 -0.687212702564663 -0.047338762495492376 0.52578 0.4245377693332423 -2.013490476761575
22 11355017 -0.7530635749287122 -0.0640137251717526 0.5334 0.4245377693332423 -2.013490476761575
23 11355017 -0.8084314071723226 -0.07850769425632839 0.54864 0.4245377693332423 -2.013490476761575
24 11355017 -0.834937732325446 -0.08351076371850541 0.55245 0.4245377693332423 -2.013490476761575
25 11355017 -0.8614440574785693 -0.08851383318068243 0.55626 0.4245377693332423 -2.013490476761575
26 11355017 -0.941282587454529 -0.11264793300026946 0.5715 0.4245377693332423 -2.013490476761575
27 11355017 -0.9996886266135112 -0.12556315489834327 0.57912 0.4245377693332423 -2.013490476761575
28 11355017 -1.0684923290462052 -0.1458269203615287 0.59436 0.4245377693332423 -2.013490476761575
29 11355017 -1.1006250481528415 -0.157167959802516 0.6019800000000001 0.4245377693332423 -2.013490476761575
30 11355017 -1.154389766725713 -0.1721840839890534 0.6096 0.4245377693332423 -2.013490476761575
31 11355017 -1.220942401375792 -0.18827573233662523 0.6248400000000001 0.4245377693332423 -2.013490476761575
32 11355017 -1.2821457609043139 -0.20973815788533537 0.6400800000000001 0.4245377693332423 -2.013490476761575
33 11355017 -1.3317696089363176 -0.22295282978324518 0.6477 0.4245377693332423 -2.013490476761575
34 11355017 -1.4101279045047124 -0.2534089216311436 0.6629400000000001 0.4245377693332423 -2.013490476761575
35 11355017 -1.457724696271104 -0.26857107447722717 0.6781800000000001 0.4245377693332423 -2.013490476761575
36 11355017 -1.5148567540914584 -0.2884426069528858 0.6858000000000001 0.4245377693332423 -2.013490476761575
37 11355017 -1.5653277444153797 -0.3096744902729873 0.7010400000000001 0.4245377693332423 -2.013490476761575
38 11355017 -1.619707856443722 -0.3292770865170809 0.7086600000000001 0.4245377693332423 -2.013490476761575
39 11355017 -1.6865057786886426 -0.3569690675020408 0.7239000000000001 0.4245377693332423 -2.013490476761575
40 11355017 -1.7214236642906655 -0.3700259365531633 0.7277100000000001 0.4245377693332423 -2.013490476761575
41 11355017 -1.7563415498926884 -0.38308280560428576 0.73152 0.4245377693332423 -2.013490476761575
42 11355017 -1.812603985623199 -0.4030033939301991 0.74676 0.4245377693332423 -2.013490476761575
43 11355017 -1.8740790861036214 -0.427995296466114 0.75438 0.4245377693332423 -2.013490476761575
44 11355017 -1.938669443627074 -0.44893000019334095 0.762 0.4245377693332423 -2.013490476761575
45 11355017 -1.9959818224113135 -0.473413371908881 0.76962 0.4245377693332423 -2.013490476761575
46 11355017 -2.0589811127491053 -0.49626982221805116 0.77724 0.4245377693332423 -2.013490476761575
47 11355017 -2.1268350405321383 -0.5217440421326013 0.77724 0.4245377693332423 -2.013490476761575
48 11355017 -2.1915223866313127 -0.5456832124993969 0.77724 0.4245377693332423 -2.013490476761575
49 11355017 -2.2676273557073134 -0.574649824156861 0.78486 0.4245377693332423 -2.013490476761575
50 11355017 -2.3150304529188324 -0.5919158049103626 0.78486 0.4245377693332423 -2.013490476761575
51 11355017 -2.3624335501303513 -0.6091817856638642 0.78486 0.4245377693332423 -2.013490476761575
52 11355017 -2.422047941993104 -0.628469684379907 0.7924800000000001 0.4245377693332423 -2.013490476761575
53 11355017 -2.5308700257998824 -0.6623871308055398 0.8001 0.4245377693332423 -2.013490476761575
54 11355017 -2.5812434044104755 -0.6832953954788386 0.8153400000000001 0.4245377693332423 -2.013490476761575
55 11355017 -2.678481819437703 -0.7157432799165662 0.82296 0.4245377693332423 -2.013490476761575
56 11355017 -2.742089420049451 -0.735007923356029 0.8305800000000001 0.4245377693332423 -2.013490476761575
57 11355017 -2.786483033595007 -0.7512116221233948 0.8382000000000001 0.4245377693332423 -2.013490476761575
58 11355017 -2.8308766471405624 -0.7674153208907605 0.84582 0.4245377693332423 -2.013490476761575
59 11355017 -2.9021010621994483 -0.7868739617973292 0.8534400000000001 0.4245377693332423 -2.013490476761575
60 11355017 -2.978980016925333 -0.8154650198263144 0.86106 0.4245377693332423 -2.013490476761575
61 11355017 -3.0565240207311852 -0.8433704797921003 0.8763000000000001 0.4245377693332423 -2.013490476761575
62 11355017 -3.098942218652418 -0.8562466159091525 0.8763000000000001 0.4245377693332423 -2.013490476761575
63 11355017 -3.2045537113268523 -0.8938945997259974 0.8915400000000001 0.4245377693332423 -2.013490476761575
64 11355017 -3.2776622270524713 -0.9136686093135437 0.9067800000000001 0.4245377693332423 -2.013490476761575
65 11355017 -3.3842032253172114 -0.950075690625726 0.9220200000000001 0.4245377693332423 -2.013490476761575
66 11355017 -3.4212681245584857 -0.9642350810569523 0.9296400000000001 0.4245377693332423 -2.013490476761575
67 11355017 -3.4995095917030765 -0.9874686385521457 0.9448799999999999 0.4245377693332423 -2.013490476761575
68 11355017 -3.6068556671842495 -1.0236097933657649 0.96012 0.4245377693332423 -2.013490476761575
69 11355017 -3.643583063702431 -1.0332048864847176 0.96774 0.4245377693332423 -2.013490476761575
70 11355017 -3.6803104602206123 -1.0427999796036707 0.97536 0.4245377693332423 -2.013490476761575
71 11355017 -3.7847135209762364 -1.0810709556877611 0.9906 0.4245377693332423 -2.013490476761575
72 11355017 -3.822758023144858 -1.0887152751634246 0.99822 0.4245377693332423 -2.013490476761575
73 11355017 -3.948782132270865 -1.1343961159956653 1.02108 0.4245377693332423 -2.013490476761575
