30350 10926744 0.9141513412517651 0.08318162562627986 0.27432 2.4225798289808194 4.53827702241889
30351 10926744 0.919707405029561 0.08387810920603539 0.28956000000000004 2.4225798289808194 4.53827702241889
30352 10926744 0.9252634688073569 0.08457459278579092 0.3048 2.4225798289808194 4.53827702241889
30353 10926744 0.9303990074601297 0.08289670799097067 0.3048 2.4225798289808194 4.53827702241889
30354 10926744 0.9370028264313544 0.0819073790991626 0.3048 2.4225798289808194 4.53827702241889
30355 10926744 0.943606645402579 0.08091805020735454 0.3048 2.4225798289808194 4.53827702241889
30356 10926744 0.9523459621398224 0.08320312174206708 0.3048 2.4225798289808194 4.53827702241889
30357 10926744 0.9586090133952385 0.08606358418024136 0.3048 2.4225798289808194 4.53827702241889
30358 10926744 0.9642512825943603 0.08702399676033495 0.27432 2.4225798289808194 4.53827702241889
30359 10926744 0.9690658483709853 0.08545100632113452 0.27432 2.4225798289808194 4.53827702241889
30360 10926744 0.9742252897488234 0.08493360773200061 0.27432 2.4225798289808194 4.53827702241889
30361 10926744 0.9793847311266615 0.0844162091428667 0.27432 2.4225798289808194 4.53827702241889
30362 10926744 0.985988542185682 0.08342692597998161 0.28956000000000004 2.4225798289808194 4.53827702241889
30363 10926744 0.9925923532447024 0.08243764281709651 0.3048 2.4225798289808194 4.53827702241889
30364 10926744 0.9985210975459173 0.083187659044119 0.3048 2.4225798289808194 4.53827702241889
30365 10926744 1.0056946220178336 0.08475767445878189 0.3048 2.4225798289808194 4.53827702241889
30366 10926744 1.0128681464897498 0.08632768987344479 0.3048 2.4225798289808194 4.53827702241889
30367 10926744 1.017682712742492 0.08475473268608417 0.3048 2.4225798289808194 4.53827702241889
30368 10926744 1.0243906569458965 0.08489972183849924 0.3048 2.4225798289808194 4.53827702241889
30369 10926744 1.031098601149301 0.0850447109909143 0.3048 2.4225798289808194 4.53827702241889
30370 10926744 1.0370273318330538 0.08579475919805171 0.3048 2.4225798289808194 4.53827702241889
30371 10926744 1.0444096677518622 0.08338291819407892 0.3048 2.4225798289808194 4.53827702241889
30372 10926744 1.0502004495839914 0.0837107414964732 0.3048 2.4225798289808194 4.53827702241889
30373 10926744 1.0550150176261586 0.08213780984288299 0.3048 2.4225798289808194 4.53827702241889
30374 10926744 1.0624460368511566 0.08313697970381867 0.3048 2.4225798289808194 4.53827702241889
30375 10926744 1.0698770560761544 0.08413614956475435 0.3048 2.4225798289808194 4.53827702241889
30376 10926744 1.0773080753011524 0.08513531942569003 0.3048 2.4225798289808194 4.53827702241889
30377 10926744 1.0852196456793426 0.08488713427893377 0.3048 2.4225798289808194 4.53827702241889
30378 10926744 1.0903551841027013 0.08320936618124725 0.3048 2.4225798289808194 4.53827702241889
30379 10926744 1.0959397116728693 0.08372143122841091 0.3048 2.4225798289808194 4.53827702241889
30380 10926744 1.1032630526766853 0.08393803724831174 0.3048 2.4225798289808194 4.53827702241889
30381 10926744 1.1105863936805012 0.08415464326821256 0.3048 2.4225798289808194 4.53827702241889
30382 10926744 1.1179097346843172 0.08437124928811339 0.3048 2.4225798289808194 4.53827702241889
30383 10926744 1.125528168721166 0.08322585911285935 0.3048 2.4225798289808194 4.53827702241889
30384 10926744 1.133146602758015 0.08208046893760532 0.3048 2.4225798289808194 4.53827702241889
30385 10926744 1.1385814598395376 0.08186262784286394 0.3048 2.4225798289808194 4.53827702241889
30386 10926744 1.1440163169210604 0.08164478674812255 0.3048 2.4225798289808194 4.53827702241889
30387 10926744 1.149451174002583 0.08142694565338117 0.3048 2.4225798289808194 4.53827702241889
30388 10926744 1.1608841379058725 0.08271542290836534 0.3048 2.4225798289808194 4.53827702241889
30389 10926744 1.1688991424107977 0.08278400968034806 0.3048 2.4225798289808194 4.53827702241889
30390 10926744 1.1767762054827453 0.08243036718609073 0.3048 2.4225798289808194 4.53827702241889
30391 10926744 1.183518592944224 0.08268106630235414 0.3048 2.4225798289808194 4.53827702241889
30392 10926744 1.1902609804057027 0.08293176541861755 0.3048 2.4225798289808194 4.53827702241889
30393 10926744 1.199004789237431 0.08387213829144423 0.28956000000000004 2.4225798289808194 4.53827702241889
30394 10926744 1.2077485980691594 0.08481251116427091 0.27432 2.4225798289808194 4.53827702241889
30395 10926744 1.2153670176938054 0.08366721777839789 0.28956000000000004 2.4225798289808194 4.53827702241889
30396 10926744 1.2229854373184514 0.08252192439252486 0.3048 2.4225798289808194 4.53827702241889
30397 10926744 1.231061432165793 0.08241489272116899 0.29464 2.4225798289808194 4.53827702241889
30398 10926744 1.2391374270131346 0.08230786104981314 0.28448 2.4225798289808194 4.53827702241889
30399 10926744 1.247213421860476 0.08220082937845727 0.27432 2.4225798289808194 4.53827702241889
30400 10926744 1.2553888855872233 0.08221708719005845 0.27432 2.4225798289808194 4.53827702241889
30401 10926744 1.265819731269591 0.08505974436510838 0.28956000000000004 2.4225798289808194 4.53827702241889
30402 10926744 1.2762505769519585 0.0879024015401583 0.3048 2.4225798289808194 4.53827702241889
30403 11322591 1.370666630374739 0.004489232083776412 0.33528 2.4225798289808194 4.53827702241889
30403 10926744 1.2826793094800237 0.08311535602752367 0.27432 2.4225798289808194 4.53827702241889
30404 10926744 1.2881372902861778 0.08317239479810028 0.27432 2.4225798289808194 4.53827702241889
30404 11322591 1.3545588508316642 0.004657449838204986 0.33528 2.4225798289808194 4.53827702241889
30405 10926744 1.293595271092332 0.08322943356867687 0.27432 2.4225798289808194 4.53827702241889
30405 11322591 1.3384510712885893 0.004825667592633559 0.33528 2.4225798289808194 4.53827702241889
30406 10926744 1.299053251898486 0.08328647233925349 0.27432 2.4225798289808194 4.53827702241889
30406 11322591 1.3223432917455147 0.0049938853470621325 0.33528 2.4225798289808194 4.53827702241889
30407 11322591 1.3062355122024398 0.005162103101490706 0.33528 2.4225798289808194 4.53827702241889
30407 10926744 1.3045112327046402 0.0833435111098301 0.27432 2.4225798289808194 4.53827702241889
30408 10926744 1.311488672954787 0.08363436038020694 0.27432 2.4225798289808194 4.53827702241889
30408 11322591 1.290127732659365 0.005330320855919279 0.33528 2.4225798289808194 4.53827702241889
30409 11322591 1.2654572101681842 0.004569223619056321 0.33528 2.4225798289808194 4.53827702241889
30409 10926744 1.3184661132049338 0.08392520965058378 0.27432 2.4225798289808194 4.53827702241889
30410 10926744 1.3240393012854175 0.0846747866320615 0.27432 2.4225798289808194 4.53827702241889
30410 11322591 1.2407866876770037 0.0038081263821933622 0.33528 2.4225798289808194 4.53827702241889
30411 11322591 1.216116165185823 0.0030470291453304037 0.33528 2.4225798289808194 4.53827702241889
30411 10926744 1.3291986951214598 0.08415764673751551 0.27432 2.4225798289808194 4.53827702241889
30412 11322591 1.1914456426946423 0.002285931908467445 0.33528 2.4225798289808194 4.53827702241889
30412 10926744 1.3343580889575022 0.08364050684296952 0.27432 2.4225798289808194 4.53827702241889
30413 10926744 1.3367653728674287 0.08285413778134727 0.27432 2.4225798289808194 4.53827702241889
30413 11322591 1.1575165026786256 0.002271645102155169 0.33528 2.4225798289808194 4.53827702241889
30414 10926744 1.336883678371305 0.08256742090841804 0.27444543209876543 2.4225798289808194 4.53827702241889
30414 11322591 1.1235873626626087 0.002257358295842893 0.33528 2.4225798289808194 4.53827702241889
30415 11322591 1.0911834553348925 0.0025627882709110816 0.33528 2.4225798289808194 4.53827702241889
30415 10926744 1.3370019838751812 0.08228070403548882 0.27457086419753085 2.4225798289808194 4.53827702241889
30416 11322591 1.0457667455251018 0.004899934769204639 0.33528 2.4225798289808194 4.53827702241889
30416 10926744 1.3371202893790575 0.08199398716255958 0.2746962962962963 2.4225798289808194 4.53827702241889
30417 10926744 1.3372385948829337 0.08170727028963036 0.27482172839506175 2.4225798289808194 4.53827702241889
30417 11322591 1.0354822653750795 0.006040192190261029 0.33528 2.4225798289808194 4.53827702241889
30418 11322591 0.9868994715805367 0.006841889505709492 0.33528 2.4225798289808194 4.53827702241889
30418 10926744 1.33735690038681 0.08142055341670112 0.27494716049382717 2.4225798289808194 4.53827702241889
30419 11322591 0.9438899434608281 0.008393201299916928 0.33528 2.4225798289808194 4.53827702241889
30419 10926744 1.3374752058906865 0.08113383654377189 0.2750725925925926 2.4225798289808194 4.53827702241889
30420 10926744 1.3375935113945627 0.08084711967084267 0.275198024691358 2.4225798289808194 4.53827702241889
30420 11322591 0.9235888067809636 0.008775729073554915 0.33528 2.4225798289808194 4.53827702241889
30421 11322591 0.903287670101099 0.009158256847192903 0.33528 2.4225798289808194 4.53827702241889
30421 10926744 1.337711816898439 0.08056040279791343 0.2753234567901235 2.4225798289808194 4.53827702241889
30422 10926744 1.3378301224023152 0.08027368592498421 0.2754488888888889 2.4225798289808194 4.53827702241889
30422 11322591 0.8514696235237462 0.008213996561419717 0.33528 2.4225798289808194 4.53827702241889
30423 10926744 1.3379484279061915 0.07998696905205498 0.27557432098765433 2.4225798289808194 4.53827702241889
30423 11322591 0.8173120134548336 0.0096776968794888 0.33528 2.4225798289808194 4.53827702241889
30424 10926744 1.3380667334100678 0.07970025217912574 0.27569975308641975 2.4225798289808194 4.53827702241889
30424 11322591 0.7654937919541275 0.00873406403267335 0.33528 2.4225798289808194 4.53827702241889
30425 11322591 0.7387679762334165 0.007575229050498951 0.33528 2.4225798289808194 4.53827702241889
30425 10926744 1.338185038913944 0.07941353530619652 0.2758251851851852 2.4225798289808194 4.53827702241889
30426 11322591 0.7120421605127055 0.0064163940683245515 0.33528 2.4225798289808194 4.53827702241889
30426 10926744 1.3383033444178203 0.07912681843326728 0.27595061728395065 2.4225798289808194 4.53827702241889
30427 10926744 1.3384216499216965 0.07884010156033806 0.27607604938271607 2.4225798289808194 4.53827702241889
30427 11322591 0.6853163447919945 0.0052575590861501514 0.33528 2.4225798289808194 4.53827702241889
30428 11322591 0.6455252101607123 0.0030719838545917727 0.33528 2.4225798289808194 4.53827702241889
30428 10926744 1.3385399554255728 0.07855338468740883 0.2762014814814815 2.4225798289808194 4.53827702241889
30429 11322591 0.60573407552943 0.000886408623033394 0.33528 2.4225798289808194 4.53827702241889
30429 10926744 1.3386582609294493 0.0782666678144796 0.2763269135802469 2.4225798289808194 4.53827702241889
30430 10926744 1.3387765664333255 0.07797995094155037 0.27645234567901233 2.4225798289808194 4.53827702241889
30430 11322591 0.5644414241185473 -0.00045774053308143825 0.33528 2.4225798289808194 4.53827702241889
30431 11322591 0.5248232445049936 -0.001297295012729828 0.35052 2.4225798289808194 4.53827702241889
30431 10926744 1.3388948719372018 0.07769323406862114 0.2765777777777778 2.4225798289808194 4.53827702241889
30432 11322591 0.48520506489144005 -0.0021368494923782178 0.36576 2.4225798289808194 4.53827702241889
30432 10926744 1.339013177441078 0.07740651719569192 0.27670320987654323 2.4225798289808194 4.53827702241889
30433 10926744 1.3391314829449543 0.07711980032276268 0.27682864197530865 2.4225798289808194 4.53827702241889
30433 11322591 0.4474908528576531 -0.0023131783644130544 0.36576 2.4225798289808194 4.53827702241889
30434 10926744 1.3392497884488306 0.07683308344983344 0.2769540740740741 2.4225798289808194 4.53827702241889
30434 11322591 0.4080224480443162 -0.00214962948848689 0.36576 2.4225798289808194 4.53827702241889
30435 10926744 1.3393680939527068 0.07654636657690422 0.2770795061728395 2.4225798289808194 4.53827702241889
30435 11322591 0.3685540432309793 -0.0019860806125607255 0.36576 2.4225798289808194 4.53827702241889
30436 10926744 1.339486399456583 0.07625964970397499 0.277204938271605 2.4225798289808194 4.53827702241889
30436 11322591 0.3290765024177368 0.0008679308270344022 0.36576 2.4225798289808194 4.53827702241889
30437 10926744 1.3396047049604594 0.07597293283104577 0.2773303703703704 2.4225798289808194 4.53827702241889
30437 11322591 0.2895989616044943 0.00372194226662953 0.36576 2.4225798289808194 4.53827702241889
30438 10926744 1.3397230104643356 0.07568621595811653 0.2774558024691358 2.4225798289808194 4.53827702241889
30438 11322591 0.2494096608455355 0.005757521827510395 0.36576 2.4225798289808194 4.53827702241889
30439 10926744 1.3398413159682119 0.07539949908518731 0.27758123456790124 2.4225798289808194 4.53827702241889
30439 11322591 0.20922036008657674 0.00779310138839126 0.36576 2.4225798289808194 4.53827702241889
30440 11322591 0.1695765704255568 0.010819121752143418 0.36576 2.4225798289808194 4.53827702241889
30440 10926744 1.3399596214720884 0.07511278221225808 0.27770666666666666 2.4225798289808194 4.53827702241889
30441 11322591 0.12993278076453685 0.013845142115895576 0.36576 2.4225798289808194 4.53827702241889
30441 10926744 1.3400779269759646 0.07482606533932884 0.27783209876543213 2.4225798289808194 4.53827702241889
30442 11322591 0.09203438311120005 0.013380264822315746 0.36576 2.4225798289808194 4.53827702241889
30442 10926744 1.3401962324798409 0.07453934846639962 0.27795753086419756 2.4225798289808194 4.53827702241889
30443 11322591 0.052155392635532705 0.016366843146166293 0.36576 2.4225798289808194 4.53827702241889
30443 10926744 1.3403145379837171 0.07425263159347038 0.278082962962963 2.4225798289808194 4.53827702241889
30444 10926744 1.3404328434875934 0.07396591472054116 0.2782083950617284 2.4225798289808194 4.53827702241889
30444 11322591 0.011551866199760896 0.017137002941746027 0.39624000000000004 2.4225798289808194 4.53827702241889
30445 11322591 -0.04910368058067105 0.021774361504120515 0.39624000000000004 2.4225798289808194 4.53827702241889
30445 10926744 1.3405511489914697 0.07367919784761193 0.2783338271604938 2.4225798289808194 4.53827702241889
30446 11322591 -0.0889137913234892 0.024972843140106477 0.39624000000000004 2.4225798289808194 4.53827702241889
30446 10926744 1.340669454495346 0.07339248097468269 0.2784592592592593 2.4225798289808194 4.53827702241889
30447 11322591 -0.12842622101969303 0.02772374247323614 0.39624000000000004 2.4225798289808194 4.53827702241889
30447 10926744 1.3407877599992222 0.07310576410175347 0.2785846913580247 2.4225798289808194 4.53827702241889
30448 10926744 1.3409060655030984 0.07281904722882424 0.27871012345679014 2.4225798289808194 4.53827702241889
30448 11322591 -0.168104805865193 0.030646100931481846 0.39624000000000004 2.4225798289808194 4.53827702241889
30449 11322591 -0.20778339071069296 0.03356845938972755 0.39624000000000004 2.4225798289808194 4.53827702241889
30449 10926744 1.3410243710069747 0.07253233035589501 0.27883555555555556 2.4225798289808194 4.53827702241889
30450 11322591 -0.24759362438575327 0.036767834024367146 0.39624000000000004 2.4225798289808194 4.53827702241889
30450 10926744 1.3411426765108512 0.07224561348296578 0.278960987654321 2.4225798289808194 4.53827702241889
30451 11322591 -0.27912520211066016 0.03948109007676512 0.39624000000000004 2.4225798289808194 4.53827702241889
30451 10926744 1.3412609820147274 0.07195889661003654 0.27908641975308646 2.4225798289808194 4.53827702241889
30452 11322591 -0.31065677983556705 0.04219434612916309 0.39624000000000004 2.4225798289808194 4.53827702241889
30452 10926744 1.3413792875186037 0.07167217973710732 0.2792118518518519 2.4225798289808194 4.53827702241889
30453 10926744 1.34149759302248 0.07138546286417809 0.2793372839506173 2.4225798289808194 4.53827702241889
30453 11322591 -0.35934121344432546 0.04677659652908983 0.41148000000000007 2.4225798289808194 4.53827702241889
30454 11322591 -0.40802564705308386 0.05135884692901657 0.42672000000000004 2.4225798289808194 4.53827702241889
30454 10926744 1.3416158985263562 0.07109874599124887 0.2794627160493827 2.4225798289808194 4.53827702241889
30455 10926744 1.3417342040302325 0.07081202911831963 0.27958814814814814 2.4225798289808194 4.53827702241889
30455 11322591 -0.44855137859473493 0.05590323645484044 0.42672000000000004 2.4225798289808194 4.53827702241889
30456 11322591 -0.489077110136386 0.060447625980664305 0.42672000000000004 2.4225798289808194 4.53827702241889
30456 10926744 1.3418525095341087 0.07052531224539041 0.2797135802469136 2.4225798289808194 4.53827702241889
30457 10926744 1.341970815037985 0.07023859537246117 0.27983901234567904 2.4225798289808194 4.53827702241889
30457 11322591 -0.5277504281032226 0.06549667033604398 0.42672000000000004 2.4225798289808194 4.53827702241889
30458 10926744 1.3420891205418612 0.06995187849953194 0.27996444444444446 2.4225798289808194 4.53827702241889
30458 11322591 -0.5674918534823181 0.06890895009404116 0.42672000000000004 2.4225798289808194 4.53827702241889
30459 11322591 -0.5994938115917883 0.07154363112871145 0.42672000000000004 2.4225798289808194 4.53827702241889
30459 10926744 1.3422074260457375 0.06966516162660272 0.2800898765432099 2.4225798289808194 4.53827702241889
30460 11322591 -0.6521344533810403 0.07625276137346285 0.42672000000000004 2.4225798289808194 4.53827702241889
30460 10926744 1.3423257315496138 0.06937844475367348 0.2802153086419753 2.4225798289808194 4.53827702241889
30461 10926744 1.3424440370534902 0.06909172788074425 0.2803407407407408 2.4225798289808194 4.53827702241889
30461 11322591 -0.667337378742672 0.0786529398237156 0.45720000000000005 2.4225798289808194 4.53827702241889
30462 10926744 1.3425623425573665 0.06880501100781503 0.2804661728395062 2.4225798289808194 4.53827702241889
30462 11322591 -0.7026806952386689 0.08261427297006388 0.45720000000000005 2.4225798289808194 4.53827702241889
30463 11322591 -0.7380240117346659 0.08657560611641216 0.45720000000000005 2.4225798289808194 4.53827702241889
30463 10926744 1.3426806480612428 0.06851829413488579 0.2805916049382716 2.4225798289808194 4.53827702241889
30464 11322591 -0.7782271338100317 0.08721911551380848 0.45720000000000005 2.4225798289808194 4.53827702241889
30464 10926744 1.342798953565119 0.06823157726195657 0.28071703703703704 2.4225798289808194 4.53827702241889
30465 11322591 -0.8180377546208997 0.0904217016350358 0.45720000000000005 2.4225798289808194 4.53827702241889
30465 10926744 1.3429172590689953 0.06794486038902733 0.28084246913580246 2.4225798289808194 4.53827702241889
30466 11322591 -0.853737926874705 0.09315684086097895 0.47244 2.4225798289808194 4.53827702241889
30466 10926744 1.3430355645728715 0.06765814351609811 0.2809679012345679 2.4225798289808194 4.53827702241889
30467 10926744 1.3431538700767478 0.06737142664316888 0.28109333333333336 2.4225798289808194 4.53827702241889
30467 11322591 -0.8894380991285102 0.0958919800869221 0.48768 2.4225798289808194 4.53827702241889
30468 10926744 1.343272175580624 0.06708470977023964 0.2812187654320988 2.4225798289808194 4.53827702241889
30468 11322591 -0.9264860417261063 0.09830864674436499 0.48768 2.4225798289808194 4.53827702241889
30469 11322591 -0.9633027652367969 0.10251926085372229 0.48768 2.4225798289808194 4.53827702241889
30469 10926744 1.3433904810845003 0.06679799289731042 0.2813441975308642 2.4225798289808194 4.53827702241889
30470 10926744 1.3435087865883766 0.06651127602438119 0.2814696296296296 2.4225798289808194 4.53827702241889
30470 11322591 -0.9987390058717764 0.10551930352986175 0.48768 2.4225798289808194 4.53827702241889
30471 10926744 1.3436270920922528 0.06622455915145195 0.28159506172839505 2.4225798289808194 4.53827702241889
30471 11322591 -1.034175246506756 0.1085193462060012 0.48768 2.4225798289808194 4.53827702241889
30472 11322591 -1.0693914602672923 0.1135508322804252 0.48768 2.4225798289808194 4.53827702241889
30472 10926744 1.3437453975961293 0.06593784227852273 0.2817204938271605 2.4225798289808194 4.53827702241889
30473 10926744 1.3438637031000056 0.06565112540559351 0.28184592592592594 2.4225798289808194 4.53827702241889
30473 11322591 -1.1046076740278288 0.1185823183548492 0.48768 2.4225798289808194 4.53827702241889
30474 11322591 -1.1396815596698309 0.12269133383380951 0.50292 2.4225798289808194 4.53827702241889
30475 11322591 -1.1747554453118327 0.12680034931276982 0.5181600000000001 2.4225798289808194 4.53827702241889
30476 11322591 -1.212228090517969 0.1290068296948765 0.5181600000000001 2.4225798289808194 4.53827702241889
30477 11322591 -1.2485746913042042 0.1332989147382079 0.5181600000000001 2.4225798289808194 4.53827702241889
30478 11322591 -1.2849212920904394 0.1375909997815393 0.5181600000000001 2.4225798289808194 4.53827702241889
30479 11322591 -1.31929637694455 0.14112175264063206 0.5181600000000001 2.4225798289808194 4.53827702241889
30480 11322591 -1.354765797460267 0.1402202260652062 0.5181600000000001 2.4225798289808194 4.53827702241889
30481 11322591 -1.3916880992559852 0.14248129520146988 0.5181600000000001 2.4225798289808194 4.53827702241889
30482 11322591 -1.4252692935187945 0.14844016712434668 0.5181600000000001 2.4225798289808194 4.53827702241889
30483 11322591 -1.4595408953140623 0.1522882453366243 0.5181600000000001 2.4225798289808194 4.53827702241889
30484 11322591 -1.49383859825113 0.15334090367442896 0.54864 2.4225798289808194 4.53827702241889
30485 11322591 -1.5282138024697731 0.15687267216296827 0.54864 2.4225798289808194 4.53827702241889
30486 11322591 -1.563210420679818 0.15850475808974415 0.54864 2.4225798289808194 4.53827702241889
30487 11322591 -1.5959463122918047 0.1616175721181172 0.54864 2.4225798289808194 4.53827702241889
30488 11322591 -1.6286822039037914 0.16473038614649024 0.54864 2.4225798289808194 4.53827702241889
30489 11322591 -1.6660516351928403 0.16725591063990738 0.54864 2.4225798289808194 4.53827702241889
30490 11322591 -1.6999800070619167 0.17052548838609724 0.54864 2.4225798289808194 4.53827702241889
30491 11322591 -1.7345055713385826 0.17305593099088298 0.54864 2.4225798289808194 4.53827702241889
30492 11322591 -1.7690311356152486 0.17558637359566873 0.54864 2.4225798289808194 4.53827702241889
30493 11322591 -1.8049166976194293 0.17721835670679645 0.54864 2.4225798289808194 4.53827702241889
30494 11322591 -1.84080225962361 0.17885033981792417 0.54864 2.4225798289808194 4.53827702241889
30495 11322591 -1.8750050325374363 0.18291152387096474 0.57912 2.4225798289808194 4.53827702241889
30496 11322591 -1.912077030758122 0.18499046573608388 0.57912 2.4225798289808194 4.53827702241889
30497 11322591 -1.947664381210927 0.1916080557559726 0.57912 2.4225798289808194 4.53827702241889
30498 11322591 -1.9848738089103395 0.1986981537884355 0.57912 2.4225798289808194 4.53827702241889
30499 11322591 -2.0220832366097516 0.2057882518208984 0.57912 2.4225798289808194 4.53827702241889
30500 11322591 -2.059283624672924 0.2156214599115179 0.57912 2.4225798289808194 4.53827702241889
30501 11322591 -2.0951027868996954 0.2296766538710838 0.57912 2.4225798289808194 4.53827702241889
30502 11322591 -2.1337302989651104 0.24465084414233404 0.57912 2.4225798289808194 4.53827702241889
30503 11322591 -2.1675432678697337 0.2580501106800662 0.57912 2.4225798289808194 4.53827702241889
30504 11322591 -2.2028310349209583 0.2750868117426485 0.57912 2.4225798289808194 4.53827702241889
30505 11322591 -2.237263474132184 0.29745241577549125 0.57912 2.4225798289808194 4.53827702241889
30506 11322591 -2.27169591334341 0.319818019808334 0.57912 2.4225798289808194 4.53827702241889
30507 11322591 -2.3025041026295137 0.3424002465794336 0.57912 2.4225798289808194 4.53827702241889
30508 11322591 -2.335242833095841 0.3707555219479649 0.57912 2.4225798289808194 4.53827702241889
30509 11322591 -2.367981563562168 0.39911079731649624 0.57912 2.4225798289808194 4.53827702241889
30510 11322591 -2.3956129020204115 0.43058589162393146 0.57912 2.4225798289808194 4.53827702241889
30511 11322591 -2.423244240478655 0.4620609859313667 0.57912 2.4225798289808194 4.53827702241889
30512 11322591 -2.449561811174677 0.498364426942807 0.57912 2.4225798289808194 4.53827702241889
30513 11322591 -2.4736467115891596 0.5317174412499046 0.57912 2.4225798289808194 4.53827702241889
30514 11322591 -2.4958196372691326 0.5714555925966059 0.6096 2.4225798289808194 4.53827702241889
30515 11322591 -2.516851517056439 0.610879011797328 0.6096 2.4225798289808194 4.53827702241889
30516 11322591 -2.5378833968437453 0.6503024309980501 0.6096 2.4225798289808194 4.53827702241889
30517 11322591 -2.552460510874421 0.6927550009510612 0.6096 2.4225798289808194 4.53827702241889
30518 11322591 -2.5670376249050966 0.7352075709040723 0.6096 2.4225798289808194 4.53827702241889
30519 11322591 -2.579006400710223 0.7814220830928199 0.6096 2.4225798289808194 4.53827702241889
30520 11322591 -2.5876059890767893 0.8257162324961382 0.6096 2.4225798289808194 4.53827702241889
30521 11322591 -2.5962055774433557 0.8700103818994567 0.6096 2.4225798289808194 4.53827702241889
30522 11322591 -2.6028201990516964 0.914940331638075 0.6096 2.4225798289808194 4.53827702241889
30523 11322591 -2.6119185646211536 0.9631369298146536 0.6096 2.4225798289808194 4.53827702241889
30524 11322591 -2.618739941931863 1.0074336044078591 0.6096 2.4225798289808194 4.53827702241889
30525 11322591 -2.6250062682629665 1.055054049547228 0.6096 2.4225798289808194 4.53827702241889
30526 11322591 -2.633691521668818 1.1028819822711546 0.6096 2.4225798289808194 4.53827702241889
30527 11322591 -2.638414467257877 1.1508738212299994 0.6096 2.4225798289808194 4.53827702241889
30528 11322591 -2.6431374128469356 1.1988656601888443 0.6096 2.4225798289808194 4.53827702241889
30529 11322591 -2.6467217248361177 1.2449075112599535 0.6096 2.4225798289808194 4.53827702241889
30530 11322591 -2.6523650663913623 1.2944276016620464 0.6400800000000001 2.4225798289808194 4.53827702241889
30531 11322591 -2.655440837410808 1.3431074214765197 0.6096 2.4225798289808194 4.53827702241889
30532 11322591 -2.658976468551521 1.3906525165270323 0.6248400000000001 2.4225798289808194 4.53827702241889
30533 11322591 -2.6625120996922345 1.4381976115775448 0.6400800000000001 2.4225798289808194 4.53827702241889
30534 11322591 -2.665335379337365 1.4865612489580562 0.6400800000000001 2.4225798289808194 4.53827702241889
30535 11322591 -2.6691356664433625 1.5330246252931072 0.6400800000000001 2.4225798289808194 4.53827702241889
30536 11322591 -2.6723707770367184 1.5817568453907838 0.6400800000000001 2.4225798289808194 4.53827702241889
30537 11322591 -2.6751243095085595 1.630331493668087 0.6400800000000001 2.4225798289808194 4.53827702241889
30538 11322591 -2.678313288544418 1.6789318678905583 0.6400800000000001 2.4225798289808194 4.53827702241889
30539 11322591 -2.6813984091451326 1.7278488390222353 0.67056 2.4225798289808194 4.53827702241889
30540 11322591 -2.684945799099781 1.7739959931406621 0.67056 2.4225798289808194 4.53827702241889
30541 11322591 -2.6872588381257634 1.821199783637422 0.67056 2.4225798289808194 4.53827702241889
30542 11322591 -2.689571877151746 1.8684035741341822 0.67056 2.4225798289808194 4.53827702241889
30543 11322591 -2.6899519914102834 1.916084794769033 0.67056 2.4225798289808194 4.53827702241889
30544 11322591 -2.6906984798562883 1.96400282118203 0.67056 2.4225798289808194 4.53827702241889
30545 11322591 -2.691606860406706 2.010746997650399 0.67056 2.4225798289808194 4.53827702241889
30546 11322591 -2.692515240957124 2.0574911741187676 0.67056 2.4225798289808194 4.53827702241889
30547 11322591 -2.6940100458286897 2.1028499173138777 0.7010400000000001 2.4225798289808194 4.53827702241889
30548 11322591 -2.69218868099963 2.14992757044495 0.7010400000000001 2.4225798289808194 4.53827702241889
30549 11322591 -2.69036731617057 2.1970052235760216 0.7010400000000001 2.4225798289808194 4.53827702241889
30550 11322591 -2.68589845259352 2.243216309142978 0.7010400000000001 2.4225798289808194 4.53827702241889
30551 11322591 -2.68142958901647 2.2894273947099344 0.7010400000000001 2.4225798289808194 4.53827702241889
30552 11322591 -2.6774072962728814 2.335901534421436 0.7010400000000001 2.4225798289808194 4.53827702241889
30553 11322591 -2.6715670519098533 2.3827738230339075 0.7010400000000001 2.4225798289808194 4.53827702241889
30554 11322591 -2.6657268075468252 2.429646111646379 0.7010400000000001 2.4225798289808194 4.53827702241889
30555 11322591 -2.6587818363758693 2.4752804398708843 0.73152 2.4225798289808194 4.53827702241889
30556 11322591 -2.6487393739078096 2.522237802864758 0.7010400000000001 2.4225798289808194 4.53827702241889
30557 11322591 -2.6420015166150597 2.5672388601633327 0.73152 2.4225798289808194 4.53827702241889
30558 11322591 -2.6340754459006916 2.617225991533599 0.73152 2.4225798289808194 4.53827702241889
30559 11322591 -2.6243992749282157 2.6644201326057235 0.73152 2.4225798289808194 4.53827702241889
30560 11322591 -2.614321969835088 2.711482972182966 0.73152 2.4225798289808194 4.53827702241889
30561 11322591 -2.606789160666491 2.758911358290389 0.73152 2.4225798289808194 4.53827702241889
30562 11322591 -2.5975408626032053 2.8034412274596314 0.73152 2.4225798289808194 4.53827702241889
30563 11322591 -2.5899042352371726 2.851186194971854 0.73152 2.4225798289808194 4.53827702241889
30564 11322591 -2.582807914653323 2.897822716951097 0.73152 2.4225798289808194 4.53827702241889
30565 11322591 -2.5757115940694737 2.9444592389303397 0.73152 2.4225798289808194 4.53827702241889
30566 11322591 -2.56899516169174 2.9899348023610823 0.73152 2.4225798289808194 4.53827702241889
30567 11322591 -2.56418890420381 3.038255804013627 0.762 2.2216872527934295 2.834057677108069
30568 11322591 -2.554110970417301 3.085318509968348 0.762 2.2216872527934295 2.834057677108069
30569 11322591 -2.5468883001582623 3.131796882651436 0.762 2.2216872527934295 2.834057677108069
30570 11322591 -2.5396656298992237 3.1782752553345244 0.762 2.2216872527934295 2.834057677108069
30571 11322591 -2.532131877291472 3.2257034495135186 0.762 2.2216872527934295 2.834057677108069
30572 11322591 -2.524860864152168 3.273685061170523 0.762 2.2216872527934295 2.834057677108069
30573 11322591 -2.5175551992478056 3.3217721910418887 0.762 2.2216872527934295 2.834057677108069
30574 11322591 -2.5108441309431715 3.3707550832366477 0.762 2.2216872527934295 2.834057677108069
30575 11322591 -2.5041330626385374 3.4197379754314063 0.762 2.2216872527934295 2.834057677108069
30576 11322591 -2.4965123817194175 3.4674299045828354 0.762 2.2216872527934295 2.834057677108069
30577 11322591 -2.4888917008002975 3.515121833734265 0.762 2.2216872527934295 2.834057677108069
30578 11322591 -2.482086438887389 3.561678538307593 0.762 2.2216872527934295 2.834057677108069
30579 11322591 -2.4752811769744802 3.608235242880921 0.762 2.2216872527934295 2.834057677108069
30580 11322591 -2.4676428797116676 3.6559798722279706 0.762 2.2216872527934295 2.834057677108069
30581 11322591 -2.4599353852409234 3.7039355590567418 0.762 2.2216872527934295 2.834057677108069
30582 11322591 -2.4511802150815214 3.751022461874612 0.77724 2.2216872527934295 2.834057677108069
30583 11322591 -2.4424250449221194 3.798109364692482 0.7924800000000001 2.2216872527934295 2.834057677108069
30584 11322591 -2.4401343170692513 3.798802786053167 0.7924800000000001 2.2216872527934295 2.834057677108069
30585 11322591 -2.437843589216383 3.7994962074138514 0.7924800000000001 2.2216872527934295 2.834057677108069
30586 11322591 -2.4355528613635147 3.800189628774536 0.7924800000000001 2.2216872527934295 2.834057677108069
30587 11322591 -2.433262133510646 3.80088305013522 0.7924800000000001 2.2216872527934295 2.834057677108069
30588 11322591 -2.430971405657778 3.801576471495905 0.7924800000000001 2.2216872527934295 2.834057677108069
30589 11322591 -2.4286806778049095 3.8022698928565895 0.7924800000000001 2.2216872527934295 2.834057677108069
30590 11322591 -2.4263899499520414 3.802963314217274 0.7924800000000001 2.2216872527934295 2.834057677108069
30591 11322591 -2.424099222099173 3.8036567355779587 0.7924800000000001 2.2216872527934295 2.834057677108069
30592 11322591 -2.4218084942463047 3.8043501569386433 0.7924800000000001 2.2216872527934295 2.834057677108069
30593 11322591 -2.4195177663934366 3.805043578299328 0.7924800000000001 2.2216872527934295 2.834057677108069
30594 11322591 -2.417227038540568 3.805736999660012 0.7924800000000001 2.2216872527934295 2.834057677108069
30595 11322591 -2.4149363106877 3.8064304210206967 0.7924800000000001 2.2216872527934295 2.834057677108069
30596 11322591 -2.4126455828348314 3.8071238423813814 0.7924800000000001 2.2216872527934295 2.834057677108069
30597 11322591 -2.4103548549819633 3.807817263742066 0.7924800000000001 2.2216872527934295 2.834057677108069
30598 11322591 -2.408064127129095 3.8085106851027506 0.7924800000000001 2.2216872527934295 2.834057677108069
30599 11322591 -2.4057733992762267 3.809204106463435 0.7924800000000001 2.2216872527934295 2.834057677108069
30600 11322591 -2.403482671423358 3.80989752782412 0.7924800000000001 2.2216872527934295 2.834057677108069
30601 11322591 -2.40119194357049 3.810590949184804 0.7924800000000001 2.2216872527934295 2.834057677108069
30602 11322591 -2.3989012157176215 3.8112843705454886 0.7924800000000001 2.2216872527934295 2.834057677108069
30603 11322591 -2.3966104878647534 3.8119777919061733 0.7924800000000001 2.2216872527934295 2.834057677108069
30604 11322591 -2.3943197600118853 3.812671213266858 0.7924800000000001 2.2216872527934295 2.834057677108069
30605 11322591 -2.3920290321590167 3.8133646346275425 0.7924800000000001 2.2216872527934295 2.834057677108069
30606 11322591 -2.3897383043061486 3.814058055988227 0.7924800000000001 2.2216872527934295 2.834057677108069
30607 11322591 -2.38744757645328 3.8147514773489117 0.7924800000000001 2.2216872527934295 2.834057677108069
30608 11322591 -2.385156848600412 3.8154448987095964 0.7924800000000001 2.2216872527934295 2.834057677108069
30609 11322591 -2.3828661207475434 3.8161383200702805 0.7924800000000001 2.2216872527934295 2.834057677108069
30610 11322591 -2.3805753928946753 3.816831741430965 0.7924800000000001 2.2216872527934295 2.834057677108069
30611 11322591 -2.378284665041807 3.8175251627916498 0.7924800000000001 2.2216872527934295 2.834057677108069
30612 11322591 -2.3759939371889387 3.8182185841523344 0.7924800000000001 2.2216872527934295 2.834057677108069
30613 11322591 -2.37370320933607 3.818912005513019 0.7924800000000001 2.2216872527934295 2.834057677108069
30614 11322591 -2.371412481483202 3.8196054268737036 0.7924800000000001 2.2216872527934295 2.834057677108069
30615 11322591 -2.369121753630334 3.8202988482343883 0.7924800000000001 2.2216872527934295 2.834057677108069
30616 11322591 -2.3668310257774654 3.8209922695950724 0.7924800000000001 2.2216872527934295 2.834057677108069
30617 11322591 -2.3645402979245973 3.821685690955757 0.7924800000000001 2.2216872527934295 2.834057677108069
30618 11322591 -2.3622495700717288 3.8223791123164417 0.7924800000000001 2.2216872527934295 2.834057677108069
30619 11322591 -2.3599588422188607 3.8230725336771263 0.7924800000000001 2.2216872527934295 2.834057677108069
30620 11322591 -2.357668114365992 3.823765955037811 0.7924800000000001 2.2216872527934295 2.834057677108069
30621 11322591 -2.355377386513124 3.8244593763984955 0.7924800000000001 2.2216872527934295 2.834057677108069
30622 11322591 -2.3530866586602555 3.82515279775918 0.7924800000000001 2.2216872527934295 2.834057677108069
30623 11322591 -2.3507959308073874 3.8258462191198643 0.7924800000000001 2.2216872527934295 2.834057677108069
30624 11322591 -2.3485052029545193 3.826539640480549 0.7924800000000001 2.2216872527934295 2.834057677108069
30625 11322591 -2.3462144751016507 3.8272330618412336 0.7924800000000001 2.2216872527934295 2.834057677108069
30626 11322591 -2.3439237472487826 3.827926483201918 0.7924800000000001 2.2216872527934295 2.834057677108069
30627 11322591 -2.341633019395914 3.828619904562603 0.7924800000000001 2.2216872527934295 2.834057677108069
30628 11322591 -2.339342291543046 3.8293133259232874 0.7924800000000001 2.2216872527934295 2.834057677108069
30629 11322591 -2.3370515636901774 3.830006747283972 0.7924800000000001 2.2216872527934295 2.834057677108069
30630 11322591 -2.3347608358373093 3.8307001686446562 0.7924800000000001 2.2216872527934295 2.834057677108069
30631 11322591 -2.3324701079844408 3.831393590005341 0.7924800000000001 2.2216872527934295 2.834057677108069
30632 11322591 -2.3301793801315727 3.8320870113660255 0.7924800000000001 2.2216872527934295 2.834057677108069
30633 11322591 -2.3278886522787046 3.83278043272671 0.7924800000000001 2.2216872527934295 2.834057677108069
30634 11322591 -2.325597924425836 3.8334738540873947 0.7924800000000001 2.2216872527934295 2.834057677108069
30635 11322591 -2.323307196572968 3.8341672754480793 0.7924800000000001 2.2216872527934295 2.834057677108069
30636 11322591 -2.3210164687200994 3.834860696808764 0.7924800000000001 2.2216872527934295 2.834057677108069
30637 11322591 -2.3187257408672313 3.835554118169448 0.7924800000000001 2.2216872527934295 2.834057677108069
30638 11322591 -2.3164350130143627 3.8362475395301328 0.7924800000000001 2.2216872527934295 2.834057677108069
30639 11322591 -2.3141442851614946 3.8369409608908174 0.7924800000000001 2.2216872527934295 2.834057677108069
30640 11322591 -2.311853557308626 3.837634382251502 0.7924800000000001 2.2216872527934295 2.834057677108069
30641 11322591 -2.309562829455758 3.8383278036121866 0.7924800000000001 2.2216872527934295 2.834057677108069
30642 11322591 -2.3072721016028894 3.8390212249728712 0.7924800000000001 2.2216872527934295 2.834057677108069
30643 11322591 -2.3049813737500213 3.839714646333556 0.7924800000000001 2.2216872527934295 2.834057677108069
