30657 10926744 1.3628789579925644 0.009194356539957642 0.3048 2.2216872527934295 2.834057677108069
30658 10926744 1.360244305675764 0.0052067754203707906 0.3048 2.2216872527934295 2.834057677108069
30659 10926744 1.3528542535221384 0.00484780196338812 0.3048 2.2216872527934295 2.834057677108069
30660 10926744 1.3454642013685125 0.00448882850640545 0.3048 2.2216872527934295 2.834057677108069
30661 10926744 1.3380741492148869 0.00412985504942278 0.3048 2.2216872527934295 2.834057677108069
30662 10926744 1.330684097061261 0.0037708815924401094 0.3048 2.2216872527934295 2.834057677108069
30663 10926744 1.3232940449076354 0.003411908135457439 0.3048 2.2216872527934295 2.834057677108069
30664 10926744 1.3159039927540095 0.0030529346784747688 0.3048 2.2216872527934295 2.834057677108069
30665 10926744 1.3085139406003838 0.0026939612214920985 0.3048 2.2216872527934295 2.834057677108069
30666 10926744 1.3011238884467582 0.002334987764509428 0.3048 2.2216872527934295 2.834057677108069
30667 10926744 1.2937338362931323 0.001976014307526758 0.3048 2.2216872527934295 2.834057677108069
30668 10926744 1.2863437841395067 0.0016170408505440876 0.3048 2.2216872527934295 2.834057677108069
30669 10926744 1.2789537319858808 0.0012580673935614177 0.3048 2.2216872527934295 2.834057677108069
30670 10926744 1.2715636798322552 0.000899093936578747 0.3048 2.2216872527934295 2.834057677108069
30671 10926744 1.2641736276786295 0.0005401204795960762 0.3048 2.2216872527934295 2.834057677108069
30672 10926744 1.2567835755250036 0.00018114702261340637 0.3048 2.2216872527934295 2.834057677108069
30673 10926744 1.249393523371378 -0.0001778264343692635 0.3048 2.2216872527934295 2.834057677108069
30674 10926744 1.2420034712177521 -0.0005367998913519342 0.3048 2.2216872527934295 2.834057677108069
30675 10926744 1.2346134190641265 -0.000895773348334605 0.3048 2.2216872527934295 2.834057677108069
30676 10926744 1.2272233669105006 -0.0012547468053172748 0.3048 2.2216872527934295 2.834057677108069
30677 10926744 1.219833314756875 -0.0016137202622999447 0.3048 2.2216872527934295 2.834057677108069
30678 10926744 1.1962556094265648 -0.0014757424698660544 0.3048 2.2216872527934295 2.834057677108069
30679 10926744 1.172677904096255 -0.0013377646774321642 0.3048 2.2216872527934295 2.834057677108069
30680 10926744 1.1491001987659448 -0.0011997868849982739 0.3048 2.2216872527934295 2.834057677108069
30681 10926744 1.1255224934356347 -0.0010618090925643836 0.3048 2.2216872527934295 2.834057677108069
30682 10926744 1.0966781325216841 -0.001685565631058851 0.3048 2.2216872527934295 2.834057677108069
30683 10926744 1.0678337716077333 -0.0023093221695533184 0.3048 2.2216872527934295 2.834057677108069
30684 10926744 1.0369958660552605 -0.0008796563510229186 0.3048 2.2216872527934295 2.834057677108069
30685 10926744 1.0061579605027875 0.0005500094675074813 0.3048 2.2216872527934295 2.834057677108069
30686 10926744 0.9739031069772457 0.001040949917471369 0.32004 2.2216872527934295 2.834057677108069
30687 10926744 0.9416482534517039 0.0015318903674352569 0.33528 2.2216872527934295 2.834057677108069
30688 10926744 0.9101175939216097 0.0042397790063700425 0.33528 2.2216872527934295 2.834057677108069
30689 10926744 0.8797204194710552 0.0049809577743413075 0.33528 2.2216872527934295 2.834057677108069
30690 10926744 0.8493232450205006 0.0057221365423125725 0.33528 2.2216872527934295 2.834057677108069
30691 10926744 0.818926070569946 0.0064633153102838375 0.33528 2.2216872527934295 2.834057677108069
30692 10926744 0.7823449642894534 0.0032281361106271805 0.33528 2.2216872527934295 2.834057677108069
30693 10926744 0.7481619020994371 0.00189667479689163 0.33528 2.2216872527934295 2.834057677108069
30694 10926744 0.7139788399094208 0.0005652134831560796 0.33528 2.2216872527934295 2.834057677108069
30695 10926744 0.6781908207505097 -0.0002416057037654823 0.33528 2.2216872527934295 2.834057677108069
30696 10926744 0.6407587921698816 0.0007157109887940064 0.33528 2.2216872527934295 2.834057677108069
30697 10926744 0.6033267635892534 0.001673027681353495 0.33528 2.2216872527934295 2.834057677108069
30698 10926744 0.5651140025259975 0.001600722694359645 0.33528 2.2216872527934295 2.834057677108069
30699 10926744 0.5269012414627416 0.001528417707365795 0.33528 2.2216872527934295 2.834057677108069
30700 10926744 0.4891758493498657 0.0015892029921486667 0.33528 2.2216872527934295 2.834057677108069
30701 10926744 0.45196781648480566 0.003233535297906362 0.33528 2.2216872527934295 2.834057677108069
30702 10926744 0.41298605839206076 0.00896254910835409 0.33528 2.2216872527934295 2.834057677108069
30703 10926744 0.373038429358818 0.011736208284584687 0.33528 2.2216872527934295 2.834057677108069
30704 10926744 0.336364973781623 0.015017362787830127 0.35052 2.2216872527934295 2.834057677108069
30705 10926744 0.29969151820442796 0.018298517291075567 0.36576 2.2216872527934295 2.834057677108069
30706 10926744 0.25592212205581477 0.017531776554562173 0.36576 2.2216872527934295 2.834057677108069
30707 10926744 0.21680228616908892 0.022839650698359498 0.36576 2.2216872527934295 2.834057677108069
30708 10926744 0.17299827005337476 0.021967866417311327 0.36576 2.2216872527934295 2.834057677108069
30709 10926744 0.13276166410845258 0.022500650391556437 0.36576 2.2216872527934295 2.834057677108069
30710 10926744 0.09101467568054256 0.026564881615621427 0.36576 2.2216872527934295 2.834057677108069
30711 10926744 0.05186023772562809 0.031768222426872356 0.36576 2.2216872527934295 2.834057677108069
30712 10926744 0.012705799770713622 0.036971563238123284 0.36576 2.2216872527934295 2.834057677108069
30713 10926744 -0.02731117167558539 0.03953637373144828 0.36576 2.2216872527934295 2.834057677108069
30714 10926744 -0.06988628343909886 0.04106825333697281 0.36576 2.2216872527934295 2.834057677108069
30715 10926744 -0.11490324821692233 0.04328169954874425 0.39624000000000004 2.2216872527934295 2.834057677108069
30716 10926744 -0.15526143141315452 0.048879627565344225 0.39624000000000004 2.2216872527934295 2.834057677108069
30717 10926744 -0.1956196146093867 0.0544775555819442 0.39624000000000004 2.2216872527934295 2.834057677108069
30718 10926744 -0.2363533638322346 0.06300256162712134 0.39624000000000004 2.2216872527934295 2.834057677108069
30719 10926744 -0.27190580274212395 0.06971725743589977 0.39624000000000004 2.2216872527934295 2.834057677108069
30720 10926744 -0.31303190917888446 0.07568383190955077 0.39624000000000004 2.2216872527934295 2.834057677108069
30721 10926744 -0.35462824489470224 0.08157069841144252 0.39624000000000004 2.2216872527934295 2.834057677108069
30722 10628960 0.6133319501223582 0.16546767161936932 0.3048 2.2216872527934295 2.834057677108069
30722 10926744 -0.3973937231234739 0.0879569728885354 0.39624000000000004 2.2216872527934295 2.834057677108069
30723 10628960 0.6127800666769372 0.16377876046260778 0.3048 2.2216872527934295 2.834057677108069
30723 10926744 -0.4401592013522455 0.0943432473656283 0.39624000000000004 2.2216872527934295 2.834057677108069
30724 10926744 -0.4815830156772474 0.1007586237300194 0.39624000000000004 2.2216872527934295 2.834057677108069
30724 10628960 0.6122626759488619 0.16219540625918138 0.3048 2.2216872527934295 2.834057677108069
30725 10926744 -0.5196807247674902 0.10783935097925915 0.42672000000000004 2.2216872527934295 2.834057677108069
30725 10628960 0.6117452852207865 0.16061205205575502 0.3048 2.2216872527934295 2.834057677108069
30726 10926744 -0.558582927941509 0.11313882007162113 0.42672000000000004 2.2216872527934295 2.834057677108069
30726 10628960 0.6104411733111611 0.16083374693611896 0.3048 2.2216872527934295 2.834057677108069
30727 10926744 -0.5974851311155278 0.11843828916398311 0.42672000000000004 2.2216872527934295 2.834057677108069
30727 10628960 0.6091370614015357 0.16105544181648293 0.3048 2.2216872527934295 2.834057677108069
30728 10926744 -0.6365706963446198 0.12385644246676306 0.45720000000000005 2.2216872527934295 2.834057677108069
30728 10628960 0.6078329494919102 0.16127713669684687 0.3048 2.2216872527934295 2.834057677108069
30729 10926744 -0.6722956290662627 0.13004539952795033 0.45720000000000005 2.2216872527934295 2.834057677108069
30729 10628960 0.6065288375822848 0.16149883157721084 0.3048 2.2216872527934295 2.834057677108069
30730 10926744 -0.7108764579635047 0.13564944214762972 0.45720000000000005 2.2216872527934295 2.834057677108069
30730 10628960 0.6052247256726594 0.1617205264575748 0.3048 2.2216872527934295 2.834057677108069
30731 10628960 0.603920613763034 0.16194222133793873 0.3048 2.2216872527934295 2.834057677108069
30731 10926744 -0.7480206807971682 0.1388563021703159 0.45720000000000005 2.2216872527934295 2.834057677108069
30732 10628960 0.6026165018534085 0.1621639162183027 0.3048 2.2216872527934295 2.834057677108069
30732 10926744 -0.7851649036308317 0.14206316219300205 0.45720000000000005 2.2216872527934295 2.834057677108069
30733 10628960 0.6013123899437831 0.16238561109866664 0.3048 2.2216872527934295 2.834057677108069
30733 10926744 -0.8218044261716447 0.14545587696089482 0.45720000000000005 2.2216872527934295 2.834057677108069
30734 10628960 0.5969005360376616 0.16546287002381999 0.3048 2.2216872527934295 2.834057677108069
30734 10926744 -0.8584439487124578 0.1488485917287876 0.45720000000000005 2.2216872527934295 2.834057677108069
30735 10628960 0.5952464988498265 0.16869041046133448 0.3048 2.2216872527934295 2.834057677108069
30735 10926744 -0.8959333999724892 0.15100072654294536 0.45720000000000005 2.2216872527934295 2.834057677108069
30736 10926744 -0.9334228512325207 0.15315286135710313 0.45720000000000005 2.2216872527934295 2.834057677108069
30736 10628960 0.5935924616619915 0.17191795089884898 0.3048 2.2216872527934295 2.834057677108069
30737 10628960 0.5907931993409338 0.17458509669145367 0.3048 2.2216872527934295 2.834057677108069
30737 10926744 -0.9708174728506185 0.15287913573731046 0.45720000000000005 2.2216872527934295 2.834057677108069
30738 10628960 0.5879939370198761 0.17725224248405835 0.3048 2.2216872527934295 2.834057677108069
30738 10926744 -1.0070516353967585 0.15479659813042532 0.47244 2.2216872527934295 2.834057677108069
30739 10926744 -1.0432857979428987 0.15671406052354017 0.48768 2.2216872527934295 2.834057677108069
30739 10628960 0.5851946746988184 0.17991938827666304 0.3048 2.2216872527934295 2.834057677108069
30740 10926744 -1.0804950078427413 0.15836645253390322 0.48768 2.2216872527934295 2.834057677108069
30740 10628960 0.5835635218638586 0.1830810423135097 0.3048 2.2216872527934295 2.834057677108069
30741 10628960 0.5819323690288989 0.18624269635035634 0.3048 2.2216872527934295 2.834057677108069
30741 10926744 -1.1174626429235615 0.16075788440360492 0.48768 2.2216872527934295 2.834057677108069
30742 10628960 0.5775953289916008 0.1874652240202999 0.3048 2.2216872527934295 2.834057677108069
30742 10926744 -1.1556599173236475 0.16074753604654 0.48768 2.2216872527934295 2.834057677108069
30743 10628960 0.5732582889543028 0.18868775169024343 0.3048 2.2216872527934295 2.834057677108069
30743 10926744 -1.1932014213016002 0.1627428215524835 0.48768 2.2216872527934295 2.834057677108069
30744 10926744 -1.231711251249836 0.16014781173029766 0.48768 2.2216872527934295 2.834057677108069
30744 10628960 0.5689212489170047 0.18991027936018698 0.3048 2.2216872527934295 2.834057677108069
30745 10628960 0.5645842088797066 0.19113280703013052 0.3048 2.2216872527934295 2.834057677108069
30745 10926744 -1.2687247718738794 0.16267182305508163 0.48768 2.2216872527934295 2.834057677108069
30746 10926744 -1.3063354391382653 0.16445661080766547 0.48768 2.2216872527934295 2.834057677108069
30746 10628960 0.5602471688424085 0.19235533470007407 0.3048 2.2216872527934295 2.834057677108069
30747 10926744 -1.3437175524063696 0.1655827417089362 0.48768 2.2216872527934295 2.834057677108069
30747 10628960 0.5559101288051105 0.19357786237001762 0.3048 2.2216872527934295 2.834057677108069
30748 10628960 0.5526441965624307 0.19581338318946 0.3048 2.2216872527934295 2.834057677108069
30748 10926744 -1.3810996656744738 0.16670887261020692 0.48768 2.2216872527934295 2.834057677108069
30749 10926744 -1.4197414936049602 0.16941575717204024 0.50292 2.2216872527934295 2.834057677108069
30749 10628960 0.5468452830161665 0.19607275604650856 0.3048 2.2216872527934295 2.834057677108069
30750 10926744 -1.4583833215354465 0.17212264173387357 0.5181600000000001 2.2216872527934295 2.834057677108069
30750 10628960 0.5410463694699025 0.1963321289035571 0.3048 2.2216872527934295 2.834057677108069
30751 10628960 0.5352474559236384 0.19659150176060566 0.3048 2.2216872527934295 2.834057677108069
30751 10926744 -1.497286472525696 0.17701838799369538 0.5181600000000001 2.2216872527934295 2.834057677108069
30752 10628960 0.5294485423773743 0.19685087461765421 0.3048 2.2216872527934295 2.834057677108069
30752 10926744 -1.53496825257498 0.17695816270646644 0.5181600000000001 2.2216872527934295 2.834057677108069
30753 10628960 0.5261789460074404 0.19499860749400605 0.3048 2.2216872527934295 2.834057677108069
30753 10926744 -1.5724756126635964 0.1790610058062013 0.5181600000000001 2.2216872527934295 2.834057677108069
30754 10628960 0.5229093496375066 0.1931463403703579 0.3048 2.2216872527934295 2.834057677108069
30754 10926744 -1.612321211895834 0.182162518254361 0.5181600000000001 2.2216872527934295 2.834057677108069
30755 10628960 0.5191732266383409 0.19530187268398003 0.3048 2.2216872527934295 2.834057677108069
30755 10926744 -1.6493929248234929 0.1842401833986607 0.5181600000000001 2.2216872527934295 2.834057677108069
30756 10628960 0.5154371036391752 0.19745740499760212 0.3048 2.2216872527934295 2.834057677108069
30756 10926744 -1.6864646377511516 0.18631784854296038 0.5181600000000001 2.2216872527934295 2.834057677108069
30757 10926744 -1.7239721338962786 0.18842149425440644 0.54864 2.2216872527934295 2.834057677108069
30757 10628960 0.5169893418975668 0.20220744606612825 0.3048 2.2216872527934295 2.834057677108069
30758 10926744 -1.763852386787679 0.1914183134731041 0.54864 2.2216872527934295 2.834057677108069
30758 10628960 0.5109784923274063 0.20374333314594553 0.3048 2.2216872527934295 2.834057677108069
30759 10926744 -1.797642644168848 0.1951105463332858 0.54864 2.2216872527934295 2.834057677108069
30759 10628960 0.5049676427572458 0.20527922022576278 0.3048 2.2216872527934295 2.834057677108069
30760 10628960 0.4989567931870853 0.20681510730558006 0.3048 2.2216872527934295 2.834057677108069
30760 10926744 -1.831662449649553 0.19864434567617015 0.54864 2.2216872527934295 2.834057677108069
30761 10628960 0.4941423104181689 0.20838841927766133 0.3048 2.2216872527934295 2.834057677108069
30761 10926744 -1.8684104789497844 0.2030707682499515 0.54864 2.2216872527934295 2.834057677108069
30762 10628960 0.4917350695722724 0.20917507690997236 0.3048 2.2216872527934295 2.834057677108069
30762 10926744 -1.9047573132461244 0.20736613580492444 0.54864 2.2216872527934295 2.834057677108069
30763 10926744 -1.9379027885773967 0.21330174678758104 0.54864 2.2216872527934295 2.834057677108069
30763 10628960 0.489327828726376 0.2099617345422834 0.3048 2.2216872527934295 2.834057677108069
30764 10628960 0.48628880103691147 0.20949449626181937 0.3048 2.2216872527934295 2.834057677108069
30764 10926744 -1.9737876446632276 0.2203673544695984 0.57912 2.2216872527934295 2.834057677108069
30765 10628960 0.4832497733474469 0.20902725798135535 0.3048 2.2216872527934295 2.834057677108069
30765 10926744 -2.0091545596108924 0.22901632162636584 0.57912 2.2216872527934295 2.834057677108069
30766 10926744 -2.04807147510349 0.24174788667464872 0.57912 2.2216872527934295 2.834057677108069
30766 10628960 0.4802107456579824 0.20856001970089136 0.3048 2.2216872527934295 2.834057677108069
30767 10628960 0.47717171796851787 0.20809278142042734 0.3048 2.2216872527934295 2.834057677108069
30767 10926744 -2.0812522157969076 0.2564005006315835 0.57912 2.2216872527934295 2.834057677108069
30768 10926744 -2.114432956490325 0.2710531145885182 0.57912 2.2216872527934295 2.834057677108069
30768 10628960 0.47686725814907693 0.20760181673771508 0.3048 2.2216872527934295 2.834057677108069
30769 10628960 0.476562798329636 0.20711085205500282 0.3048 2.2216872527934295 2.834057677108069
30769 10494520 0.6777495029381404 0.006561762675565561 0.3048 2.2216872527934295 2.834057677108069
30769 10926744 -2.149099134758525 0.2899893470437439 0.57912 2.2216872527934295 2.834057677108069
30770 10926744 -2.1811194490175243 0.31565486291221634 0.57912 2.2216872527934295 2.834057677108069
30770 10494520 0.6503106908583204 0.007524871921998015 0.3048 2.2216872527934295 2.834057677108069
30770 10628960 0.47625833851019506 0.20661988737229056 0.3048 2.2216872527934295 2.834057677108069
30771 10926744 -2.214002852442732 0.3386819203849667 0.57912 2.2216872527934295 2.834057677108069
30771 10628960 0.4759538786907542 0.2061289226895783 0.3048 2.2216872527934295 2.834057677108069
30771 10494520 0.6228718787785004 0.00848798116843047 0.3048 2.2216872527934295 2.834057677108069
30772 10926744 -2.243326136513045 0.3658022768784768 0.57912 2.2216872527934295 2.834057677108069
30772 10494520 0.5614549130109199 0.0067100433768363665 0.33528 2.2216872527934295 2.834057677108069
30772 10628960 0.47564941887131323 0.20563795800686605 0.3048 2.2216872527934295 2.834057677108069
30773 10926744 -2.2742966658586026 0.3960323172550333 0.57912 2.2216872527934295 2.834057677108069
30773 10628960 0.4753449590518723 0.2051469933241538 0.3048 2.2216872527934295 2.834057677108069
30773 10494520 0.5187207145876696 0.009108389164181621 0.33528 2.2216872527934295 2.834057677108069
30774 10628960 0.47504049923243136 0.20465602864144153 0.3048 2.2216872527934295 2.834057677108069
30774 10926744 -2.302954098933154 0.4279011118246045 0.57912 2.2216872527934295 2.834057677108069
30774 10494520 0.474675703652543 0.007495844733394971 0.33528 2.2216872527934295 2.834057677108069
30775 10926744 -2.331611532007705 0.4597699063941757 0.57912 2.2216872527934295 2.834057677108069
30775 10628960 0.4747360394129904 0.20416506395872927 0.3048 2.2216872527934295 2.834057677108069
30775 10494520 0.4258159828569975 0.007456931755497553 0.33528 2.2216872527934295 2.834057677108069
30776 10494520 0.3515595261267469 0.00987644872786314 0.33528 2.2216872527934295 2.834057677108069
30776 10926744 -2.358585563602672 0.4940676752532275 0.57912 2.2216872527934295 2.834057677108069
30776 10628960 0.4744315795935495 0.20367409927601704 0.3048 2.2216872527934295 2.834057677108069
30777 10628960 0.4741271197741086 0.20318313459330478 0.3048 2.2216872527934295 2.834057677108069
30777 10494520 0.31054878559523014 0.010077237936043246 0.33528 2.2216872527934295 2.834057677108069
30777 10926744 -2.385041290283647 0.5299486860349855 0.57912 2.2216872527934295 2.834057677108069
30778 10628960 0.47382265995466766 0.20269216991059252 0.3048 2.2216872527934295 2.834057677108069
30778 10926744 -2.4070305587431617 0.5699769505525845 0.59436 2.2216872527934295 2.834057677108069
30778 10494520 0.26953804506371337 0.01027802714422335 0.33528 2.2216872527934295 2.834057677108069
30779 10494520 0.21586334252450712 0.011814028905113655 0.33528 2.2216872527934295 2.834057677108069
30779 10628960 0.4735182001352267 0.20220120522788027 0.3048 2.2216872527934295 2.834057677108069
30779 10926744 -2.4290198272026764 0.6100052150701835 0.6096 2.2216872527934295 2.834057677108069
30780 10494520 0.1637349173640088 0.011559914631205592 0.36576 2.2216872527934295 2.834057677108069
30780 10628960 0.4732137403157858 0.201710240545168 0.3048 2.2216872527934295 2.834057677108069
30780 10926744 -2.449494097727385 0.6505896397766284 0.6096 2.2216872527934295 2.834057677108069
30781 10628960 0.47290928049634484 0.20121927586245575 0.3048 2.2216872527934295 2.834057677108069
30781 10494520 0.1133627820979749 0.013419230879633343 0.36576 2.2216872527934295 2.834057677108069
30781 10926744 -2.4699683682520934 0.6911740644830734 0.6096 2.2216872527934295 2.834057677108069
30782 10926744 -2.4859959072424287 0.7338089644134277 0.6096 2.2216872527934295 2.834057677108069
30782 10628960 0.4726048206769039 0.2007283111797435 0.3048 2.2216872527934295 2.834057677108069
30782 10494520 0.06439892666806357 0.013066141786229696 0.36576 2.2216872527934295 2.834057677108069
30783 10926744 -2.502023446232764 0.776443864343782 0.6096 2.2216872527934295 2.834057677108069
30783 10628960 0.472300360857463 0.20023734649703123 0.3048 2.2216872527934295 2.834057677108069
30783 10494520 -0.002282541356184664 0.011494477624442195 0.36576 2.2216872527934295 2.834057677108069
30784 10628960 0.4719959010380221 0.19974638181431897 0.3048 2.2216872527934295 2.834057677108069
30784 10494520 -0.02436618456288875 0.013221481641530558 0.36576 2.2216872527934295 2.834057677108069
30784 10926744 -2.5146830894166072 0.8205473948576881 0.6096 2.2216872527934295 2.834057677108069
30785 10628960 0.47169144121858114 0.19925541713160672 0.3048 2.2216872527934295 2.834057677108069
30785 10494520 -0.10253787171374718 0.011550863177664655 0.36576 2.2216872527934295 2.834057677108069
30785 10926744 -2.5272733762991777 0.8648620144444178 0.6096 2.2216872527934295 2.834057677108069
30786 10926744 -2.5340888291069814 0.9098575252933112 0.6248400000000001 2.2216872527934295 2.834057677108069
30786 10494520 -0.1504310012200918 0.016106555569794595 0.39624000000000004 2.2216872527934295 2.834057677108069
30786 10628960 0.4713869813991402 0.19876445244889446 0.3048 2.2216872527934295 2.834057677108069
30787 10628960 0.47108252157969926 0.1982734877661822 0.3048 2.2216872527934295 2.834057677108069
30787 10494520 -0.19590070718031294 0.012860494547201257 0.39624000000000004 2.2216872527934295 2.834057677108069
30787 10926744 -2.540904281914785 0.9548530361422047 0.6400800000000001 2.2216872527934295 2.834057677108069
30788 10926744 -2.548459286161612 0.9996232840057883 0.6400800000000001 2.2216872527934295 2.834057677108069
30788 10494520 -0.22519754449073104 0.01425883867676131 0.39624000000000004 2.2216872527934295 2.834057677108069
30788 10628960 0.4707780617602583 0.19778252308346994 0.3048 2.2216872527934295 2.834057677108069
30789 10628960 0.47047360194081744 0.19729155840075768 0.3048 2.2216872527934295 2.834057677108069
30789 10926744 -2.5528630469986906 1.0513077837470866 0.6400800000000001 2.2216872527934295 2.834057677108069
30789 10494520 -0.25449438180114914 0.015657182806321363 0.39624000000000004 2.2216872527934295 2.834057677108069
30790 10628960 0.4701691421213765 0.19680059371804542 0.3048 2.2216872527934295 2.834057677108069
30790 10926744 -2.5615133410458046 1.0954434612469592 0.6400800000000001 2.2216872527934295 2.834057677108069
30790 10494520 -0.31446833146140873 0.014232236282128635 0.39624000000000004 2.2216872527934295 2.834057677108069
30791 10628960 0.46986468230193557 0.19630962903533317 0.3048 2.2216872527934295 2.834057677108069
30791 10926744 -2.5701636350929187 1.1395791387468321 0.6400800000000001 2.2216872527934295 2.834057677108069
30791 10494520 -0.37942957970740343 0.01385394162811629 0.42672000000000004 2.2216872527934295 2.834057677108069
30792 10628960 0.4695602224824946 0.1958186643526209 0.3048 2.2216872527934295 2.834057677108069
30792 10926744 -2.5787908322180986 1.1878553749468272 0.6400800000000001 2.2216872527934295 2.834057677108069
30792 10494520 -0.41067245292432997 0.018809924414379203 0.42672000000000004 2.2216872527934295 2.834057677108069
30793 10926744 -2.5897665241299004 1.2289547955314917 0.6400800000000001 2.2216872527934295 2.834057677108069
30793 10628960 0.4692557626630537 0.19532769966990865 0.3048 2.2216872527934295 2.834057677108069
30793 10494520 -0.4659701745557121 0.015390116223331224 0.42672000000000004 2.2216872527934295 2.834057677108069
30794 10628960 0.46895130284361275 0.1948367349871964 0.3048 2.2216872527934295 2.834057677108069
30794 10494520 -0.5098619809609952 0.019691501293256336 0.42672000000000004 2.2216872527934295 2.834057677108069
30794 10926744 -2.599187628349899 1.274803568212849 0.6400800000000001 2.2216872527934295 2.834057677108069
30795 10926744 -2.6069452775778967 1.3209843827741738 0.6400800000000001 2.2216872527934295 2.834057677108069
30795 10494520 -0.5814156996041078 0.0208859659948136 0.42672000000000004 2.2216872527934295 2.834057677108069
30795 10628960 0.46864684302417187 0.19434577030448413 0.3048 2.2216872527934295 2.834057677108069
30796 10926744 -2.6147029268058946 1.3671651973354988 0.6400800000000001 2.2216872527934295 2.834057677108069
30796 10494520 -0.6318476633781991 0.021484570280461773 0.45720000000000005 2.2216872527934295 2.834057677108069
30796 10628960 0.4683423832047309 0.1938548056217719 0.3048 2.2216872527934295 2.834057677108069
30797 10494520 -0.6919605310362602 0.019640606023351798 0.45720000000000005 2.2216872527934295 2.834057677108069
30797 10628960 0.46803792338529 0.19336384093905964 0.3048 2.2216872527934295 2.834057677108069
30797 10926744 -2.624759087142748 1.4131053232490818 0.6477 2.2216872527934295 2.834057677108069
30798 10494520 -0.7456024458936998 0.02128943592128571 0.45720000000000005 2.2216872527934295 2.834057677108069
30798 10926744 -2.6348152474796014 1.4590454491626648 0.6553200000000001 2.2216872527934295 2.834057677108069
30798 10628960 0.46773346356584905 0.1928728762563474 0.3048 2.2216872527934295 2.834057677108069
30799 10494520 -0.7944643958583721 0.02125909253214006 0.45720000000000005 2.2216872527934295 2.834057677108069
30799 10926744 -2.6448714078164546 1.5049855750762478 0.6629400000000001 2.2216872527934295 2.834057677108069
30799 10628960 0.4674290037464081 0.19238191157363513 0.3048 2.2216872527934295 2.834057677108069
30800 10926744 -2.654927568153308 1.5509257009898307 0.67056 2.2216872527934295 2.834057677108069
30800 10494520 -0.8433263458230444 0.021228749142994413 0.45720000000000005 2.2216872527934295 2.834057677108069
30800 10628960 0.4671245439269672 0.19189094689092287 0.3048 2.2216872527934295 2.834057677108069
30801 10628960 0.4668200841075263 0.1913999822082106 0.3048 2.2216872527934295 2.834057677108069
30801 10926744 -2.6670856179353724 1.5979045264924008 0.67056 2.2216872527934295 2.834057677108069
30801 10494520 -0.8703890250278747 0.021314883985774385 0.45720000000000005 2.2216872527934295 2.834057677108069
30802 10494520 -0.897451704232705 0.021401018828554358 0.45720000000000005 2.2216872527934295 2.834057677108069
30802 10628960 0.46651562428808535 0.19090901752549835 0.3048 2.2216872527934295 2.834057677108069
30802 10926744 -2.6765562596256958 1.6435949259974245 0.67056 2.2216872527934295 2.834057677108069
30803 10926744 -2.686026901316019 1.6892853255024483 0.67056 2.2216872527934295 2.834057677108069
30803 10494520 -0.9544245189558684 0.018298664692274674 0.45720000000000005 2.2216872527934295 2.834057677108069
30803 10628960 0.4662111644686444 0.1904180528427861 0.3048 2.2216872527934295 2.834057677108069
30804 10926744 -2.6953689337795015 1.7349143526023272 0.67056 2.2216872527934295 2.834057677108069
30804 10494520 -1.0340296522151873 0.019325951280191184 0.45720000000000005 2.2216872527934295 2.834057677108069
30804 10628960 0.4659067046492035 0.18992708816007384 0.3048 2.2216872527934295 2.834057677108069
30805 10926744 -2.7047109662429842 1.7805433797022059 0.67056 2.2216872527934295 2.834057677108069
30805 10494520 -1.0941090204894681 0.017590938874325696 0.45720000000000005 2.2216872527934295 2.834057677108069
30805 10628960 0.4661799666132828 0.18987091958142716 0.3048 2.2216872527934295 2.834057677108069
30806 10628960 0.4664532285773621 0.1898147510027805 0.3048 2.2216872527934295 2.834057677108069
30806 10494520 -1.1535327460992162 0.01786186938976428 0.45720000000000005 2.2216872527934295 2.834057677108069
30806 10926744 -2.7140529987064665 1.8261724068020848 0.67056 2.2216872527934295 2.834057677108069
30807 10926744 -2.7228253999987775 1.8742636767664367 0.67056 2.2216872527934295 2.834057677108069
30807 10494520 -1.2100817031542623 0.01497324827116328 0.45720000000000005 2.2216872527934295 2.834057677108069
30807 10628960 0.46672649054144144 0.18975858242413382 0.3048 2.2216872527934295 2.834057677108069
30808 10494520 -1.235595936261204 0.01572259341913282 0.45720000000000005 2.2216872527934295 2.834057677108069
30808 10628960 0.4669997525055207 0.18970241384548717 0.3048 2.2216872527934295 2.834057677108069
30808 10926744 -2.732162539653343 1.9200860841746428 0.67056 2.2216872527934295 2.834057677108069
30809 10494520 -1.3184309247314439 0.010681970234394184 0.45720000000000005 2.2216872527934295 2.834057677108069
30809 10628960 0.46727301446960007 0.18964624526684049 0.3048 2.2216872527934295 2.834057677108069
30809 10926744 -2.744417959528187 1.9654032628352458 0.67056 2.2216872527934295 2.834057677108069
30810 10926744 -2.756673379403031 2.010720441495849 0.67056 2.2216872527934295 2.834057677108069
30810 10628960 0.46754627643367935 0.18959007668819383 0.3048 2.2216872527934295 2.834057677108069
30810 10494520 -1.3901639073610117 0.007269008426961848 0.48768 2.2216872527934295 2.834057677108069
30811 10926744 -2.766124468047882 2.0564635541863834 0.67056 2.2216872527934295 2.834057677108069
30811 10494520 -1.4528632119287404 0.0016032016103702806 0.48768 2.2216872527934295 2.834057677108069
30811 10628960 0.4678195383977587 0.18953390810954715 0.3048 2.2216872527934295 2.834057677108069
30812 10494520 -1.501193798389407 0.00116978865803255 0.48768 2.2216872527934295 2.834057677108069
30812 10926744 -2.775609706633105 2.102101116563848 0.6858000000000001 2.2216872527934295 2.834057677108069
30812 10628960 0.468092800361838 0.18947773953090047 0.3048 2.2216872527934295 2.834057677108069
30813 10494520 -1.5495243848500737 0.0007363757056948195 0.48768 2.2216872527934295 2.834057677108069
30813 10926744 -2.7850949452183285 2.147738678941313 0.7010400000000001 2.2216872527934295 2.834057677108069
30813 10628960 0.4683660623259173 0.18942157095225381 0.3048 2.2216872527934295 2.834057677108069
30814 10494520 -1.5905356970319091 -0.004544028215659052 0.50292 2.2216872527934295 2.834057677108069
30814 10628960 0.4686393242899966 0.18936540237360713 0.3048 2.2216872527934295 2.834057677108069
30814 10926744 -2.7960537537123216 2.1928071391854784 0.7010400000000001 2.2216872527934295 2.834057677108069
30815 10926744 -2.8070125622063147 2.2378755994296444 0.7010400000000001 2.2216872527934295 2.834057677108069
30815 10628960 0.46891258625407595 0.18930923379496048 0.3048 2.2216872527934295 2.834057677108069
30815 10494520 -1.6315470092137447 -0.009824432137012923 0.5181600000000001 2.2216872527934295 2.834057677108069
30816 10494520 -1.677863957683397 -0.011499623010999854 0.5181600000000001 2.2216872527934295 2.834057677108069
30816 10926744 -2.815782465471985 2.285966794468621 0.7010400000000001 2.2216872527934295 2.834057677108069
30816 10628960 0.46918584821815523 0.1892530652163138 0.3048 2.2216872527934295 2.834057677108069
30817 10926744 -2.826385564954907 2.326829323668422 0.7010400000000001 2.2216872527934295 2.834057677108069
30817 10628960 0.4694591101822346 0.18919689663766712 0.3048 2.2216872527934295 2.834057677108069
30817 10494520 -1.7241809061530493 -0.013174813884986786 0.5181600000000001 2.2216872527934295 2.834057677108069
30818 10494520 -1.784046772263401 -0.01696051449273897 0.5181600000000001 2.2216872527934295 2.834057677108069
30818 10926744 -2.833034749349716 2.3743432844251697 0.7010400000000001 2.2216872527934295 2.834057677108069
30818 10628960 0.46973237214631386 0.18914072805902046 0.3048 2.2216872527934295 2.834057677108069
30819 10494520 -1.8439126383737527 -0.020746215100491155 0.5181600000000001 2.2216872527934295 2.834057677108069
30819 10926744 -2.841391652000204 2.4220658112176827 0.7010400000000001 2.2216872527934295 2.834057677108069
30819 10628960 0.4700056341103932 0.18908455948037378 0.3048 2.2216872527934295 2.834057677108069
30820 10494520 -1.8991451179502798 -0.02394379447365816 0.5181600000000001 2.2216872527934295 2.834057677108069
30820 10628960 0.4702788960744725 0.18902839090172713 0.3048 2.2216872527934295 2.834057677108069
30820 10926744 -2.849274221699752 2.4685231038561373 0.7010400000000001 2.2216872527934295 2.834057677108069
30821 10628960 0.4705521580385518 0.18897222232308045 0.3048 2.2216872527934295 2.834057677108069
30821 10926744 -2.8571567913993006 2.514980396494592 0.7010400000000001 2.2216872527934295 2.834057677108069
30821 10494520 -1.954856355147766 -0.024530738909763122 0.54864 2.2216872527934295 2.834057677108069
30822 10628960 0.4708254200026311 0.1889160537444338 0.3048 2.2216872527934295 2.834057677108069
30822 10926744 -2.8659596287678033 2.562965985262529 0.7010400000000001 2.2216872527934295 2.834057677108069
30822 10494520 -2.005062529221055 -0.024581362063341078 0.54864 2.2216872527934295 2.834057677108069
30823 10926744 -2.8707787536476665 2.61443829838251 0.7010400000000001 2.2216872527934295 2.834057677108069
30823 10494520 -2.0546949393994245 -0.024235158738282442 0.54864 2.2216872527934295 2.834057677108069
30823 10628960 0.47109868196671045 0.1888598851657871 0.3048 2.2216872527934295 2.834057677108069
30824 10926744 -2.8770770199806184 2.661662546750085 0.7010400000000001 2.2216872527934295 2.834057677108069
30824 10628960 0.47137194393078974 0.18880371658714043 0.3048 2.2216872527934295 2.834057677108069
30824 10494520 -2.1093492516451056 -0.022946785936028308 0.54864 2.2216872527934295 2.834057677108069
30825 10628960 0.4716452058948691 0.18874754800849378 0.3048 2.2216872527934295 2.834057677108069
30825 10926744 -2.88337528631357 2.7088867951176603 0.7010400000000001 2.2216872527934295 2.834057677108069
30825 10494520 -2.153200382923128 -0.021219725263453865 0.54864 2.2216872527934295 2.834057677108069
30826 10494520 -2.208433626711912 -0.02441490223612422 0.54864 2.2216872527934295 2.834057677108069
30826 10926744 -2.882887279902403 2.7592060651753605 0.7010400000000001 2.2216872527934295 2.834057677108069
30826 10628960 0.4719184678589484 0.1886913794298471 0.3048 2.2216872527934295 2.834057677108069
30827 10926744 -2.887290614345551 2.8081471013369446 0.71628 2.2216872527934295 2.834057677108069
30827 10494520 -2.2621476721682914 -0.022965701187022153 0.54864 2.2216872527934295 2.834057677108069
30827 10628960 0.4721917298230277 0.18863521085120044 0.3048 2.2216872527934295 2.834057677108069
30828 10628960 0.47246499178710705 0.18857904227255376 0.3048 2.2216872527934295 2.834057677108069
30828 10494520 -2.3158272771879584 -0.021410549151500896 0.54864 2.2216872527934295 2.834057677108069
30828 10926744 -2.8916939487886992 2.8570881374985286 0.73152 2.2216872527934295 2.834057677108069
30829 10926744 -2.8912398542646685 2.9073017878849945 0.73152 2.2216872527934295 2.834057677108069
30829 10628960 0.47273825375118633 0.18852287369390708 0.3048 2.2216872527934295 2.834057677108069
30829 10494520 -2.3695069718060378 -0.01985499068320143 0.54864 2.2216872527934295 2.834057677108069
30830 10494520 -2.452041874686877 -0.01960733029364961 0.54864 2.2216872527934295 2.834057677108069
30830 10926744 -2.8912556162652754 2.957435623411793 0.73152 2.2216872527934295 2.834057677108069
30830 10628960 0.4730115157152657 0.18846670511526042 0.3048 2.2216872527934295 2.834057677108069
30831 10494520 -2.5097340074528383 -0.016737935372055174 0.57912 2.2216872527934295 2.834057677108069
30831 10628960 0.47328477767934496 0.18841053653661374 0.3048 2.2216872527934295 2.834057677108069
30831 10926744 -2.8912713782658823 3.0075694589385917 0.73152 2.2216872527934295 2.834057677108069
30832 10494520 -2.5570981215890596 -0.017598074523311552 0.57912 2.2216872527934295 2.834057677108069
30832 10926744 -2.8947778438815073 3.053821652952057 0.73152 2.2216872527934295 2.834057677108069
30832 10628960 0.4735580396434243 0.1883543679579671 0.3048 2.2216872527934295 2.834057677108069
30833 10494520 -2.6125903308058893 -0.01614880039428082 0.57912 2.2216872527934295 2.834057677108069
30833 10628960 0.4738313016075036 0.1882981993793204 0.3048 2.2216872527934295 2.834057677108069
30833 10926744 -2.894862201724462 3.103744346778549 0.73152 2.2216872527934295 2.834057677108069
30834 10926744 -2.896282590596529 3.151845436969233 0.74168 2.2216872527934295 2.834057677108069
30834 10494520 -2.666729662646862 -0.014908133893164394 0.57912 2.2216872527934295 2.834057677108069
30834 10628960 0.4741045635715829 0.18824203080067375 0.3048 2.2216872527934295 2.834057677108069
30835 10628960 0.4743778255356622 0.18818586222202707 0.3048 2.2216872527934295 2.834057677108069
30835 10494520 -2.7050366061620865 -0.01306409464464467 0.57912 2.2216872527934295 2.834057677108069
30835 10926744 -2.8977029794685962 3.199946527159917 0.75184 2.2216872527934295 2.834057677108069
30836 10926744 -2.899123368340663 3.248047617350601 0.762 2.2216872527934295 2.834057677108069
30836 10494520 -2.743343549677311 -0.011220055396124945 0.57912 2.2216872527934295 2.834057677108069
30836 10628960 0.47465108749974155 0.1881296936433804 0.3048 2.2216872527934295 2.834057677108069
30837 10926744 -2.8973881565244897 3.2953882557129814 0.762 2.2216872527934295 2.834057677108069
30837 10628960 0.47492434946382084 0.18807352506473374 0.3048 2.2216872527934295 2.834057677108069
30837 10494520 -2.7987670011699644 -0.009558239665404061 0.57912 2.2216872527934295 2.834057677108069
30838 10926744 -2.897727033212168 3.343174308615154 0.762 2.2216872527934295 2.834057677108069
30838 10494520 -2.857867474876943 -0.004472655363152805 0.57912 2.2216872527934295 2.834057677108069
30838 10628960 0.4751976114279002 0.18801735648608706 0.3048 2.2216872527934295 2.834057677108069
30839 10926744 -2.895818519985427 3.3439475061137283 0.7620412077512393 2.2216872527934295 2.834057677108069
30839 10628960 0.47547087339197946 0.1879611879074404 0.3048 2.2216872527934295 2.834057677108069
30839 10494520 -2.921658780149353 0.00039586436627722654 0.57912 2.2216872527934295 2.834057677108069
30840 10494520 -2.9800744671089667 0.011918499532404953 0.57912 2.2216872527934295 2.834057677108069
30840 10926744 -2.893910006758686 3.344720703612302 0.7620824155024786 2.2216872527934295 2.834057677108069
30840 10628960 0.4757441353560588 0.18790501932879372 0.3048 2.2216872527934295 2.834057677108069
30841 10628960 0.4760173973201381 0.18784885075014704 0.3048 2.2216872527934295 2.834057677108069
30841 10494520 -3.037212082169801 0.027346627446256017 0.57912 2.2216872527934295 2.834057677108069
30841 10926744 -2.8920014935319447 3.345493901110876 0.7621236232537179 2.2216872527934295 2.834057677108069
30842 10926744 -2.890092980305204 3.3462670986094496 0.7621648310049572 2.2216872527934295 2.834057677108069
30842 10494520 -3.1012951503152326 0.04598319805161308 0.57912 2.2216872527934295 2.834057677108069
30842 10628960 0.47629065928421743 0.18779268217150039 0.3048 2.2216872527934295 2.834057677108069
30843 10926744 -2.888184467078463 3.3470402961080237 0.7622060387561965 2.2216872527934295 2.834057677108069
30843 10494520 -3.1301294944789317 0.06102909187807479 0.57912 2.2216872527934295 2.834057677108069
30843 10628960 0.4765639212482967 0.1877365135928537 0.3048 2.2216872527934295 2.834057677108069
30844 10628960 0.47683718321237606 0.18768034501420705 0.3048 2.2216872527934295 2.834057677108069
30844 10494520 -3.2087833669823427 0.09214758969646616 0.57912 2.2216872527934295 2.834057677108069
30844 10926744 -2.886275953851722 3.3478134936065973 0.7622472465074358 2.2216872527934295 2.834057677108069
30845 10926744 -2.8843674406249806 3.3485866911051714 0.7622884542586751 2.2216872527934295 2.834057677108069
30845 10628960 0.47711044517645534 0.18762417643556037 0.3048 2.2216872527934295 2.834057677108069
30845 10494520 -3.232983504150922 0.10778041911191813 0.57912 2.2216872527934295 2.834057677108069
30846 10628960 0.4773837071405347 0.18756800785691372 0.3048 2.2216872527934295 2.834057677108069
30846 10494520 -3.2989435599914527 0.14999421635959406 0.57912 2.2216872527934295 2.834057677108069
30846 10926744 -2.8824589273982397 3.349359888603745 0.7623296620099144 2.2216872527934295 2.834057677108069
30847 10494520 -3.3649036158319836 0.19220801360727 0.57912 2.2216872527934295 2.834057677108069
30847 10926744 -2.880550414171499 3.350133086102319 0.7623708697611536 2.2216872527934295 2.834057677108069
30847 10628960 0.47765696910461397 0.18751183927826703 0.3048 2.2216872527934295 2.834057677108069
30848 10494520 -3.413466581975869 0.22948769501353036 0.57912 2.2216872527934295 2.834057677108069
30848 10926744 -2.878641900944758 3.3509062836008927 0.7624120775123929 2.2216872527934295 2.834057677108069
30848 10628960 0.4779302310686933 0.18745567069962035 0.3048 2.2216872527934295 2.834057677108069
30849 10926744 -2.8767333877180166 3.351679481099467 0.7624532852636323 2.2216872527934295 2.834057677108069
30849 10628960 0.47820349303277265 0.1873995021209737 0.3048 2.2216872527934295 2.834057677108069
30849 10494520 -3.459842536041517 0.2723617210094239 0.57912 2.2216872527934295 2.834057677108069
30850 10926744 -2.8748248744912757 3.3524526785980404 0.7624944930148716 2.2216872527934295 2.834057677108069
30850 10494520 -3.502344151734137 0.31350051741548446 0.57912 2.2216872527934295 2.834057677108069
30850 10628960 0.47847675499685194 0.18734333354232702 0.3048 2.2216872527934295 2.834057677108069
30851 10494520 -3.5457132414915877 0.3655569234209465 0.57912 2.2216872527934295 2.834057677108069
30851 10628960 0.4787500169609313 0.18728716496368036 0.3048 2.2216872527934295 2.834057677108069
30851 10926744 -2.8729163612645348 3.3532258760966145 0.7625357007661109 2.2216872527934295 2.834057677108069
30852 10494520 -3.5845282743746987 0.40981306611997004 0.6096 2.2216872527934295 2.834057677108069
30852 10926744 -2.871007848037794 3.353999073595188 0.7625769085173502 2.2216872527934295 2.834057677108069
30852 10628960 0.47902327892501056 0.18723099638503368 0.3048 2.2216872527934295 2.834057677108069
30853 10926744 -2.8690993348110525 3.354772271093762 0.7626181162685894 2.2216872527934295 2.834057677108069
30853 10628960 0.4792965408890899 0.187174827806387 0.3048 2.2216872527934295 2.834057677108069
30853 10494520 -3.6106829543777117 0.4452509192275251 0.6096 2.2216872527934295 2.834057677108069
30854 10926744 -2.8671908215843116 3.355545468592336 0.7626593240198287 2.2216872527934295 2.834057677108069
30854 10494520 -3.6368376343807247 0.4806887723350801 0.6096 2.2216872527934295 2.834057677108069
30854 10628960 0.4795698028531692 0.18711865922774035 0.3048 2.2216872527934295 2.834057677108069
30855 10926744 -2.8652823083575707 3.35631866609091 0.7627005317710681 2.2216872527934295 2.834057677108069
30855 10494520 -3.673171311152286 0.5352341226898375 0.6096 2.2216872527934295 2.834057677108069
30855 10628960 0.47984306481724853 0.18706249064909367 0.3048 2.2216872527934295 2.834057677108069
30856 10494520 -3.724124066603852 0.6151317861109599 0.6096 2.2216872527934295 2.834057677108069
30856 10628960 0.4801163267813278 0.187006322070447 0.3048 2.2216872527934295 2.834057677108069
30856 10926744 -2.86337379513083 3.357091863589484 0.7627417395223074 2.2216872527934295 2.834057677108069
30857 10494520 -3.755965539568774 0.6741667743009443 0.6096 2.2216872527934295 2.834057677108069
30857 10926744 -2.8614652819040884 3.3578650610880576 0.7627829472735467 2.2216872527934295 2.834057677108069
30857 10628960 0.48038958874540716 0.18695015349180033 0.3048 2.2216872527934295 2.834057677108069
30858 10628960 0.48066285070948644 0.18689398491315368 0.3048 2.2216872527934295 2.834057677108069
30858 10494520 -3.787807012533696 0.7332017624909287 0.6096 2.2216872527934295 2.834057677108069
30858 10926744 -2.8595567686773475 3.3586382585866317 0.762824155024786 2.2216872527934295 2.834057677108069
30859 10926744 -2.8576482554506066 3.3594114560852053 0.7628653627760252 2.2216872527934295 2.834057677108069
30859 10494520 -3.820682220870995 0.7983014233069975 0.6400800000000001 2.2216872527934295 2.834057677108069
30859 10628960 0.4809361126735658 0.186837816334507 0.3048 2.2216872527934295 2.834057677108069
30860 10926744 -2.8557397422238657 3.3601846535837794 0.7629065705272645 2.2216872527934295 2.834057677108069
30860 10494520 -3.839045414082759 0.8588834308191705 0.6400800000000001 2.2216872527934295 2.834057677108069
30860 10628960 0.48120937463764507 0.1867816477558603 0.3048 2.2216872527934295 2.834057677108069
30861 10926744 -2.8538312289971244 3.360957851082353 0.7629477782785038 2.2216872527934295 2.834057677108069
30861 10494520 -3.8509756097694945 0.8875622009035187 0.6400800000000001 2.2216872527934295 2.834057677108069
30861 10628960 0.4814826366017244 0.18672547917721366 0.3048 2.2216872527934295 2.834057677108069
30862 10628960 0.4817558985658037 0.18666931059856698 0.3048 2.2216872527934295 2.834057677108069
30862 10494520 -3.8735449753554905 0.9570002658340937 0.6400800000000001 2.2216872527934295 2.834057677108069
30862 10926744 -2.8519227157703835 3.361731048580927 0.7629889860297432 2.2216872527934295 2.834057677108069
30863 10926744 -2.8500142025436426 3.3625042460795007 0.7630301937809825 2.2216872527934295 2.834057677108069
30863 10494520 -3.899663885064613 1.0372995735562143 0.6400800000000001 2.2216872527934295 2.834057677108069
30863 10628960 0.48202916052988304 0.18661314201992033 0.3048 2.2216872527934295 2.834057677108069
30864 10494520 -3.9071969055739206 1.0766913757945025 0.6400800000000001 2.2216872527934295 2.834057677108069
30864 10628960 0.4823024224939623 0.18655697344127364 0.3048 2.2216872527934295 2.834057677108069
30864 10926744 -2.8481056893169017 3.363277443578075 0.7630714015322217 2.2216872527934295 2.834057677108069
30865 10926744 -2.8461971760901608 3.3640506410766484 0.763112609283461 2.2216872527934295 2.834057677108069
30865 10494520 -3.9209959406313537 1.1356044980446935 0.6553200000000001 2.2216872527934295 2.834057677108069
30866 10926744 -2.8442886628634194 3.3648238385752225 0.7631538170347003 2.2216872527934295 2.834057677108069
30866 10494520 -3.9347949756887868 1.1945176202948846 0.67056 2.2216872527934295 2.834057677108069
30867 10926744 -2.8423801496366785 3.365597036073796 0.7631950247859396 3.9304387672223355 2.447075948701995
30867 10494520 -3.9424076805341466 1.2567219130198424 0.67056 3.9304387672223355 2.447075948701995
30868 10926744 -2.8404716364099376 3.36637023357237 0.7632362325371789 3.9304387672223355 2.447075948701995
30868 10494520 -3.9503863527400718 1.2811860276581752 0.67056 3.9304387672223355 2.447075948701995
30869 10926744 -2.8385631231831967 3.367143431070944 0.7632774402884183 3.9304387672223355 2.447075948701995
30869 10494520 -3.9675826017037217 1.3751576918559272 0.67056 3.9304387672223355 2.447075948701995
30870 10926744 -2.8366546099564554 3.367916628569518 0.7633186480396575 3.9304387672223355 2.447075948701995
30870 10494520 -3.9649938040574733 1.3760050108781046 0.6705442236024846 3.9304387672223355 2.447075948701995
30871 10494520 -3.962405006411225 1.3768523299002817 0.670528447204969 3.9304387672223355 2.447075948701995
30871 10628960 0.48421525624251754 0.18616379339074696 0.3048 3.9304387672223355 2.447075948701995
30871 10926744 -2.8347460967297144 3.3686898260680915 0.7633598557908968 3.9304387672223355 2.447075948701995
30872 10926744 -2.8328375835029735 3.3694630235666656 0.7634010635421361 3.9304387672223355 2.447075948701995
30872 10494520 -3.959816208764976 1.377699648922459 0.6705126708074535 3.9304387672223355 2.447075948701995
30872 10628960 0.49061650044017485 0.1894460674894019 0.3048 3.9304387672223355 2.447075948701995
30873 10926744 -2.8309290702762326 3.3702362210652397 0.7634422712933754 3.9304387672223355 2.447075948701995
30873 10494520 -3.9572274111187276 1.3785469679446365 0.670496894409938 3.9304387672223355 2.447075948701995
30873 10628960 0.4930309875216892 0.18650739879519973 0.3048 3.9304387672223355 2.447075948701995
30874 10494520 -3.954638613472479 1.3793942869668139 0.6704811180124224 3.9304387672223355 2.447075948701995
30874 10628960 0.4954454746032036 0.18356873010099758 0.3048 3.9304387672223355 2.447075948701995
30874 10926744 -2.8290205570494913 3.3710094185638133 0.7634834790446147 3.9304387672223355 2.447075948701995
30875 10494520 -3.9520498158262307 1.380241605988991 0.6704653416149069 3.9304387672223355 2.447075948701995
30875 10926744 -2.8271120438227504 3.3717826160623874 0.763524686795854 3.9304387672223355 2.447075948701995
30875 10628960 0.4978599616847179 0.1806300614067954 0.3048 3.9304387672223355 2.447075948701995
30876 10926744 -2.8252035305960095 3.372555813560961 0.7635658945470933 3.9304387672223355 2.447075948701995
30876 10494520 -3.949461018179982 1.3810889250111684 0.6704495652173913 3.9304387672223355 2.447075948701995
30876 10628960 0.5002744487662323 0.17769139271259327 0.3048 3.9304387672223355 2.447075948701995
30877 10494520 -3.9468722205337334 1.3819362440333458 0.6704337888198758 3.9304387672223355 2.447075948701995
30877 10628960 0.5026889358477467 0.1747527240183911 0.3048 3.9304387672223355 2.447075948701995
30877 10926744 -2.8232950173692686 3.373329011059535 0.7636071022983326 3.9304387672223355 2.447075948701995
30878 10494520 -3.944283422887485 1.382783563055523 0.6704180124223603 3.9304387672223355 2.447075948701995
30878 10926744 -2.8213865041425272 3.3741022085581087 0.7636483100495719 3.9304387672223355 2.447075948701995
30878 10628960 0.5026207137221695 0.16971244508297265 0.3048 3.9304387672223355 2.447075948701995
30879 10628960 0.5025524915965924 0.1646721661475542 0.3048 3.9304387672223355 2.447075948701995
30879 10926744 -2.8194779909157863 3.374875406056683 0.7636895178008112 3.9304387672223355 2.447075948701995
30879 10494520 -3.9416946252412366 1.3836308820777004 0.6704022360248447 3.9304387672223355 2.447075948701995
30880 10628960 0.5024842694710153 0.15963188721213575 0.3048 3.9304387672223355 2.447075948701995
30880 10494520 -3.9391058275949877 1.3844782010998777 0.6703864596273292 3.9304387672223355 2.447075948701995
30880 10926744 -2.8175694776890454 3.3756486035552564 0.7637307255520505 3.9304387672223355 2.447075948701995
30881 10494520 -3.9365170299487393 1.3853255201220551 0.6703706832298137 3.9304387672223355 2.447075948701995
30881 10628960 0.5024160473454382 0.1545916082767173 0.3048 3.9304387672223355 2.447075948701995
30881 10926744 -2.8156609644623045 3.3764218010538305 0.7637719333032897 3.9304387672223355 2.447075948701995
30882 10628960 0.5023478252198612 0.1495513293412989 0.3048 3.9304387672223355 2.447075948701995
30882 10926744 -2.813752451235563 3.377194998552404 0.7638131410545291 3.9304387672223355 2.447075948701995
30882 10494520 -3.933928232302491 1.3861728391442323 0.6703549068322981 3.9304387672223355 2.447075948701995
30883 10926744 -2.8118439380088223 3.377968196050978 0.7638543488057684 3.9304387672223355 2.447075948701995
30883 10628960 0.5022796030942841 0.14451105040588044 0.3048 3.9304387672223355 2.447075948701995
30883 10494520 -3.9313394346562425 1.3870201581664097 0.6703391304347827 3.9304387672223355 2.447075948701995
30884 10926744 -2.8099354247820814 3.378741393549552 0.7638955565570077 3.9304387672223355 2.447075948701995
30884 10628960 0.502211380968707 0.139470771470462 0.3048 3.9304387672223355 2.447075948701995
30884 10494520 -3.9287506370099936 1.387867477188587 0.6703233540372672 3.9304387672223355 2.447075948701995
30885 10494520 -3.926161839363745 1.3887147962107642 0.6703075776397516 3.9304387672223355 2.447075948701995
30885 10628960 0.5021431588431299 0.13443049253504355 0.3048 3.9304387672223355 2.447075948701995
30885 10926744 -2.8080269115553405 3.379514591048126 0.763936764308247 3.9304387672223355 2.447075948701995
30886 10628960 0.5020749367175528 0.1293902135996251 0.3048 3.9304387672223355 2.447075948701995
30886 10926744 -2.806118398328599 3.3802877885466995 0.7639779720594863 3.9304387672223355 2.447075948701995
30886 10494520 -3.9235730417174968 1.3895621152329416 0.6702918012422361 3.9304387672223355 2.447075948701995
30887 10926744 -2.804209885101858 3.3810609860452736 0.7640191798107255 3.9304387672223355 2.447075948701995
30887 10494520 -3.9209842440712483 1.390409434255119 0.6702760248447206 3.9304387672223355 2.447075948701995
30887 10628960 0.5010963866973719 0.12503684454387115 0.3048 3.9304387672223355 2.447075948701995
30888 10628960 0.500117836677191 0.12068347548811717 0.3048 3.9304387672223355 2.447075948701995
30888 10926744 -2.8023013718751173 3.3818341835438472 0.7640603875619648 3.9304387672223355 2.447075948701995
30888 10494520 -3.918395446425 1.3912567532772961 0.670260248447205 3.9304387672223355 2.447075948701995
30889 10628960 0.49913928665701024 0.11633010643236322 0.3048 3.9304387672223355 2.447075948701995
30889 10494520 -3.915806648778751 1.3921040722994735 0.6702444720496895 3.9304387672223355 2.447075948701995
30889 10926744 -2.8003928586483764 3.3826073810424213 0.7641015953132042 3.9304387672223355 2.447075948701995
30890 10628960 0.49816073663682936 0.11197673737660925 0.3048 3.9304387672223355 2.447075948701995
30890 10494520 -3.9132178511325026 1.392951391321651 0.6702286956521739 3.9304387672223355 2.447075948701995
30890 10926744 -2.7984843454216355 3.3833805785409954 0.7641428030644435 3.9304387672223355 2.447075948701995
30891 10926744 -2.796575832194894 3.384153776039569 0.7641840108156828 3.9304387672223355 2.447075948701995
30891 10494520 -3.9106290534862542 1.3937987103438283 0.6702129192546584 3.9304387672223355 2.447075948701995
30891 10628960 0.50033561944794 0.10776116924878046 0.3048 3.9304387672223355 2.447075948701995
30892 10926744 -2.7946673189681532 3.384926973538143 0.764225218566922 3.9304387672223355 2.447075948701995
30892 10494520 -3.908040255840006 1.3946460293660055 0.6701971428571429 3.9304387672223355 2.447075948701995
30892 10628960 0.5025105022590507 0.10354560112095165 0.3048 3.9304387672223355 2.447075948701995
30893 10494520 -3.905451458193757 1.3954933483881828 0.6701813664596273 3.9304387672223355 2.447075948701995
30893 10926744 -2.7927588057414123 3.3857001710367167 0.7642664263181613 3.9304387672223355 2.447075948701995
30893 10628960 0.5046853850701614 0.09933003299312286 0.3048 3.9304387672223355 2.447075948701995
30894 10926744 -2.7908502925146714 3.386473368535291 0.7643076340694006 3.9304387672223355 2.447075948701995
30894 10494520 -3.9028626605475085 1.3963406674103602 0.6701655900621118 3.9304387672223355 2.447075948701995
30894 10628960 0.5049622245866942 0.09474167028376733 0.3048 3.9304387672223355 2.447075948701995
30895 10628960 0.5052390641032269 0.0901533075744118 0.3048 3.9304387672223355 2.447075948701995
30895 10926744 -2.78894177928793 3.3872465660338644 0.7643488418206399 3.9304387672223355 2.447075948701995
30895 10494520 -3.90027386290126 1.3971879864325374 0.6701498136645964 3.9304387672223355 2.447075948701995
30896 10628960 0.5108560551157019 0.08831778611713988 0.3048 3.9304387672223355 2.447075948701995
30896 10494520 -3.8976850652550117 1.3980353054547148 0.6701340372670808 3.9304387672223355 2.447075948701995
30896 10926744 -2.787033266061189 3.3880197635324385 0.7643900495718793 3.9304387672223355 2.447075948701995
30897 10628960 0.5132633375614171 0.08753113584767977 0.3048 3.9304387672223355 2.447075948701995
30897 10926744 -2.7851247528344483 3.388792961031012 0.7644312573231186 3.9304387672223355 2.447075948701995
30897 10494520 -3.895096267608763 1.3988826244768922 0.6701182608695653 3.9304387672223355 2.447075948701995
30898 10628960 0.5156706200071323 0.08674448557821968 0.3048 3.9304387672223355 2.447075948701995
30898 10494520 -3.8925074699625144 1.3997299434990695 0.6701024844720498 3.9304387672223355 2.447075948701995
30898 10926744 -2.7832162396077074 3.389566158529586 0.7644724650743578 3.9304387672223355 2.447075948701995
30899 10628960 0.5204851870504816 0.08517119162512495 0.3048 3.9304387672223355 2.447075948701995
30899 10494520 -3.889918672316266 1.4005772625212467 0.6700867080745342 3.9304387672223355 2.447075948701995
30900 10494520 -3.8873298746700176 1.401424581543424 0.6700709316770187 3.9304387672223355 2.447075948701995
30900 10628960 0.525299754093831 0.08359789767203021 0.3048 3.9304387672223355 2.447075948701995
30901 10494520 -3.8847410770237687 1.4022719005656015 0.6700551552795031 3.9304387672223355 2.447075948701995
30901 10628960 0.5301143211371804 0.08202460371893548 0.3048 3.9304387672223355 2.447075948701995
30902 10628960 0.535597428326011 0.08113828009942604 0.3048 3.9304387672223355 2.447075948701995
30902 10494520 -3.8821522793775203 1.4031192195877786 0.6700393788819876 3.9304387672223355 2.447075948701995
30903 10628960 0.5410805355148417 0.08025195647991659 0.3048 3.9304387672223355 2.447075948701995
30903 10494520 -3.879563481731272 1.403966538609956 0.6700236024844721 3.9304387672223355 2.447075948701995
30904 10628960 0.5465636427036724 0.07936563286040715 0.3048 3.9304387672223355 2.447075948701995
30904 10494520 -3.8769746840850234 1.4048138576321334 0.6700078260869565 3.9304387672223355 2.447075948701995
30905 10494520 -3.874385886438775 1.4056611766543108 0.669992049689441 3.9304387672223355 2.447075948701995
30905 10628960 0.552046749892503 0.07847930924089772 0.3048 3.9304387672223355 2.447075948701995
30906 10628960 0.5542767169448722 0.0803208368503726 0.3048 3.9304387672223355 2.447075948701995
30906 10494520 -3.871797088792526 1.406508495676488 0.6699762732919256 3.9304387672223355 2.447075948701995
30907 10494520 -3.8692082911462777 1.4073558146986653 0.66996049689441 3.9304387672223355 2.447075948701995
30907 10628960 0.5565066839972415 0.08216236445984747 0.3048 3.9304387672223355 2.447075948701995
30908 10628960 0.5587366510496107 0.08400389206932235 0.3048 3.9304387672223355 2.447075948701995
30908 10494520 -3.8666194935000293 1.4082031337208427 0.6699447204968945 3.9304387672223355 2.447075948701995
30909 10494520 -3.864030695853781 1.4090504527430199 0.669928944099379 3.9304387672223355 2.447075948701995
30909 10628960 0.5700305393905265 0.08323407083354654 0.3048 3.9304387672223355 2.447075948701995
30910 10494520 -3.861441898207532 1.4098977717651973 0.6699131677018634 3.9304387672223355 2.447075948701995
30910 10628960 0.5770619602280833 0.07947605856107953 0.3048 3.9304387672223355 2.447075948701995
30911 10494520 -3.8588531005612836 1.4107450907873746 0.6698973913043479 3.9304387672223355 2.447075948701995
30911 10628960 0.5841520813105783 0.08051803394324913 0.3048 3.9304387672223355 2.447075948701995
30912 10628960 0.5912422023930732 0.08156000932541872 0.3048 3.9304387672223355 2.447075948701995
30912 10494520 -3.856264302915035 1.4115924098095518 0.6698816149068323 3.9304387672223355 2.447075948701995
30913 10628960 0.5968029115336577 0.08091123213156609 0.3048 3.9304387672223355 2.447075948701995
30913 10494520 -3.8536755052687868 1.4124397288317292 0.6698658385093168 3.9304387672223355 2.447075948701995
30914 10494520 -3.851086707622538 1.4132870478539066 0.6698500621118013 3.9304387672223355 2.447075948701995
30914 10628960 0.6023636206742421 0.08026245493771346 0.3048 3.9304387672223355 2.447075948701995
30915 10494520 -3.8484979099762895 1.414134366876084 0.6698342857142857 3.9304387672223355 2.447075948701995
30915 10628960 0.6090113175811449 0.08022233329405075 0.3048 3.9304387672223355 2.447075948701995
30916 10494520 -3.845909112330041 1.4149816858982611 0.6698185093167702 3.9304387672223355 2.447075948701995
30916 10628960 0.6156590144880478 0.08018221165038805 0.3048 3.9304387672223355 2.447075948701995
30917 10494520 -3.8433203146837926 1.4158290049204385 0.6698027329192547 3.9304387672223355 2.447075948701995
30917 10628960 0.6223067113949506 0.08014209000672534 0.3048 3.9304387672223355 2.447075948701995
30918 10628960 0.6289544083018535 0.08010196836306263 0.3048 3.9304387672223355 2.447075948701995
30918 10494520 -3.840731517037544 1.416676323942616 0.6697869565217391 3.9304387672223355 2.447075948701995
30919 10494520 -3.8381427193912954 1.417523642964793 0.6697711801242237 3.9304387672223355 2.447075948701995
30919 10628960 0.6353901051436437 0.08348993472002927 0.3048 3.9304387672223355 2.447075948701995
30920 10628960 0.649833812950861 0.07877029850590259 0.3048 3.9304387672223355 2.447075948701995
30920 10494520 -3.835553921745047 1.4183709619869704 0.6697554037267082 3.9304387672223355 2.447075948701995
30921 10494520 -3.8329651240987985 1.4192182810091478 0.6697396273291926 3.9304387672223355 2.447075948701995
30921 10628960 0.6535494056936527 0.07926966924469404 0.3048 3.9304387672223355 2.447075948701995
30922 10494520 -3.8303763264525497 1.4200656000313252 0.6697238509316771 3.9304387672223355 2.447075948701995
30922 10628960 0.6572649984364446 0.07976903998348552 0.3048 3.9304387672223355 2.447075948701995
30923 10494520 -3.8277875288063012 1.4209129190535024 0.6697080745341616 3.9304387672223355 2.447075948701995
30923 10628960 0.6609805911792364 0.08026841072227697 0.3048 3.9304387672223355 2.447075948701995
30924 10494520 -3.825198731160053 1.4217602380756797 0.669692298136646 3.9304387672223355 2.447075948701995
30924 10628960 0.6689957535354059 0.08033643320940981 0.3048 3.9304387672223355 2.447075948701995
30925 10494520 -3.8226099335138044 1.4226075570978571 0.6696765217391305 3.9304387672223355 2.447075948701995
30925 10628960 0.682627912127599 0.07856908034930749 0.3048 3.9304387672223355 2.447075948701995
30926 10628960 0.6874460358119885 0.08108370288035467 0.3048 3.9304387672223355 2.447075948701995
30926 10494520 -3.820021135867556 1.4234548761200343 0.6696607453416149 3.9304387672223355 2.447075948701995
30927 10494520 -3.817432338221307 1.4243021951422117 0.6696449689440994 3.9304387672223355 2.447075948701995
30927 10628960 0.6922641594963779 0.08359832541140186 0.3048 3.9304387672223355 2.447075948701995
30928 10494520 -3.8148435405750587 1.425149514164389 0.6696291925465839 3.9304387672223355 2.447075948701995
30928 10628960 0.6970787276159408 0.0820251489459175 0.3048 3.9304387672223355 2.447075948701995
30929 10494520 -3.8122547429288103 1.4259968331865664 0.6696134161490683 3.9304387672223355 2.447075948701995
30929 10628960 0.7066596730838537 0.08280827979295499 0.3048 3.9304387672223355 2.447075948701995
30930 10628960 0.7162406185517667 0.0835914106399925 0.3048 3.9304387672223355 2.447075948701995
30931 10628960 0.7236785551494826 0.07917500062392385 0.3048 3.9304387672223355 2.447075948701995
30932 10628960 0.7300107198935258 0.08224637902705625 0.3048 3.9304387672223355 2.447075948701995
30933 10628960 0.737887896318458 0.08189224893347263 0.3048 3.9304387672223355 2.447075948701995
30934 10628960 0.74433495146399 0.08191780123371195 0.3048 3.9304387672223355 2.447075948701995
30935 10628960 0.7507820066095221 0.08194335353395128 0.3048 3.9304387672223355 2.447075948701995
30936 10628960 0.7572290617550541 0.08196890583419061 0.3048 3.9304387672223355 2.447075948701995
30937 10628960 0.7636761169005861 0.08199445813442993 0.3048 3.9304387672223355 2.447075948701995
30938 10628960 0.7750839690716457 0.08048674215512336 0.3048 3.9304387672223355 2.447075948701995
30939 10628960 0.7809152933285902 0.08121001945111755 0.3048 3.9304387672223355 2.447075948701995
30940 10628960 0.7867466175855348 0.08193329674711176 0.3048 3.9304387672223355 2.447075948701995
30941 10628960 0.7928599262306338 0.08200540801549526 0.3048 3.9304387672223355 2.447075948701995
30942 10628960 0.7989732348757329 0.08207751928387877 0.3048 3.9304387672223355 2.447075948701995
30943 10628960 0.805086543520832 0.08214963055226226 0.3048 3.9304387672223355 2.447075948701995
30944 10628960 0.811199852165931 0.08222174182064576 0.3048 3.9304387672223355 2.447075948701995
30945 10628960 0.8173131608110301 0.08229385308902927 0.3048 3.9304387672223355 2.447075948701995
30946 10628960 0.8234264694561292 0.08236596435741277 0.3048 3.9304387672223355 2.447075948701995
30947 10628960 0.8295397781012283 0.08243807562579628 0.3048 3.9304387672223355 2.447075948701995
30948 10628960 0.8356530867463273 0.08251018689417977 0.3048 3.9304387672223355 2.447075948701995
30949 10628960 0.8417663953914264 0.08258229816256327 0.3048 3.9304387672223355 2.447075948701995
30950 10628960 0.8478797040365255 0.08265440943094678 0.3048 3.9304387672223355 2.447075948701995
30951 10628960 0.8539930126816245 0.08272652069933027 0.3048 3.9304387672223355 2.447075948701995
30952 10628960 0.8601063213267236 0.08279863196771377 0.3048 3.9304387672223355 2.447075948701995
30953 10628960 0.8662196299718227 0.08287074323609728 0.3048 3.9304387672223355 2.447075948701995
30954 10628960 0.8723329386169217 0.08294285450448077 0.3048 3.9304387672223355 2.447075948701995
30955 10628960 0.8784462472620208 0.08301496577286427 0.3048 3.9304387672223355 2.447075948701995
30956 10628960 0.8845595559071199 0.08308707704124778 0.3048 3.9304387672223355 2.447075948701995
30957 10628960 0.890672864552219 0.08315918830963127 0.3048 3.9304387672223355 2.447075948701995
30958 10628960 0.896786173197318 0.08323129957801477 0.3048 3.9304387672223355 2.447075948701995
30959 10628960 0.9028994818424171 0.08330341084639828 0.3048 3.9304387672223355 2.447075948701995
30960 10628960 0.9090127904875162 0.08337552211478177 0.3048 3.9304387672223355 2.447075948701995
30961 10628960 0.9151260991326152 0.08344763338316527 0.3048 3.9304387672223355 2.447075948701995
30962 10628960 0.9212394077777143 0.08351974465154878 0.3048 3.9304387672223355 2.447075948701995
30963 10628960 0.9273527164228134 0.08359185591993228 0.3048 3.9304387672223355 2.447075948701995
30964 10628960 0.9334660250679124 0.08366396718831579 0.3048 3.9304387672223355 2.447075948701995
30965 10628960 0.9395793337130115 0.08373607845669928 0.3048 3.9304387672223355 2.447075948701995
30966 10628960 0.9456926423581106 0.08380818972508278 0.3048 3.9304387672223355 2.447075948701995
30967 10628960 0.9518059510032096 0.08388030099346629 0.3048 3.9304387672223355 2.447075948701995
30968 10628960 0.9579192596483087 0.08395241226184978 0.3048 3.9304387672223355 2.447075948701995
30969 10628960 0.9670710927487078 0.08364939886350779 0.3048 3.9304387672223355 2.447075948701995
30970 10628960 0.9762229258491071 0.08334638546516582 0.3048 3.9304387672223355 2.447075948701995
30971 10628960 0.9853747589495063 0.08304337206682383 0.3048 3.9304387672223355 2.447075948701995
30972 10628960 0.9945265920499055 0.08274035866848184 0.3048 3.9304387672223355 2.447075948701995
30973 10628960 1.0036784251503046 0.08243734527013986 0.3048 3.9304387672223355 2.447075948701995
30974 10628960 1.0128302582507038 0.08213433187179787 0.3048 3.9304387672223355 2.447075948701995
30975 10628960 1.0184411008458518 0.08209256200538105 0.3048 3.9304387672223355 2.447075948701995
30976 10628960 1.0240519434409996 0.08205079213896421 0.3048 3.9304387672223355 2.447075948701995
30977 10628960 1.0296627860361476 0.08200902227254739 0.3048 3.9304387672223355 2.447075948701995
30978 10628960 1.0462320354731616 0.08243706657478944 0.3048 3.9304387672223355 2.447075948701995
30979 10628960 1.056767061798624 0.07934572340510963 0.3048 3.9304387672223355 2.447075948701995
30980 10628960 1.0630300556171057 0.08220627711192927 0.3048 3.9304387672223355 2.447075948701995
30981 10628960 1.0686205627634473 0.08300843599598391 0.3048 3.9304387672223355 2.447075948701995
30982 10628960 1.0742110699097889 0.08381059488003856 0.3048 3.9304387672223355 2.447075948701995
30983 10628960 1.084012636777187 0.08119256352903653 0.3048 3.9304387672223355 2.447075948701995
30984 10628960 1.0958581242614418 0.08211252704784536 0.3048 3.9304387672223355 2.447075948701995
30985 10628960 1.1016664712784812 0.08290195406682022 0.3048 3.9304387672223355 2.447075948701995
30986 10628960 1.1074748182955205 0.08369138108579507 0.3048 3.9304387672223355 2.447075948701995
30987 10628960 1.1145650357833505 0.0816087028233288 0.3048 3.9304387672223355 2.447075948701995
30988 10628960 1.1216552532711805 0.07952602456086251 0.3048 3.9304387672223355 2.447075948701995
30989 10628960 1.129635786415942 0.07948901225680108 0.3048 3.9304387672223355 2.447075948701995
30990 10628960 1.1376163195607039 0.07945199995273966 0.3048 3.9304387672223355 2.447075948701995
30991 10628960 1.144487392359191 0.08281490832939181 0.3048 3.9304387672223355 2.447075948701995
30992 10628960 1.1513080316056636 0.08058668081706465 0.3048 3.9304387672223355 2.447075948701995
30993 10628960 1.1576744260213794 0.08376399537133485 0.3048 3.9304387672223355 2.447075948701995
30994 10628960 1.1673115275492505 0.08336108022365565 0.3048 3.9304387672223355 2.447075948701995
30995 10628960 1.1769486290771216 0.08295816507597645 0.3048 3.9304387672223355 2.447075948701995
30996 10628960 1.184821487497044 0.08213862496034331 0.3048 3.9304387672223355 2.447075948701995
30997 10628960 1.1926943459169663 0.08131908484471016 0.3048 3.9304387672223355 2.447075948701995
30998 10628960 1.2005672043368887 0.08049954472907703 0.3048 3.9304387672223355 2.447075948701995
30999 10628960 1.2084400627568108 0.07968000461344389 0.3048 3.9304387672223355 2.447075948701995
31000 10628960 1.2163129211767332 0.07886046449781074 0.3048 3.9304387672223355 2.447075948701995
31001 10628960 1.2241857795966555 0.0780409243821776 0.3048 3.9304387672223355 2.447075948701995
31002 10628960 1.2324013720122828 0.07804406332116826 0.3048 3.9304387672223355 2.447075948701995
31003 10628960 1.2406169644279101 0.0780472022601589 0.3048 3.9304387672223355 2.447075948701995
31004 10628960 1.2488325568435372 0.07805034119914957 0.3048 3.9304387672223355 2.447075948701995
31005 10628960 1.2570481492591645 0.07805348013814022 0.3048 3.9304387672223355 2.447075948701995
31006 10628960 1.2644230436345782 0.07779389372199572 0.3048 3.9304387672223355 2.447075948701995
31007 10628960 1.271797938009992 0.07753430730585122 0.3048 3.9304387672223355 2.447075948701995
31008 10628960 1.279172832385406 0.0772747208897067 0.3048 3.9304387672223355 2.447075948701995
31009 10628960 1.2865477267608196 0.0770151344735622 0.3048 3.9304387672223355 2.447075948701995
31010 10628960 1.2939226211362334 0.0767555480574177 0.3048 3.9304387672223355 2.447075948701995
31011 10628960 1.3031146676013676 0.07906833095079654 0.3048 3.9304387672223355 2.447075948701995
31012 10628960 1.312306714066502 0.0813811138441754 0.3048 3.9304387672223355 2.447075948701995
31013 10628960 1.317796028008233 0.08119428945947366 0.3048 3.9304387672223355 2.447075948701995
31014 10628960 1.3232853419499642 0.08100746507477191 0.3048 3.9304387672223355 2.447075948701995
31015 10628960 1.328774655891695 0.08082064069007017 0.3048 3.9304387672223355 2.447075948701995
31016 10628960 1.3342639698334262 0.08063381630536842 0.3048 3.9304387672223355 2.447075948701995
31017 10628960 1.343404976276996 0.08007192256734873 0.3048 3.9304387672223355 2.447075948701995
31018 10628960 1.352545982720566 0.07951002882932903 0.3048 3.9304387672223355 2.447075948701995
31019 10628960 1.3616869891641357 0.07894813509130935 0.3048 3.9304387672223355 2.447075948701995
31020 10628960 1.3708279956077054 0.07838624135328966 0.3048 3.9304387672223355 2.447075948701995
31021 10628960 1.375363113128393 0.07867665520077549 0.3048 3.9304387672223355 2.447075948701995
31022 10628960 1.3798982306490806 0.07896706904826134 0.3048 3.9304387672223355 2.447075948701995
31023 10628960 1.3844333481697682 0.07925748289574719 0.3048 3.9304387672223355 2.447075948701995
31024 10628960 1.3889684656904555 0.07954789674323302 0.3048 3.9304387672223355 2.447075948701995
31025 10628960 1.393503583211143 0.07983831059071886 0.3048 3.9304387672223355 2.447075948701995
31026 10628960 1.3980387007318307 0.08012872443820471 0.3048 3.9304387672223355 2.447075948701995
31027 10628960 1.4038469549003478 0.08091839793036747 0.3048 3.9304387672223355 2.447075948701995
31028 10628960 1.409655209068865 0.08170807142253023 0.3048 3.9304387672223355 2.447075948701995
31029 10628960 1.413587108776231 0.08042371549865052 0.3048 3.9304387672223355 2.447075948701995
31030 10628960 1.4175190084835971 0.07913935957477079 0.3048 3.9304387672223355 2.447075948701995
31031 10628960 1.4214509081909632 0.07785500365089108 0.3048 3.9304387672223355 2.447075948701995
31032 10628960 1.4253828078983293 0.07657064772701136 0.3048 3.9304387672223355 2.447075948701995
31033 10628960 1.4293147076056953 0.07528629180313165 0.3048 3.9304387672223355 2.447075948701995
31034 10628960 1.429560888715895 0.07541256571745888 0.3048 3.9304387672223355 2.447075948701995
31035 10628960 1.429807069826095 0.07553883963178613 0.3048 3.9304387672223355 2.447075948701995
31036 10628960 1.4300532509362949 0.07566511354611337 0.3048 3.9304387672223355 2.447075948701995
31037 10628960 1.4302994320464946 0.07579138746044062 0.3048 3.9304387672223355 2.447075948701995
31038 10628960 1.4305456131566943 0.07591766137476785 0.3048 3.9304387672223355 2.447075948701995
31039 10628960 1.4307917942668942 0.0760439352890951 0.3048 3.9304387672223355 2.447075948701995
31040 10628960 1.431037975377094 0.07617020920342234 0.3048 3.9304387672223355 2.447075948701995
31041 10628960 1.4312841564872938 0.07629648311774959 0.3048 3.9304387672223355 2.447075948701995
31042 10628960 1.4315303375974935 0.07642275703207682 0.3048 3.9304387672223355 2.447075948701995
31043 10628960 1.4317765187076934 0.07654903094640407 0.3048 3.9304387672223355 2.447075948701995
31044 10628960 1.4320226998178933 0.0766753048607313 0.3048 3.9304387672223355 2.447075948701995
31045 10628960 1.432268880928093 0.07680157877505855 0.3048 3.9304387672223355 2.447075948701995
31046 10628960 1.4325150620382927 0.07692785268938579 0.3048 3.9304387672223355 2.447075948701995
31047 10628960 1.4327612431484926 0.07705412660371302 0.3048 3.9304387672223355 2.447075948701995
31048 10628960 1.4330074242586925 0.07718040051804027 0.3048 3.9304387672223355 2.447075948701995
31049 10628960 1.4332536053688922 0.07730667443236751 0.3048 3.9304387672223355 2.447075948701995
31050 10628960 1.433499786479092 0.07743294834669476 0.3048 3.9304387672223355 2.447075948701995
31051 10628960 1.4337459675892918 0.07755922226102199 0.3048 3.9304387672223355 2.447075948701995
31052 10628960 1.4339921486994918 0.07768549617534924 0.3048 3.9304387672223355 2.447075948701995
31053 10628960 1.4342383298096915 0.07781177008967648 0.3048 3.9304387672223355 2.447075948701995
31054 10628960 1.4344845109198912 0.07793804400400373 0.3048 3.9304387672223355 2.447075948701995
31055 10628960 1.434730692030091 0.07806431791833096 0.3048 3.9304387672223355 2.447075948701995
31056 10628960 1.434976873140291 0.07819059183265821 0.3048 3.9304387672223355 2.447075948701995
31057 10628960 1.4352230542504907 0.07831686574698545 0.3048 3.9304387672223355 2.447075948701995
31058 10628960 1.4354692353606904 0.0784431396613127 0.3048 3.9304387672223355 2.447075948701995
31059 10628960 1.4357154164708903 0.07856941357563993 0.3048 3.9304387672223355 2.447075948701995
31060 10628960 1.4356951365527844 0.07858888860824768 0.3048 3.9304387672223355 2.447075948701995
31061 10628960 1.4356748566346782 0.07860836364085545 0.3048 3.9304387672223355 2.447075948701995
31062 10628960 1.4356545767165723 0.07862783867346321 0.3048 3.9304387672223355 2.447075948701995
31063 10628960 1.435634296798466 0.07864731370607096 0.3048 3.9304387672223355 2.447075948701995
31064 10628960 1.4356140168803602 0.07866678873867872 0.3048 3.9304387672223355 2.447075948701995
31065 10628960 1.435593736962254 0.07868626377128649 0.3048 3.9304387672223355 2.447075948701995
31066 10628960 1.435573457044148 0.07870573880389424 0.3048 3.9304387672223355 2.447075948701995
31067 10628960 1.4355531771260421 0.078725213836502 0.3048 3.9304387672223355 2.447075948701995
31068 10628960 1.435532897207936 0.07874468886910975 0.3048 3.9304387672223355 2.447075948701995
31069 10628960 1.43551261728983 0.07876416390171752 0.3048 3.9304387672223355 2.447075948701995
31070 10628960 1.4354923373717239 0.07878363893432527 0.3048 3.9304387672223355 2.447075948701995
31071 10628960 1.435472057453618 0.07880311396693303 0.3048 3.9304387672223355 2.447075948701995
31072 10628960 1.435451777535512 0.07882258899954078 0.3048 3.9304387672223355 2.447075948701995
31073 10628960 1.4354314976174058 0.07884206403214855 0.3048 3.9304387672223355 2.447075948701995
31074 10628960 1.4354112176993 0.0788615390647563 0.3048 3.9304387672223355 2.447075948701995
31075 10628960 1.4353909377811938 0.07888101409736406 0.3048 3.9304387672223355 2.447075948701995
31076 10628960 1.4353706578630878 0.07890048912997182 0.3048 3.9304387672223355 2.447075948701995
31077 10628960 1.4353503779449817 0.07891996416257958 0.3048 3.9304387672223355 2.447075948701995
31078 10628960 1.4353300980268757 0.07893943919518734 0.3048 3.9304387672223355 2.447075948701995
31079 10628960 1.4353098181087698 0.0789589142277951 0.3048 3.9304387672223355 2.447075948701995
31080 10628960 1.4352895381906636 0.07897838926040285 0.3048 3.9304387672223355 2.447075948701995
31081 10628960 1.4352692582725577 0.07899786429301062 0.3048 3.9304387672223355 2.447075948701995
31082 10628960 1.4352489783544515 0.07901733932561837 0.3048 3.9304387672223355 2.447075948701995
31083 10628960 1.4352286984363456 0.07903681435822613 0.3048 3.9304387672223355 2.447075948701995
31084 10628960 1.4352084185182394 0.0790562893908339 0.3048 3.9304387672223355 2.447075948701995
31085 10628960 1.4351881386001335 0.07907576442344165 0.3048 3.9304387672223355 2.447075948701995
31086 10628960 1.4351678586820276 0.0790952394560494 0.3048 3.9304387672223355 2.447075948701995
31087 10628960 1.4351475787639214 0.07911471448865716 0.3048 3.9304387672223355 2.447075948701995
31088 10628960 1.4351272988458155 0.07913418952126493 0.3048 3.9304387672223355 2.447075948701995
31089 10628960 1.4351070189277093 0.07915366455387268 0.3048 3.9304387672223355 2.447075948701995
31090 10628960 1.4350867390096034 0.07917313958648044 0.3048 3.9304387672223355 2.447075948701995
31091 10628960 1.4350664590914974 0.07919261461908819 0.3048 3.9304387672223355 2.447075948701995
31092 10628960 1.4350461791733913 0.07921208965169596 0.3048 3.9304387672223355 2.447075948701995
31093 10628960 1.4350258992552853 0.07923156468430372 0.3048 3.9304387672223355 2.447075948701995
31094 10628960 1.4350056193371792 0.07925103971691147 0.3048 3.9304387672223355 2.447075948701995
31095 10628960 1.4349853394190732 0.07927051474951922 0.3048 3.9304387672223355 2.447075948701995
31096 10628960 1.434965059500967 0.079289989782127 0.3048 3.9304387672223355 2.447075948701995
31097 10628960 1.4349447795828612 0.07930946481473475 0.3048 3.9304387672223355 2.447075948701995
31098 10628960 1.4349244996647552 0.0793289398473425 0.3048 3.9304387672223355 2.447075948701995
31099 10628960 1.434904219746649 0.07934841487995026 0.3048 3.9304387672223355 2.447075948701995
31100 10628960 1.4348839398285431 0.07936788991255803 0.3048 3.9304387672223355 2.447075948701995
31101 10628960 1.434863659910437 0.07938736494516578 0.3048 3.9304387672223355 2.447075948701995
31102 10628960 1.434843379992331 0.07940683997777354 0.3048 3.9304387672223355 2.447075948701995
31103 10628960 1.434823100074225 0.07942631501038129 0.3048 3.9304387672223355 2.447075948701995
31104 10628960 1.434802820156119 0.07944579004298906 0.3048 3.9304387672223355 2.447075948701995
31105 10628960 1.434782540238013 0.07946526507559681 0.3048 3.9304387672223355 2.447075948701995
31106 10628960 1.4347622603199068 0.07948474010820457 0.3048 3.9304387672223355 2.447075948701995
31107 10628960 1.434741980401801 0.07950421514081232 0.3048 3.9304387672223355 2.447075948701995
31108 10628960 1.4347217004836947 0.07952369017342009 0.3048 3.9304387672223355 2.447075948701995
31109 10628960 1.4347014205655888 0.07954316520602785 0.3048 3.9304387672223355 2.447075948701995
31110 10628960 1.4346811406474829 0.0795626402386356 0.3048 3.9304387672223355 2.447075948701995
31111 10628960 1.4346608607293767 0.07958211527124337 0.3048 3.9304387672223355 2.447075948701995
31112 10628960 1.4346405808112708 0.07960159030385112 0.3048 3.9304387672223355 2.447075948701995
31113 10628960 1.4346203008931646 0.07962106533645888 0.3048 3.9304387672223355 2.447075948701995
31114 10628960 1.4346000209750587 0.07964054036906663 0.3048 3.9304387672223355 2.447075948701995
31115 10628960 1.4345797410569525 0.0796600154016744 0.3048 3.9304387672223355 2.447075948701995
31116 10628960 1.4345594611388466 0.07967949043428216 0.3048 3.9304387672223355 2.447075948701995
31117 10628960 1.4345391812207406 0.07969896546688991 0.3048 3.9304387672223355 2.447075948701995
31118 10628960 1.4345189013026345 0.07971844049949767 0.3048 3.9304387672223355 2.447075948701995
31119 10628960 1.4344986213845285 0.07973791553210544 0.3048 3.9304387672223355 2.447075948701995
