38000 11217673 1.196101784123543 -0.003849664878422754 0.27432 0.0 0.0
38001 11217673 1.1674753833072615 -0.004486580295973375 0.27432 0.0 0.0
38002 11217673 1.143768655474132 -0.004335564058804468 0.27432 0.0 0.0
38003 11217673 1.1200619276410024 -0.004184547821635562 0.27432 0.0 0.0
38004 11217673 1.080808687484056 -0.0038220260497686814 0.28448 0.0 0.0
38005 11217673 1.0415554473271094 -0.003459504277901801 0.29464 0.0 0.0
38006 11217673 1.0023022071701628 -0.0030969825060349204 0.3048 0.0 0.0
38007 11217673 0.9667639993256276 -0.0004234589207646883 0.3048 0.0 0.0
38008 11217673 0.9312257914810925 0.002250064664505544 0.3048 0.0 0.0
38009 11217673 0.9152598492998585 0.0036695753949559234 0.3048 0.0 0.0
38010 11217673 0.8992939071186244 0.005089086125406303 0.3048 0.0 0.0
38011 11217673 0.8683023966296918 0.008088308621262488 0.3048 0.0 0.0
38012 11217673 0.7997549325247442 0.007586788147292328 0.3048 0.0 0.0
38013 11217673 0.7722903463287718 0.008470363575505794 0.31242000000000003 0.0 0.0
38014 11217673 0.7448257601327994 0.00935393900371926 0.32004 0.0 0.0
38015 11217673 0.7173611739368272 0.010237514431932725 0.32766 0.0 0.0
38016 11217673 0.6898965877408548 0.011121089860146191 0.33528 0.0 0.0
38017 11217673 0.6579736591534464 0.011271180977859618 0.33528 0.0 0.0
38018 11217673 0.5920399250522672 0.010618410540846335 0.33528 0.0 0.0
38019 11217673 0.5577050054492505 0.012900669835890888 0.33528 0.0 0.0
38020 11217673 0.5233700858462338 0.01518292913093544 0.33528 0.0 0.0
38021 11217673 0.49117247481004833 0.01612444082286342 0.33528 0.0 0.0
38022 11217673 0.47300529705030836 0.01814739029162922 0.35052 0.0 0.0
38023 11217673 0.45483811929056844 0.02017033976039502 0.36576 0.0 0.0
38024 11217673 0.4236647686810335 0.02533374876732994 0.36576 0.0 0.0
38025 11217673 0.3544082780681116 0.02810545047537344 0.36576 0.0 0.0
38026 11217673 0.3200686788795643 0.03173387418965483 0.36576 0.0 0.0
38027 11217673 0.285729079691017 0.03536229790393622 0.36576 0.0 0.0
38028 11217673 0.2568414956300228 0.04480309412415642 0.36576 0.0 0.0
38029 11217673 0.22329533129404078 0.05085968207958497 0.39624000000000004 0.0 0.0
38030 11217673 0.18993215493910975 0.05638930741609627 0.39624000000000004 0.0 0.0
38031 11217673 0.17500018532258982 0.06015958050612068 0.39624000000000004 0.0 0.0
38032 11217673 0.16006821570606988 0.06392985359614509 0.39624000000000004 0.0 0.0
38033 11217673 0.1271775586097149 0.07199244496153637 0.39624000000000004 0.0 0.0
38034 11217673 0.09402140957744543 0.07815585363569838 0.39624000000000004 0.0 0.0
38035 11217673 0.03373549193779357 0.08500851410089436 0.39624000000000004 0.0 0.0
38036 11217673 0.012199811652453724 0.08795841595142788 0.40640000000000004 0.0 0.0
38037 11217673 -0.009335868632886123 0.09090831780196142 0.41656000000000004 0.0 0.0
38038 11217673 -0.030871548918225966 0.09385821965249494 0.42672000000000004 0.0 0.0
38039 11217673 -0.062113888634764636 0.09881266680335718 0.42672000000000004 0.0 0.0
38040 11217673 -0.12200990809497902 0.10577285186383781 0.42672000000000004 0.0 0.0
38041 11217673 -0.15354109976042296 0.10848548437003294 0.42672000000000004 0.0 0.0
38042 11217673 -0.1832757018983524 0.11329817903866668 0.42672000000000004 0.0 0.0
38043 11217673 -0.21301030403628185 0.11811087370730042 0.42672000000000004 0.0 0.0
38044 11217673 -0.23913681557088548 0.12082922934200217 0.43688000000000005 0.0 0.0
38045 11217673 -0.2652633271054891 0.12354758497670391 0.44704000000000005 0.0 0.0
38046 11217673 -0.2913898386400927 0.12626594061140567 0.45720000000000005 0.0 0.0
38047 11217673 -0.31644895227217634 0.12806115368391963 0.45720000000000005 0.0 0.0
38048 11217673 -0.34150806590425997 0.1298563667564336 0.45720000000000005 0.0 0.0
38049 11217673 -0.3750541984496978 0.13591580008372814 0.45720000000000005 0.0 0.0
38050 11217673 -0.40899276084992886 0.13941652683248254 0.45720000000000005 0.0 0.0
38051 11217673 -0.4788847327337187 0.1497643212627617 0.45720000000000005 0.0 0.0
38052 11217673 -0.5128690622210861 0.15339733219079385 0.45720000000000005 0.0 0.0
38053 11217673 -0.5518974233720644 0.15844589795618588 0.45720000000000005 0.0 0.0
38054 11217673 -0.5712278400624626 0.16126070910926468 0.45720000000000005 0.0 0.0
38055 11217673 -0.5905582567528609 0.16407552026234348 0.45720000000000005 0.0 0.0
38056 11217673 -0.6273053541453495 0.16849549555427248 0.45720000000000005 0.0 0.0
38057 11217673 -0.6828185520235646 0.17256698723663377 0.45720000000000005 0.0 0.0
38058 11217673 -0.7308901085658905 0.17902532575731567 0.45720000000000005 0.0 0.0
38059 11217673 -0.7789616651082165 0.18548366427799753 0.45720000000000005 0.0 0.0
38060 11217673 -0.8174603450523499 0.19269718438985647 0.45720000000000005 0.0 0.0
38061 11217673 -0.8355759466840603 0.1948818257270991 0.47244 0.0 0.0
38062 11217673 -0.8536915483157708 0.19706646706434175 0.48768 0.0 0.0
38063 11217673 -0.9284438593735072 0.20912473749251329 0.48768 0.0 0.0
38064 11217673 -0.9670180230381297 0.21542918425997676 0.48768 0.0 0.0
38065 11217673 -1.0055921867027522 0.22173363102744023 0.48768 0.0 0.0
38066 11217673 -1.0401177030666362 0.223443046595358 0.48768 0.0 0.0
38067 11217673 -1.0783207783735997 0.2283027013924911 0.48768 0.0 0.0
38068 11217673 -1.1165238536805633 0.23316235618962422 0.48768 0.0 0.0
38069 11217673 -1.1547269289875268 0.23802201098675732 0.48768 0.0 0.0
38070 11217673 -1.1935259294986251 0.24323273983429963 0.48768 0.0 0.0
38071 11217673 -1.230307710202993 0.24755030413730342 0.5181600000000001 0.0 0.0
38072 11217673 -1.2605697848706223 0.2524524009423823 0.5181600000000001 0.0 0.0
38073 11217673 -1.2908318595382517 0.25735449774746116 0.5181600000000001 0.0 0.0
38074 11217673 -1.3461748796643904 0.26534782285681857 0.5181600000000001 0.0 0.0
38075 11217673 -1.385195932879561 0.26689350329217465 0.5181600000000001 0.0 0.0
38076 11217673 -1.4242169860947318 0.26843918372753073 0.5181600000000001 0.0 0.0
38077 11217673 -1.4612880785807822 0.27051577778545854 0.5181600000000001 0.0 0.0
38078 11217673 -1.497470941730487 0.26716114421313464 0.5181600000000001 0.0 0.0
38079 11217673 -1.5360938151485921 0.2610996699157111 0.5181600000000001 0.0 0.0
38080 11217673 -1.5747166885666972 0.25503819561828756 0.5181600000000001 0.0 0.0
38081 11217673 -1.6123497859901346 0.24725116747001083 0.5181600000000001 0.0 0.0
38082 11217673 -1.6301633802559257 0.24302967271057405 0.5334000000000001 0.0 0.0
38083 11217673 -1.6479769745217168 0.23880817795113726 0.54864 0.0 0.0
38084 11217673 -1.718887570285155 0.21211248743616615 0.54864 0.0 0.0
38085 11217673 -1.7368390770135675 0.20285378248451572 0.54864 0.0 0.0
38086 11217673 -1.7547905837419802 0.19359507753286528 0.54864 0.0 0.0
38087 11217673 -1.78816056146801 0.1741323608523989 0.54864 0.0 0.0
38088 11217673 -1.8515244132064994 0.12977974970000491 0.54864 0.0 0.0
38089 11217673 -1.8810458469901519 0.10198956473001372 0.54864 0.0 0.0
38090 11217673 -1.9105672807738043 0.07419937976002253 0.54864 0.0 0.0
38091 11217673 -1.9254540819586088 0.05313069405619146 0.54864 0.0 0.0
38092 11217673 -1.9403408831434132 0.0320620083523604 0.54864 0.0 0.0
38093 11217673 -1.9552276843282177 0.010993322648529341 0.54864 0.0 0.0
38094 11217673 -1.9752926909488375 -0.02508956753910105 0.5638799999999999 0.0 0.0
38095 11217673 -1.9953576975694574 -0.06117245772673144 0.57912 0.0 0.0
38096 11217673 -2.0107229016131187 -0.09890961572158 0.57912 0.0 0.0
38097 11217673 -2.0223236218941913 -0.13898822456734086 0.57912 0.0 0.0
38098 11217673 -2.033924342175264 -0.17906683341310173 0.57912 0.0 0.0
38099 11217673 -2.042356735422512 -0.2214087100009348 0.57912 0.0 0.0
38100 11217673 -2.0474046711600202 -0.26263776302053854 0.57912 0.0 0.0
38101 11217673 -2.0532807369123267 -0.3457751929791454 0.57912 0.0 0.0
38102 11217673 -2.0531661587077 -0.3657923258961778 0.57912 0.0 0.0
38103 11217673 -2.053051580503073 -0.38580945881321016 0.57912 0.0 0.0
38104 11217673 -2.0422985982802917 -0.46971283899234306 0.6096 0.0 0.0
38105 11217673 -2.0336857189668285 -0.5099189684108041 0.6096 0.0 0.0
38106 11217673 -2.0270407251808766 -0.5310206451391755 0.6096 0.0 0.0
38107 11217673 -2.020395731394925 -0.5521223218675467 0.6096 0.0 0.0
38108 11217673 -2.006207833834602 -0.5915814650198024 0.6096 0.0 0.0
38109 11217673 -1.9657974870917136 -0.6676592617607235 0.6096 0.0 0.0
38110 11217673 -1.9429818955793439 -0.7049160535307447 0.6096 0.0 0.0
38111 11217673 -1.9144555918003783 -0.738023286674528 0.6096 0.0 0.0
38112 11217673 -1.8859292880214127 -0.7711305198183113 0.6096 0.0 0.0
38113 11217673 -1.8531178714065684 -0.8033605359306313 0.6096 0.0 0.0
38114 11217673 -1.820306454791724 -0.8355905520429513 0.6096 0.0 0.0
38115 11217673 -1.8032791607448901 -0.8498055936771078 0.6096 0.0 0.0
38116 11217673 -1.7862518666980562 -0.8640206353112645 0.6096 0.0 0.0
38117 11217673 -1.7477494251291332 -0.8946061968941365 0.6096 0.0 0.0
38118 11217673 -1.7088824346526994 -0.9170152248725271 0.6096 0.0 0.0
38119 11217673 -1.6653380659758612 -0.9414210239827226 0.6096 0.0 0.0
38120 11217673 -1.6226823293182722 -0.9603950451487454 0.6096 0.0 0.0
38121 11217673 -1.5761345573911882 -0.9756175833280812 0.6096 0.0 0.0
38122 11217673 -1.4854463678952226 -1.005274403241135 0.6096 0.0 0.0
38123 11217673 -1.4366548136532884 -1.013635330394062 0.6096 0.0 0.0
38124 11217673 -1.3886570821872624 -1.0244235590262398 0.6096 0.0 0.0
38125 11217673 -1.339830978239829 -1.0326782668075423 0.6096 0.0 0.0
38126 11217673 -1.2886662233666384 -1.0419310034574394 0.6096 0.0 0.0
38127 11217673 -1.2366772317001498 -1.0527378541802517 0.6096 0.0 0.0
38128 11217673 -1.1846882400336611 -1.063544704903064 0.6096 0.0 0.0
38129 11217673 -1.1326261329041556 -1.0700519970812308 0.6096 0.0 0.0
38130 11217673 -1.079088136692137 -1.0801959767657323 0.6096 0.0 0.0
38131 11217673 -1.025886009207438 -1.08783443955805 0.59436 0.0 0.0
38132 11217673 -0.972683881722739 -1.0954729023503675 0.57912 0.0 0.0
38133 11217673 -0.9164934714192541 -1.1023934179065265 0.59436 0.0 0.0
38134 11217673 -0.8603030611157692 -1.1093139334626854 0.6096 0.0 0.0
38135 11217673 -0.8335167882697798 -1.114332113932804 0.59436 0.0 0.0
38136 11217673 -0.8067305154237905 -1.1193502944029226 0.57912 0.0 0.0
38137 11217673 -0.6988262502415459 -1.1370996348204985 0.57912 0.0 0.0
38138 11217673 -0.6452536495894887 -1.1471347692771034 0.57912 0.0 0.0
38139 11217673 -0.5908529507502429 -1.154636218566683 0.57912 0.0 0.0
38140 11217673 -0.5541052745203031 -1.1608842642826063 0.57912 0.0 0.0
38141 11217673 -0.5173575982903634 -1.1671323099985298 0.57912 0.0 0.0
38142 11217673 -0.48060992206042363 -1.173380355714453 0.57912 0.0 0.0
38143 11217673 -0.4293759713609464 -1.182415752597746 0.57912 0.0 0.0
38144 11217673 -0.37821100634389304 -1.1916618858726522 0.57912 0.0 0.0
38145 11217673 -0.3242827717758654 -1.201693955554742 0.57912 0.0 0.0
38146 11217673 -0.22259694563676047 -1.2224272110969236 0.57912 0.0 0.0
38147 11217673 -0.17380512917637403 -1.2307794041088902 0.57912 0.0 0.0
38148 11217673 -0.1473408104425178 -1.236916424269153 0.57912 0.0 0.0
38149 11217673 -0.12087649170866155 -1.243053444429416 0.57912 0.0 0.0
38150 11217673 -0.016576379859276402 -1.2647548370534167 0.57912 0.0 0.0
38151 11217673 0.03142215787869551 -1.2755333971984082 0.57912 0.0 0.0
38152 11217673 0.05822587391995715 -1.2804954123897325 0.57912 0.0 0.0
38153 11217673 0.08502958996121879 -1.2854574275810569 0.57912 0.0 0.0
38154 11217673 0.18663569069627284 -1.3061585536823792 0.57912 0.0 0.0
38155 11217673 0.21221831903745586 -1.3107793854580128 0.57912 0.0 0.0
38156 11217673 0.23780094737863888 -1.3154002172336463 0.57912 0.0 0.0
38157 11217673 0.3402004920854028 -1.33367131552099 0.57912 0.0 0.0
38158 11217673 0.3944633495205574 -1.341587398418136 0.57912 0.0 0.0
38159 11217673 0.44807092505607715 -1.35150866932071 0.57912 0.0 0.0
38160 11217673 0.486745112634054 -1.3595586983784211 0.57912 0.0 0.0
38161 11217673 0.5254193002120309 -1.3676087274361324 0.57912 0.0 0.0
38162 11217673 0.5899521142696655 -1.3794332321453386 0.57912 0.0 0.0
38163 11217673 0.6544849283273003 -1.3912577368545451 0.57912 0.0 0.0
38164 11217673 0.7066354523972669 -1.4021026978615314 0.57912 0.0 0.0
38165 11217673 0.7587859764672336 -1.4129476588685175 0.57912 0.0 0.0
38166 11217673 0.8096984896179799 -1.42309535585338 0.57912 0.0 0.0
38167 11217673 0.8606110027687262 -1.4332430528382425 0.57912 0.0 0.0
38168 11217673 0.9116730787593328 -1.4427965078186815 0.57912 0.0 0.0
38169 11217673 0.9372959788619136 -1.4474278178255853 0.57912 0.0 0.0
38170 11217673 0.9629188789644945 -1.4520591278324892 0.57912 0.0 0.0
38171 11217673 1.0629111543686893 -1.4695332360282596 0.57912 0.0 0.0
38172 11217673 1.114432262568965 -1.4787678404042608 0.57912 0.0 0.0
38173 11217673 1.1382886149706186 -1.4840480605241224 0.57912 0.0 0.0
38174 11217673 1.1621449673722724 -1.489328280643984 0.57912 0.0 0.0
38175 11217673 1.2624584199367586 -1.5069044169310075 0.57912 0.0 0.0
38176 11217673 1.2876275431824513 -1.512788093273664 0.57912 0.0 0.0
38177 11217673 1.312796666428144 -1.51867176961632 0.57912 0.0 0.0
38178 11217673 1.3615890051976491 -1.5270133406682331 0.57912 0.0 0.0
38179 11217673 1.41117426309665 -1.532926631983634 0.57912 0.0 0.0
38180 11217673 1.5083344932154974 -1.5498199244149966 0.57912 0.0 0.0
38181 11217673 1.5570923846817248 -1.5582657066576167 0.54864 0.0 0.0
38182 11217673 1.580261752800923 -1.5619766225107092 0.54864 0.0 0.0
38183 11217673 1.6034311209201215 -1.565687538363802 0.54864 0.0 0.0
38184 11217673 1.6648003665306108 -1.5740447188343276 0.54864 0.0 0.0
38185 11217673 1.7261696121411 -1.582401899304853 0.54864 0.0 0.0
38186 11217673 1.7875388577515894 -1.5907590797753786 0.54864 0.0 0.0
38187 11217673 1.8091308013669611 -1.5953560190221467 0.54864 0.0 0.0
38188 11217673 1.830722744982333 -1.5999529582689151 0.54864 0.0 0.0
38189 11217673 1.8974115630444701 -1.6078843871193467 0.54864 0.0 0.0
38190 11217673 1.9516671177100495 -1.6137707652381894 0.54864 0.0 0.0
38191 11217673 2.005922672375629 -1.6196571433570321 0.54864 0.0 0.0
38192 11217673 2.028249974056277 -1.621865084060138 0.54864 0.0 0.0
38193 11217673 2.0505772757369254 -1.6240730247632438 0.54864 0.0 0.0
38194 11217673 2.0972955395592257 -1.6295128198662907 0.54864 0.0 0.0
38195 11217673 2.185115458867967 -1.6352870142756502 0.5181600000000001 0.0 0.0
38196 11217673 2.2313815134440245 -1.639117964524094 0.5181600000000001 0.0 0.0
38197 11217673 2.277647568020082 -1.642948914772538 0.5181600000000001 0.0 0.0
38198 11217673 2.3226751460150252 -1.6464918191114255 0.5181600000000001 0.0 0.0
38199 11217673 2.367702724009968 -1.650034723450313 0.5181600000000001 0.0 0.0
38200 11217673 2.416005948276506 -1.650616324463181 0.5181600000000001 0.0 0.0
38201 11217673 2.4398643989858066 -1.6522130706040676 0.5181600000000001 0.0 0.0
38202 11217673 2.4637228496951074 -1.6538098167449544 0.5181600000000001 0.0 0.0
38203 11217673 2.5057515499920457 -1.6570153401854826 0.5181600000000001 0.0 0.0
38204 11217673 2.551106284088059 -1.6595540408043463 0.5181600000000001 0.0 0.0
38205 11217673 2.5989377638085855 -1.6626672520452532 0.5181600000000001 0.0 0.0
38206 11217673 2.6435687984885545 -1.6674222920988062 0.5181600000000001 0.0 0.0
38207 11217673 2.7361345304480045 -1.6749726282286905 0.5181600000000001 0.0 0.0
38208 11217673 2.758846237978342 -1.6761356713881193 0.5181600000000001 0.0 0.0
38209 11217673 2.7815579455086796 -1.677298714547548 0.5181600000000001 0.0 0.0
38210 11217673 2.8219670154529406 -1.6854641034178985 0.48768 0.0 0.0
38211 11217673 2.9131703158972533 -1.6876613786563046 0.48768 0.0 0.0
38212 11217673 2.9350569646266598 -1.687269678568688 0.48768 0.0 0.0
38213 11217673 2.9569436133560663 -1.6868779784810715 0.48768 0.0 0.0
38214 11217673 3.042805561763391 -1.6823076098625218 0.48768 0.0 0.0
38215 11217673 3.087738946995705 -1.676879115227803 0.48768 0.0 0.0
38216 11217673 3.1292769817221373 -1.673145893505143 0.48768 0.0 0.0
38217 11217673 3.170542206396936 -1.6637164405509859 0.48768 0.0 0.0
38218 11217673 3.214538616761266 -1.6494541248654082 0.48768 0.0 0.0
38219 11217673 3.258535027125596 -1.6351918091798308 0.48768 0.0 0.0
38220 11217673 3.2776210864946167 -1.62623416572045 0.48768 0.0 0.0
38221 11217673 3.2967071458636372 -1.6172765222610694 0.48768 0.0 0.0
38222 11217673 3.3353606486378347 -1.5995181755726111 0.48768 0.0 0.0
38223 11217673 3.3742213414329116 -1.5794910613118105 0.48768 0.0 0.0
38224 11217673 3.447275245471414 -1.5384975442612314 0.45720000000000005 0.0 0.0
38225 11217673 3.4819642223200624 -1.510976250098355 0.47244 0.0 0.0
38226 11217673 3.5166531991687107 -1.4834549559354786 0.48768 0.0 0.0
38227 11217673 3.5474430473767002 -1.4557710414450644 0.45720000000000005 0.0 0.0
38228 11217673 3.5784237728953086 -1.4234184716728266 0.45720000000000005 0.0 0.0
38229 11217673 3.609404498413917 -1.3910659019005889 0.45720000000000005 0.0 0.0
38230 11217673 3.637973677660537 -1.3524947361264668 0.45720000000000005 0.0 0.0
38231 11217673 3.6632738079937264 -1.3157772199727087 0.45720000000000005 0.0 0.0
38232 11217673 3.686567348806821 -1.2784049978144294 0.45720000000000005 0.0 0.0
38233 11217673 3.707665690094807 -1.2389148089876953 0.45720000000000005 0.0 0.0
38234 11217673 3.728764031382793 -1.199424620160961 0.45720000000000005 0.0 0.0
38235 11217673 3.7342596221829463 -1.1784979653357563 0.45720000000000005 0.0 0.0
38236 11217673 3.7397552129830993 -1.1575713105105516 0.45720000000000005 0.0 0.0
38237 11217673 3.770166259574588 -1.0725262786565593 0.42672000000000004 0.0 0.0
38238 11217673 3.7802808998427446 -1.0292772723625168 0.42672000000000004 0.0 0.0
38239 11217673 3.790395540110901 -0.9860282660684744 0.42672000000000004 0.0 0.0
38240 11217673 3.7952656793287356 -0.9664744838050805 0.42672000000000004 0.0 0.0
38241 11217673 3.80013581854657 -0.9469207015416866 0.42672000000000004 0.0 0.0
38242 11217673 3.8078126012681235 -0.9067894543555551 0.42672000000000004 0.0 0.0
38243 11217673 3.824540938155944 -0.8296621309724627 0.42672000000000004 0.0 0.0
38244 11217673 3.833157488302323 -0.7910055873704684 0.42672000000000004 0.0 0.0
38245 11217673 3.841774038448702 -0.7523490437684741 0.42672000000000004 0.0 0.0
38246 11217673 3.8487735301499377 -0.714566628887383 0.42672000000000004 0.0 0.0
38247 11217673 3.854157766653315 -0.673570548721426 0.42672000000000004 0.0 0.0
38248 11217673 3.8611746237028783 -0.6357353771191062 0.42672000000000004 0.0 0.0
38249 11217673 3.868191480752442 -0.5979002055167865 0.42672000000000004 0.0 0.0
38250 11217673 3.8724626878341333 -0.5592276017438499 0.42672000000000004 0.0 0.0
38251 11217673 3.873331559764009 -0.5394195875990415 0.42672000000000004 0.0 0.0
38252 11217673 3.8742004316938843 -0.5196115734542331 0.42672000000000004 0.0 0.0
38253 11217673 3.878570342117264 -0.44090491340716087 0.42672000000000004 0.0 0.0
38254 11217673 3.877500547792735 -0.4111194193077564 0.41910000000000003 0.0 0.0
38255 11217673 3.876430753468206 -0.3813339252083519 0.41148000000000007 0.0 0.0
38256 11217673 3.862825114969352 -0.32316140095331614 0.39624000000000004 0.0 0.0
38257 11217673 3.8544801455370306 -0.2946523811304181 0.39624000000000004 0.0 0.0
38258 11217673 3.846135176104709 -0.26614336130752003 0.39624000000000004 0.0 0.0
38259 11217673 3.8308366581775974 -0.22561156082964945 0.39624000000000004 0.0 0.0
38260 11217673 3.815538140250486 -0.1850797603517789 0.39624000000000004 0.0 0.0
38261 11217673 3.798974096980886 -0.15420989640217234 0.39624000000000004 0.0 0.0
38262 11217673 3.7777151930958217 -0.1234432898129669 0.39624000000000004 0.0 0.0
38263 11217673 3.7564562892107576 -0.09267668322376146 0.39624000000000004 0.0 0.0
38264 11217673 3.732478348935779 -0.0661623099133141 0.39624000000000004 0.0 0.0
38265 11217673 3.7085004086608 -0.039647936602866723 0.39624000000000004 0.0 0.0
38266 11217673 3.678082845843769 -0.01722303547952811 0.39624000000000004 0.0 0.0
38267 11217673 3.664077801521522 -0.006403309026291076 0.39624000000000004 0.0 0.0
38268 11217673 3.6500727571992746 0.004416417426945957 0.39624000000000004 0.0 0.0
38269 11217673 3.602467076828068 0.03402778787985847 0.39624000000000004 0.0 0.0
38270 11217673 3.562224582324056 0.0515120025763576 0.39624000000000004 0.0 0.0
38271 11217673 3.521982087820044 0.06899621727285674 0.39624000000000004 0.0 0.0
38272 11217673 3.4881322580347742 0.08226270262918486 0.36576 0.0 0.0
38273 11217673 3.455861990545113 0.09057492656692764 0.36576 0.0 0.0
38274 11217673 3.4380467633332197 0.09393607824254971 0.36576 0.0 0.0
38275 11217673 3.4202315361213262 0.09729722991817177 0.36576 0.0 0.0
38276 11217673 3.3826951955658027 0.09926827517315293 0.36576 0.0 0.0
38277 11217673 3.34867954193031 0.10277717398501604 0.36576 0.0 0.0
38278 11217673 3.3133772110858626 0.10179995400723382 0.36576 0.0 0.0
38279 11217673 3.2454746882862713 0.09370734447585946 0.36576 0.0 0.0
38280 11217673 3.214084241153916 0.09682725898294106 0.36576 0.0 0.0
38281 11217673 3.1808405925694876 0.0874688549048239 0.36576 0.0 0.0
38282 11217673 3.14798317077652 0.08201470507494327 0.36576 0.0 0.0
38283 11217673 3.1151257489835524 0.07656055524506264 0.36576 0.0 0.0
38284 11217673 3.080564909237605 0.06996877941097143 0.36576 0.0 0.0
38285 11217673 3.04851464372058 0.06290809003096484 0.36576 0.0 0.0
38286 11217673 3.0136557822464916 0.056764303687059064 0.36576 0.0 0.0
38287 11217673 2.9883164379426 0.05122219556915822 0.36576 0.0 0.0
38288 11217673 2.9629770936387088 0.04568008745125737 0.36576 0.0 0.0
38289 11217673 2.9246115956376615 0.038315864305695474 0.36576 0.0 0.0
38290 11217673 2.886246097636614 0.030951641160133575 0.36576 0.0 0.0
38291 11217673 2.8579466260020743 0.027223087489082393 0.36576 0.0 0.0
38292 11217673 2.834681039780789 0.024362938322567543 0.36576 0.0 0.0
38293 11217673 2.811415453559504 0.021502789156052693 0.36576 0.0 0.0
38294 11217673 2.7726358124850905 0.01722407607627917 0.36576 0.0 0.0
38295 11217673 2.733856171410677 0.012945362996505644 0.36576 0.0 0.0
38296 11217673 2.702789797428169 0.012982711346820747 0.36576 0.0 0.0
38297 11217673 2.671723423445661 0.01302005969713585 0.36576 0.0 0.0
38298 11217673 2.6482752215822054 0.011913975404604732 0.36576 0.0 0.0
38299 11217673 2.62482701971875 0.010807891112073614 0.36576 0.0 0.0
38300 11217673 2.6013788178552946 0.009701806819542497 0.36576 0.0 0.0
38301 11217673 2.577930615991839 0.008595722527011379 0.36576 0.0 0.0
38302 11217673 2.5119770439034728 0.0051295572542365 0.36576 0.0 0.0
38303 11217673 2.4801693384030337 0.0028982203507795234 0.35052 0.0 0.0
38304 11217673 2.4483616329025946 0.0006668834473225471 0.33528 0.0 0.0
38305 11217673 2.414948970700098 -0.0010402407120484736 0.36576 0.0 0.0
38306 11217673 2.3823731590850135 -0.002903646671130883 0.33528 0.0 0.0
38307 11217673 2.357090893307467 -0.002825996187491145 0.33528 0.0 0.0
38308 11217673 2.3318086275299206 -0.002748345703851407 0.33528 0.0 0.0
38309 11217673 2.3065656119731104 -0.003909973993722518 0.33528 0.0 0.0
38310 11217673 2.2813225964162998 -0.005071602283593629 0.33528 0.0 0.0
38311 11217673 2.231176274828182 -0.00499365549789943 0.33528 0.0 0.0
38312 11217673 2.1810299532400643 -0.00491570871220523 0.33528 0.0 0.0
38313 11217673 2.1481485894972807 -0.005899443857598413 0.33528 0.0 0.0
38314 11217673 2.1152672257544975 -0.006883179002991596 0.33528 0.0 0.0
38315 11217673 2.082385862011714 -0.00786691414838478 0.33528 0.0 0.0
38316 11217673 2.049799973010733 -0.0070387924016264425 0.33528 0.0 0.0
38317 11217673 2.017223610813611 -0.008900525694777367 0.33528 0.0 0.0
38318 11217673 1.9820924350874973 -0.007708210403624488 0.33528 0.0 0.0
38319 11217673 1.9497929341150328 -0.007090012251358413 0.3048 0.0 0.0
38320 11217673 1.9325025156387992 -0.0064667415760334 0.32004 0.0 0.0
38321 11217673 1.9152120971625655 -0.005843470900708386 0.33528 0.0 0.0
38322 11217673 1.8836729254713347 -0.005434230069947828 0.32512 0.0 0.0
38323 11217673 1.8521337537801037 -0.00502498923918727 0.31496 0.0 0.0
38324 11217673 1.820594582088873 -0.004615748408426712 0.3048 0.0 0.0
38325 11217673 1.7723233505747433 -0.0028692031709712934 0.3048 0.0 0.0
38326 11217673 1.7240521190606137 -0.0011226579335158748 0.3048 0.0 0.0
38327 11217673 1.6926397343300865 -0.002136509562775696 0.3048 0.0 0.0
38328 11217673 1.6612273495995593 -0.003150361192035517 0.3048 0.0 0.0
38329 11217673 1.6286409999113363 -0.002320304138723417 0.3048 0.0 0.0
38330 11217673 1.597228486311685 -0.0033337340146694094 0.3048 0.0 0.0
38331 11217673 1.5658159727120338 -0.004347163890615402 0.3048 0.0 0.0
38332 11217673 1.5496659891561424 -0.0040371170073460055 0.3048 0.0 0.0
38333 11217673 1.533516005600251 -0.003727070124076609 0.3048 0.0 0.0
38334 11217673 1.4710938320581106 -0.0034314647675753457 0.3048 0.0 0.0
38335 11217673 1.4391717797769579 -0.0032848889730171527 0.3048 0.0 0.0
38336 11217673 1.407240320480747 -0.0004481582090484493 0.27432 0.0 0.0
38337 11217673 1.3762240682030322 -0.0002466637962003568 0.27432 0.0 0.0
38338 11217673 1.3452078159253176 -4.516938335226428e-05 0.27432 0.0 0.0
38339 11217673 1.3174012612289152 -0.0008919727017315526 0.27432 0.0 0.0
38340 11217673 1.2886794534034378 0.0008967931137319474 0.27432 0.0 0.0
38341 11217673 1.261618873830392 0.0009747976340807388 0.27432 0.0 0.0
38342 11217673 1.2345582942573463 0.0010528021544295302 0.27432 0.0 0.0
38343 11217673 1.2091244442764104 -0.0006855404456496544 0.27432 0.0 0.0
38344 11217673 1.1841250093058002 -0.0010935638709559602 0.27432 0.0 0.0
38345 11217673 1.15912557433519 -0.0015015872962622662 0.27432 0.0 0.0
38346 11217673 1.1341261393645798 -0.0019096107215685722 0.27432 0.0 0.0
38347 11217673 1.1091267043939697 -0.002317634146874878 0.27432 0.0 0.0
38348 11217673 1.0841272694233595 -0.0027256575721811838 0.27432 0.0 0.0
38349 11217673 1.0643401422174743 -0.0048479481264299545 0.27432 0.0 0.0
38350 11217673 1.0445530150115894 -0.006970238680678725 0.27432 0.0 0.0
38351 11217673 1.036589617172547 -0.006880344666544344 0.27432 0.0 0.0
38352 11217673 1.0286262193335047 -0.006790450652409963 0.27432 0.0 0.0
38353 11217673 1.0150331295421968 -0.006263202909816912 0.27432 0.0 0.0
38354 11217673 1.001440039750889 -0.005735955167223861 0.27432 0.0 0.0
