17425 10520887 1.0693304258101088 0.005331629665193779 0.30734 1.7180071643616905 -1.9143312731086808
17426 10520887 1.0358479963594385 0.00512383299674708 0.30988000000000004 1.7180071643616905 -1.9143312731086808
17427 10520887 1.0023655669087679 0.004916036328300382 0.31242000000000003 1.7180071643616905 -1.9143312731086808
17428 10520887 0.9688831374580973 0.004708239659853684 0.31496 1.7180071643616905 -1.9143312731086808
17429 10520887 0.9354007080074267 0.0045004429914069855 0.3175 1.7180071643616905 -1.9143312731086808
17430 10520887 0.9019182785567562 0.004292646322960288 0.32004 1.7180071643616905 -1.9143312731086808
17431 10520887 0.8684358491060857 0.004084849654513589 0.32258000000000003 1.7180071643616905 -1.9143312731086808
17432 10520887 0.8349534196554151 0.003877052986066891 0.32512 1.7180071643616905 -1.9143312731086808
17433 10520887 0.8014709902047445 0.0036692563176201932 0.32766 1.7180071643616905 -1.9143312731086808
17434 10520887 0.7679885607540741 0.003461459649173495 0.33020000000000005 1.7180071643616905 -1.9143312731086808
17435 10520887 0.7345061313034036 0.0032536629807267967 0.33274000000000004 1.7180071643616905 -1.9143312731086808
17436 10520887 0.701023701852733 0.003045866312280099 0.33528 1.7180071643616905 -1.9143312731086808
17437 10520887 0.6650160496994098 0.00020797998078847524 0.33528 1.7180071643616905 -1.9143312731086808
17438 10520887 0.6308993683743187 -0.00023880647631385407 0.33909 1.7180071643616905 -1.9143312731086808
17439 10520887 0.5967826870492277 -0.0006855929334161834 0.3429 1.7180071643616905 -1.9143312731086808
17440 10520887 0.5626660057241367 -0.0011323793905185127 0.34671 1.7180071643616905 -1.9143312731086808
17441 10520887 0.5285493243990457 -0.001579165847620842 0.35052 1.7180071643616905 -1.9143312731086808
17442 10520887 0.4944326430739546 -0.0020259523047231713 0.35433 1.7180071643616905 -1.9143312731086808
17443 10520887 0.46031596174886363 -0.0024727387618255006 0.35814 1.7180071643616905 -1.9143312731086808
17444 10520887 0.42619928042377264 -0.00291952521892783 0.36195 1.7180071643616905 -1.9143312731086808
17445 10520887 0.3920825990986816 -0.0033663116760301592 0.36576 1.7180071643616905 -1.9143312731086808
17446 10520887 0.3536017785729475 -0.0015392301197248714 0.36576 1.7180071643616905 -1.9143312731086808
17447 10520887 0.31367208611494135 -0.004145284123737575 0.36576 1.7180071643616905 -1.9143312731086808
17448 10520887 0.25518274794438844 -0.001036143469879347 0.36576 1.7180071643616905 -1.9143312731086808
17449 10520887 0.2391865099389987 -0.0010656944258021495 0.36576 1.7180071643616905 -1.9143312731086808
17450 10520887 0.1787546818645286 -0.0028121320706837316 0.36576 1.7180071643616905 -1.9143312731086808
17451 10520887 0.16250040866866405 -0.002815592860159491 0.381 1.7180071643616905 -1.9143312731086808
17452 10520887 0.14624613547279952 -0.0028190536496352503 0.39624000000000004 1.7180071643616905 -1.9143312731086808
17453 10520887 0.10371832509379797 0.00021512341479773545 0.39624000000000004 1.7180071643616905 -1.9143312731086808
17454 10520887 0.06587758289409362 0.00019882970611131978 0.39624000000000004 1.7180071643616905 -1.9143312731086808
17455 10520887 0.027808835261748488 0.0016592098283032541 0.39624000000000004 1.7180071643616905 -1.9143312731086808
17456 10520887 -0.014848177048019995 0.0015818540474992482 0.39624000000000004 1.7180071643616905 -1.9143312731086808
17457 10520887 -0.047643419250035124 0.0017862860605390718 0.39624000000000004 1.7180071643616905 -1.9143312731086808
17458 10520887 -0.0898159735142332 0.0048222671805285 0.39624000000000004 1.7180071643616905 -1.9143312731086808
17459 10520887 -0.13912685204968955 0.0017799121462867273 0.42672000000000004 1.7180071643616905 -1.9143312731086808
17460 10520887 -0.17583979799947036 0.0063030833057409474 0.42672000000000004 1.7180071643616905 -1.9143312731086808
17461 10520887 -0.2153908804185669 0.004861091657422184 0.42672000000000004 1.7180071643616905 -1.9143312731086808
17462 10520887 -0.2602397103094667 0.0035154020959640986 0.42672000000000004 1.7180071643616905 -1.9143312731086808
17463 10520887 -0.29191827498565215 0.008496458733993434 0.42672000000000004 1.7180071643616905 -1.9143312731086808
17464 10520887 -0.3437733047086111 0.007455366344867348 0.42672000000000004 1.7180071643616905 -1.9143312731086808
17465 10520887 -0.38188108237376817 0.004724571149439388 0.42672000000000004 1.7180071643616905 -1.9143312731086808
17466 10520887 -0.4250635104898348 0.007391550570455568 0.42672000000000004 1.7180071643616905 -1.9143312731086808
17467 10520887 -0.4463104953851402 0.008963130333569463 0.42672000000000004 1.7180071643616905 -1.9143312731086808
17468 10520887 -0.46755748028044564 0.010534710096683358 0.42672000000000004 1.7180071643616905 -1.9143312731086808
17469 10520887 -0.5066692069268015 0.013156552613273115 0.42672000000000004 1.7180071643616905 -1.9143312731086808
17470 10520887 -0.5443831420201624 0.014620624771828322 0.45720000000000005 1.7180071643616905 -1.9143312731086808
17471 10520887 -0.5797243191689843 0.015192321435712669 0.45720000000000005 1.7180071643616905 -1.9143312731086808
17472 10520887 -0.6214160057165259 0.018074063303236715 0.45720000000000005 1.7180071643616905 -1.9143312731086808
17473 10520887 -0.6647816183791135 0.0212696498587501 0.45720000000000005 1.7180071643616905 -1.9143312731086808
17474 10520887 -0.7193639481605707 0.02275842705943318 0.48768 1.7180071643616905 -1.9143312731086808
17475 10520887 -0.7605277323280051 0.026169352420654463 0.48768 1.7180071643616905 -1.9143312731086808
17476 10520887 -0.7929113502384073 0.026008711696510062 0.48768 1.7180071643616905 -1.9143312731086808
17477 10520887 -0.8354056815428308 0.029154079541925088 0.48768 1.7180071643616905 -1.9143312731086808
17478 10520887 -0.8774427384964425 0.030981822881854776 0.48768 1.7180071643616905 -1.9143312731086808
17479 10520887 -0.9102147650766776 0.03235069855628922 0.48768 1.7180071643616905 -1.9143312731086808
17480 10520887 -0.9459860258661283 0.03867282169111516 0.48768 1.7180071643616905 -1.9143312731086808
17481 10520887 -0.9857884579357128 0.0391863088333346 0.5181600000000001 1.7180071643616905 -1.9143312731086808
17482 10520887 -1.024236283257774 0.041126423540051665 0.5181600000000001 1.7180071643616905 -1.9143312731086808
17483 10520887 -1.057170662659484 0.040913325575719445 0.5181600000000001 1.7180071643616905 -1.9143312731086808
17484 10520887 -1.0910196457846062 0.043336169008851705 0.5181600000000001 1.7180071643616905 -1.9143312731086808
17485 10520887 -1.1326168472309408 0.04922760798167533 0.5181600000000001 1.7180071643616905 -1.9143312731086808
17486 10520887 -1.1655513336913865 0.04901501371675673 0.5181600000000001 1.7180071643616905 -1.9143312731086808
17487 10520887 -1.1948229838592317 0.053212955197910555 0.5181600000000001 1.7180071643616905 -1.9143312731086808
17488 10520887 -1.2240946340270769 0.05741089667906438 0.5181600000000001 1.7180071643616905 -1.9143312731086808
17489 10520887 -1.2668757940367186 0.06076937071215058 0.5181600000000001 1.7180071643616905 -1.9143312731086808
17490 10520887 -1.3058483532686405 0.06545295744349253 0.54864 1.7180071643616905 -1.9143312731086808
17491 10520887 -1.3483431188805375 0.06860140620934993 0.54864 1.7180071643616905 -1.9143312731086808
17492 10520887 -1.3860233448681896 0.07017550905594958 0.54864 1.7180071643616905 -1.9143312731086808
17493 10520887 -1.428128174338773 0.07343055982774402 0.54864 1.7180071643616905 -1.9143312731086808
17494 10520887 -1.484188674124986 0.07692720589215826 0.54864 1.7180071643616905 -1.9143312731086808
17495 10520887 -1.5190390503189992 0.07629121467863595 0.57912 1.7180071643616905 -1.9143312731086808
17496 10520887 -1.5620434229313516 0.07516769185099012 0.57912 1.7180071643616905 -1.9143312731086808
17497 10520887 -1.5975068957379264 0.06994219121140507 0.57912 1.7180071643616905 -1.9143312731086808
17498 10520887 -1.6362361648633714 0.06695341328021573 0.57912 1.7180071643616905 -1.9143312731086808
17499 10520887 -1.667166075626157 0.055221273596121695 0.57912 1.7180071643616905 -1.9143312731086808
17500 10520887 -1.7031738121258273 0.045617500673620776 0.57912 1.7180071643616905 -1.9143312731086808
17501 10520887 -1.7399673386898142 0.030896290606475002 0.57912 1.7180071643616905 -1.9143312731086808
17502 10520887 -1.7727488460543122 0.014862877101215338 0.57912 1.7180071643616905 -1.9143312731086808
17503 10520887 -1.8093888893343666 -0.015681627572378815 0.6096 1.7180071643616905 -1.9143312731086808
17504 10520887 -1.8253398805752512 -0.02506890336408804 0.6096 1.7180071643616905 -1.9143312731086808
17505 10520887 -1.8412908718161358 -0.03445617915579727 0.6096 1.7180071643616905 -1.9143312731086808
17506 10520887 -1.8878379722648904 -0.07356059508573445 0.6096 1.7180071643616905 -1.9143312731086808
17507 10520887 -1.909594174419517 -0.10476729968618007 0.6096 1.7180071643616905 -1.9143312731086808
17508 10520887 -1.9306861235508965 -0.1366586324624766 0.6096 1.7180071643616905 -1.9143312731086808
17509 10520887 -1.9545402370693672 -0.17699358993411743 0.6096 1.7180071643616905 -1.9143312731086808
17510 10520887 -1.9777468312824238 -0.2126330665370331 0.6096 1.7180071643616905 -1.9143312731086808
17511 10520887 -1.9946131117041646 -0.24952868942675435 0.6096 1.7180071643616905 -1.9143312731086808
17512 10520887 -2.021769912750406 -0.2994156635939653 0.6400800000000001 1.7180071643616905 -1.9143312731086808
17513 10520887 -2.034071521556384 -0.33593503372848466 0.6400800000000001 1.7180071643616905 -1.9143312731086808
17514 10520887 -2.050160768163747 -0.3851193459875125 0.6400800000000001 1.7180071643616905 -1.9143312731086808
17515 10520887 -2.0644789151880003 -0.4299757382049546 0.6400800000000001 1.7180071643616905 -1.9143312731086808
17516 10520887 -2.077402000079915 -0.46839492147746487 0.6400800000000001 1.7180071643616905 -1.9143312731086808
17517 10520887 -2.0862673313471713 -0.5036431387857794 0.6400800000000001 1.7180071643616905 -1.9143312731086808
17518 10520887 -2.0951326626144278 -0.5388913560940938 0.6400800000000001 1.7180071643616905 -1.9143312731086808
17519 10520887 -2.103715668169511 -0.5830533383799423 0.6400800000000001 1.7180071643616905 -1.9143312731086808
17520 10520887 -2.1127437275389447 -0.6253171289200812 0.6400800000000001 1.7180071643616905 -1.9143312731086808
17521 10520887 -2.1140179102480046 -0.6971073392946903 0.6400800000000001 1.7180071643616905 -1.9143312731086808
17522 10520887 -2.1107749407399172 -0.7197835174679136 0.6400800000000001 1.7180071643616905 -1.9143312731086808
17523 10520887 -2.1014698813460226 -0.8081202334182761 0.6400800000000001 1.7180071643616905 -1.9143312731086808
17524 10520887 -2.096794196670454 -0.8318491904729154 0.6400800000000001 1.7180071643616905 -1.9143312731086808
17525 10520887 -2.08327610828782 -0.9073093460394187 0.67056 1.7180071643616905 -1.9143312731086808
17526 10520887 -2.0743112225819322 -0.9315065029558244 0.67056 1.7180071643616905 -1.9143312731086808
17527 10520887 -2.054292738787855 -0.9789481658968829 0.67056 1.7180071643616905 -1.9143312731086808
17528 10520887 -2.032349530165642 -1.0286549642930498 0.67056 1.7180071643616905 -1.9143312731086808
17529 10520887 -2.009046514428629 -1.0728475751054591 0.67056 1.7180071643616905 -1.9143312731086808
17530 10520887 -1.9847869852234177 -1.1080057005124668 0.67056 1.7180071643616905 -1.9143312731086808
17531 10520887 -1.960527456018206 -1.1431638259194745 0.67056 1.7180071643616905 -1.9143312731086808
17532 10520887 -1.9212539651496685 -1.1942150485134875 0.67056 1.7180071643616905 -1.9143312731086808
17533 10520887 -1.8871836013185292 -1.2312961822602209 0.67056 1.7180071643616905 -1.9143312731086808
17534 10520887 -1.8578377459288704 -1.2570175247465112 0.67056 1.7180071643616905 -1.9143312731086808
17535 10520887 -1.8151627298863733 -1.292238789841169 0.67056 1.7180071643616905 -1.9143312731086808
17536 10520887 -1.7639135712781149 -1.3216178098707523 0.67056 1.7180071643616905 -1.9143312731086808
17537 10520887 -1.7183815608458868 -1.345387905850486 0.67056 1.7180071643616905 -1.9143312731086808
17538 10520887 -1.6629333639207402 -1.3741529886113792 0.6400800000000001 1.7180071643616905 -1.9143312731086808
17539 10520887 -1.6146308709673962 -1.3921686011538654 0.6400800000000001 1.7180071643616905 -1.9143312731086808
17540 10520887 -1.5650166634997709 -1.4061730120050633 0.6400800000000001 1.7180071643616905 -1.9143312731086808
17541 10520887 -1.5282591486553174 -1.413986621392441 0.6400800000000001 1.7180071643616905 -1.9143312731086808
17542 10520887 -1.491501633810864 -1.4218002307798188 0.6400800000000001 1.7180071643616905 -1.9143312731086808
17543 10520887 -1.4427074422542645 -1.4301611643827796 0.6400800000000001 1.7180071643616905 -1.9143312731086808
17544 10520887 -1.3910110244806504 -1.438068705381639 0.6400800000000001 1.7180071643616905 -1.9143312731086808
17545 10520887 -1.3284417569520872 -1.4461427644287614 0.6400800000000001 1.7180071643616905 -1.9143312731086808
17546 10520887 -1.284748109579733 -1.451082362650793 0.6400800000000001 1.7180071643616905 -1.9143312731086808
17547 10520887 -1.2242086715101193 -1.4588423377773985 0.6400800000000001 1.7180071643616905 -1.9143312731086808
17548 10520887 -1.149637539769712 -1.46172585214591 0.6096 1.7180071643616905 -1.9143312731086808
17549 10520887 -1.1007665911200564 -1.46169752171697 0.6096 1.7180071643616905 -1.9143312731086808
17550 10520887 -1.0470801082856054 -1.4632432241964448 0.6096 1.7180071643616905 -1.9143312731086808
17551 10520887 -0.9882915533298635 -1.466573356486686 0.6096 1.7180071643616905 -1.9143312731086808
17552 10520887 -0.9412602002439285 -1.471083254225945 0.6096 1.7180071643616905 -1.9143312731086808
17553 10520887 -0.8922515616888402 -1.4706312788428206 0.6096 1.7180071643616905 -1.9143312731086808
17554 10520887 -0.8386689235702247 -1.4724920598456464 0.6096 1.7180071643616905 -1.9143312731086808
17555 10520887 -0.7871146395341693 -1.4724042605472953 0.6096 1.7180071643616905 -1.9143312731086808
17556 10520887 -0.7361125151385335 -1.4740049353219924 0.6096 1.7180071643616905 -1.9143312731086808
17557 10520887 -0.683979260052592 -1.480297773527624 0.6096 1.7180071643616905 -1.9143312731086808
17558 10520887 -0.6337544273180857 -1.4788397270400295 0.6096 1.7180071643616905 -1.9143312731086808
17559 10520887 -0.5907364811255262 -1.4820355576216457 0.6400800000000001 1.7180071643616905 -1.9143312731086808
17560 10520887 -0.5124536529967856 -1.4882289831422681 0.6096 1.7180071643616905 -1.9143312731086808
17561 10520887 -0.49167762146302585 -1.4885355141713503 0.6096 1.7180071643616905 -1.9143312731086808
17562 10520887 -0.4709015899292661 -1.4888420452004325 0.6096 1.7180071643616905 -1.9143312731086808
17563 10520887 -0.4215635819481911 -1.4911818261298164 0.6096 1.7180071643616905 -1.9143312731086808
17564 10520887 -0.36735296628056635 -1.4954642954331638 0.6096 1.7180071643616905 -1.9143312731086808
17565 10520887 -0.31236022259720975 -1.4970812446417052 0.6096 1.7180071643616905 -1.9143312731086808
17566 10520887 -0.26201422234920146 -1.500684051090593 0.6096 1.7180071643616905 -1.9143312731086808
17567 10520887 -0.20759197045592503 -1.4986089225463888 0.6096 1.7180071643616905 -1.9143312731086808
17568 10520887 -0.15939062112628855 -1.5019774739245273 0.6096 1.7180071643616905 -1.9143312731086808
17569 10520887 -0.11060154029917868 -1.501916092754923 0.6096 1.7180071643616905 -1.9143312731086808
17570 10520887 -0.03558572628158996 -1.5050508148664044 0.6400800000000001 1.7180071643616905 -1.9143312731086808
17571 10520887 0.018745167064008528 -1.5018928072043942 0.6096 1.7180071643616905 -1.9143312731086808
17572 10520887 0.0685892499780536 -1.5015909131083318 0.6400800000000001 1.7180071643616905 -1.9143312731086808
17573 10520887 0.11984740526566429 -1.4969608371204237 0.6400800000000001 1.7180071643616905 -1.9143312731086808
17574 10520887 0.17524054035910464 -1.4987051377626088 0.6400800000000001 1.7180071643616905 -1.9143312731086808
17575 10520887 0.22800015971001775 -1.4949154651363394 0.6400800000000001 1.7180071643616905 -1.9143312731086808
17576 10520887 0.2768687436849705 -1.4948776479527703 0.6400800000000001 1.7180071643616905 -1.9143312731086808
17577 10520887 0.3210144183092698 -1.4918944752651657 0.6400800000000001 1.7180071643616905 -1.9143312731086808
17578 10520887 0.3759055564611966 -1.4897348847769707 0.6400800000000001 1.7180071643616905 -1.9143312731086808
17579 10520887 0.422803073117556 -1.4872997735893234 0.6400800000000001 1.7180071643616905 -1.9143312731086808
17580 10520887 0.47359625339091926 -1.489525099537372 0.6400800000000001 1.7180071643616905 -1.9143312731086808
17581 10520887 0.5288663730156156 -1.4862031855490585 0.6400800000000001 1.7180071643616905 -1.9143312731086808
17582 10520887 0.5776540895371656 -1.4861370783590073 0.6400800000000001 1.7180071643616905 -1.9143312731086808
17583 10520887 0.640757441687822 -1.4822192015972768 0.6400800000000001 1.7180071643616905 -1.9143312731086808
17584 10520887 0.6883083598451827 -1.4794118660205542 0.6400800000000001 1.7180071643616905 -1.9143312731086808
17585 10520887 0.7371100559961574 -1.4754941293670076 0.6400800000000001 1.7180071643616905 -1.9143312731086808
17586 10520887 0.7924454080965906 -1.4760469235292442 0.6400800000000001 1.7180071643616905 -1.9143312731086808
17587 10520887 0.8208903638894994 -1.471904066523467 0.6400800000000001 1.7180071643616905 -1.9143312731086808
17588 10520887 0.8493353196824083 -1.4677612095176902 0.6400800000000001 1.7180071643616905 -1.9143312731086808
17589 10520887 0.9016228530061239 -1.464046579037458 0.6400800000000001 1.7180071643616905 -1.9143312731086808
17590 10520887 0.9530166608387731 -1.4589882701052432 0.6096 1.7180071643616905 -1.9143312731086808
17591 10520887 0.998008600730504 -1.4572124200804035 0.6096 1.7180071643616905 -1.9143312731086808
17592 10520887 1.0541143067513326 -1.4540430321174054 0.6096 1.7180071643616905 -1.9143312731086808
17593 10520887 1.1224952092974458 -1.4448358491555517 0.6096 1.7180071643616905 -1.9143312731086808
17594 10520887 1.1693219999037807 -1.4426069452539596 0.6096 1.7180071643616905 -1.9143312731086808
17595 10520887 1.2265497103009146 -1.441438344659227 0.6096 1.7180071643616905 -1.9143312731086808
17596 10520887 1.2705677229766774 -1.4374737272084797 0.6096 1.7180071643616905 -1.9143312731086808
17597 10520887 1.3206514661397961 -1.4347889783351468 0.6096 1.7180071643616905 -1.9143312731086808
17598 10520887 1.354718516834983 -1.4338238694093621 0.6096 1.7180071643616905 -1.9143312731086808
17599 10520887 1.3887855675301695 -1.4328587604835772 0.6096 1.7180071643616905 -1.9143312731086808
17600 10520887 1.4265035620118889 -1.4343123787946745 0.6096 1.7180071643616905 -1.9143312731086808
17601 10520887 1.4834451328810232 -1.4312961584924462 0.6096 1.7180071643616905 -1.9143312731086808
17602 10520887 1.5221498112605087 -1.4319033162049712 0.6096 1.7180071643616905 -1.9143312731086808
17603 10520887 1.5750474047913632 -1.4306613931740082 0.6096 1.7180071643616905 -1.9143312731086808
17604 10520887 1.6279449983222178 -1.4294194701430452 0.6096 1.7180071643616905 -1.9143312731086808
17605 10520887 1.6740333956441233 -1.4324370289680988 0.6096 1.7180071643616905 -1.9143312731086808
17606 10520887 1.7197189040659744 -1.437775962681776 0.6096 1.7180071643616905 -1.9143312731086808
17607 10520887 1.7553383986706266 -1.4383090002861796 0.6096 1.7180071643616905 -1.9143312731086808
17608 10520887 1.7909578932752788 -1.438842037890583 0.6096 1.7180071643616905 -1.9143312731086808
17609 10520887 1.8744385592508637 -1.4497455137986328 0.6096 1.7180071643616905 -1.9143312731086808
17610 10520887 1.9168682327180695 -1.4530855843323178 0.6096 1.7180071643616905 -1.9143312731086808
17611 10520887 1.9492884726840656 -1.4528068438029764 0.6096 1.7180071643616905 -1.9143312731086808
17612 10520887 1.996132876365144 -1.456770158746543 0.6096 1.7180071643616905 -1.9143312731086808
17613 10520887 2.028457820933345 -1.4623592038972721 0.6096 1.7180071643616905 -1.9143312731086808
17614 10520887 2.060782765501546 -1.4679482490480014 0.6096 1.7180071643616905 -1.9143312731086808
17615 10520887 2.1205717228222385 -1.476604286284874 0.6096 1.7180071643616905 -1.9143312731086808
17616 10520887 2.1661205365555265 -1.479909885577894 0.57912 1.7180071643616905 -1.9143312731086808
17617 10520887 2.1872819538778185 -1.484598892111346 0.57912 1.7180071643616905 -1.9143312731086808
17618 10520887 2.2084433712001106 -1.489287898644798 0.57912 1.7180071643616905 -1.9143312731086808
17619 10520887 2.2540573902697894 -1.4989223628996535 0.57912 1.7180071643616905 -1.9143312731086808
17620 10520887 2.3225725581835963 -1.5091404038310803 0.57912 1.7180071643616905 -1.9143312731086808
17621 10520887 2.3619484948694884 -1.5180227248558997 0.57912 1.7180071643616905 -1.9143312731086808
17622 10520887 2.4008328841611 -1.5240575793758258 0.57912 1.7180071643616905 -1.9143312731086808
17623 10520887 2.4593834592088886 -1.5324232713457342 0.57912 1.7180071643616905 -1.9143312731086808
17624 10520887 2.523118703957407 -1.5385091163081974 0.57912 1.7180071643616905 -1.9143312731086808
17625 10520887 2.5560822297259307 -1.5400988338938393 0.5638799999999999 1.7180071643616905 -1.9143312731086808
17626 10520887 2.589045755494455 -1.541688551479481 0.54864 1.7180071643616905 -1.9143312731086808
17627 10520887 2.6520303193753527 -1.535379473764374 0.54864 1.7180071643616905 -1.9143312731086808
17628 10520887 2.693729940944146 -1.5300660768026522 0.54864 1.7180071643616905 -1.9143312731086808
17629 10520887 2.7305935590894093 -1.5178005709087918 0.54864 1.7180071643616905 -1.9143312731086808
17630 10520887 2.748382815034116 -1.5122757477168307 0.54864 1.7180071643616905 -1.9143312731086808
17631 10520887 2.8130975865542203 -1.4843354437255378 0.54864 1.7180071643616905 -1.9143312731086808
17632 10520887 2.8288011049835 -1.4756766199850535 0.54864 1.7180071643616905 -1.9143312731086808
17633 10520887 2.8445046234127798 -1.4670177962445694 0.54864 1.7180071643616905 -1.9143312731086808
17634 10520887 2.8703528828283194 -1.4433300697951237 0.54864 1.7180071643616905 -1.9143312731086808
17635 10520887 2.8974851789729126 -1.4200613718821173 0.54864 1.7180071643616905 -1.9143312731086808
17636 10520887 2.9268102737271553 -1.3914339476069446 0.54864 1.7180071643616905 -1.9143312731086808
17637 10520887 2.9572174490061096 -1.3540481274770826 0.54864 1.7180071643616905 -1.9143312731086808
17638 10520887 2.9811288042299235 -1.3270413619845975 0.54864 1.7180071643616905 -1.9143312731086808
17639 10520887 3.00192291895552 -1.2959800562454473 0.5181600000000001 1.7180071643616905 -1.9143312731086808
17640 10520887 3.014766161530104 -1.2729539481699295 0.54864 1.7180071643616905 -1.9143312731086808
17641 10520887 3.0427710868165416 -1.2225185519176343 0.5181600000000001 1.7180071643616905 -1.9143312731086808
17642 10520887 3.0533240371344794 -1.1929042783590413 0.5181600000000001 1.7180071643616905 -1.9143312731086808
17643 10520887 3.0628596140311313 -1.180012798569155 0.5181600000000001 1.7180071643616905 -1.9143312731086808
17644 10520887 3.0754088069910646 -1.1252341476487622 0.5181600000000001 1.7180071643616905 -1.9143312731086808
17645 10520887 3.079739832648481 -1.1092423480224063 0.5181600000000001 1.7180071643616905 -1.9143312731086808
17646 10520887 3.0853426281423997 -1.0839116397513566 0.5181600000000001 1.7180071643616905 -1.9143312731086808
17647 10520887 3.0909454236363185 -1.058580931480307 0.5181600000000001 1.7180071643616905 -1.9143312731086808
17648 10520887 3.093320797545136 -1.0322553236066578 0.5181600000000001 2.4052100301063666 -2.6800637823521534
17649 10520887 3.096746119297709 -0.9931892036863742 0.5181600000000001 2.4052100301063666 -2.6800637823521534
17650 10520887 3.1014318527756295 -0.9788317435751009 0.5181600000000001 2.4052100301063666 -2.6800637823521534
17651 10520887 3.102433608275314 -0.9254242093686847 0.5181600000000001 2.4052100301063666 -2.6800637823521534
17652 10520887 3.100658673882533 -0.8982113084119591 0.5181600000000001 2.4052100301063666 -2.6800637823521534
17653 10520887 3.093280344173717 -0.8636793522710359 0.5181600000000001 2.4052100301063666 -2.6800637823521534
17654 10520887 3.0899177887716167 -0.8358898387999876 0.5181600000000001 2.4052100301063666 -2.6800637823521534
17655 10520887 3.0865552333695163 -0.8081003253289394 0.5181600000000001 2.4052100301063666 -2.6800637823521534
17656 10520887 3.080034379925597 -0.7791047714500434 0.48768 2.4052100301063666 -2.6800637823521534
17657 10520887 3.0740161125036574 -0.754011281905736 0.48768 2.4052100301063666 -2.6800637823521534
17658 10520887 3.064467704547071 -0.7261301972952362 0.48768 2.4052100301063666 -2.6800637823521534
17659 10520887 3.058604274985972 -0.7121261654214743 0.48768 2.4052100301063666 -2.6800637823521534
17660 10520887 3.0527408454248732 -0.6981221335477125 0.48768 2.4052100301063666 -2.6800637823521534
17661 10520887 3.0392800558408206 -0.6536612594675596 0.48768 2.4052100301063666 -2.6800637823521534
17662 10520887 3.03388804691349 -0.6375331424656885 0.48768 2.4052100301063666 -2.6800637823521534
17663 10520887 3.015359198515287 -0.5936374396578868 0.48768 2.4052100301063666 -2.6800637823521534
17664 10520887 3.004368787837274 -0.5620145952505559 0.48768 2.4052100301063666 -2.6800637823521534
17665 10520887 2.994486627371768 -0.537879157249758 0.48768 2.4052100301063666 -2.6800637823521534
17666 10520887 2.984092246332402 -0.5071516410869125 0.48768 2.4052100301063666 -2.6800637823521534
17667 10520887 2.9720639544120813 -0.4868714151105499 0.48768 2.4052100301063666 -2.6800637823521534
17668 10520887 2.9540921857515476 -0.4331109228139761 0.45720000000000005 2.4052100301063666 -2.6800637823521534
17669 10520887 2.944810927895073 -0.4016952012221423 0.45720000000000005 2.4052100301063666 -2.6800637823521534
17670 10520887 2.9323897504325673 -0.36738546011020423 0.45720000000000005 2.4052100301063666 -2.6800637823521534
17671 10520887 2.9222954672131927 -0.33465289792883346 0.45720000000000005 2.4052100301063666 -2.6800637823521534
17672 10520887 2.915732219168751 -0.30307288043218394 0.45720000000000005 2.4052100301063666 -2.6800637823521534
17673 10520887 2.9045955058994135 -0.2691822285270655 0.45720000000000005 2.4052100301063666 -2.6800637823521534
17674 10520887 2.8985841802840753 -0.2549542813314244 0.45720000000000005 2.4052100301063666 -2.6800637823521534
17675 10520887 2.8839721532826323 -0.2235503625932591 0.44196 2.4052100301063666 -2.6800637823521534
17676 10520887 2.8693601262811894 -0.1921464438550938 0.42672000000000004 2.4052100301063666 -2.6800637823521534
17677 10520887 2.8541526751278443 -0.15984713707394785 0.42672000000000004 2.4052100301063666 -2.6800637823521534
17678 10520887 2.831818219585558 -0.12966017275741565 0.42672000000000004 2.4052100301063666 -2.6800637823521534
17679 10520887 2.8094837640432715 -0.09947320844088348 0.42672000000000004 2.4052100301063666 -2.6800637823521534
17680 10520887 2.7811705889770835 -0.07808140872770046 0.42672000000000004 2.4052100301063666 -2.6800637823521534
17681 10520887 2.752857413910896 -0.056689609014517445 0.42672000000000004 2.4052100301063666 -2.6800637823521534
17682 10520887 2.7256149169690023 -0.037866626938730746 0.42672000000000004 2.4052100301063666 -2.6800637823521534
17683 10520887 2.6960171794109176 -0.026802290168849524 0.42672000000000004 2.4052100301063666 -2.6800637823521534
17684 10520887 2.671141537780941 -0.01868124026612547 0.42672000000000004 2.4052100301063666 -2.6800637823521534
17685 10520887 2.633813170552686 -0.011985062990337386 0.42672000000000004 2.4052100301063666 -2.6800637823521534
17686 10520887 2.595372187984843 -0.005976803160024663 0.42672000000000004 2.4052100301063666 -2.6800637823521534
17687 10520887 2.560726871573815 0.0007783516648164068 0.42672000000000004 2.4052100301063666 -2.6800637823521534
17688 10520887 2.5152062191613416 -0.0012983958345633428 0.39624000000000004 2.4052100301063666 -2.6800637823521534
17689 10520887 2.484137381145897 0.004172621647471425 0.39624000000000004 2.4052100301063666 -2.6800637823521534
17690 10520887 2.4456247328557623 0.005882783659571872 0.39624000000000004 2.4052100301063666 -2.6800637823521534
17691 10520887 2.4174058519022372 0.0037648905947567923 0.39624000000000004 2.4052100301063666 -2.6800637823521534
17692 10520887 2.384613580375465 0.003958083973403109 0.39624000000000004 2.4052100301063666 -2.6800637823521534
17693 10520887 2.3542285807336554 0.0033654078042033853 0.39624000000000004 2.4052100301063666 -2.6800637823521534
17694 10520887 2.3227998229419353 0.002295918298426153 0.39624000000000004 2.4052100301063666 -2.6800637823521534
17695 10520887 2.295639670816258 0.00614101896181965 0.36576 2.4052100301063666 -2.6800637823521534
17696 10520887 2.2740225493844473 0.006112523764693835 0.36576 2.4052100301063666 -2.6800637823521534
17697 10520887 2.2524054279526364 0.006084028567568021 0.36576 2.4052100301063666 -2.6800637823521534
17698 10520887 2.2307883065208256 0.0060555333704422065 0.36576 2.4052100301063666 -2.6800637823521534
17699 10520887 2.1916215327961357 0.007396466023870091 0.36576 2.4052100301063666 -2.6800637823521534
17700 10520887 2.1630813482998907 0.005384392569753121 0.36576 2.4052100301063666 -2.6800637823521534
17701 10520887 2.1378554193771775 0.00427611304359346 0.36576 2.4052100301063666 -2.6800637823521534
17702 10520887 2.101806146086192 0.00401539270169185 0.36576 2.4052100301063666 -2.6800637823521534
17703 10520887 2.073254533766178 0.002241010616000433 0.36576 2.4052100301063666 -2.6800637823521534
17704 10520887 2.0468277277935862 0.005613900521342335 0.36576 2.4052100301063666 -2.6800637823521534
17705 10520887 2.024112403316181 0.00403659012052629 0.33528 2.4052100301063666 -2.6800637823521534
17706 10520887 1.9897932762739357 0.0022768194578621503 0.33528 2.4052100301063666 -2.6800637823521534
17707 10520887 1.9588246620665966 0.003979047708163597 0.33528 2.4052100301063666 -2.6800637823521534
17708 10520887 1.9303322829391476 0.005106371434683982 0.33528 2.4052100301063666 -2.6800637823521534
17709 10520887 1.8855219069473639 0.003852698629047413 0.33528 2.4052100301063666 -2.6800637823521534
17710 10520887 1.8638751372851183 0.005548348731664404 0.33528 2.4052100301063666 -2.6800637823521534
17711 10520887 1.8373447884656318 0.008605333050914848 0.33528 2.4052100301063666 -2.6800637823521534
17712 10520887 1.803645964647015 0.008746589555491235 0.33528 2.4052100301063666 -2.6800637823521534
17713 10520887 1.775598631100877 0.007159056163807187 0.3048 2.4052100301063666 -2.6800637823521534
17714 10520887 1.753266994093862 0.005398828542037104 0.3048 2.4052100301063666 -2.6800637823521534
17715 10520887 1.7309353570868473 0.003638600920267021 0.3048 2.4052100301063666 -2.6800637823521534
17716 10520887 1.7074172612404006 0.0023243800885949517 0.3048 2.4052100301063666 -2.6800637823521534
17717 10520887 1.6792318776218509 0.0003149779057629032 0.3048 2.4052100301063666 -2.6800637823521534
17718 10520887 1.6460832407808663 0.0005108551586272547 0.3048 2.4052100301063666 -2.6800637823521534
17719 10520887 1.622005193251952 0.0018330545478236204 0.3048 2.4052100301063666 -2.6800637823521534
17720 10520887 1.5909892137381654 0.0020335428066707434 0.3048 2.4052100301063666 -2.6800637823521534
17721 10520887 1.552234076401419 0.003009626876372823 0.3048 2.4052100301063666 -2.6800637823521534
17722 10520887 1.5195441872912423 0.003523501662787934 0.3048 2.4052100301063666 -2.6800637823521534
17723 10520887 1.4969756250433648 -0.0003198902804363857 0.3048 2.4052100301063666 -2.6800637823521534
17724 10520887 1.4698494636662005 0.003633942746725932 0.3048 2.4052100301063666 -2.6800637823521534
17725 10520887 1.446720172510733 0.003512141828046249 0.3048 2.4052100301063666 -2.6800637823521534
17726 10520887 1.4235908813552656 0.003390340909366566 0.3048 2.4052100301063666 -2.6800637823521534
17727 10520887 1.400461590199798 0.0032685399906868823 0.3048 2.4052100301063666 -2.6800637823521534
17728 10520887 1.3773322990443304 0.003146739072007199 0.3048 2.4052100301063666 -2.6800637823521534
17729 10520887 1.354203007888863 0.003024938153327516 0.3048 2.4052100301063666 -2.6800637823521534
17730 10520887 1.3310737167333955 0.002903137234647833 0.3048 2.4052100301063666 -2.6800637823521534
17731 10520887 1.307944425577928 0.00278133631596815 0.3048 2.4052100301063666 -2.6800637823521534
17732 10520887 1.2966944936458287 0.0009655265810773472 0.3048 2.4052100301063666 -2.6800637823521534
17733 10520887 1.2806675632452191 0.0019252583656554467 0.3048 2.4052100301063666 -2.6800637823521534
17734 10520887 1.2646406328446096 0.002884990150233546 0.3048 2.4052100301063666 -2.6800637823521534
17735 10520887 1.2486137024439998 0.0038447219348116454 0.3048 2.4052100301063666 -2.6800637823521534
17736 10520887 1.2325867720433903 0.004804453719389745 0.3048 2.4052100301063666 -2.6800637823521534
17737 10520887 1.2165598416427807 0.005764185503967845 0.3048 2.4052100301063666 -2.6800637823521534
17738 10520887 1.2053443390207295 0.004054079997176524 0.3048 2.4052100301063666 -2.6800637823521534
17739 10520887 1.194535334773759 0.004041467903813906 0.3048 2.4052100301063666 -2.6800637823521534
17740 10520887 1.1837263305267889 0.004028855810451287 0.3048 2.4052100301063666 -2.6800637823521534
17741 10520887 1.1729173262798185 0.004016243717088669 0.3048 2.4052100301063666 -2.6800637823521534
17742 10520887 1.158479449178899 0.001956992098972571 0.3048 2.4052100301063666 -2.6800637823521534
17743 10520887 1.1494503764625392 0.0028622143158632887 0.3048 2.4052100301063666 -2.6800637823521534
17744 10520887 1.1404213037461794 0.0037674365327540066 0.3048 2.4052100301063666 -2.6800637823521534
17745 10520887 1.1344832738127777 0.005707324020501387 0.3048 2.4052100301063666 -2.6800637823521534
17746 10520887 1.128545243879376 0.007647211508248766 0.3048 2.4052100301063666 -2.6800637823521534
17747 10520887 1.1226072139459742 0.009587098995996145 0.3048 2.4052100301063666 -2.6800637823521534
17748 10520887 1.1166691840125724 0.011526986483743526 0.3048 2.4052100301063666 -2.6800637823521534
17749 10520887 1.1107311540791707 0.013466873971490906 0.3048 2.4052100301063666 -2.6800637823521534
17750 10520887 1.109134252912005 0.016733965416569248 0.3048 2.4052100301063666 -2.6800637823521534
17751 10520887 1.1075373517448392 0.02000105686164759 0.3048 2.4052100301063666 -2.6800637823521534
17752 10520887 1.1051446564080107 0.024637971338563436 0.3048 2.4052100301063666 -2.6800637823521534
17753 10520887 1.1011152851796018 0.032963866690427515 0.3048 2.4052100301063666 -2.6800637823521534
17754 10520887 1.103430942470927 0.032731738408071163 0.3024 2.4052100301063666 -2.6800637823521534
17755 10520887 1.1057465997622524 0.03249961012571481 0.3 2.4052100301063666 -2.6800637823521534
17756 10520887 1.1080622570535776 0.03226748184335846 0.29760000000000003 2.4052100301063666 -2.6800637823521534
17757 10520887 1.110377914344903 0.03203535356100211 0.2952 2.4052100301063666 -2.6800637823521534
17758 10520887 1.1126935716362283 0.03180322527864576 0.2928 2.4052100301063666 -2.6800637823521534
17759 10520887 1.1150092289275537 0.031571096996289405 0.2904 2.4052100301063666 -2.6800637823521534
17760 10520887 1.117324886218879 0.03133896871393305 0.28800000000000003 2.4052100301063666 -2.6800637823521534
17761 10520887 1.1196405435102041 0.0311068404315767 0.2856 2.4052100301063666 -2.6800637823521534
17762 10520887 1.1219562008015296 0.03087471214922035 0.2832 2.4052100301063666 -2.6800637823521534
17763 10520887 1.1242718580928548 0.030642583866864 0.2808 2.4052100301063666 -2.6800637823521534
17764 10520887 1.1265875153841802 0.030410455584507647 0.27840000000000004 2.4052100301063666 -2.6800637823521534
17765 10520887 1.1289031726755054 0.030178327302151295 0.276 2.4052100301063666 -2.6800637823521534
17766 10520887 1.1312188299668309 0.029946199019794947 0.2736 2.4052100301063666 -2.6800637823521534
17767 10520887 1.133534487258156 0.029714070737438595 0.2712 2.4052100301063666 -2.6800637823521534
17768 10520887 1.1358501445494813 0.029481942455082243 0.26880000000000004 2.4052100301063666 -2.6800637823521534
17769 10520887 1.1381658018408067 0.02924981417272589 0.2664 2.4052100301063666 -2.6800637823521534
17770 10520887 1.140481459132132 0.02901768589036954 0.264 2.4052100301063666 -2.6800637823521534
17771 10520887 1.1427971164234574 0.028785557608013188 0.2616 2.4052100301063666 -2.6800637823521534
17772 10520887 1.1451127737147826 0.028553429325656837 0.2592 2.4052100301063666 -2.6800637823521534
17773 10520887 1.1474284310061078 0.028321301043300485 0.25680000000000003 2.4052100301063666 -2.6800637823521534
17774 10520887 1.1497440882974332 0.028089172760944133 0.2544 2.4052100301063666 -2.6800637823521534
17775 10520887 1.1520597455887585 0.02785704447858778 0.252 2.4052100301063666 -2.6800637823521534
17776 10520887 1.154375402880084 0.02762491619623143 0.24960000000000002 2.4052100301063666 -2.6800637823521534
17777 10520887 1.156691060171409 0.027392787913875078 0.2472 2.4052100301063666 -2.6800637823521534
17778 10520887 1.1590067174627345 0.027160659631518726 0.24480000000000002 2.4052100301063666 -2.6800637823521534
17779 10520887 1.1613223747540597 0.026928531349162375 0.2424 2.4052100301063666 -2.6800637823521534
17780 10520887 1.1636380320453852 0.026696403066806023 0.24 2.4052100301063666 -2.6800637823521534
17781 10520887 1.1659536893367104 0.02646427478444967 0.2376 2.4052100301063666 -2.6800637823521534
17782 10520887 1.1682693466280356 0.02623214650209332 0.23520000000000002 2.4052100301063666 -2.6800637823521534
17783 10520887 1.170585003919361 0.02600001821973697 0.2328 2.4052100301063666 -2.6800637823521534
17784 10520887 1.1729006612106863 0.02576788993738062 0.2304 2.4052100301063666 -2.6800637823521534
17785 10520887 1.1752163185020117 0.025535761655024268 0.228 2.4052100301063666 -2.6800637823521534
17786 10520887 1.177531975793337 0.025303633372667916 0.22560000000000002 2.4052100301063666 -2.6800637823521534
17787 10520887 1.1798476330846621 0.025071505090311565 0.2232 2.4052100301063666 -2.6800637823521534
17788 10520887 1.1821632903759876 0.024839376807955213 0.2208 2.4052100301063666 -2.6800637823521534
17789 10520887 1.1844789476673128 0.02460724852559886 0.2184 2.4052100301063666 -2.6800637823521534
17790 10520887 1.1867946049586382 0.02437512024324251 0.21600000000000003 2.4052100301063666 -2.6800637823521534
17791 10520887 1.1891102622499634 0.024142991960886158 0.2136 2.4052100301063666 -2.6800637823521534
17792 10520887 1.1914259195412888 0.023910863678529806 0.2112 2.4052100301063666 -2.6800637823521534
17793 10520887 1.193741576832614 0.023678735396173455 0.2088 2.4052100301063666 -2.6800637823521534
17794 10520887 1.1960572341239393 0.023446607113817103 0.2064 2.4052100301063666 -2.6800637823521534
17795 10520887 1.1983728914152647 0.02321447883146075 0.20400000000000001 2.4052100301063666 -2.6800637823521534
17796 10520887 1.20068854870659 0.0229823505491044 0.2016 2.4052100301063666 -2.6800637823521534
17797 10520887 1.2030042059979154 0.022750222266748048 0.1992 2.4052100301063666 -2.6800637823521534
17798 10520887 1.2053198632892406 0.022518093984391696 0.1968 2.4052100301063666 -2.6800637823521534
17799 10520887 1.207635520580566 0.022285965702035344 0.19440000000000002 2.4052100301063666 -2.6800637823521534
17800 10520887 1.2099511778718912 0.022053837419678993 0.192 2.4052100301063666 -2.6800637823521534
17801 10520887 1.2122668351632164 0.02182170913732264 0.1896 2.4052100301063666 -2.6800637823521534
17802 10520887 1.2145824924545419 0.02158958085496629 0.1872 2.4052100301063666 -2.6800637823521534
17803 10520887 1.216898149745867 0.021357452572609938 0.18480000000000002 2.4052100301063666 -2.6800637823521534
17804 10520887 1.2192138070371925 0.021125324290253586 0.1824 2.4052100301063666 -2.6800637823521534
17805 10520887 1.2215294643285177 0.020893196007897234 0.18 2.4052100301063666 -2.6800637823521534
17806 10520887 1.2238451216198432 0.020661067725540883 0.1776 2.4052100301063666 -2.6800637823521534
17807 10520887 1.2261607789111684 0.02042893944318453 0.1752 2.4052100301063666 -2.6800637823521534
17808 10520887 1.2284764362024936 0.02019681116082818 0.1728 2.4052100301063666 -2.6800637823521534
17809 10520887 1.230792093493819 0.019964682878471827 0.1704 2.4052100301063666 -2.6800637823521534
17810 10520887 1.2331077507851442 0.019732554596115476 0.168 2.4052100301063666 -2.6800637823521534
17811 10520887 1.2354234080764697 0.019500426313759124 0.1656 2.4052100301063666 -2.6800637823521534
17812 10520887 1.2377390653677949 0.019268298031402776 0.1632 2.4052100301063666 -2.6800637823521534
17813 10520887 1.2400547226591203 0.019036169749046424 0.1608 2.4052100301063666 -2.6800637823521534
