7315 10638290 0.1266633180346236 0.03699470291994489 0.42672000000000004 1.118398304226389 3.423004878685325
7316 10638290 0.09015700144926819 0.041332169446468 0.42672000000000004 1.118398304226389 3.423004878685325
7317 10638290 0.032622326491219544 0.047636024450361 0.45720000000000005 1.118398304226389 3.423004878685325
7318 10638290 0.001884556993170139 0.0527757138442749 0.45720000000000005 1.118398304226389 3.423004878685325
7319 10638290 -0.030047946343903953 0.055618929687730884 0.45720000000000005 1.118398304226389 3.423004878685325
7320 10638290 -0.07575012800878123 0.06062657171173705 0.45720000000000005 1.118398304226389 3.423004878685325
7321 10638290 -0.1214523096736585 0.06563421373574321 0.45720000000000005 1.118398304226389 3.423004878685325
7322 10638290 -0.15637554689264305 0.070740793343877 0.45720000000000005 1.118398304226389 3.423004878685325
7323 10638290 -0.1912987841116276 0.0758473729520108 0.45720000000000005 1.118398304226389 3.423004878685325
7324 10638290 -0.24066892471386514 0.0824053918752389 0.48768 1.118398304226389 3.423004878685325
7325 10638290 -0.2903151159056143 0.08811933202329006 0.48768 1.118398304226389 3.423004878685325
7326 10638290 -0.3310142307456503 0.0967504389660023 0.48768 1.118398304226389 3.423004878685325
7327 10638290 -0.3624999041350896 0.09933221680580143 0.48768 1.118398304226389 3.423004878685325
7328 10638290 -0.394682056156641 0.10494587699705751 0.48768 1.118398304226389 3.423004878685325
7329 10638290 -0.4268642081781924 0.1105595371883136 0.48768 1.118398304226389 3.423004878685325
7330 10638290 -0.46496183440354866 0.11763996995864026 0.48768 1.118398304226389 3.423004878685325
7331 10638290 -0.505529282842249 0.1259955147481401 0.50292 1.118398304226389 3.423004878685325
7332 10638290 -0.5460967312809493 0.13435105953763996 0.5181600000000001 1.118398304226389 3.423004878685325
7333 10638290 -0.5775429247783912 0.14194480159388542 0.5181600000000001 1.118398304226389 3.423004878685325
7334 10638290 -0.6089891182758331 0.1495385436501309 0.5181600000000001 1.118398304226389 3.423004878685325
7335 10638290 -0.6711101262032642 0.1676289418888546 0.5181600000000001 1.118398304226389 3.423004878685325
7336 10638290 -0.7094519196828266 0.1823848145627531 0.5181600000000001 1.118398304226389 3.423004878685325
7337 10638290 -0.7442940888356302 0.19915121511427933 0.54864 1.118398304226389 3.423004878685325
7338 10638290 -0.7885908188405406 0.22122904376046135 0.54864 1.118398304226389 3.423004878685325
7339 10638290 -0.811222284016432 0.236223188381413 0.54864 1.118398304226389 3.423004878685325
7340 10638290 -0.8441538104637927 0.25937558368454927 0.54864 1.118398304226389 3.423004878685325
7341 10638290 -0.8830634446464536 0.2895068787239664 0.54864 1.118398304226389 3.423004878685325
7342 10638290 -0.9144302207545225 0.31717201417858776 0.57912 1.118398304226389 3.423004878685325
7343 10638290 -0.9388459038715242 0.34653686202545775 0.57912 0.36214911544938283 2.5465782646875845
7344 10638290 -0.9632615869885259 0.37590170987232774 0.57912 0.36214911544938283 2.5465782646875845
7345 10638290 -1.0023029674379773 0.431430565253929 0.57912 0.36214911544938283 2.5465782646875845
7346 10638290 -1.0163774183925889 0.4584657160355352 0.57912 0.36214911544938283 2.5465782646875845
7347 10638290 -1.0304518693472005 0.48550086681714144 0.57912 0.36214911544938283 2.5465782646875845
7348 10638290 -1.0519086918950988 0.5350462397598744 0.6096 0.36214911544938283 2.5465782646875845
7349 10638290 -1.0635669757748651 0.5740851397144904 0.6096 0.36214911544938283 2.5465782646875845
7350 10638290 -1.0752252596546314 0.6131240396691063 0.6096 0.36214911544938283 2.5465782646875845
7351 10638290 -1.089706546419693 0.6856254437879762 0.6096 0.36214911544938283 2.5465782646875845
7352 10638290 -1.0923291281246506 0.7190223236672124 0.6096 0.36214911544938283 2.5465782646875845
7353 10638290 -1.0949517098296082 0.7524192035464488 0.6096 0.36214911544938283 2.5465782646875845
7354 10638290 -1.0957806251492286 0.8001262992037357 0.6400800000000001 0.36214911544938283 2.5465782646875845
7355 10638290 -1.0923765795482463 0.8594180435244659 0.6400800000000001 0.36214911544938283 2.5465782646875845
7356 10638290 -1.0836856810463695 0.9192591309983413 0.6400800000000001 0.36214911544938283 2.5465782646875845
7357 10638290 -1.0749947825444925 0.9791002184722167 0.6400800000000001 0.36214911544938283 2.5465782646875845
7358 10638290 -1.0587707544771408 1.0287079378011348 0.6400800000000001 0.36214911544938283 2.5465782646875845
7359 10638290 -1.0515925573898086 1.0590748991368475 0.6400800000000001 0.36214911544938283 2.5465782646875845
7360 10638290 -1.0352649517744814 1.108999264190786 0.6400800000000001 0.36214911544938283 2.5465782646875845
7361 10638290 -1.016176664488285 1.1567063413032477 0.6400800000000001 0.36214911544938283 2.5465782646875845
7362 10638290 -0.9970883772020886 1.2044134184157096 0.6400800000000001 0.36214911544938283 2.5465782646875845
7363 10638290 -0.9723541013852156 1.2613735991431931 0.6553200000000001 0.36214911544938283 2.5465782646875845
7364 10638290 -0.9476198255683426 1.318333779870677 0.67056 0.36214911544938283 2.5465782646875845
7365 10638290 -0.9232778660177214 1.368324393303715 0.67056 0.36214911544938283 2.5465782646875845
7366 10638290 -0.8990050474929494 1.4181039566352145 0.67056 0.36214911544938283 2.5465782646875845
7367 10638290 -0.8774545994084669 1.4636330089473435 0.67056 0.36214911544938283 2.5465782646875845
7368 10638290 -0.8559041513239845 1.5091620612594727 0.67056 0.36214911544938283 2.5465782646875845
7369 10638290 -0.8323653329368778 1.5557934306273176 0.67056 0.36214911544938283 2.5465782646875845
7370 10638290 -0.8088265145497712 1.6024247999951624 0.67056 0.36214911544938283 2.5465782646875845
7371 10638290 -0.7852876961626645 1.6490561693630073 0.67056 0.36214911544938283 2.5465782646875845
7372 10638290 -0.7549843285645501 1.7091315412293033 0.67056 0.36214911544938283 2.5465782646875845
7373 10638290 -0.7337498175634913 1.749623131632496 0.7010400000000001 0.36214911544938283 2.5465782646875845
7374 10638290 -0.6968074429751674 1.820496323269613 0.7010400000000001 0.36214911544938283 2.5465782646875845
7375 10638290 -0.6752690971728909 1.8612390999437827 0.7010400000000001 0.36214911544938283 2.5465782646875845
7376 10638290 -0.6537307513706143 1.9019818766179524 0.7010400000000001 0.36214911544938283 2.5465782646875845
7377 10638290 -0.6263276584419504 1.9531914957079004 0.7010400000000001 0.36214911544938283 2.5465782646875845
7378 10638290 -0.5989245655132864 2.0044011147978487 0.7010400000000001 0.36214911544938283 2.5465782646875845
7379 10638290 -0.56510085736896 2.066012642729038 0.7010400000000001 0.36214911544938283 2.5465782646875845
7380 10638290 -0.5311859652302606 2.127360709024751 0.7010400000000001 0.36214911544938283 2.5465782646875845
7381 10638290 -0.5135075913139515 2.156981135777576 0.7010400000000001 0.36214911544938283 2.5465782646875845
7382 10638290 -0.48490196558351273 2.207797609349938 0.71628 0.36214911544938283 2.5465782646875845
7383 10638290 -0.45629633985307394 2.2586140829223 0.73152 0.36214911544938283 2.5465782646875845
7384 10638290 -0.40742074044389764 2.340189810804416 0.73152 0.36214911544938283 2.5465782646875845
7385 10638290 -0.38188281525824674 2.3857003608468483 0.73152 0.36214911544938283 2.5465782646875845
7386 10638290 -0.35634489007259584 2.43121091088928 0.73152 0.36214911544938283 2.5465782646875845
7387 10638290 -0.3387016478445253 2.460726085678065 0.73152 0.36214911544938283 2.5465782646875845
7388 10638290 -0.2873862379141181 2.5416209958402214 0.73152 0.36214911544938283 2.5465782646875845
7389 10638290 -0.25998502449123406 2.5928315023433535 0.73152 0.36214911544938283 2.5465782646875845
7390 10638290 -0.23631160357527348 2.6326426802019065 0.73152 0.36214911544938283 2.5465782646875845
7391 10638290 -0.21234594001055307 2.672533576050773 0.74676 0.36214911544938283 2.5465782646875845
7392 10638290 -0.18838027644583266 2.712424471899639 0.762 0.36214911544938283 2.5465782646875845
7393 10638290 -0.16065874332311147 2.7635303111884064 0.762 0.36214911544938283 2.5465782646875845
7394 10638290 -0.13019132541762607 2.820047451863172 0.762 0.36214911544938283 2.5465782646875845
7395 10638290 -0.09972390751214066 2.8765645925379375 0.762 0.36214911544938283 2.5465782646875845
7396 10638290 -0.06047208480772892 2.9460990605457034 0.762 0.36214911544938283 2.5465782646875845
7397 10638290 -0.03436369461858457 3.000419716601424 0.762 0.36214911544938283 2.5465782646875845
7398 10638290 -0.01550387476256121 3.041805060843761 0.762 0.36214911544938283 2.5465782646875845
7399 10638290 0.00493863542496048 3.08395808985519 0.77724 0.36214911544938283 2.5465782646875845
7400 10638290 0.02538114561248217 3.1261111188666195 0.7924800000000001 0.36214911544938283 2.5465782646875845
7401 10638290 0.06079768415964748 3.209985456615842 0.7924800000000001 0.36214911544938283 2.5465782646875845
7402 10638290 0.0757496555191654 3.2475662848660054 0.7924800000000001 0.36214911544938283 2.5465782646875845
7403 10638290 0.09070162687868333 3.2851471131161687 0.7924800000000001 0.36214911544938283 2.5465782646875845
7404 10638290 0.11493069895623098 3.350013434443475 0.7924800000000001 0.36214911544938283 2.5465782646875845
7405 10638290 0.13270527523220765 3.404371996969244 0.7924800000000001 0.36214911544938283 2.5465782646875845
7406 10638290 0.1472526467348939 3.45347666912435 0.7924800000000001 0.36214911544938283 2.5465782646875845
7407 10638290 0.16180001823758017 3.5025813412794555 0.7924800000000001 0.36214911544938283 2.5465782646875845
7408 10638290 0.1804374650782058 3.559578676032655 0.7924800000000001 0.36214911544938283 2.5465782646875845
7409 10638290 0.19577147891480717 3.6146184580871394 0.7924800000000001 0.36214911544938283 2.5465782646875845
7410 10638290 0.20876850255939117 3.670656088924731 0.7924800000000001 0.36214911544938283 2.5465782646875845
7411 10638290 0.22413714695196302 3.7258014001070565 0.80772 0.36214911544938283 2.5465782646875845
7412 10638290 0.23950579134453487 3.780946711289382 0.82296 0.36214911544938283 2.5465782646875845
7413 10638290 0.2553331614300187 3.845639450777995 0.82296 0.36214911544938283 2.5465782646875845
7414 10638290 0.2719889605462398 3.9128653857274958 0.82296 0.36214911544938283 2.5465782646875845
7415 10638290 0.28512440323225463 3.9693251440019717 0.82296 0.36214911544938283 2.5465782646875845
7416 10638290 0.29549377318480596 4.0132532055519246 0.82296 0.36214911544938283 2.5465782646875845
7417 10638290 0.3058631431373573 4.057181267101877 0.82296 0.36214911544938283 2.5465782646875845
7418 10638290 0.3227496380982906 4.134613419224094 0.82296 0.36214911544938283 2.5465782646875845
7419 10638290 0.3358396992696153 4.200434981393655 0.8534400000000001 0.36214911544938283 2.5465782646875845
7420 10638290 0.3432806714130159 4.239478817147906 0.8534400000000001 0.36214911544938283 2.5465782646875845
7421 10638290 0.35072164355641644 4.278522652902157 0.8534400000000001 0.36214911544938283 2.5465782646875845
7422 10638290 0.36206801603646566 4.33358127836655 0.8534400000000001 0.36214911544938283 2.5465782646875845
7423 10638290 0.3734143885165149 4.388639903830944 0.8534400000000001 0.36214911544938283 2.5465782646875845
7424 10926744 1.3421108615438184 -0.0013700117339769946 0.39624000000000004 0.36214911544938283 2.5465782646875845
7424 10638290 0.38846954084997654 4.476485287870385 0.8534400000000001 0.36214911544938283 2.5465782646875845
7425 10926744 1.3245448873442554 -0.0007721814549277312 0.39624000000000004 0.36214911544938283 2.5465782646875845
7425 10638290 0.3926795020061784 4.497774974493222 0.8534400000000001 0.36214911544938283 2.5465782646875845
7426 10638290 0.4023634872160702 4.5520920392117 0.8534400000000001 0.36214911544938283 2.5465782646875845
7426 10926744 1.3069789131446923 -0.0001743511758784677 0.39624000000000004 0.36214911544938283 2.5465782646875845
7427 10926744 1.2830717228341715 4.168126767502278e-05 0.39624000000000004 0.36214911544938283 2.5465782646875845
7427 10638290 0.41307712944381425 4.6139005009848635 0.8686800000000001 0.36214911544938283 2.5465782646875845
7428 10926744 1.263969812664416 0.0013750184308574664 0.39624000000000004 0.36214911544938283 2.5465782646875845
7428 10638290 0.4237907716715583 4.675708962758028 0.88392 0.36214911544938283 2.5465782646875845
7429 10638290 0.4306560051843895 4.721133507408949 0.88392 0.36214911544938283 2.5465782646875845
7429 10926744 1.2369656064107803 0.00026639896232827365 0.39624000000000004 0.36214911544938283 2.5465782646875845
7430 10926744 1.2115317570254118 -0.0014719523359889713 0.39624000000000004 0.36214911544938283 2.5465782646875845
7430 10638290 0.4404206517745124 4.775424251850463 0.88392 0.36214911544938283 2.5465782646875845
7431 10638290 0.4494602150361233 4.845140952669255 0.88392 0.36214911544938283 2.5465782646875845
7431 10926744 1.1819525732948546 -0.0010381378528224738 0.39624000000000004 0.36214911544938283 2.5465782646875845
7432 10638290 0.4579321120974571 4.906786841783847 0.88392 0.36214911544938283 2.5465782646875845
7432 10926744 1.1523733895642976 -0.0006043233696559763 0.39624000000000004 0.36214911544938283 2.5465782646875845
7433 10638290 0.4664040091587909 4.9684327308984395 0.88392 0.36214911544938283 2.5465782646875845
7433 10926744 1.1227942058337403 -0.00017050888648947882 0.39624000000000004 0.36214911544938283 2.5465782646875845
7434 10926744 1.0902987541194722 0.000398547670313415 0.39624000000000004 0.36214911544938283 2.5465782646875845
7434 10638290 0.47487590622012466 5.030078620013032 0.88392 0.36214911544938283 2.5465782646875845
7435 10638290 0.481179029368074 5.065639055746399 0.88392 0.36214911544938283 2.5465782646875845
7435 10926744 1.057803302405204 0.0009676042271163088 0.39624000000000004 0.36214911544938283 2.5465782646875845
7436 10926744 1.0264417852354988 0.00011503725839490109 0.39624000000000004 0.36214911544938283 2.5465782646875845
7436 10638290 0.4828022059994839 5.065556068590436 0.8837499107142858 0.36214911544938283 2.5465782646875845
7437 10638290 0.4844253826308938 5.065473081434474 0.8835798214285715 0.36214911544938283 2.5465782646875845
7437 10926744 0.9950802680657934 -0.0007375297103265066 0.39624000000000004 0.36214911544938283 2.5465782646875845
7438 10638290 0.4860485592623037 5.065390094278513 0.8834097321428572 0.36214911544938283 2.5465782646875845
7438 10926744 0.9619632335353362 -0.0028855805348336483 0.39624000000000004 0.36214911544938283 2.5465782646875845
7439 10926744 0.9337987205702757 -0.006184257656852987 0.39624000000000004 0.36214911544938283 2.5465782646875845
7439 10638290 0.4876717358937136 5.065307107122551 0.8832396428571428 0.36214911544938283 2.5465782646875845
7440 10926744 0.9008367434208517 -0.007856934445191914 0.39624000000000004 0.36214911544938283 2.5465782646875845
7440 10638290 0.4892949125251235 5.065224119966588 0.8830695535714286 0.36214911544938283 2.5465782646875845
7441 10638290 0.4909180891565334 5.065141132810626 0.8828994642857143 0.36214911544938283 2.5465782646875845
7441 10926744 0.8678747662714279 -0.00952961123353084 0.39624000000000004 0.36214911544938283 2.5465782646875845
7442 10638290 0.4925412657879433 5.065058145654665 0.882729375 0.36214911544938283 2.5465782646875845
7442 10926744 0.8330457096676745 -0.015557191032562562 0.39624000000000004 0.36214911544938283 2.5465782646875845
7443 10638290 0.4941644424193532 5.064975158498703 0.8825592857142858 0.36214911544938283 2.5465782646875845
7443 10926744 0.8051764126086759 -0.01523279609695181 0.40640000000000004 0.36214911544938283 2.5465782646875845
7444 10926744 0.7773071155496771 -0.014908401161341059 0.41656000000000004 0.36214911544938283 2.5465782646875845
7444 10638290 0.49578761905076313 5.06489217134274 0.8823891964285715 0.36214911544938283 2.5465782646875845
7445 10638290 0.497410795682173 5.064809184186778 0.8822191071428572 0.36214911544938283 2.5465782646875845
7445 10926744 0.7494378184906785 -0.014584006225730306 0.42672000000000004 0.36214911544938283 2.5465782646875845
7446 10638290 0.49903397231358293 5.064726197030817 0.8820490178571428 0.36214911544938283 2.5465782646875845
7446 10926744 0.6966820858897023 -0.018667335722798495 0.42672000000000004 0.36214911544938283 2.5465782646875845
7447 10926744 0.656650133161738 -0.020774317104016546 0.42672000000000004 0.36214911544938283 2.5465782646875845
7447 10638290 0.5006571489449928 5.064643209874855 0.8818789285714286 0.36214911544938283 2.5465782646875845
7448 10926744 0.6166181804337737 -0.022881298485234597 0.42672000000000004 0.36214911544938283 2.5465782646875845
7448 10638290 0.5022803255764027 5.064560222718892 0.8817088392857143 0.36214911544938283 2.5465782646875845
7449 10926744 0.5769574645623066 -0.019910339576678697 0.42672000000000004 0.36214911544938283 2.5465782646875845
7449 10638290 0.5039035022078127 5.06447723556293 0.88153875 0.36214911544938283 2.5465782646875845
7450 10638290 0.5055266788392225 5.064394248406969 0.8813686607142858 0.36214911544938283 2.5465782646875845
7450 10926744 0.5372967486908395 -0.016939380668122797 0.42672000000000004 0.36214911544938283 2.5465782646875845
7451 10926744 0.497291029493751 -0.015023541858738505 0.42672000000000004 0.36214911544938283 2.5465782646875845
7451 10638290 0.5071498554706324 5.064311261251007 0.8811985714285715 0.36214911544938283 2.5465782646875845
7452 10638290 0.5087730321020423 5.064228274095044 0.8810284821428572 0.36214911544938283 2.5465782646875845
7452 10926744 0.4572853102966624 -0.013107703049354213 0.42672000000000004 0.36214911544938283 2.5465782646875845
7453 10638290 0.5103962087334523 5.064145286939082 0.8808583928571428 0.36214911544938283 2.5465782646875845
7453 10926744 0.4158888546288068 -0.014767660559595233 0.42672000000000004 0.36214911544938283 2.5465782646875845
7454 10638290 0.5120193853648621 5.064062299783121 0.8806883035714286 0.36214911544938283 2.5465782646875845
7454 10926744 0.375854119527551 -0.013075360127302198 0.42672000000000004 0.36214911544938283 2.5465782646875845
7455 10926744 0.3358193844262951 -0.011383059695009162 0.42672000000000004 0.36214911544938283 2.5465782646875845
7455 10638290 0.513642561996272 5.063979312627159 0.8805182142857143 0.36214911544938283 2.5465782646875845
7456 10638290 0.515265738627682 5.063896325471196 0.880348125 0.36214911544938283 2.5465782646875845
7456 10926744 0.2971584345697762 -0.005758303344391841 0.42672000000000004 0.36214911544938283 2.5465782646875845
7457 10638290 0.5168889152590919 5.063813338315234 0.8801780357142858 0.36214911544938283 2.5465782646875845
7457 10926744 0.2549547532845683 -0.005809943078472379 0.42672000000000004 0.36214911544938283 2.5465782646875845
7458 10638290 0.5185120918905017 5.063730351159273 0.8800079464285715 0.36214911544938283 2.5465782646875845
7458 10926744 0.21275107199936039 -0.005861582812552918 0.42672000000000004 0.36214911544938283 2.5465782646875845
7459 10638290 0.5201352685219116 5.063647364003311 0.8798378571428572 0.36214911544938283 2.5465782646875845
7459 10926744 0.1700613333579185 -0.004410480150824042 0.42672000000000004 0.36214911544938283 2.5465782646875845
7460 10926744 0.13376109211504972 -0.00025737965122885065 0.45720000000000005 0.36214911544938283 2.5465782646875845
7460 10638290 0.5217584451533216 5.063564376847348 0.8796677678571428 0.36214911544938283 2.5465782646875845
7461 10638290 0.5233816217847315 5.063481389691386 0.8794976785714286 0.36214911544938283 2.5465782646875845
7461 10926744 0.09150925747496136 0.003621437461364979 0.45720000000000005 0.36214911544938283 2.5465782646875845
7462 10926744 0.049257422834873 0.007500254573958809 0.45720000000000005 0.36214911544938283 2.5465782646875845
7462 10638290 0.5250047984161413 5.063398402535425 0.8793275892857143 0.36214911544938283 2.5465782646875845
7463 10926744 0.008653849961910431 0.008270429726946554 0.45720000000000005 0.36214911544938283 2.5465782646875845
7463 10638290 0.5266279750475512 5.063315415379463 0.8791575 0.36214911544938283 2.5465782646875845
7464 10638290 0.5282511516789612 5.0632324282235 0.8789874107142858 0.36214911544938283 2.5465782646875845
7464 10926744 -0.03690239932923667 0.01019229547761294 0.45720000000000005 0.36214911544938283 2.5465782646875845
7465 10638290 0.5298743283103711 5.063149441067538 0.8788173214285715 0.36214911544938283 2.5465782646875845
7465 10926744 -0.0806813536514035 0.01211779050362502 0.45720000000000005 0.36214911544938283 2.5465782646875845
7466 10926744 -0.12446030797357033 0.0140432855296371 0.45720000000000005 0.36214911544938283 2.5465782646875845
7466 10638290 0.5314975049417809 5.063066453911577 0.8786472321428572 0.36214911544938283 2.5465782646875845
7467 10638290 0.5331206815731908 5.062983466755615 0.8784771428571428 0.36214911544938283 2.5465782646875845
7467 10926744 -0.1651636809913855 0.01858573098625832 0.45720000000000005 0.36214911544938283 2.5465782646875845
7468 10638290 0.5347438582046008 5.062900479599652 0.8783070535714286 0.36214911544938283 2.5465782646875845
7468 10926744 -0.2058670540092007 0.02312817644287954 0.45720000000000005 0.36214911544938283 2.5465782646875845
7469 10926744 -0.24983637057235675 0.02990687229875502 0.45720000000000005 0.36214911544938283 2.5465782646875845
7469 10638290 0.5363670348360107 5.06281749244369 0.8781369642857143 0.36214911544938283 2.5465782646875845
7470 10638290 0.5379902114674205 5.062734505287729 0.877966875 0.36214911544938283 2.5465782646875845
7470 10926744 -0.2921919882870283 0.03347119585623978 0.45720000000000005 0.36214911544938283 2.5465782646875845
7471 10926744 -0.3150457020147672 0.03352309562959682 0.47244 0.36214911544938283 2.5465782646875845
7471 10638290 0.5396133880988304 5.062651518131767 0.8777967857142858 0.36214911544938283 2.5465782646875845
7472 10638290 0.5412365647302404 5.062568530975804 0.8776266964285715 0.36214911544938283 2.5465782646875845
7472 10926744 -0.33789941574250615 0.03357499540295386 0.48768 0.36214911544938283 2.5465782646875845
7473 10638290 0.5428597413616503 5.062485543819842 0.8774566071428572 0.36214911544938283 2.5465782646875845
7473 10926744 -0.42200260127879163 0.04120710328345775 0.48768 0.36214911544938283 2.5465782646875845
7474 10926744 -0.46501399366998064 0.04276696433435154 0.48768 0.36214911544938283 2.5465782646875845
7474 10638290 0.5444829179930601 5.062402556663881 0.8772865178571428 0.36214911544938283 2.5465782646875845
7475 10926744 -0.5040998214085919 0.04818437947832313 0.48768 0.36214911544938283 2.5465782646875845
7475 10638290 0.54610609462447 5.062319569507919 0.8771164285714286 0.36214911544938283 2.5465782646875845
7476 10926744 -0.5430027144699159 0.0530748685159487 0.5181600000000001 0.36214911544938283 2.5465782646875845
7476 10638290 0.54772927125588 5.062236582351956 0.8769463392857143 0.36214911544938283 2.5465782646875845
7477 10638290 0.5493524478872899 5.062153595195994 0.87677625 0.36214911544938283 2.5465782646875845
7477 10926744 -0.5854111744556197 0.05566518250388919 0.5181600000000001 0.36214911544938283 2.5465782646875845
7478 10926744 -0.6278196344413236 0.05825549649182968 0.5181600000000001 0.36214911544938283 2.5465782646875845
7478 10638290 0.5509756245186997 5.062070608040033 0.8766061607142858 0.36214911544938283 2.5465782646875845
7479 10638290 0.5525988011501097 5.061987620884071 0.8764360714285715 0.36214911544938283 2.5465782646875845
7479 10926744 -0.6571685661889941 0.06221373733970817 0.5181600000000001 0.36214911544938283 2.5465782646875845
7480 10638290 0.5542219777815196 5.061904633728108 0.8762659821428572 0.36214911544938283 2.5465782646875845
7480 10926744 -0.6865174979366647 0.06617197818758666 0.5181600000000001 0.36214911544938283 2.5465782646875845
7481 10638290 0.5558451544129295 5.061821646572146 0.8760958928571428 0.36214911544938283 2.5465782646875845
7481 10926744 -0.7366259508083448 0.07183567222808884 0.5181600000000001 0.36214911544938283 2.5465782646875845
7482 10638290 0.5574683310443393 5.061738659416184 0.8759258035714286 0.36214911544938283 2.5465782646875845
7482 10926744 -0.7867344036800248 0.07749936626859102 0.5181600000000001 0.36214911544938283 2.5465782646875845
7483 10638290 0.5590915076757492 5.061655672260223 0.8757557142857143 0.36214911544938283 2.5465782646875845
7483 10926744 -0.8277832504712921 0.08099012198803168 0.5181600000000001 0.36214911544938283 2.5465782646875845
7484 10926744 -0.8688320972625594 0.08448087770747234 0.5181600000000001 0.36214911544938283 2.5465782646875845
7484 10638290 0.5607146843071592 5.06157268510426 0.875585625 0.36214911544938283 2.5465782646875845
7485 10638290 0.5623378609385691 5.061489697948298 0.8754155357142858 0.36214911544938283 2.5465782646875845
7485 10926744 -0.9122581056496001 0.0847769847929952 0.5181600000000001 0.36214911544938283 2.5465782646875845
7486 10638290 0.563961037569979 5.061406710792336 0.8752454464285715 0.36214911544938283 2.5465782646875845
7486 10926744 -0.9556841140366408 0.08507309187851805 0.5181600000000001 0.36214911544938283 2.5465782646875845
7487 10638290 0.5655842142013889 5.061323723636375 0.8750753571428572 0.36214911544938283 2.5465782646875845
7487 10926744 -0.9968452461738433 0.09093809392763028 0.54864 0.36214911544938283 2.5465782646875845
7488 10926744 -1.038056071017661 0.09325619985420594 0.54864 0.36214911544938283 2.5465782646875845
7488 10638290 0.5672073908327988 5.061240736480412 0.8749052678571428 0.36214911544938283 2.5465782646875845
7489 10926744 -1.0792668958614786 0.0955743057807816 0.54864 0.36214911544938283 2.5465782646875845
7489 10638290 0.5688305674642087 5.06115774932445 0.8747351785714286 0.36214911544938283 2.5465782646875845
7490 10638290 0.5704537440956186 5.061074762168488 0.8745650892857143 0.36214911544938283 2.5465782646875845
7490 10926744 -1.1191468497993946 0.09856748595797457 0.54864 0.36214911544938283 2.5465782646875845
7491 10926744 -1.162193474879697 0.10002603370716909 0.54864 0.36214911544938283 2.5465782646875845
7491 11038812 1.2699913456497536 0.003496836367678502 0.36576 0.36214911544938283 2.5465782646875845
7491 10638290 0.5720769207270285 5.060991775012527 0.874395 0.36214911544938283 2.5465782646875845
7492 11038812 1.2458433917206855 0.0037916747963966796 0.36576 0.36214911544938283 2.5465782646875845
7492 10638290 0.5737000973584384 5.060908787856564 0.8742249107142858 0.36214911544938283 2.5465782646875845
7492 10926744 -1.199743801174515 0.10471148359109353 0.54864 0.36214911544938283 2.5465782646875845
7493 10926744 -1.237294127469333 0.10939693347501797 0.54864 0.36214911544938283 2.5465782646875845
7493 11038812 1.2216954377916176 0.004086513225114857 0.36576 0.36214911544938283 2.5465782646875845
7493 10638290 0.5753232739898483 5.060825800700602 0.8740548214285715 0.36214911544938283 2.5465782646875845
7494 10926744 -1.2591281615105536 0.10917662978910722 0.54864 0.36214911544938283 2.5465782646875845
7494 10638290 0.5769464506212583 5.06074281354464 0.8738847321428572 0.36214911544938283 2.5465782646875845
7494 11038812 1.1900874434852584 0.003021752662043714 0.36576 0.36214911544938283 2.5465782646875845
7495 11038812 1.158479449178899 0.001956992098972571 0.36576 0.36214911544938283 2.5465782646875845
7495 10926744 -1.2809621955517743 0.10895632610319647 0.54864 0.36214911544938283 2.5465782646875845
7495 10638290 0.5785696272526681 5.060659826388679 0.8737146428571428 0.36214911544938283 2.5465782646875845
7496 11038812 1.125600661741648 0.0036224746734231585 0.36810461538461536 0.36214911544938283 2.5465782646875845
7496 10926744 -1.3597111209503814 0.11695117602535829 0.57912 0.36214911544938283 2.5465782646875845
7497 10926744 -1.402562999126577 0.11846424726114876 0.57912 0.36214911544938283 2.5465782646875845
7497 11038812 1.092721874304397 0.005287957247873746 0.37044923076923075 0.36214911544938283 2.5465782646875845
7498 10926744 -1.4452544468751387 0.11992508959882772 0.57912 0.36214911544938283 2.5465782646875845
7498 11038812 1.059843086867146 0.006953439822324334 0.37279384615384614 0.36214911544938283 2.5465782646875845
7499 11038812 1.026964299429895 0.008618922396774921 0.37513846153846153 0.36214911544938283 2.5465782646875845
7499 10926744 -1.4643534115712413 0.11992079443145084 0.57912 0.36214911544938283 2.5465782646875845
7500 10926744 -1.483452376267344 0.11991649926407397 0.57912 0.36214911544938283 2.5465782646875845
7500 11038812 0.994085511992644 0.010284404971225508 0.3774830769230769 0.36214911544938283 2.5465782646875845
7501 11038812 0.961206724555393 0.011949887545676097 0.3798276923076923 0.36214911544938283 2.5465782646875845
7501 10926744 -1.5718502324395531 0.12394228861832798 0.57912 0.36214911544938283 2.5465782646875845
7502 11038812 0.9283279371181421 0.013615370120126685 0.3821723076923077 0.36214911544938283 2.5465782646875845
7502 10926744 -1.6113182130729118 0.12656967498258295 0.57912 0.36214911544938283 2.5465782646875845
7503 10926744 -1.6510381668226561 0.12951347201849564 0.57912 0.36214911544938283 2.5465782646875845
7503 11038812 0.8954491496808912 0.015280852694577272 0.3845169230769231 0.36214911544938283 2.5465782646875845
7504 11038812 0.8625703622436401 0.01694633526902786 0.3868615384615385 0.36214911544938283 2.5465782646875845
7504 10926744 -1.6907581205724005 0.13245726905440833 0.57912 0.36214911544938283 2.5465782646875845
7505 11038812 0.8296915748063891 0.018611817843478446 0.38920615384615387 0.36214911544938283 2.5465782646875845
7505 10926744 -1.7299135965417964 0.13767037132621604 0.6096 0.36214911544938283 2.5465782646875845
7506 10926744 -1.7693583673205315 0.1406415261257021 0.6096 0.36214911544938283 2.5465782646875845
7506 11038812 0.7968127873691382 0.020277300417929033 0.39155076923076926 0.36214911544938283 2.5465782646875845
7507 10926744 -1.806430431119846 0.1427199107892145 0.6096 0.36214911544938283 2.5465782646875845
7507 11038812 0.7639339999318872 0.021942782992379624 0.39389538461538465 0.36214911544938283 2.5465782646875845
7508 10926744 -1.8459139636028379 0.14693107779993023 0.6096 0.36214911544938283 2.5465782646875845
7508 11038812 0.7310552124946362 0.02360826556683021 0.39624000000000004 0.36214911544938283 2.5465782646875845
7509 11038812 0.6954561734121587 0.025146632079680882 0.402336 0.36214911544938283 2.5465782646875845
7509 10926744 -1.8853974960858297 0.15114224481064595 0.6096 0.36214911544938283 2.5465782646875845
7510 11038812 0.6598571343296812 0.026684998592531557 0.408432 0.36214911544938283 2.5465782646875845
7510 10926744 -1.9210195109035413 0.15765424291580074 0.6248400000000001 0.36214911544938283 2.5465782646875845
7511 10926744 -1.9566415257212528 0.16416624102095553 0.6400800000000001 0.36214911544938283 2.5465782646875845
7511 11038812 0.6242580952472037 0.028223365105382228 0.41452800000000006 0.36214911544938283 2.5465782646875845
7512 10926744 -1.9964531110184727 0.16737545757571579 0.6400800000000001 0.36214911544938283 2.5465782646875845
7512 11038812 0.588659056164726 0.029761731618232902 0.42062400000000005 0.36214911544938283 2.5465782646875845
7513 11038812 0.5530600170822485 0.03130009813108357 0.42672000000000004 0.36214911544938283 2.5465782646875845
7513 10926744 -2.014102170673433 0.17180554217611885 0.6248400000000001 0.36214911544938283 2.5465782646875845
7514 11038812 0.5218050779100114 0.034854172814929 0.42672000000000004 0.36214911544938283 2.5465782646875845
7514 10926744 -2.0317512303283936 0.1762356267765219 0.6096 0.36214911544938283 2.5465782646875845
7515 10926744 -2.10361673319607 0.1873612959783165 0.6400800000000001 0.36214911544938283 2.5465782646875845
7515 11038812 0.4731689171567177 0.040933876604783995 0.42672000000000004 0.36214911544938283 2.5465782646875845
7516 10926744 -2.1395708556579027 0.1942167466977747 0.6400800000000001 0.36214911544938283 2.5465782646875845
7516 11038812 0.44329007498177175 0.044622749267884385 0.42672000000000004 0.36214911544938283 2.5465782646875845
7517 10926744 -2.1755249781197357 0.2010721974172329 0.6400800000000001 0.36214911544938283 2.5465782646875845
7517 11038812 0.40764570493459673 0.05078001994366782 0.42672000000000004 0.36214911544938283 2.5465782646875845
7518 11038812 0.37187534998891875 0.05709547335081941 0.42672000000000004 0.36214911544938283 2.5465782646875845
7518 10926744 -2.213715406554207 0.19837750240571347 0.6400800000000001 0.36214911544938283 2.5465782646875845
7519 10926744 -2.2495068565541034 0.19758546221902848 0.6400800000000001 0.36214911544938283 2.5465782646875845
7519 11038812 0.3158612691707007 0.07049417920945669 0.45720000000000005 0.36214911544938283 2.5465782646875845
7520 10926744 -2.282891116361953 0.19600599540995342 0.67056 0.36214911544938283 2.5465782646875845
7520 11038812 0.31027052336690614 0.06969261502240977 0.45720000000000005 0.36214911544938283 2.5465782646875845
7521 10926744 -2.3155766124717516 0.1938475145555286 0.67056 0.36214911544938283 2.5465782646875845
7521 11038812 0.3046797775631116 0.06889105083536284 0.45720000000000005 0.36214911544938283 2.5465782646875845
7522 11038812 0.24951316903075926 0.08107870181517185 0.45720000000000005 0.36214911544938283 2.5465782646875845
7522 10926744 -2.351205621018674 0.18540802061590242 0.67056 0.36214911544938283 2.5465782646875845
7523 11038812 0.2235324742420538 0.08419550332908401 0.45720000000000005 0.36214911544938283 2.5465782646875845
7523 10926744 -2.384682413759192 0.17404446074835297 0.67056 0.36214911544938283 2.5465782646875845
7524 10926744 -2.408313021668512 0.16603179759545028 0.67056 0.36214911544938283 2.5465782646875845
7524 11038812 0.16743294426092103 0.09189867901038096 0.45720000000000005 0.36214911544938283 2.5465782646875845
7525 11038812 0.12652710352620722 0.09989381831870855 0.45720000000000005 0.36214911544938283 2.5465782646875845
7525 10926744 -2.431943629577832 0.1580191344425476 0.67056 0.36214911544938283 2.5465782646875845
7526 10926744 -2.4690245592938735 0.14202226336918033 0.67056 0.36214911544938283 2.5465782646875845
7526 11038812 0.0895989069847637 0.10647231395666132 0.45720000000000005 0.36214911544938283 2.5465782646875845
7527 10926744 -2.506105489009915 0.12602539229581308 0.67056 0.36214911544938283 2.5465782646875845
7527 11038812 0.05429222172388537 0.11801206469990491 0.48768 0.36214911544938283 2.5465782646875845
7528 11038812 0.0033627334174008983 0.12414357971729603 0.48768 0.36214911544938283 2.5465782646875845
7528 10926744 -2.5347094191599178 0.1051225437752846 0.67056 0.36214911544938283 2.5465782646875845
7529 10926744 -2.562808663690732 0.08440514607117464 0.7010400000000001 0.36214911544938283 2.5465782646875845
7529 11038812 -0.013648627283941728 0.12970384828509895 0.48768 0.36214911544938283 2.5465782646875845
7530 10926744 -2.5900284251212558 0.06094631215191745 0.7010400000000001 0.36214911544938283 2.5465782646875845
7530 11038812 -0.030659987985284354 0.13526411685290188 0.48768 0.36214911544938283 2.5465782646875845
7531 10926744 -2.6141421925875346 0.03612065025594599 0.7010400000000001 0.36214911544938283 2.5465782646875845
7531 11038812 -0.04717210258358018 0.13528703225780633 0.48768 0.36214911544938283 2.5465782646875845
7532 10926744 -2.6355882869680998 0.007909971867499282 0.7010400000000001 0.36214911544938283 2.5465782646875845
7532 11038812 -0.10699249920996667 0.14899870319999817 0.48768 0.36214911544938283 2.5465782646875845
7533 10926744 -2.657034381348665 -0.020300706520947426 0.7010400000000001 0.36214911544938283 2.5465782646875845
7533 11038812 -0.15906306824296568 0.16087864090505152 0.48768 0.36214911544938283 2.5465782646875845
7534 10926744 -2.6783303539237417 -0.052124200287025274 0.7010400000000001 0.36214911544938283 2.5465782646875845
7534 11038812 -0.19396183824793156 0.1671457787518448 0.5181600000000001 0.36214911544938283 2.5465782646875845
7535 10926744 -2.6996263264988185 -0.08394769405310312 0.7010400000000001 0.36214911544938283 2.5465782646875845
7535 11038812 -0.21215987377658774 0.16690234199093626 0.5181600000000001 0.36214911544938283 2.5465782646875845
7536 11038812 -0.24963197596573594 0.17996938849627045 0.5181600000000001 0.36214911544938283 2.5465782646875845
7536 10926744 -2.715596292489943 -0.11646239155427432 0.7010400000000001 0.36214911544938283 2.5465782646875845
7537 10926744 -2.733179324972051 -0.14576183406926005 0.7010400000000001 0.36214911544938283 2.5465782646875845
7537 11038812 -0.2891743055301985 0.1867034617437682 0.5181600000000001 0.36214911544938283 2.5465782646875845
7538 10926744 -2.7470873944601295 -0.18011966944245952 0.7010400000000001 0.36214911544938283 2.5465782646875845
7538 11038812 -0.33089275113741157 0.196018463375999 0.5181600000000001 0.36214911544938283 2.5465782646875845
7539 11038812 -0.36542066932930695 0.20613755427977185 0.5181600000000001 0.36214911544938283 2.5465782646875845
7539 10926744 -2.760995463948208 -0.214477504815659 0.7010400000000001 0.36214911544938283 2.5465782646875845
7540 10926744 -2.7720471938671567 -0.24825104821193947 0.73152 0.36214911544938283 2.5465782646875845
7540 11038812 -0.39638670912950436 0.21193790530883996 0.5181600000000001 0.36214911544938283 2.5465782646875845
7541 11038812 -0.432042066772115 0.21833675802775696 0.54864 0.36214911544938283 2.5465782646875845
7541 10926744 -2.777891977224127 -0.2864742823409663 0.73152 0.36214911544938283 2.5465782646875845
7542 10926744 -2.783736760581097 -0.3246975164699931 0.73152 0.36214911544938283 2.5465782646875845
7542 11038812 -0.47364233626973684 0.2310021757212519 0.54864 0.36214911544938283 2.5465782646875845
7543 11038812 -0.5119335472945419 0.2388473456259829 0.54864 0.36214911544938283 2.5465782646875845
7543 10926744 -2.7886762904659377 -0.36829965335579296 0.71628 0.36214911544938283 2.5465782646875845
7544 10926744 -2.7936158203507784 -0.4119017902415928 0.7010400000000001 0.36214911544938283 2.5465782646875845
7544 11038812 -0.5479555463063401 0.24548350346462391 0.54864 0.36214911544938283 2.5465782646875845
7545 11038812 -0.5788308966804903 0.2502035223762592 0.54864 0.36214911544938283 2.5465782646875845
7545 10926744 -2.795350382831707 -0.4514115345317248 0.7010400000000001 0.36214911544938283 2.5465782646875845
7546 10926744 -2.7931210901882677 -0.49455519111466184 0.7010400000000001 0.36214911544938283 2.5465782646875845
7546 11038812 -0.6140807547154956 0.2605599397586681 0.54864 0.36214911544938283 2.5465782646875845
7547 10926744 -2.7951396900761036 -0.5414499231764879 0.7010400000000001 0.36214911544938283 2.5465782646875845
7547 11038812 -0.6375196247633081 0.265477697914463 0.5638799999999999 0.36214911544938283 2.5465782646875845
7548 11038812 -0.6609584948111207 0.27039545607025794 0.57912 0.36214911544938283 2.5465782646875845
7548 10926744 -2.7944087607039854 -0.5768881348528558 0.7010400000000001 0.36214911544938283 2.5465782646875845
7549 11038812 -0.6806976890355811 0.2768493086490883 0.57912 0.36214911544938283 2.5465782646875845
7549 10926744 -2.793677831331867 -0.6123263465292238 0.7010400000000001 0.36214911544938283 2.5465782646875845
7550 10926744 -2.7854879168133566 -0.6775757132049066 0.73152 0.36214911544938283 2.5465782646875845
7550 11038812 -0.7377892027116986 0.2896743366194302 0.57912 0.36214911544938283 2.5465782646875845
7551 10926744 -2.7756783976393002 -0.7222647184050355 0.73152 0.36214911544938283 2.5465782646875845
7551 11038812 -0.768280549821122 0.29964405847835596 0.57912 0.36214911544938283 2.5465782646875845
7552 10926744 -2.765868878465244 -0.7669537236051642 0.73152 0.36214911544938283 2.5465782646875845
7552 11038812 -0.7858126055130552 0.3112183175950669 0.57912 0.36214911544938283 2.5465782646875845
7553 10926744 -2.7503935865418567 -0.8119775049774441 0.73152 0.36214911544938283 2.5465782646875845
7553 11038812 -0.8351818275195457 0.328646166087567 0.6096 0.36214911544938283 2.5465782646875845
7554 11038812 -0.8644305197118036 0.34241611342932554 0.6096 0.36214911544938283 2.5465782646875845
7554 10926744 -2.7373683834838287 -0.8536289696491255 0.73152 0.36214911544938283 2.5465782646875845
7555 10926744 -2.7142455461651496 -0.8915736741247086 0.73152 0.36214911544938283 2.5465782646875845
7555 11038812 -0.9053457609371776 0.36233779864304627 0.6096 0.36214911544938283 2.5465782646875845
7556 11038812 -0.9380091650917715 0.37815939206725824 0.6096 0.36214911544938283 2.5465782646875845
7556 10926744 -2.690486161208118 -0.9346338557638384 0.762 0.36214911544938283 2.5465782646875845
7557 10926744 -2.6628908062915926 -0.9735741799996044 0.762 0.36214911544938283 2.5465782646875845
7557 11038812 -0.951248498041923 0.3879215493117604 0.6096 0.36214911544938283 2.5465782646875845
7558 10926744 -2.6384692714759543 -1.00280030248126 0.74676 0.36214911544938283 2.5465782646875845
7558 11038812 -0.9644878309920746 0.3976837065562626 0.6096 0.36214911544938283 2.5465782646875845
7559 11038812 -0.9904746230164965 0.4159957862042232 0.6400800000000001 0.36214911544938283 2.5465782646875845
7559 10926744 -2.614047736660316 -1.0320264249629154 0.73152 0.36214911544938283 2.5465782646875845
7560 10926744 -2.5557364114518126 -1.0859811176343297 0.762 0.36214911544938283 2.5465782646875845
7560 11038812 -1.0167459516431225 0.4361535913652961 0.6400800000000001 0.36214911544938283 2.5465782646875845
7561 10926744 -2.5132149856768597 -1.1175935462562039 0.762 0.36214911544938283 2.5465782646875845
7561 11038812 -1.0561139350557693 0.4651510170015387 0.6400800000000001 0.36214911544938283 2.5465782646875845
7562 10926744 -2.470693559901907 -1.149205974878078 0.762 0.36214911544938283 2.5465782646875845
7562 11038812 -1.0794515541827008 0.4834150781297345 0.6400800000000001 0.36214911544938283 2.5465782646875845
7563 10926744 -2.4237832004281463 -1.1796247421816506 0.762 0.36214911544938283 2.5465782646875845
7563 11038812 -1.1067834058649157 0.5084768180366918 0.6400800000000001 0.36214911544938283 2.5465782646875845
7564 10926744 -2.373568905809223 -1.204697482692804 0.762 0.36214911544938283 2.5465782646875845
7564 11038812 -1.1349688945090894 0.5390755637954571 0.6400800000000001 0.36214911544938283 2.5465782646875845
7565 11038812 -1.1564935278704314 0.5683139969858119 0.67056 0.36214911544938283 2.5465782646875845
7565 10926744 -2.3233546111902994 -1.2297702232039576 0.762 0.36214911544938283 2.5465782646875845
7566 10926744 -2.2742682593780525 -1.2535386257674765 0.762 0.36214911544938283 2.5465782646875845
7566 11038812 -1.1766034664664098 0.5910143372625261 0.67056 0.36214911544938283 2.5465782646875845
7567 11038812 -1.1880341048179872 0.6076632284418338 0.67056 0.36214911544938283 2.5465782646875845
7567 10926744 -2.22092260923756 -1.273792600500697 0.762 0.36214911544938283 2.5465782646875845
7568 11038812 -1.1994647431695646 0.6243121196211416 0.67056 0.36214911544938283 2.5465782646875845
7568 10926744 -2.1677709334817674 -1.2932816317516773 0.762 0.36214911544938283 2.5465782646875845
7569 10926744 -2.110864882166901 -1.3094412608866755 0.762 0.36214911544938283 2.5465782646875845
7569 11038812 -1.2255091107430236 0.6614551967149331 0.67056 0.36214911544938283 2.5465782646875845
7570 11038812 -1.2514682576223775 0.7026599228741627 0.67056 0.36214911544938283 2.5465782646875845
7570 10926744 -2.053958830852035 -1.3256008900216736 0.762 0.36214911544938283 2.5465782646875845
7571 11038812 -1.272084004707901 0.7335880255270764 0.7010400000000001 0.36214911544938283 2.5465782646875845
7571 10926744 -1.9927703498340785 -1.337902713865393 0.762 0.36214911544938283 2.5465782646875845
7572 11038812 -1.2865765816731718 0.7544517176810395 0.7010400000000001 0.36214911544938283 2.5465782646875845
7572 10926744 -1.9329867683941562 -1.3501531767073527 0.762 0.36214911544938283 2.5465782646875845
7573 10926744 -1.8732031869542338 -1.3624036395493124 0.762 0.36214911544938283 2.5465782646875845
7573 11038812 -1.3139408224858313 0.7995047951593265 0.7010400000000001 0.36214911544938283 2.5465782646875845
7574 10926744 -1.8061652990484534 -1.3638816055804293 0.73152 0.36214911544938283 2.5465782646875845
7574 11038812 -1.3241694861418802 0.8187403665297586 0.7010400000000001 0.36214911544938283 2.5465782646875845
7575 10926744 -1.7402021602729107 -1.3618526420138597 0.73152 0.36214911544938283 2.5465782646875845
7575 11038812 -1.3480802103548368 0.8651178026834463 0.7010400000000001 0.36214911544938283 2.5465782646875845
7576 10926744 -1.6742390214973681 -1.3598236784472901 0.73152 0.36214911544938283 2.5465782646875845
7576 11038812 -1.3597170516905648 0.8957969438573871 0.7010400000000001 0.36214911544938283 2.5465782646875845
7577 11038812 -1.37195492717298 0.9270817060437905 0.7010400000000001 0.36214911544938283 2.5465782646875845
7577 10926744 -1.608289453549397 -1.3483257266730886 0.73152 0.36214911544938283 2.5465782646875845
7578 10926744 -1.5441137491768344 -1.3381747679487035 0.74676 0.36214911544938283 2.5465782646875845
7578 11038812 -1.3841928026553953 0.9583664682301939 0.7010400000000001 0.36214911544938283 2.5465782646875845
7579 10926744 -1.4799380448042718 -1.3280238092243184 0.762 0.36214911544938283 2.5465782646875845
7579 11038812 -1.3979331800279302 0.9842424021431424 0.73152 0.36214911544938283 2.5465782646875845
7580 10926744 -1.4181492004016334 -1.3129440072260854 0.762 0.36214911544938283 2.5465782646875845
7580 11038812 -1.4131190949461432 1.038282176348012 0.73152 0.36214911544938283 2.5465782646875845
7581 10926744 -1.3702255838980193 -1.2991717177056952 0.74676 0.36214911544938283 2.5465782646875845
7581 11038812 -1.4250540805750191 1.0778221540674608 0.73152 0.36214911544938283 2.5465782646875845
7582 11038812 -1.4300014724075425 1.111571354621397 0.73152 0.36214911544938283 2.5465782646875845
7582 10926744 -1.322301967394405 -1.285399428185305 0.73152 0.36214911544938283 2.5465782646875845
7583 11038812 -1.4427383603617485 1.1513737739671497 0.73152 0.36214911544938283 2.5465782646875845
7583 10926744 -1.2420155159180255 -1.2684215983890974 0.73152 0.36214911544938283 2.5465782646875845
7584 11038812 -1.4462801067100577 1.190505258885634 0.73152 0.36214911544938283 2.5465782646875845
7584 10926744 -1.1617290644416463 -1.25144376859289 0.73152 0.36214911544938283 2.5465782646875845
7585 10926744 -1.0951610132056981 -1.238041198375046 0.73152 0.36214911544938283 2.5465782646875845
7585 11038812 -1.4569792575929876 1.2273044517791207 0.73152 0.36214911544938283 2.5465782646875845
7586 11038812 -1.4644347733946403 1.2723898799590405 0.73152 0.36214911544938283 2.5465782646875845
7586 10926744 -1.0293525131655985 -1.2269601431247164 0.73152 0.36214911544938283 2.5465782646875845
7587 10926744 -0.9641030079782686 -1.2182659203229833 0.73152 0.36214911544938283 2.5465782646875845
7587 11038812 -1.471067824200268 1.3335639664449865 0.762 0.36214911544938283 2.5465782646875845
7588 11038812 -1.4722682881169076 1.3645104097548062 0.762 0.36214911544938283 2.5465782646875845
7588 10926744 -0.8988535027909388 -1.2095716975212505 0.73152 0.36214911544938283 2.5465782646875845
7589 11038812 -1.4734687520335472 1.3954568530646256 0.762 0.36214911544938283 2.5465782646875845
7589 10926744 -0.830892542034271 -1.2014126289421545 0.73152 0.36214911544938283 2.5465782646875845
7590 11038812 -1.4758079642513582 1.4233290417349191 0.762 0.36214911544938283 2.5465782646875845
7590 10926744 -0.7657448273832601 -1.1964222310561077 0.73152 0.36214911544938283 2.5465782646875845
7591 11038812 -1.4757437015440453 1.4848829673053818 0.762 0.36214911544938283 2.5465782646875845
7591 10926744 -0.7005971127322492 -1.1914318331700608 0.73152 0.36214911544938283 2.5465782646875845
7592 11038812 -1.4783498626811948 1.528499178145933 0.762 0.36214911544938283 2.5465782646875845
7592 10926744 -0.6359185360308917 -1.184885323008323 0.73152 0.36214911544938283 2.5465782646875845
7593 10926744 -0.5747167651511522 -1.1800057842662037 0.73152 0.36214911544938283 2.5465782646875845
7593 11038812 -1.476241849685706 1.5919551290390237 0.762 0.36214911544938283 2.5465782646875845
7594 11038812 -1.4734989418237845 1.612556537992299 0.77724 0.36214911544938283 2.5465782646875845
7594 10926744 -0.5083442437804737 -1.1766991011420103 0.73152 0.36214911544938283 2.5465782646875845
7595 11038812 -1.470756033961863 1.6331579469455744 0.7924800000000001 0.36214911544938283 2.5465782646875845
7595 10926744 -0.4440219152420033 -1.1701514724644053 0.73152 0.36214911544938283 2.5465782646875845
7596 10926744 -0.38369455816522136 -1.167671801954585 0.73152 0.36214911544938283 2.5465782646875845
7596 11038812 -1.4632675339836754 1.6804823985441175 0.7924800000000001 0.36214911544938283 2.5465782646875845
7597 10926744 -0.31534351068364685 -1.1569489231454386 0.73152 0.36214911544938283 2.5465782646875845
7597 11038812 -1.4620750308825265 1.7264781213706113 0.7924800000000001 0.36214911544938283 2.5465782646875845
7598 11038812 -1.4580360241331418 1.7657006236738864 0.7924800000000001 0.36214911544938283 2.5465782646875845
7598 10926744 -0.25298030090875245 -1.1536730645341817 0.73152 0.36214911544938283 2.5465782646875845
7599 10926744 -0.19061709113385805 -1.1503972059229248 0.73152 0.36214911544938283 2.5465782646875845
7599 11038812 -1.4500079805589088 1.8133159754778674 0.7924800000000001 0.36214911544938283 2.5465782646875845
7600 11038812 -1.439177918412503 1.8735682513274232 0.7924800000000001 0.36214911544938283 2.5465782646875845
7600 10926744 -0.13111136527707767 -1.1422729750259277 0.73152 0.36214911544938283 2.5465782646875845
7601 11038812 -1.431098331487943 1.898265909665546 0.7924800000000001 0.36214911544938283 2.5465782646875845
7601 10926744 -0.06748040089975149 -1.137833060118108 0.73152 0.36214911544938283 2.5465782646875845
7602 10926744 -0.007150858448724262 -1.131262078473561 0.73152 0.36214911544938283 2.5465782646875845
7602 11038812 -1.417006319565574 1.963059461465804 0.82296 0.36214911544938283 2.5465782646875845
7603 11038812 -1.4061356851961075 2.0098617632532316 0.82296 0.36214911544938283 2.5465782646875845
7603 10926744 0.05317868400230297 -1.124691096829014 0.73152 0.36214911544938283 2.5465782646875845
7604 10926744 0.11581553354788132 -1.1151349407959645 0.73152 0.36214911544938283 2.5465782646875845
7604 11038812 -1.4012913487249827 2.0328136254269165 0.82296 0.36214911544938283 2.5465782646875845
7605 11038812 -1.396447012253858 2.055765487600601 0.82296 0.36214911544938283 2.5465782646875845
7605 10926744 0.177255441076832 -1.1103276316622495 0.762 0.36214911544938283 2.5465782646875845
7606 11038812 -1.3820969338632125 2.1159178394078757 0.82296 0.36214911544938283 2.5465782646875845
7606 10926744 0.23871825212606518 -1.1051766329909996 0.762 0.36214911544938283 2.5465782646875845
7607 11038812 -1.3724081250435989 2.1618215349362515 0.82296 0.36214911544938283 2.5465782646875845
7607 10926744 0.30018106317529836 -1.1000256343197496 0.762 0.36214911544938283 2.5465782646875845
7608 11038812 -1.3562832966806242 2.2111112726210074 0.82296 0.36214911544938283 2.5465782646875845
7608 10926744 0.35892611674104014 -1.0942195834806652 0.762 0.36214911544938283 2.5465782646875845
7609 10926744 0.4184297379162303 -1.0860907802879203 0.762 0.36214911544938283 2.5465782646875845
7609 11038812 -1.3470593050790425 2.261022805214803 0.82296 0.36214911544938283 2.5465782646875845
7610 10926744 0.47651907027714413 -1.0822893583325446 0.762 0.36214911544938283 2.5465782646875845
7610 11038812 -1.3329290740381279 2.3015009260210015 0.8534400000000001 0.36214911544938283 2.5465782646875845
7611 11038812 -1.3233861919978958 2.349672369333302 0.8534400000000001 0.36214911544938283 2.5465782646875845
7611 10926744 0.5376366934360963 -1.0773740576257202 0.762 0.36214911544938283 2.5465782646875845
7612 11038812 -1.307322333384622 2.3960610353100815 0.8534400000000001 0.36214911544938283 2.5465782646875845
7612 10926744 0.596860432508383 -1.0741758457986692 0.762 0.36214911544938283 2.5465782646875845
7613 11038812 -1.2917924116060553 2.44624646298791 0.8534400000000001 0.36214911544938283 2.5465782646875845
7613 10926744 0.6560841715806699 -1.0709776339716182 0.762 0.36214911544938283 2.5465782646875845
7614 10926744 0.7122177390726074 -1.0742460454868994 0.762 0.36214911544938283 2.5465782646875845
7614 11038812 -1.2810327179113834 2.477778894315044 0.8534400000000001 0.36214911544938283 2.5465782646875845
7615 11038812 -1.2702730242167115 2.509311325642178 0.8534400000000001 0.36214911544938283 2.5465782646875845
7615 10926744 0.7712880999848953 -1.0761369520280633 0.762 0.36214911544938283 2.5465782646875845
7616 11038812 -1.2557709626600315 2.553640429140256 0.8534400000000001 0.36214911544938283 2.5465782646875845
7616 10926744 0.8304272689382257 -1.077816000648571 0.762 0.36214911544938283 2.5465782646875845
7617 10926744 0.889566437891556 -1.079495049269079 0.762 0.36214911544938283 2.5465782646875845
7617 11038812 -1.2364560517228804 2.596395036779 0.8534400000000001 0.36214911544938283 2.5465782646875845
7618 10926744 0.9477863139209697 -1.0834432457310614 0.762 0.36214911544938283 2.5465782646875845
7618 11038812 -1.2220230754906989 2.640513065550106 0.88392 0.36214911544938283 2.5465782646875845
7619 10926744 1.0060405980130451 -1.0872854029704448 0.762 0.36214911544938283 2.5465782646875845
7619 11038812 -1.2020442347286922 2.682583117985167 0.88392 0.36214911544938283 2.5465782646875845
7620 10926744 1.0651508495753235 -1.09666376909336 0.762 0.36214911544938283 2.5465782646875845
7620 11038812 -1.1821026528246665 2.7313253248635374 0.88392 0.36214911544938283 2.5465782646875845
7621 10926744 1.125010109646527 -1.1010290005558707 0.762 0.36214911544938283 2.5465782646875845
7621 11038812 -1.1678423734877346 2.7749156545006755 0.88392 0.36214911544938283 2.5465782646875845
7622 11038812 -1.1393829818614145 2.8415522544296303 0.88392 0.36214911544938283 2.5465782646875845
7622 10926744 1.1848693697177304 -1.1053942320183814 0.762 0.36214911544938283 2.5465782646875845
7623 10926744 1.2429165207892687 -1.1098678054633153 0.73152 0.36214911544938283 2.5465782646875845
7623 11038812 -1.1199382289787498 2.887419140243649 0.88392 0.36214911544938283 2.5465782646875845
7624 11038812 -1.0993116133661325 2.934184651537941 0.88392 0.36214911544938283 2.5465782646875845
7624 10926744 1.3035781656038246 -1.114493913030044 0.73152 0.36214911544938283 2.5465782646875845
7625 11038812 -1.081896187839756 2.971134438836572 0.9144000000000001 0.36214911544938283 2.5465782646875845
7625 10926744 1.3585969033216871 -1.1200802669112269 0.73152 0.36214911544938283 2.5465782646875845
7626 11038812 -1.0684063487057287 3.004227431743342 0.9144000000000001 0.36214911544938283 2.5465782646875845
7626 10926744 1.4216661173344736 -1.125491722474918 0.73152 0.36214911544938283 2.5465782646875845
7627 11038812 -1.0549165095717012 3.037320424650112 0.9144000000000001 0.36214911544938283 2.5465782646875845
7627 10926744 1.479447961786016 -1.1318627579185712 0.73152 0.36214911544938283 2.5465782646875845
7628 11038812 -1.0354035557370025 3.074168250952983 0.9144000000000001 0.36214911544938283 2.5465782646875845
7628 10926744 1.5386550765557758 -1.1333250137511233 0.73152 0.36214911544938283 2.5465782646875845
7629 11038812 -1.016840315931183 3.121141438207484 0.9144000000000001 0.36214911544938283 2.5465782646875845
7629 10926744 1.5970918059176256 -1.1376893956991854 0.73152 0.36214911544938283 2.5465782646875845
7630 11038812 -0.991518215560496 3.1822613298257028 0.9144000000000001 0.36214911544938283 2.5465782646875845
7630 10926744 1.6553108579746036 -1.1416317705050798 0.73152 0.36214911544938283 2.5465782646875845
7631 10926744 1.713564308211008 -1.1454681028500182 0.762 0.36214911544938283 2.5465782646875845
7631 11038812 -0.9768552398097208 3.209712711255209 0.9144000000000001 0.36214911544938283 2.5465782646875845
7632 10926744 1.7740530329880944 -1.1506179944405346 0.762 0.36214911544938283 2.5465782646875845
7632 11038812 -0.9577371420386647 3.2515970722983245 0.9144000000000001 0.36214911544938283 2.5465782646875845
7633 11038812 -0.9303568965668656 3.31765207661735 0.9144000000000001 0.36214911544938283 2.5465782646875845
7633 10926744 1.8314842668115296 -1.1488112013664 0.762 0.36214911544938283 2.5465782646875845
7634 10926744 1.8899092534513702 -1.1529355900182325 0.74676 0.36214911544938283 2.5465782646875845
7634 11038812 -0.9007989800818217 3.383578909874851 0.9144000000000001 0.36214911544938283 2.5465782646875845
7635 10926744 1.9483342400912107 -1.157059978670065 0.73152 0.36214911544938283 2.5465782646875845
7635 11038812 -0.887815521244581 3.411053962241353 0.9144000000000001 0.36214911544938283 2.5465782646875845
7636 11038812 -0.8748320624073402 3.4385290146078558 0.9144000000000001 0.36214911544938283 2.5465782646875845
7636 10926744 2.0061500174307128 -1.1633211463497977 0.73152 0.36214911544938283 2.5465782646875845
7637 11038812 -0.8573028803281963 3.483971067083374 0.9144000000000001 0.36214911544938283 2.5465782646875845
7637 10926744 2.0622882175929997 -1.165470945093714 0.73152 0.36214911544938283 2.5465782646875845
7638 11038812 -0.8384616845086021 3.533423885652896 0.9144000000000001 0.36214911544938283 2.5465782646875845
7638 10926744 2.1184264177552867 -1.1676207438376305 0.73152 0.36214911544938283 2.5465782646875845
7639 10926744 2.1758865284923496 -1.1738812758147905 0.73152 0.36214911544938283 2.5465782646875845
7639 11038812 -0.8178359274797975 3.5801897844176085 0.9144000000000001 0.36214911544938283 2.5465782646875845
7640 10926744 2.2329353947356645 -1.1773200632266105 0.73152 0.36214911544938283 2.5465782646875845
7640 11038812 -0.7972102341584912 3.626955711916226 0.9448799999999999 0.36214911544938283 2.5465782646875845
7641 10926744 2.2899842609789793 -1.1807588506384306 0.73152 0.36214911544938283 2.5465782646875845
7641 11038812 -0.771408478642315 3.6786883471644765 0.9448799999999999 0.36214911544938283 2.5465782646875845
7642 10926744 2.345920704313118 -1.1840672502653922 0.73152 0.36214911544938283 2.5465782646875845
7642 11038812 -0.7475237829840011 3.7283607777381946 0.9448799999999999 0.36214911544938283 2.5465782646875845
7643 10926744 2.4018571476472568 -1.1873756498923538 0.73152 0.5794385847190124 4.074525223500135
7643 11038812 -0.7265775194612731 3.775021866608538 0.9448799999999999 0.5794385847190124 4.074525223500135
7644 10926744 2.4570929114294544 -1.1925573922219017 0.73152 0.5794385847190124 4.074525223500135
7644 11038812 -0.7047939683848223 3.8307563445067756 0.9448799999999999 0.5794385847190124 4.074525223500135
7645 10926744 2.512880002981836 -1.196049627740704 0.73152 0.5794385847190124 4.074525223500135
7645 11038812 -0.6863689990204913 3.873510173559816 0.9448799999999999 0.5794385847190124 4.074525223500135
7646 11038812 -0.6679440296561603 3.9162640026128566 0.9448799999999999 0.5794385847190124 4.074525223500135
7646 10926744 2.567143928272951 -1.1957733889795346 0.73152 0.5794385847190124 4.074525223500135
7647 10926744 2.622447978515326 -1.2015602724411403 0.73152 0.5794385847190124 4.074525223500135
7647 11038812 -0.6457148693151546 3.962505459569933 0.9448799999999999 0.5794385847190124 4.074525223500135
7648 10926744 2.6765394166112086 -1.2018110349198645 0.762 0.5794385847190124 4.074525223500135
7648 11038812 -0.623485708974149 4.008746916527009 0.9448799999999999 0.5794385847190124 4.074525223500135
7649 10926744 2.7259509319122253 -1.2041549871443111 0.762 0.5794385847190124 4.074525223500135
7649 11038812 -0.60395215274669 4.053533364608761 0.9448799999999999 0.5794385847190124 4.074525223500135
7650 11038812 -0.5886701893281285 4.0988927232840835 0.9448799999999999 0.5794385847190124 4.074525223500135
7650 10926744 2.775362447213242 -1.2064989393687575 0.762 0.5794385847190124 4.074525223500135
7651 10926744 2.8267357261074597 -1.2069126086675324 0.74676 0.5794385847190124 4.074525223500135
7651 11038812 -0.5649723414350571 4.155052610136794 0.9448799999999999 0.5794385847190124 4.074525223500135
7652 10926744 2.8781090050016775 -1.2073262779663074 0.73152 0.5794385847190124 4.074525223500135
7652 11038812 -0.5441402681750347 4.20245216829471 0.9448799999999999 0.5794385847190124 4.074525223500135
7653 11038812 -0.507102846273296 4.283108126571096 0.9448799999999999 0.5794385847190124 4.074525223500135
7653 10926744 2.9272182712651853 -1.2058322192388924 0.74676 0.5794385847190124 4.074525223500135
7654 10926744 2.976327537528693 -1.2043381605114776 0.762 0.5794385847190124 4.074525223500135
7654 11038812 -0.4927665720971721 4.324220066095087 0.9448799999999999 0.5794385847190124 4.074525223500135
7655 11038812 -0.4705536648727544 4.375841588245765 0.9448799999999999 0.5794385847190124 4.074525223500135
7655 10926744 3.028045009285159 -1.2036948663184293 0.762 0.5794385847190124 4.074525223500135
7656 10926744 3.0752347038589516 -1.1992372917985181 0.762 0.5794385847190124 4.074525223500135
7656 11038812 -0.45274605984702154 4.418067189548534 0.9448799999999999 0.5794385847190124 4.074525223500135
7657 10926744 3.124647580306518 -1.1974908115235958 0.762 0.5794385847190124 4.074525223500135
7657 11038812 -0.4349384548212887 4.4602927908513035 0.9448799999999999 0.5794385847190124 4.074525223500135
7658 10926744 3.172307211667267 -1.1929524142636874 0.762 0.5794385847190124 4.074525223500135
7658 11038812 -0.41469683822300185 4.509959472795538 0.9448799999999999 0.5794385847190124 4.074525223500135
7659 10926744 3.219174326889344 -1.1908418170968247 0.762 0.5794385847190124 4.074525223500135
7659 11038812 -0.394455221624715 4.559626154739772 0.9448799999999999 0.5794385847190124 4.074525223500135
7660 10926744 3.265252805029826 -1.1829833858053596 0.73152 0.5794385847190124 4.074525223500135
7660 11038812 -0.3794709080809453 4.605433447430798 0.9448799999999999 0.5794385847190124 4.074525223500135
7661 10926744 3.3149062874996797 -1.1804964186256248 0.73152 0.5794385847190124 4.074525223500135
7661 11038812 -0.35649875796126906 4.659377149125222 0.9448799999999999 0.5794385847190124 4.074525223500135
7662 10926744 3.3645597699695333 -1.17800945144589 0.73152 0.5794385847190124 4.074525223500135
7662 11038812 -0.3342862514485663 4.710998853782069 0.9448799999999999 0.5794385847190124 4.074525223500135
7663 11038812 -0.3146827736567366 4.7614293071598555 0.9448799999999999 0.5794385847190124 4.074525223500135
7663 10926744 3.416004408591161 -1.1700322615839036 0.73152 0.5794385847190124 4.074525223500135
7664 11038812 -0.2950792958649069 4.811859760537642 0.9448799999999999 0.5794385847190124 4.074525223500135
7664 10926744 3.4662835899975883 -1.1649450556536376 0.73152 0.5794385847190124 4.074525223500135
7665 10926744 3.5165627714040157 -1.1598578497233716 0.73152 0.5794385847190124 4.074525223500135
7665 11038812 -0.2689521852897272 4.8768060628056595 0.9448799999999999 0.5794385847190124 4.074525223500135
7666 11038812 -0.2436102524637822 4.954277496421182 0.9448799999999999 0.5794385847190124 4.074525223500135
7666 10926744 3.5687991544771993 -1.1494514144838666 0.73152 0.5794385847190124 4.074525223500135
7667 11038812 -0.24343875832463924 4.95369938875149 0.9447961946659335 0.5794385847190124 4.074525223500135
7667 10926744 3.6175374074008326 -1.140239522182037 0.73152 0.5794385847190124 4.074525223500135
7668 10926744 3.6673656682971707 -1.1290467823038595 0.73152 0.5794385847190124 4.074525223500135
7668 11038812 -0.24326726418549627 4.953121281081797 0.9447123893318669 0.5794385847190124 4.074525223500135
7669 11038812 -0.2430957700463533 4.9525431734121055 0.9446285839978004 0.5794385847190124 4.074525223500135
7669 10926744 3.715474921659246 -1.1149566933030195 0.73152 0.5794385847190124 4.074525223500135
7670 10926744 3.7611966671290324 -1.096388198283571 0.73152 0.5794385847190124 4.074525223500135
7670 11038812 -0.24292427590721033 4.951965065742414 0.9445447786637338 0.5794385847190124 4.074525223500135
7671 10926744 3.8069184125988182 -1.0778197032641228 0.73152 0.5794385847190124 4.074525223500135
7671 11038812 -0.24275278176806736 4.951386958072722 0.9444609733296673 0.5794385847190124 4.074525223500135
7672 11038812 -0.2425812876289244 4.950808850403029 0.9443771679956007 0.5794385847190124 4.074525223500135
7672 10926744 3.8526401580686045 -1.0592512082446743 0.73152 0.5794385847190124 4.074525223500135
7673 10926744 3.893697668020243 -1.0422755505005734 0.73152 0.5794385847190124 4.074525223500135
7673 11038812 -0.24240979348978142 4.950230742733337 0.9442933626615342 0.5794385847190124 4.074525223500135
7674 11038812 -0.24223829935063845 4.949652635063646 0.9442095573274676 0.5794385847190124 4.074525223500135
7674 10926744 3.9316564752759606 -1.0171049335678666 0.71628 0.5794385847190124 4.074525223500135
7675 11038812 -0.24206680521149548 4.949074527393954 0.9441257519934011 0.5794385847190124 4.074525223500135
7675 10926744 3.969615282531678 -0.9919343166351596 0.7010400000000001 0.5794385847190124 4.074525223500135
7676 11038812 -0.24189531107235251 4.948496419724261 0.9440419466593346 0.5794385847190124 4.074525223500135
7676 10926744 4.005094658108738 -0.9583036161293875 0.7010400000000001 0.5794385847190124 4.074525223500135
7677 11038812 -0.24172381693320955 4.947918312054569 0.943958141325268 0.5794385847190124 4.074525223500135
7677 10926744 4.042717596036095 -0.9257225610675998 0.7010400000000001 0.5794385847190124 4.074525223500135
7678 10926744 4.073266565367573 -0.8906000655750546 0.7010400000000001 0.5794385847190124 4.074525223500135
7678 11038812 -0.24155232279406658 4.9473402043848775 0.9438743359912015 0.5794385847190124 4.074525223500135
7679 10926744 4.099723400755405 -0.8516895622366074 0.7010400000000001 0.5794385847190124 4.074525223500135
7679 11038812 -0.2413808286549236 4.946762096715186 0.9437905306571349 0.5794385847190124 4.074525223500135
7680 11038812 -0.24120933451578064 4.946183989045493 0.9437067253230684 0.5794385847190124 4.074525223500135
7680 10926744 4.12533266370893 -0.8099327150900244 0.6858000000000001 0.5794385847190124 4.074525223500135
7681 11038812 -0.2410378403766377 4.945605881375801 0.9436229199890018 0.5794385847190124 4.074525223500135
7681 10926744 4.150941926662454 -0.7681758679434415 0.67056 0.5794385847190124 4.074525223500135
7682 11038812 -0.24086634623749473 4.9450277737061095 0.9435391146549353 0.5794385847190124 4.074525223500135
7682 10926744 4.168193410247744 -0.7234588781198913 0.67056 0.5794385847190124 4.074525223500135
7683 11038812 -0.24069485209835176 4.944449666036418 0.9434553093208687 0.5794385847190124 4.074525223500135
7683 10926744 4.178943857390068 -0.6782564259755419 0.67056 0.5794385847190124 4.074525223500135
7684 11038812 -0.2405233579592088 4.943871558366725 0.9433715039868023 0.5794385847190124 4.074525223500135
7684 10926744 4.1896943045323916 -0.6330539738311926 0.67056 0.5794385847190124 4.074525223500135
7685 11038812 -0.24035186382006582 4.943293450697033 0.9432876986527358 0.5794385847190124 4.074525223500135
7685 10926744 4.1937545017705515 -0.5879467630073563 0.67056 0.5794385847190124 4.074525223500135
7686 10926744 4.1978146990087115 -0.5428395521835199 0.67056 0.5794385847190124 4.074525223500135
7686 11038812 -0.24018036968092285 4.942715343027341 0.9432038933186692 0.5794385847190124 4.074525223500135
7687 11038812 -0.24000887554177988 4.94213723535765 0.9431200879846027 0.5794385847190124 4.074525223500135
7687 10926744 4.200354490656673 -0.5010326259309583 0.67056 0.5794385847190124 4.074525223500135
7688 10926744 4.201083699303201 -0.4572916907400052 0.67056 0.5794385847190124 4.074525223500135
7688 11038812 -0.2398373814026369 4.941559127687957 0.9430362826505361 0.5794385847190124 4.074525223500135
7689 10926744 4.201812907949729 -0.4135507555490521 0.67056 0.5794385847190124 4.074525223500135
7689 11038812 -0.23966588726349394 4.940981020018265 0.9429524773164696 0.5794385847190124 4.074525223500135
7690 10926744 4.203813251437696 -0.3740791816348192 0.67056 0.5794385847190124 4.074525223500135
7690 11038812 -0.23949439312435097 4.940402912348573 0.942868671982403 0.5794385847190124 4.074525223500135
7691 11038812 -0.239322898985208 4.9398248046788815 0.9427848666483365 0.5794385847190124 4.074525223500135
7691 10926744 4.205813594925662 -0.3346076077205863 0.67056 0.5794385847190124 4.074525223500135
7692 11038812 -0.23915140484606504 4.939246697009189 0.9427010613142699 0.5794385847190124 4.074525223500135
7692 10926744 4.205801059981189 -0.29722435400416775 0.67056 0.5794385847190124 4.074525223500135
7693 11038812 -0.23897991070692207 4.938668589339497 0.9426172559802034 0.5794385847190124 4.074525223500135
7693 10926744 4.205788525036717 -0.2598411002877492 0.67056 0.5794385847190124 4.074525223500135
7694 11038812 -0.2388084165677791 4.938090481669805 0.9425334506461369 0.5794385847190124 4.074525223500135
7694 10926744 4.20349871211589 -0.22603684529959203 0.67056 0.5794385847190124 4.074525223500135
7695 10926744 4.196645700677658 -0.1926127960256598 0.67056 0.5794385847190124 4.074525223500135
7695 11038812 -0.23863692242863613 4.9375123740001134 0.9424496453120703 0.5794385847190124 4.074525223500135
7696 10926744 4.189792689239425 -0.1591887467517276 0.67056 0.5794385847190124 4.074525223500135
7696 11038812 -0.23846542828949316 4.936934266330421 0.9423658399780038 0.5794385847190124 4.074525223500135
7697 11038812 -0.2382939341503502 4.936356158660729 0.9422820346439372 0.5794385847190124 4.074525223500135
7697 10926744 4.181069700999384 -0.1287756774364758 0.67056 0.5794385847190124 4.074525223500135
7698 10926744 4.167215265229981 -0.10048472499586306 0.67056 0.5794385847190124 4.074525223500135
7698 11038812 -0.23812244001120722 4.935778050991037 0.9421982293098707 0.5794385847190124 4.074525223500135
7699 10926744 4.153360829460578 -0.07219377255525031 0.67056 0.5794385847190124 4.074525223500135
7699 11038812 -0.23795094587206425 4.935199943321345 0.9421144239758041 0.5794385847190124 4.074525223500135
7700 11038812 -0.23777945173292128 4.934621835651653 0.9420306186417376 0.5794385847190124 4.074525223500135
7700 10926744 4.1321087168535815 -0.05024990951369521 0.6553200000000001 0.5794385847190124 4.074525223500135
7701 10926744 4.110856604246586 -0.028306046472140106 0.6400800000000001 0.5794385847190124 4.074525223500135
7701 11038812 -0.2376079575937783 4.934043727981961 0.941946813307671 0.5794385847190124 4.074525223500135
7702 11038812 -0.23743646345463534 4.933465620312269 0.9418630079736046 0.5794385847190124 4.074525223500135
7702 10926744 4.086604790682615 -0.010114168052148292 0.6400800000000001 0.5794385847190124 4.074525223500135
7703 11038812 -0.23726496931549237 4.932887512642576 0.9417792026395381 0.5794385847190124 4.074525223500135
7703 10926744 4.061571035830446 0.0029596411314730398 0.6400800000000001 0.5794385847190124 4.074525223500135
7704 11038812 -0.2370934751763494 4.932309404972885 0.9416953973054715 0.5794385847190124 4.074525223500135
7704 10926744 4.033285164329479 0.012188636852216134 0.6400800000000001 0.5794385847190124 4.074525223500135
7705 10926744 4.004999292828513 0.021417632572959228 0.6400800000000001 0.5794385847190124 4.074525223500135
7705 11038812 -0.23692198103720644 4.931731297303193 0.941611591971405 0.5794385847190124 4.074525223500135
7706 10926744 3.9737510526876134 0.02156766004194141 0.6400800000000001 0.5794385847190124 4.074525223500135
7706 11038812 -0.23675048689806347 4.931153189633501 0.9415277866373384 0.5794385847190124 4.074525223500135
7707 10926744 3.9425028125467136 0.021717687510923595 0.6400800000000001 0.5794385847190124 4.074525223500135
7707 11038812 -0.2365789927589205 4.930575081963808 0.9414439813032719 0.5794385847190124 4.074525223500135
7708 10926744 3.914123855225589 0.016376013473447054 0.6096 0.5794385847190124 4.074525223500135
7708 11038812 -0.23640749861977756 4.9299969742941165 0.9413601759692053 0.5794385847190124 4.074525223500135
7709 10926744 3.883160187593553 0.01263714880841768 0.6096 0.5794385847190124 4.074525223500135
7709 11038812 -0.2362360044806346 4.929418866624425 0.9412763706351388 0.5794385847190124 4.074525223500135
7710 10926744 3.8521965199615167 0.008898284143388308 0.6096 0.5794385847190124 4.074525223500135
7710 11038812 -0.23606451034149162 4.928840758954733 0.9411925653010722 0.5794385847190124 4.074525223500135
7711 11038812 -0.23589301620234865 4.92826265128504 0.9411087599670057 0.5794385847190124 4.074525223500135
7711 10926744 3.8180280713765935 0.004861987709510934 0.6096 0.5794385847190124 4.074525223500135
7712 10926744 3.7874776047838337 0.002390394131460055 0.6096 0.5794385847190124 4.074525223500135
7712 11038812 -0.23572152206320568 4.9276845436153485 0.9410249546329392 0.5794385847190124 4.074525223500135
7713 11038812 -0.2355500279240627 4.927106435945657 0.9409411492988726 0.5794385847190124 4.074525223500135
7713 10926744 3.756927138191074 -8.11994465908239e-05 0.6096 0.5794385847190124 4.074525223500135
7714 11038812 -0.23537853378491974 4.926528328275965 0.9408573439648061 0.5794385847190124 4.074525223500135
7714 10926744 3.725879140431959 4.454577745199861e-06 0.6096 0.5794385847190124 4.074525223500135
7715 10926744 3.694831142672844 9.010860208122362e-05 0.6096 0.5794385847190124 4.074525223500135
7715 11038812 -0.23520703964577677 4.925950220606272 0.9407735386307395 0.5794385847190124 4.074525223500135
7716 10926744 3.6629016812523787 0.0029166688550576747 0.57912 0.5794385847190124 4.074525223500135
7716 11038812 -0.2350355455066338 4.92537211293658 0.940689733296673 0.5794385847190124 4.074525223500135
7717 11038812 -0.23486405136749083 4.924794005266889 0.9406059279626064 0.5794385847190124 4.074525223500135
7717 10926744 3.6276045341077703 0.011748510033039311 0.57912 0.5794385847190124 4.074525223500135
7718 10926744 3.5979244648886297 0.018747470092576574 0.57912 0.5794385847190124 4.074525223500135
7718 11038812 -0.23469255722834786 4.924215897597197 0.94052212262854 0.5794385847190124 4.074525223500135
7719 10926744 3.565348022629219 0.023129032506720132 0.57912 0.5794385847190124 4.074525223500135
7719 11038812 -0.2345210630892049 4.923637789927504 0.9404383172944734 0.5794385847190124 4.074525223500135
7720 10926744 3.5327715803698085 0.02751059492086369 0.57912 0.5794385847190124 4.074525223500135
7720 11038812 -0.23434956895006193 4.923059682257812 0.9403545119604069 0.5794385847190124 4.074525223500135
7721 11038812 -0.23417807481091896 4.9224815745881205 0.9402707066263404 0.5794385847190124 4.074525223500135
7721 10926744 3.498330969437318 0.02998933765426079 0.57912 0.5794385847190124 4.074525223500135
7722 11038812 -0.234006580671776 4.921903466918429 0.9401869012922738 0.5794385847190124 4.074525223500135
7722 10926744 3.4638903585048277 0.03246808038765789 0.57912 0.5794385847190124 4.074525223500135
7723 10926744 3.431638504239859 0.0329477781599011 0.57912 0.5794385847190124 4.074525223500135
7723 11038812 -0.23383508653263302 4.921325359248736 0.9401030959582073 0.5794385847190124 4.074525223500135
7724 11038812 -0.23366359239349005 4.920747251579044 0.9400192906241407 0.5794385847190124 4.074525223500135
7724 10926744 3.397048222322897 0.034424425425066824 0.57912 0.5794385847190124 4.074525223500135
7725 11038812 -0.23349209825434708 4.9201691439093524 0.9399354852900742 0.5794385847190124 4.074525223500135
7725 10926744 3.3596493905604703 0.036817864035528974 0.54864 0.5794385847190124 4.074525223500135
7726 10926744 3.3257802932458005 0.03642412986595209 0.54864 0.5794385847190124 4.074525223500135
7726 11038812 -0.2333206041152041 4.919591036239661 0.9398516799560076 0.5794385847190124 4.074525223500135
7727 10926744 3.2919111959311307 0.0360303956963752 0.54864 0.5794385847190124 4.074525223500135
7728 10926744 3.2561959676424053 0.035421729091773185 0.54864 0.5794385847190124 4.074525223500135
7729 10926744 3.219936656045695 0.03586700883086305 0.54864 0.5794385847190124 4.074525223500135
7730 10926744 3.1836773444489843 0.036312288569952916 0.54864 0.5794385847190124 4.074525223500135
7731 10926744 3.1454857476957017 0.036278779182058546 0.54864 0.5794385847190124 4.074525223500135
7732 10926744 3.107635764472214 0.03239593265502935 0.54864 0.5794385847190124 4.074525223500135
7733 10926744 3.0697857812487266 0.02851308612800016 0.54864 0.5794385847190124 4.074525223500135
7734 10926744 3.030467665303976 0.023941562607920436 0.5181600000000001 0.5794385847190124 4.074525223500135
7735 10926744 2.9921809994795394 0.01885839493745392 0.5181600000000001 0.5794385847190124 4.074525223500135
7736 10926744 2.9538943336551027 0.013775227266987405 0.5181600000000001 0.5794385847190124 4.074525223500135
7737 10926744 2.921768570023945 0.015325690962782051 0.5181600000000001 0.5794385847190124 4.074525223500135
7738 10926744 2.8896428063927875 0.016876154658576697 0.5181600000000001 0.5794385847190124 4.074525223500135
7739 10926744 2.8528118302557597 0.011493578332650939 0.5181600000000001 0.5794385847190124 4.074525223500135
7740 10926744 2.8150208625459987 0.011330868784839382 0.5181600000000001 0.5794385847190124 4.074525223500135
7741 10926744 2.7760704409393435 0.008976869418984429 0.5181600000000001 0.5794385847190124 4.074525223500135
7742 10926744 2.7413990709840874 0.010482909012311442 0.5181600000000001 0.5794385847190124 4.074525223500135
7743 10926744 2.700488205788341 0.008652467973902928 0.5181600000000001 0.5794385847190124 4.074525223500135
7744 10926744 2.6647030963702267 0.007835639980681736 0.5181600000000001 0.5794385847190124 4.074525223500135
7745 10926744 2.6274522067469257 0.010009196003629567 0.5181600000000001 0.5794385847190124 4.074525223500135
7746 10926744 2.5902013171236247 0.012182752026577398 0.5181600000000001 0.5794385847190124 4.074525223500135
7747 10926744 2.553064821969965 0.014027191480467022 0.48768 0.5794385847190124 4.074525223500135
7748 10926744 2.5152685539227293 0.015211178299716327 0.48768 0.5794385847190124 4.074525223500135
7749 10926744 2.4774722858754936 0.016395165118965632 0.48768 0.5794385847190124 4.074525223500135
7750 10926744 2.439301621966108 0.015073338537272135 0.48768 0.5794385847190124 4.074525223500135
7751 10926744 2.401130958056722 0.013751511955578638 0.48768 0.5794385847190124 4.074525223500135
7752 10926744 2.366793105358772 0.017369922724242454 0.48768 0.5794385847190124 4.074525223500135
7753 10926744 2.3306159452450776 0.013995873220868926 0.48768 0.5794385847190124 4.074525223500135
7754 10926744 2.294438785131384 0.010621823717495399 0.48768 0.5794385847190124 4.074525223500135
7755 10926744 2.2580326401284028 0.007906880820614387 0.48768 0.5794385847190124 4.074525223500135
7756 10926744 2.2214588384816216 0.0033193944869095438 0.47244 0.5794385847190124 4.074525223500135
7757 10926744 2.1848850368348405 -0.0012680918467952995 0.45720000000000005 0.5794385847190124 4.074525223500135
7758 10926744 2.1490991401656494 -0.0020823230500960077 0.45720000000000005 0.5794385847190124 4.074525223500135
7759 10926744 2.110686603513442 -0.004141437538715292 0.45720000000000005 0.5794385847190124 4.074525223500135
7760 10926744 2.073828567119262 -0.0048387785629904895 0.45720000000000005 0.5794385847190124 4.074525223500135
7761 10926744 2.036970530725082 -0.0055361195872656865 0.45720000000000005 0.5794385847190124 4.074525223500135
7762 10926744 2.0010226225604337 -4.675578240879996e-05 0.44196 0.5794385847190124 4.074525223500135
7763 10926744 1.9650747143957856 0.005442608022448087 0.42672000000000004 0.5794385847190124 4.074525223500135
7764 10926744 1.9240946552073042 0.005040744024000288 0.42672000000000004 0.5794385847190124 4.074525223500135
7765 10926744 1.8831145960188227 0.004638880025552489 0.42672000000000004 0.5794385847190124 4.074525223500135
7766 10926744 1.84650684057394 0.009468247548976655 0.42672000000000004 0.5794385847190124 4.074525223500135
7767 10926744 1.8059105910426556 0.008883250369308926 0.41148000000000007 0.5794385847190124 4.074525223500135
7768 10926744 1.7653143415113712 0.008298253189641197 0.39624000000000004 0.5794385847190124 4.074525223500135
7769 10926744 1.7271550435083958 0.008377934392996667 0.39624000000000004 0.5794385847190124 4.074525223500135
7770 10926744 1.6888054203072604 0.00705977476703655 0.39624000000000004 0.5794385847190124 4.074525223500135
7771 10926744 1.6504557971061249 0.005741615141076434 0.39624000000000004 0.5794385847190124 4.074525223500135
7772 10926744 1.6093825031303726 0.003969872881803144 0.39624000000000004 0.5794385847190124 4.074525223500135
7773 10926744 1.5687811723396285 0.004731119305618703 0.39624000000000004 0.5794385847190124 4.074525223500135
7774 10926744 1.5304485193772401 0.0034665946082725954 0.39624000000000004 0.5794385847190124 4.074525223500135
7775 10926744 1.4921158664148515 0.002202069910926488 0.39624000000000004 0.5794385847190124 4.074525223500135
7776 10926744 1.4534495898867448 -0.00035508684920725064 0.39624000000000004 0.5794385847190124 4.074525223500135
7777 10926744 1.416174380774575 0.0018907210844678751 0.39624000000000004 0.5794385847190124 4.074525223500135
7778 10926744 1.3788991716624053 0.004136529018143001 0.39624000000000004 0.5794385847190124 4.074525223500135
7779 10926744 1.3421319364150452 0.0035882214865558537 0.381 0.5794385847190124 4.074525223500135
7780 10926744 1.3053647011676852 0.0030399139549687065 0.36576 0.5794385847190124 4.074525223500135
7781 10926744 1.2719065498226443 0.003922695460746577 0.36576 0.5794385847190124 4.074525223500135
7782 10926744 1.2384483984776034 0.004805476966524447 0.36576 0.5794385847190124 4.074525223500135
7783 10926744 1.2043098195874553 0.0008872858040354092 0.36576 0.5794385847190124 4.074525223500135
7784 10926744 1.172124184624216 0.0015883715050499514 0.36576 0.5794385847190124 4.074525223500135
7785 10926744 1.1398005762940835 0.0018673652412927316 0.36576 0.5794385847190124 4.074525223500135
7786 10926744 1.1087495390427067 0.0019644694892997083 0.36576 0.5794385847190124 4.074525223500135
7787 10926744 1.0776985017913299 0.002061573737306685 0.36576 0.5794385847190124 4.074525223500135
7788 10926744 1.0480699129872872 0.0029792911738678388 0.36576 0.5794385847190124 4.074525223500135
7789 10926744 1.0184413241832446 0.0038970086104289925 0.36576 0.5794385847190124 4.074525223500135
7790 10926744 0.9869961585474338 -0.0010170403970458514 0.36576 0.5794385847190124 4.074525223500135
7791 10926744 0.960314630885668 0.00022325867111394615 0.36576 0.5794385847190124 4.074525223500135
7792 10926744 0.9336331032239021 0.0014635577392737437 0.36576 0.5794385847190124 4.074525223500135
7793 10926744 0.9002527180582888 -0.00013088646312255092 0.36576 0.5794385847190124 4.074525223500135
7794 10926744 0.873937857893784 0.0008730427102993932 0.36576 0.5794385847190124 4.074525223500135
7795 10926744 0.848425404882889 0.0016149369341699263 0.36576 0.5794385847190124 4.074525223500135
7796 10926744 0.8229129518719941 0.0023568311580404594 0.36576 0.5794385847190124 4.074525223500135
7797 10926744 0.8002216470744847 0.0035790427081320575 0.36576 0.5794385847190124 4.074525223500135
7798 10926744 0.7775303422769754 0.004801254258223656 0.36576 0.5794385847190124 4.074525223500135
7799 10926744 0.753359442107785 0.005572396575446059 0.36576 0.5794385847190124 4.074525223500135
7800 10926744 0.7314578729397807 0.005134814574454846 0.36576 0.5794385847190124 4.074525223500135
7801 10926744 0.7098839376190855 0.005700129971779676 0.36576 0.5794385847190124 4.074525223500135
7802 10926744 0.6883100022983902 0.006265445369104505 0.36576 0.5794385847190124 4.074525223500135
7803 10926744 0.6661542618053672 0.0036913739289449465 0.36576 0.5794385847190124 4.074525223500135
7804 10926744 0.6442413506665605 0.00349139547210138 0.36576 0.5794385847190124 4.074525223500135
7805 10926744 0.6231787450586721 0.005350187723345973 0.36576 0.5794385847190124 4.074525223500135
7806 10926744 0.6032876993870736 0.002912508275484664 0.36576 0.5794385847190124 4.074525223500135
7807 10926744 0.5833966537154751 0.0004748288276233553 0.36576 0.5794385847190124 4.074525223500135
7808 10926744 0.5650967841610777 0.0015478413778150374 0.36576 0.5794385847190124 4.074525223500135
7809 10926744 0.5456713278817829 0.0005353402115571004 0.36576 0.5794385847190124 4.074525223500135
7810 10926744 0.526245871602488 -0.0004771609547008365 0.36576 0.5794385847190124 4.074525223500135
7811 10926744 0.508880013594228 5.717790498590419e-05 0.36576 0.5794385847190124 4.074525223500135
7812 10926744 0.4915141555859678 0.0005915167646726449 0.36576 0.5794385847190124 4.074525223500135
7813 10926744 0.4741482975777077 0.0011258556243593856 0.36576 0.5794385847190124 4.074525223500135
7814 10926744 0.4567824395694476 0.0016601944840461264 0.36576 0.5794385847190124 4.074525223500135
7815 10926744 0.4430451377409096 0.0014761866568072102 0.36576 0.5794385847190124 4.074525223500135
7816 10926744 0.4293018314281524 0.0010021052047091833 0.36576 0.5794385847190124 4.074525223500135
7817 10926744 0.41555852511539526 0.0005280237526111564 0.36576 0.5794385847190124 4.074525223500135
7818 10926744 0.40272858632463626 0.0020336594962009624 0.36576 0.5794385847190124 4.074525223500135
7819 10926744 0.394851248598238 0.002388159993764377 0.36576 0.5794385847190124 4.074525223500135
7820 10926744 0.38523105341995917 0.0028449137306117284 0.36576 0.5794385847190124 4.074525223500135
7821 10926744 0.37561085824168033 0.0033016674674590796 0.36576 0.5794385847190124 4.074525223500135
7822 10926744 0.3711929333452946 0.0060889599620088525 0.36576 0.5794385847190124 4.074525223500135
7823 10926744 0.36677500844890876 0.008876252456558625 0.36576 0.5794385847190124 4.074525223500135
7824 10926744 0.3611669955855714 0.008021866336713646 0.36576 0.5794385847190124 4.074525223500135
7825 10926744 0.35482101495265556 0.008985845544582718 0.36576 0.5794385847190124 4.074525223500135
7826 10926744 0.3484750343197397 0.009949824752451791 0.36576 0.5794385847190124 4.074525223500135
7827 10926744 0.34672314261576387 0.01274209484189795 0.36576 0.5794385847190124 4.074525223500135
7828 10926744 0.3423809542488526 0.016848191739885 0.36576 0.5794385847190124 4.074525223500135
7829 10926744 0.345598988953701 0.01712269856306463 0.36576 0.5794385847190124 4.074525223500135
7830 10926744 0.3488170236585494 0.01739720538624426 0.36576 0.5794385847190124 4.074525223500135
7831 10926744 0.35203505836339777 0.01767171220942389 0.36576 0.5794385847190124 4.074525223500135
7832 10926744 0.35525309306824615 0.017946219032603523 0.36576 0.5794385847190124 4.074525223500135
7833 10926744 0.35847112777309453 0.018220725855783153 0.36576 0.5794385847190124 4.074525223500135
7834 10926744 0.36168916247794297 0.018495232678962786 0.36576 0.5794385847190124 4.074525223500135
7835 10926744 0.36490719718279135 0.018769739502142415 0.36576 0.5794385847190124 4.074525223500135
7836 10926744 0.36812523188763974 0.019044246325322048 0.36576 0.5794385847190124 4.074525223500135
7837 10926744 0.3713432665924881 0.019318753148501677 0.36576 0.5794385847190124 4.074525223500135
7838 10926744 0.3745613012973365 0.019593259971681307 0.36576 0.5794385847190124 4.074525223500135
7839 10926744 0.3777793360021849 0.01986776679486094 0.36576 0.5794385847190124 4.074525223500135
7840 10926744 0.38099737070703327 0.02014227361804057 0.36576 0.5794385847190124 4.074525223500135
7841 10926744 0.38421540541188165 0.0204167804412202 0.36576 0.5794385847190124 4.074525223500135
7842 10926744 0.38743344011673003 0.02069128726439983 0.36576 0.5794385847190124 4.074525223500135
7843 10926744 0.3906514748215784 0.02096579408757946 0.36576 0.5794385847190124 4.074525223500135
7844 10926744 0.39386950952642685 0.021240300910759093 0.36576 0.5794385847190124 4.074525223500135
7845 10926744 0.39708754423127524 0.021514807733938726 0.36576 0.5794385847190124 4.074525223500135
7846 10926744 0.4003055789361236 0.021789314557118356 0.36576 0.5794385847190124 4.074525223500135
7847 10926744 0.403523613640972 0.022063821380297985 0.36576 0.5794385847190124 4.074525223500135
7848 10926744 0.4067416483458204 0.022338328203477618 0.36576 0.5794385847190124 4.074525223500135
7849 10926744 0.40995968305066877 0.022612835026657247 0.36576 0.5794385847190124 4.074525223500135
7850 10926744 0.41317771775551715 0.02288734184983688 0.36576 0.5794385847190124 4.074525223500135
7851 10926744 0.41639575246036553 0.02316184867301651 0.36576 0.5794385847190124 4.074525223500135
7852 10926744 0.4196137871652139 0.02343635549619614 0.36576 0.5794385847190124 4.074525223500135
7853 10926744 0.4228318218700623 0.02371086231937577 0.36576 0.5794385847190124 4.074525223500135
7854 10926744 0.4260498565749107 0.023985369142555404 0.36576 0.5794385847190124 4.074525223500135
7855 10926744 0.42926789127975906 0.024259875965735034 0.36576 0.5794385847190124 4.074525223500135
7856 10926744 0.43248592598460744 0.024534382788914663 0.36576 0.5794385847190124 4.074525223500135
7857 10926744 0.4357039606894559 0.024808889612094293 0.36576 0.5794385847190124 4.074525223500135
7858 10926744 0.43892199539430427 0.025083396435273925 0.36576 0.5794385847190124 4.074525223500135
7859 10926744 0.44214003009915265 0.025357903258453558 0.36576 0.5794385847190124 4.074525223500135
7860 10926744 0.44535806480400103 0.025632410081633188 0.36576 0.5794385847190124 4.074525223500135
7861 10926744 0.4485760995088494 0.025906916904812817 0.36576 0.5794385847190124 4.074525223500135
7862 10926744 0.4517941342136978 0.02618142372799245 0.36576 0.5794385847190124 4.074525223500135
7863 10926744 0.4550121689185462 0.026455930551172083 0.36576 0.5794385847190124 4.074525223500135
7864 10926744 0.4582302036233946 0.026730437374351712 0.36576 0.5794385847190124 4.074525223500135
7865 10926744 0.461448238328243 0.02700494419753134 0.36576 0.5794385847190124 4.074525223500135
7866 10926744 0.4646662730330914 0.02727945102071097 0.36576 0.5794385847190124 4.074525223500135
7867 10926744 0.46788430773793976 0.027553957843890604 0.36576 0.5794385847190124 4.074525223500135
7868 10926744 0.47110234244278815 0.027828464667070237 0.36576 0.5794385847190124 4.074525223500135
7869 10926744 0.47432037714763653 0.028102971490249866 0.36576 0.5794385847190124 4.074525223500135
7870 10926744 0.4775384118524849 0.028377478313429495 0.36576 0.5794385847190124 4.074525223500135
7871 10926744 0.4807564465573333 0.028651985136609128 0.36576 0.5794385847190124 4.074525223500135
7872 10926744 0.4839744812621817 0.028926491959788758 0.36576 0.5794385847190124 4.074525223500135
7873 10926744 0.48719251596703006 0.02920099878296839 0.36576 0.5794385847190124 4.074525223500135
7874 10926744 0.49041055067187844 0.02947550560614802 0.36576 0.5794385847190124 4.074525223500135
7875 10926744 0.4936285853767268 0.02975001242932765 0.36576 0.5794385847190124 4.074525223500135
7876 10926744 0.4968466200815752 0.030024519252507282 0.36576 0.5794385847190124 4.074525223500135
7877 10926744 0.5000646547864236 0.030299026075686915 0.36576 0.5794385847190124 4.074525223500135
7878 10926744 0.503282689491272 0.030573532898866544 0.36576 0.5794385847190124 4.074525223500135
7879 10926744 0.5065007241961204 0.030848039722046174 0.36576 0.5794385847190124 4.074525223500135
7880 10926744 0.5097187589009688 0.031122546545225806 0.36576 0.5794385847190124 4.074525223500135
7881 10926744 0.5129367936058171 0.03139705336840544 0.36576 0.5794385847190124 4.074525223500135
7882 10926744 0.5161548283106656 0.03167156019158507 0.36576 0.5794385847190124 4.074525223500135
7883 10926744 0.5193728630155139 0.0319460670147647 0.36576 0.5794385847190124 4.074525223500135
7884 10926744 0.5225908977203624 0.03222057383794433 0.36576 0.5794385847190124 4.074525223500135
7885 10926744 0.5258089324252108 0.03249508066112396 0.36576 0.5794385847190124 4.074525223500135
7886 10926744 0.5290269671300591 0.032769587484303586 0.36576 0.5794385847190124 4.074525223500135
7887 10926744 0.5322450018349075 0.03304409430748322 0.36576 0.5794385847190124 4.074525223500135
7888 10926744 0.5354630365397559 0.03331860113066285 0.36576 0.5794385847190124 4.074525223500135
