18543 4405781 -2.4706422229197536 3.7749797550199444 0.59436 0.9596587984065643 -2.3864760276694312
18544 4405781 -2.4251587698965595 3.7776170370003643 0.59436 0.9596587984065643 -2.3864760276694312
18545 4405781 -2.37483372567428 3.7794490623920955 0.59436 0.9596587984065643 -2.3864760276694312
18546 4405781 -2.324508681452001 3.7812810877838263 0.59436 0.9596587984065643 -2.3864760276694312
18547 4405781 -2.2741836372297213 3.7831131131755575 0.59436 0.9596587984065643 -2.3864760276694312
18548 4405781 -2.2240274648578273 3.7871432717068916 0.59436 0.9596587984065643 -2.3864760276694312
18549 4405781 -2.1743724215219773 3.789643629779678 0.59055 0.9596587984065643 -2.3864760276694312
18550 4405781 -2.1247173781861273 3.792143987852464 0.58674 0.9596587984065643 -2.3864760276694312
18551 4405781 -2.055612252064564 3.7971004289066568 0.58674 0.9596587984065643 -2.3864760276694312
18552 4405781 -1.9952799137699662 3.7996707346880823 0.58674 0.9596587984065643 -2.3864760276694312
18553 4405781 -1.9667215643887175 3.8028260459828496 0.58674 0.9596587984065643 -2.3864760276694312
18554 4405781 -1.9062514121414627 3.8058195262415007 0.58674 0.9596587984065643 -2.3864760276694312
18555 4405781 -1.8457812598942078 3.8088130065001518 0.58674 0.9596587984065643 -2.3864760276694312
18556 4405781 -1.826327490430139 3.809924228056407 0.58674 0.9596587984065643 -2.3864760276694312
18557 4405781 -1.7711533388737246 3.813016138146901 0.58293 0.9596587984065643 -2.3864760276694312
18558 4405781 -1.7159791873173103 3.816108048237395 0.57912 0.9596587984065643 -2.3864760276694312
18559 4405781 -1.6553265559910815 3.8189852741684223 0.58293 0.9596587984065643 -2.3864760276694312
18560 4405781 -1.5946739246648527 3.8218625000994497 0.58674 0.9596587984065643 -2.3864760276694312
18561 4405781 -1.554672067065077 3.822910376047907 0.58674 0.9596587984065643 -2.3864760276694312
18562 4405781 -1.5146702094653017 3.823958251996364 0.58674 0.9596587984065643 -2.3864760276694312
18563 4405781 -1.4746683518655261 3.825006127944821 0.58674 0.9596587984065643 -2.3864760276694312
18564 4405781 -1.4142340954096986 3.8278979911459583 0.58674 0.9596587984065643 -2.3864760276694312
18565 4405781 -1.3693124391436933 3.82815475159088 0.58674 0.9596587984065643 -2.3864760276694312
18566 4405781 -1.324390782877688 3.828411512035801 0.58674 0.9596587984065643 -2.3864760276694312
18567 4405781 -1.2690509906603802 3.8279473745840664 0.59055 0.9596587984065643 -2.3864760276694312
18568 4405781 -1.2137111984430724 3.827483237132332 0.59436 0.9596587984065643 -2.3864760276694312
18569 4405781 -1.1517004345700983 3.8270570367548706 0.59436 0.9596587984065643 -2.3864760276694312
18570 4405781 -1.1063648472025496 3.8285819960217813 0.59436 0.9596587984065643 -2.3864760276694312
18571 4405781 -1.0610292598350006 3.830106955288692 0.59436 0.9596587984065643 -2.3864760276694312
18572 4405781 -1.0100241189137924 3.828608968386988 0.59436 0.9596587984065643 -2.3864760276694312
18573 4405781 -0.9686430700573732 3.8302599708009613 0.59436 0.9596587984065643 -2.3864760276694312
18574 4405781 -0.9066328903979566 3.8298359123929706 0.59436 0.9596587984065643 -2.3864760276694312
18575 4405781 -0.8541355471333563 3.830187964778356 0.59182 0.9596587984065643 -2.3864760276694312
18576 4405781 -0.801638203868756 3.8305400171637407 0.58928 0.9596587984065643 -2.3864760276694312
18577 4405781 -0.7491408606041556 3.830892069549126 0.58674 0.9596587984065643 -2.3864760276694312
18578 4405781 -0.6977910518708791 3.8304519759793556 0.58674 0.9596587984065643 -2.3864760276694312
18579 4405781 -0.6464412431376025 3.8300118824095852 0.58674 0.9596587984065643 -2.3864760276694312
18580 4405781 -0.6135084635548775 3.8316241568432425 0.58674 0.9596587984065643 -2.3864760276694312
18581 4405781 -0.5618481434022036 3.8321347817231586 0.57912 0.9596587984065643 -2.3864760276694312
18582 4405781 -0.5051236950446205 3.8311647481260778 0.58293 0.9596587984065643 -2.3864760276694312
18583 4405781 -0.44839924668703746 3.830194714528997 0.58674 0.9596587984065643 -2.3864760276694312
18584 4405781 -0.3783437140389523 3.829947480710888 0.57912 0.9596587984065643 -2.3864760276694312
18585 4405781 -0.34846208624342334 3.8301052051607116 0.58674 0.9596587984065643 -2.3864760276694312
18586 4405781 -0.2877549081212628 3.8292362180015163 0.58674 0.9596587984065643 -2.3864760276694312
18587 4405781 -0.22704772999910228 3.828367230842321 0.58674 0.9596587984065643 -2.3864760276694312
18588 4405781 -0.16820468061114924 3.8264144675084966 0.57912 0.9596587984065643 -2.3864760276694312
18589 4405781 -0.11723560835096558 3.824817356563256 0.58674 0.9596587984065643 -2.3864760276694312
18590 4405781 -0.06750417541255382 3.823508662155052 0.58674 0.9596587984065643 -2.3864760276694312
18591 4405781 -0.017772742474142067 3.8221999677468474 0.58674 0.9596587984065643 -2.3864760276694312
18592 4405781 0.025840606936341125 3.823087475200081 0.5842 0.9596587984065643 -2.3864760276694312
18593 4405781 0.06945395634682432 3.8239749826533154 0.58166 0.9596587984065643 -2.3864760276694312
18594 4405781 0.1130673057573075 3.824862490106549 0.57912 0.9596587984065643 -2.3864760276694312
18595 4405781 0.16469168468601825 3.8252728560750615 0.57912 0.9596587984065643 -2.3864760276694312
18596 4405781 0.21365818260807057 3.8267863510985327 0.57912 0.9596587984065643 -2.3864760276694312
18597 4405781 0.2628086842463197 3.829136478918662 0.57658 0.9596587984065643 -2.3864760276694312
18598 4405781 0.3119591858845688 3.831486606738792 0.57404 0.9596587984065643 -2.3864760276694312
18599 4405781 0.3611096875228179 3.833836734558922 0.5715 0.9596587984065643 -2.3864760276694312
18600 4405781 0.410260189161067 3.8361868623790514 0.56896 0.9596587984065643 -2.3864760276694312
18601 4405781 0.4594106907993161 3.838536990199181 0.56642 0.9596587984065643 -2.3864760276694312
18602 4405781 0.5085611924375653 3.8408871180193107 0.56388 0.9596587984065643 -2.3864760276694312
18603 4405781 0.5713270206786146 3.842798393984348 0.56388 0.9596587984065643 -2.3864760276694312
18604 4405781 0.634092848919664 3.8447096699493852 0.56388 0.9596587984065643 -2.3864760276694312
18605 4405781 0.6890999024722503 3.84425160788304 0.56388 0.9596587984065643 -2.3864760276694312
18606 4405781 0.7441069560248367 3.8437935458166956 0.56388 0.9596587984065643 -2.3864760276694312
18607 4405781 0.799114009577423 3.8433354837503506 0.56388 0.9596587984065643 -2.3864760276694312
18608 4405781 0.8529069062400866 3.842106972787048 0.56388 0.9596587984065643 -2.3864760276694312
18609 4405781 0.9066998029027502 3.8408784618237455 0.56388 0.9596587984065643 -2.3864760276694312
18610 4405781 0.9535421987868979 3.8354969097118676 0.56388 0.9596587984065643 -2.3864760276694312
18611 4405781 1.0003845946710457 3.8301153575999893 0.56388 0.9596587984065643 -2.3864760276694312
18612 4405781 1.0323358715431552 3.827382025261395 0.56388 0.9596587984065643 -2.3864760276694312
18613 4405781 1.1143030630600723 3.813090210392805 0.5715 0.9596587984065643 -2.3864760276694312
18614 4405781 1.135493531440646 3.811654885902058 0.5715 0.9596587984065643 -2.3864760276694312
18615 4405781 1.2068939646356185 3.7978972557168675 0.5715 0.9596587984065643 -2.3864760276694312
18616 4405781 1.2605450226952684 3.7879555044322997 0.5715 0.9596587984065643 -2.3864760276694312
18617 4405781 1.3117098826357798 3.7788267510445634 0.5715 0.9596587984065643 -2.3864760276694312
18618 4405781 1.3534196161599987 3.7701016138597367 0.56769 0.9596587984065643 -2.3864760276694312
18619 4405781 1.3951293496842174 3.7613764766749096 0.56388 0.9596587984065643 -2.3864760276694312
18620 4405781 1.4476067047935595 3.7470297274034663 0.56388 0.9596587984065643 -2.3864760276694312
18621 4405781 1.5186649289184027 3.723807119574083 0.56388 0.9596587984065643 -2.3864760276694312
18622 4405781 1.5691659193721048 3.704499410471442 0.56388 0.9596587984065643 -2.3864760276694312
18623 4405781 1.608529441503944 3.6877803938086213 0.56388 0.9596587984065643 -2.3864760276694312
18624 4405781 1.6478929636357833 3.6710613771458003 0.56388 0.9596587984065643 -2.3864760276694312
18625 4405781 1.6958634543048268 3.6480839251244923 0.56388 0.9596587984065643 -2.3864760276694312
18626 4405781 1.7438339449738702 3.625106473103184 0.56388 0.9596587984065643 -2.3864760276694312
18627 4405781 1.8099627355863834 3.5884271305230464 0.56388 0.9596587984065643 -2.3864760276694312
18628 4405781 1.8500045011756785 3.5615577344958407 0.56388 0.9596587984065643 -2.3864760276694312
18629 4405781 1.8900462667649738 3.534688338468635 0.56388 0.9596587984065643 -2.3864760276694312
18630 4405781 1.9224561863688285 3.5089110799000673 0.56388 0.9596587984065643 -2.3864760276694312
18631 4405781 1.9766811964917714 3.4635061610314946 0.56388 0.9596587984065643 -2.3864760276694312
18632 4405781 2.030906206614714 3.4181012421629213 0.56388 0.9596587984065643 -2.3864760276694312
18633 4405781 2.0475792049235038 3.402840429803989 0.56388 0.9596587984065643 -2.3864760276694312
18634 4405781 2.1059385554584935 3.341015293949374 0.56388 0.9596587984065643 -2.3864760276694312
18635 4405781 2.1359769771696424 3.308654316491954 0.56388 0.9596587984065643 -2.3864760276694312
18636 4405781 2.1660153988807913 3.2762933390345346 0.56388 0.9596587984065643 -2.3864760276694312
18637 4405781 2.1937878619463285 3.24093461076809 0.56388 0.9596587984065643 -2.3864760276694312
18638 4405781 2.2215603250118656 3.2055758825016456 0.56388 0.9596587984065643 -2.3864760276694312
18639 4405781 2.2550096451716177 3.154577723026168 0.56388 0.9596587984065643 -2.3864760276694312
18640 4405781 2.28845896533137 3.1035795635506904 0.56388 0.9596587984065643 -2.3864760276694312
18641 4405781 2.327412449640989 3.023096405855834 0.5715 0.9596587984065643 -2.3864760276694312
18642 4405781 2.3442176937420083 2.9875829566117353 0.5715 0.9596587984065643 -2.3864760276694312
18643 4405781 2.3610229378430274 2.952069507367636 0.5715 0.9596587984065643 -2.3864760276694312
18644 4405781 2.3851396247232612 2.8764337019513575 0.5715 0.9596587984065643 -2.3864760276694312
18645 4405781 2.398156587359565 2.8333962263233765 0.5715 0.9596587984065643 -2.3864760276694312
18646 4405781 2.411173549995869 2.7903587506953955 0.5715 0.9596587984065643 -2.3864760276694312
18647 4405781 2.426878820625444 2.714784068930902 0.57912 0.9596587984065643 -2.3864760276694312
18648 4405781 2.432891476647902 2.682913275919271 0.57912 0.9596587984065643 -2.3864760276694312
18649 4405781 2.4447234710949504 2.594117875903786 0.5715 0.9596587984065643 -2.3864760276694312
18650 4405781 2.446508386614087 2.5506606667329743 0.57912 0.9596587984065643 -2.3864760276694312
18651 4405781 2.445449779161728 2.5059710168242195 0.57531 0.9596587984065643 -2.3864760276694312
18652 4405781 2.444391171709369 2.4612813669154647 0.5715 0.9596587984065643 -2.3864760276694312
18653 4405781 2.4405509799328424 2.407395050496605 0.5715 0.9596587984065643 -2.3864760276694312
18654 4405781 2.433041434126835 2.3517866373178986 0.5715 0.9596587984065643 -2.3864760276694312
18655 4405781 2.416030051029183 2.2833937076083113 0.5715 0.9596587984065643 -2.3864760276694312
18656 4405781 2.39901866793153 2.215000777898724 0.5715 0.9596587984065643 -2.3864760276694312
18657 4405781 2.390026861641264 2.1956243861809557 0.5715 0.9596587984065643 -2.3864760276694312
18658 4405781 2.3705193158458675 2.1440515080037383 0.57912 0.9596587984065643 -2.3864760276694312
18659 4405781 2.3470949683506346 2.096795309791956 0.57912 0.9596587984065643 -2.3864760276694312
18660 4405781 2.318369919577899 2.0509783620471014 0.57912 0.9596587984065643 -2.3864760276694312
18661 4405781 2.2896448708051635 2.005161414302247 0.57912 0.9596587984065643 -2.3864760276694312
18662 4405781 2.2519458423766774 1.9549741204709894 0.57912 0.9596587984065643 -2.3864760276694312
18663 4405781 2.2193619269528826 1.9218079619056079 0.57912 0.9596587984065643 -2.3864760276694312
18664 4405781 2.1867780115290882 1.8886418033402264 0.57912 0.9596587984065643 -2.3864760276694312
18665 4405781 2.145766976649205 1.8541394530319701 0.57912 0.9596587984065643 -2.3864760276694312
18666 4405781 2.0768326863697264 1.8088978868795178 0.5715 0.9596587984065643 -2.3864760276694312
18667 4405781 2.0396924264354652 1.7910056546485054 0.57531 0.9596587984065643 -2.3864760276694312
18668 4405781 2.0025521665012036 1.7731134224174927 0.57912 0.9596587984065643 -2.3864760276694312
18669 4405781 1.9587712568569167 1.758675722672308 0.57912 0.9596587984065643 -2.3864760276694312
18670 4405781 1.91499034721263 1.7442380229271235 0.57912 0.9596587984065643 -2.3864760276694312
18671 4405781 1.8608016949974482 1.7319155376431214 0.57912 0.9596587984065643 -2.3864760276694312
18672 4405781 1.8066130427822664 1.7195930523591196 0.57912 0.9596587984065643 -2.3864760276694312
18673 4405781 1.7463072105537516 1.7130080366923335 0.58293 0.9596587984065643 -2.3864760276694312
18674 4405781 1.686001378325237 1.706423021025547 0.58674 0.9596587984065643 -2.3864760276694312
18675 4405781 1.652392290236324 1.7035590040266766 0.58293 0.9596587984065643 -2.3864760276694312
18676 4405781 1.618783202147411 1.700694987027806 0.57912 0.9596587984065643 -2.3864760276694312
18677 4405781 1.5670684497565741 1.6998912613667674 0.57912 0.9596587984065643 -2.3864760276694312
18678 4405781 1.5153536973657373 1.6990875357057287 0.57912 0.9596587984065643 -2.3864760276694312
18679 4405781 1.450525857653821 1.7004073355703873 0.58674 0.9596587984065643 -2.3864760276694312
18680 4405781 1.4142712184952657 1.700862052220376 0.58293 0.9596587984065643 -2.3864760276694312
18681 4405781 1.3780165793367107 1.7013167688703648 0.57912 0.9596587984065643 -2.3864760276694312
18682 4405781 1.3390229774072249 1.702900415974706 0.57912 0.9596587984065643 -2.3864760276694312
18683 4405781 1.3000293754777388 1.7044840630790474 0.57912 -1.2112899144904095 -2.269138511209445
18684 4405781 1.2573266193138863 1.7055859702548202 0.57912 -1.2112899144904095 -2.269138511209445
18685 4405781 1.2129132831191984 1.7102847181084453 0.57531 -1.2112899144904095 -2.269138511209445
18686 4405781 1.1684999469245105 1.7149834659620706 0.5715 -1.2112899144904095 -2.269138511209445
18687 4405781 1.1341337797672926 1.7185024412703902 0.5715 -1.2112899144904095 -2.269138511209445
18688 4405781 1.0878029696747284 1.7261649566201485 0.56388 -1.2112899144904095 -2.269138511209445
18689 4405781 1.0383065783947991 1.732291996174001 0.56388 -1.2112899144904095 -2.269138511209445
18690 4405781 1.0047209247211963 1.736841728082426 0.56388 -1.2112899144904095 -2.269138511209445
18691 4405781 0.9711352710475938 1.7413914599908507 0.56388 -1.2112899144904095 -2.269138511209445
18692 4405781 0.9272456665553087 1.7483740931962921 0.56388 -1.2112899144904095 -2.269138511209445
18693 4405781 0.8961140436558731 1.7536410707617933 0.55626 -1.2112899144904095 -2.269138511209445
18694 4405781 0.8583807794954789 1.7568210325958424 0.55626 -1.2112899144904095 -2.269138511209445
18695 4405781 0.8206475153350845 1.7600009944298916 0.55626 -1.2112899144904095 -2.269138511209445
18696 4405781 0.7829142511746903 1.7631809562639407 0.55626 -1.2112899144904095 -2.269138511209445
18697 4405781 0.7301830687752588 1.7675633790909204 0.54864 -1.2112899144904095 -2.269138511209445
18698 4405781 0.6927200510772465 1.769759970866876 0.54864 -1.2112899144904095 -2.269138511209445
18699 4405781 0.6800310377088205 1.771687377381485 0.54864 -1.2112899144904095 -2.269138511209445
18700 4405781 0.6217963513888785 1.7755326936324716 0.54864 -1.2112899144904095 -2.269138511209445
18701 4405781 0.5990924868466363 1.776702892955508 0.54864 -1.2112899144904095 -2.269138511209445
18702 4405781 0.5763886223043941 1.7778730922785444 0.54864 -1.2112899144904095 -2.269138511209445
18703 4405781 0.53094633912885 1.780108227702181 0.54864 -1.2112899144904095 -2.269138511209445
18704 4405781 0.47835289807049497 1.7849147463501156 0.54102 -1.2112899144904095 -2.269138511209445
18705 4405781 0.4493501591015543 1.7869175063384486 0.54102 -1.2112899144904095 -2.269138511209445
18706 4405781 0.39722846871547396 1.793439717161739 0.54102 -1.2112899144904095 -2.269138511209445
18707 4405781 0.3810070369390762 1.7940688353837297 0.5334 -1.2112899144904095 -2.269138511209445
18708 4405781 0.3227719822838736 1.7979166135531137 0.5334 -1.2112899144904095 -2.269138511209445
18709 4405781 0.2964579177352563 1.8002678707163697 0.5334 -1.2112899144904095 -2.269138511209445
18710 4405781 0.270143853186639 1.8026191278796257 0.5334 -1.2112899144904095 -2.269138511209445
18711 4405781 0.22635315394401906 1.8058351818399756 0.52959 -1.2112899144904095 -2.269138511209445
18712 4405781 0.1825624547013991 1.8090512358003255 0.52578 -1.2112899144904095 -2.269138511209445
18713 4405781 0.13821101157450455 1.8132688248155255 0.52578 -1.2112899144904095 -2.269138511209445
18714 4405781 0.10909334775588586 1.8151936535510218 0.5181600000000001 -1.2112899144904095 -2.269138511209445
18715 4405781 0.07620517494856383 1.8183513306042147 0.5181600000000001 -1.2112899144904095 -2.269138511209445
18716 4405781 0.04331700214124179 1.8215090076574076 0.5181600000000001 -1.2112899144904095 -2.269138511209445
18717 4405781 -0.0017359140644384041 1.8238537611169632 0.5181600000000001 -1.2112899144904095 -2.269138511209445
18718 4405781 -0.03992421839013649 1.8238376395954268 0.5181600000000001 -1.2112899144904095 -2.269138511209445
18719 4405781 -0.0749121715390455 1.825462561051321 0.51054 -1.2112899144904095 -2.269138511209445
18720 4405781 -0.1040299892790959 1.8273883267235551 0.51054 -1.2112899144904095 -2.269138511209445
18721 4405781 -0.1331478070191463 1.8293140923957891 0.51054 -1.2112899144904095 -2.269138511209445
18722 4405781 -0.1694969113235889 1.8338380175115383 0.50292 -1.2112899144904095 -2.269138511209445
18723 4405781 -0.2040726555533514 1.8350950982791248 0.50292 -1.2112899144904095 -2.269138511209445
18724 4405781 -0.24311944992707302 1.8365291387672529 0.50292 -1.2112899144904095 -2.269138511209445
18725 4405781 -0.2821662443007946 1.8379631792553812 0.50292 -1.2112899144904095 -2.269138511209445
18726 4405781 -0.31088307702405493 1.8397585825507579 0.4953 -1.2112899144904095 -2.269138511209445
18727 4405781 -0.35388512459331767 1.8413180189296465 0.4953 -1.2112899144904095 -2.269138511209445
18728 4405781 -0.3809975540282884 1.8425890756040604 0.4953 -1.2112899144904095 -2.269138511209445
18729 4405781 -0.4235985750753397 1.84401777585483 0.4953 -1.2112899144904095 -2.269138511209445
18730 4405781 -0.47002144224277154 1.841906170788645 0.48768 -1.2112899144904095 -2.269138511209445
18731 4405781 -0.5020621393222096 1.8396484646435816 0.48387 -1.2112899144904095 -2.269138511209445
18732 4405781 -0.5341028364016476 1.837390758498518 0.48006 -1.2112899144904095 -2.269138511209445
18733 4405781 -0.5638768133393184 1.8373129118269251 0.48006 -1.2112899144904095 -2.269138511209445
18734 4405781 -0.5988057500488349 1.8309760339320158 0.48006 -1.2112899144904095 -2.269138511209445
18735 4405781 -0.6412441360318012 1.824758425133415 0.47624999999999995 -1.2112899144904095 -2.269138511209445
18736 4405781 -0.6836825220147675 1.8185408163348142 0.47243999999999997 -1.2112899144904095 -2.269138511209445
18737 4405781 -0.7117797435810747 1.811372308290183 0.46863 -1.2112899144904095 -2.269138511209445
18738 4405781 -0.7398769651473818 1.8042038002455516 0.46482000000000007 -1.2112899144904095 -2.269138511209445
18739 4405781 -0.7724352116421784 1.7961576629788207 0.46482000000000007 -1.2112899144904095 -2.269138511209445
18740 4405781 -0.8049934581369751 1.7881115257120899 0.46482000000000007 -1.2112899144904095 -2.269138511209445
18741 4405781 -0.8479365855167098 1.7724791691268058 0.46482000000000007 -1.2112899144904095 -2.269138511209445
18742 4405781 -0.8879895288667934 1.757946493863728 0.46101000000000003 -1.2112899144904095 -2.269138511209445
18743 4405781 -0.928042472216877 1.74341381860065 0.45720000000000005 -1.2112899144904095 -2.269138511209445
18744 4405781 -0.9574569937841277 1.728147630907962 0.45720000000000005 -1.2112899144904095 -2.269138511209445
18745 4405781 -0.9834424027875102 1.7138630629525144 0.44958000000000004 -1.2112899144904095 -2.269138511209445
18746 4405781 -1.031229670307471 1.6845099703257844 0.44958000000000004 -1.2112899144904095 -2.269138511209445
18747 4405781 -1.0578630919509897 1.665530312021085 0.44577 -1.2112899144904095 -2.269138511209445
18748 4405781 -1.0844965135945086 1.6465506537163852 0.44196 -1.2112899144904095 -2.269138511209445
18749 4405781 -1.1147977368711217 1.6190731074586004 0.44196 -1.2112899144904095 -2.269138511209445
18750 4405781 -1.1446816264621047 1.5860845422903966 0.44196 -1.2112899144904095 -2.269138511209445
18751 4405781 -1.174565516053088 1.553095977122193 0.44196 -1.2112899144904095 -2.269138511209445
18752 4405781 -1.2008822293216463 1.5215111639707743 0.43434000000000006 -1.2112899144904095 -2.269138511209445
18753 4405781 -1.2298899498973899 1.4833288731156624 0.43434000000000006 -1.2112899144904095 -2.269138511209445
18754 4405781 -1.2518645408402362 1.4492723045766662 0.43434000000000006 -1.2112899144904095 -2.269138511209445
18755 4405781 -1.2738391317830826 1.41521573603767 0.43434000000000006 -1.2112899144904095 -2.269138511209445
18756 4405781 -1.2983462859900141 1.3728741051444178 0.42672000000000004 -1.2112899144904095 -2.269138511209445
18757 4405781 -1.312757661854379 1.3451066363577204 0.42672000000000004 -1.2112899144904095 -2.269138511209445
18758 4405781 -1.3265805225708263 1.3157445982127276 0.42672000000000004 -1.2112899144904095 -2.269138511209445
18759 4405781 -1.3404033832872735 1.2863825600677348 0.42672000000000004 -1.2112899144904095 -2.269138511209445
18760 4405781 -1.3529011348488715 1.2481746383418997 0.42672000000000004 -1.2112899144904095 -2.269138511209445
18761 4405781 -1.3702224785736734 1.2033657415642272 0.42672000000000004 -1.2112899144904095 -2.269138511209445
18762 4405781 -1.3774132970500539 1.1732364562479631 0.42672000000000004 -1.2112899144904095 -2.269138511209445
18763 4405781 -1.391912027795245 1.1204939221954275 0.42672000000000004 -1.2112899144904095 -2.269138511209445
18764 4405781 -1.3977437114637272 1.0858306946634597 0.42672000000000004 -1.2112899144904095 -2.269138511209445
18765 4405781 -1.4035753951322094 1.0511674671314917 0.42672000000000004 -1.2112899144904095 -2.269138511209445
18766 4405781 -1.4085263339107394 0.9953019110151745 0.41148 -1.2112899144904095 -2.269138511209445
18767 4405781 -1.4108091019126434 0.9557390197045542 0.41148 -1.2112899144904095 -2.269138511209445
18768 4405781 -1.4128302308801628 0.9240356346156539 0.41148 -1.2112899144904095 -2.269138511209445
18769 4405781 -1.4151265181899488 0.8923054225648588 0.41148 -1.2112899144904095 -2.269138511209445
18770 4405781 -1.414368765654509 0.8443871886694767 0.41148 -1.2112899144904095 -2.269138511209445
18771 4405781 -1.4143552955809313 0.8118431027517634 0.41148 -1.2112899144904095 -2.269138511209445
18772 4405781 -1.4143418255073537 0.7792990168340502 0.41148 -1.2112899144904095 -2.269138511209445
18773 4405781 -1.4135724334102988 0.7311433856663865 0.41148 -1.2112899144904095 -2.269138511209445
18774 4405781 -1.4099598649797447 0.6922228232353024 0.41148 -1.2112899144904095 -2.269138511209445
18775 4405781 -1.4079644093752477 0.6528381059737867 0.40767 -1.2112899144904095 -2.269138511209445
18776 4405781 -1.4059689537707507 0.613453388712271 0.40386 -1.2112899144904095 -2.269138511209445
18777 4405781 -1.4031638516384997 0.5799379290754347 0.39624000000000004 -1.2112899144904095 -2.269138511209445
18778 4405781 -1.3983913819828793 0.5369577404608976 0.39624000000000004 -1.2112899144904095 -2.269138511209445
18779 4405781 -1.3936189123272589 0.4939775518463604 0.39624000000000004 -1.2112899144904095 -2.269138511209445
18780 4405781 -1.3875320237278574 0.46207610605293403 0.39624000000000004 -1.2112899144904095 -2.269138511209445
18781 4405781 -1.379158127790754 0.4143545701794381 0.39624000000000004 -1.2112899144904095 -2.269138511209445
18782 4405781 -1.3695235498936722 0.37591835204771706 0.39624000000000004 -1.2112899144904095 -2.269138511209445
18783 4405781 -1.3574554891706587 0.33949042248440087 0.39624000000000004 -1.2112899144904095 -2.269138511209445
18784 4405781 -1.343933075944511 0.3061505100178461 0.39624000000000004 -1.2112899144904095 -2.269138511209445
18785 4405781 -1.3304106627183632 0.27281059755129133 0.39624000000000004 -1.2112899144904095 -2.269138511209445
18786 4405781 -1.31284552844867 0.2396091675249052 0.39243000000000006 -1.2112899144904095 -2.269138511209445
18787 4405781 -1.2952803941789768 0.206407737498519 0.38862 -1.2112899144904095 -2.269138511209445
18788 4405781 -1.2694974102955194 0.169000132247726 0.38481 -1.2112899144904095 -2.269138511209445
18789 4405781 -1.243714426412062 0.131592526996933 0.381 -1.2112899144904095 -2.269138511209445
18790 4405781 -1.2132213643291625 0.10152448570789749 0.381 -1.2112899144904095 -2.269138511209445
18791 4405781 -1.195991088714704 0.08630916178182688 0.381 -1.2112899144904095 -2.269138511209445
18792 4405781 -1.1681722174433193 0.06435981510988062 0.37338 -1.2112899144904095 -2.269138511209445
18793 4405781 -1.1321424352414622 0.042529635085823386 0.37338 -1.2112899144904095 -2.269138511209445
18794 4405781 -1.1008734740238624 0.02950034910991159 0.37338 -1.2112899144904095 -2.269138511209445
18795 4405781 -1.0690970603471177 0.019109351254069068 0.36576 -1.2112899144904095 -2.269138511209445
18796 4405781 -1.038266220236886 0.014518994533065571 0.36576 -1.2112899144904095 -2.269138511209445
18797 4405781 -1.0135632387501272 0.011289980694687535 0.36195 -1.2112899144904095 -2.269138511209445
18798 4405781 -0.9888602572633685 0.008060966856309498 0.35814000000000007 -1.2112899144904095 -2.269138511209445
18799 4405781 -0.9402395089341333 0.00735129141265875 0.35052000000000005 -1.2112899144904095 -2.269138511209445
18800 4405781 -0.9151931804547233 0.008975796460784474 0.35052000000000005 -1.2112899144904095 -2.269138511209445
18801 4405781 -0.8829473957390064 0.008713679686346038 0.34290000000000004 -1.2112899144904095 -2.269138511209445
18802 4405781 -0.8562643181741678 0.007466543770267092 0.33909 -1.2112899144904095 -2.269138511209445
18803 4405781 -0.8295812406093293 0.006219407854188147 0.33528 -1.2112899144904095 -2.269138511209445
18804 4405781 -0.7840582902657436 0.004186899299141539 0.33528 -1.2112899144904095 -2.269138511209445
18805 4405781 -0.754640125917986 0.003155797115234782 0.32766000000000006 -1.2112899144904095 -2.269138511209445
18806 4405781 -0.7252219615702284 0.002124694931328025 0.32004000000000005 -1.2112899144904095 -2.269138511209445
18807 4405781 -0.676601643125254 0.0014168267660599476 0.32004000000000005 -1.2112899144904095 -2.269138511209445
18808 4405781 -0.6471490673312579 0.0004917221876515887 0.32004000000000005 -1.2112899144904095 -2.269138511209445
18809 4405781 -0.6176964915372618 -0.0004333823907567702 0.32004000000000005 -1.2112899144904095 -2.269138511209445
18810 4405781 -0.5755087590763092 -0.00043945657272495553 0.32004000000000005 -1.2112899144904095 -2.269138511209445
18811 4405781 -0.5333210266153565 -0.00044553075469314085 0.32004000000000005 -1.2112899144904095 -2.269138511209445
18812 4405781 -0.5027125881945427 0.0021658959305890513 0.32004000000000005 -1.2112899144904095 -2.269138511209445
18813 4405781 -0.45658021677932425 0.002272766472022486 0.32004000000000005 -1.2112899144904095 -2.269138511209445
18814 4405781 -0.4041728291205131 0.005001877864125176 0.31242000000000003 -1.2112899144904095 -2.269138511209445
18815 4405781 -0.37410545038508114 0.0056876784570994154 0.31242000000000003 -1.2112899144904095 -2.269138511209445
18816 4405781 -0.34429089653182166 0.005872135959271857 0.30861000000000005 -1.2112899144904095 -2.269138511209445
18817 4405781 -0.31447634267856217 0.0060565934614442984 0.3048 -1.2112899144904095 -2.269138511209445
18818 4405781 -0.2627593811457489 0.006675687109162581 0.3048 -1.2112899144904095 -2.269138511209445
18819 4405781 -0.23010190930678687 0.006048047061608969 0.29718 -1.2112899144904095 -2.269138511209445
18820 4405781 -0.19351019173929274 0.0065880856025822 0.29337 -1.2112899144904095 -2.269138511209445
18821 4405781 -0.1569184741717986 0.007128124143555431 0.28956 -1.2112899144904095 -2.269138511209445
18822 4405781 -0.1219228208208134 0.005502995606361111 0.28956 -1.2112899144904095 -2.269138511209445
18823 4405781 -0.07089627178097091 0.004012409894670027 0.27432 -1.2112899144904095 -2.269138511209445
18824 4405781 -0.03562314837750402 0.0048672673634445884 0.27432 -1.2112899144904095 -2.269138511209445
18825 4405781 -0.006527187990770161 0.005482660256301851 0.27178 -1.2112899144904095 -2.269138511209445
18826 4405781 0.0225687723959637 0.006098053149159112 0.26924 -1.2112899144904095 -2.269138511209445
18827 4405781 0.051664732782697564 0.006713446042016374 0.2667 -1.2112899144904095 -2.269138511209445
18828 4405781 0.0838861036881769 0.006112904433737701 0.27051000000000003 -1.2112899144904095 -2.269138511209445
18829 4405781 0.11610747459365622 0.005512362825459027 0.27432 -1.2112899144904095 -2.269138511209445
18830 4405781 0.1487499764128141 0.005748106733930734 0.27178 -1.2112899144904095 -2.269138511209445
18831 4405781 0.18139247823197197 0.00598385064240244 0.26924 -1.2112899144904095 -2.269138511209445
18832 4405781 0.21403498005112986 0.006219594550874147 0.2667 -1.2112899144904095 -2.269138511209445
18833 4405781 0.23554027802679955 0.005441725628647656 0.2667 -1.2112899144904095 -2.269138511209445
18834 4405781 0.25704557600246924 0.0046638567064211656 0.2667 -1.2112899144904095 -2.269138511209445
18835 4405781 0.2840726402234204 0.004476569178459511 0.2667 -1.2112899144904095 -2.269138511209445
18836 4405781 0.3110997044443715 0.004289281650497856 0.2667 -1.2112899144904095 -2.269138511209445
18837 4405781 0.33019762591000323 0.00429841271078206 0.27051000000000003 -1.2112899144904095 -2.269138511209445
18838 10598808 0.5808938662626972 -4.856234637747716 1.34112 -1.2112899144904095 -2.269138511209445
18838 4405781 0.34929554737563495 0.004307543771066263 0.27432 -1.2112899144904095 -2.269138511209445
18839 10598808 0.6097998154158639 -4.774788144356389 1.34112 -1.2112899144904095 -2.269138511209445
18839 4405781 0.3701408260010694 0.002869498499541795 0.27432 -1.2112899144904095 -2.269138511209445
18840 4405781 0.40352196748630925 0.004461452447897474 0.27432 -1.2112899144904095 -2.269138511209445
18840 10598808 0.6162607953313708 -4.747926714350437 1.34112 -1.2112899144904095 -2.269138511209445
18841 10598808 0.6282910689544996 -4.7110851224829124 1.34112 -1.2112899144904095 -2.269138511209445
18841 4405781 0.4226152977988973 0.005815817451455166 0.27432 -1.2112899144904095 -2.269138511209445
18842 10598808 0.6403213425776283 -4.674243530615387 1.34112 -1.2112899144904095 -2.269138511209445
18842 4405781 0.44011279788604274 0.005004683462476414 0.27432 -1.2112899144904095 -2.269138511209445
18843 10598808 0.652351616200757 -4.637401938747862 1.34112 -1.2112899144904095 -2.269138511209445
18843 4405781 0.4576102979731882 0.0041935494734976625 0.27432 -1.2112899144904095 -2.269138511209445
18844 4405781 0.47078515282185884 0.003743590580603161 0.27432 -1.2112899144904095 -2.269138511209445
18844 10598808 0.6643818898238858 -4.6005603468803375 1.34112 -1.2112899144904095 -2.269138511209445
18845 10598808 0.6800294340297933 -4.553651882508903 1.34112 -1.2112899144904095 -2.269138511209445
18845 4405781 0.48396000767052944 0.003293631687708659 0.27432 -1.2112899144904095 -2.269138511209445
18846 4405781 0.49686297725956474 0.003370691394547473 0.27432 -1.2112899144904095 -2.269138511209445
18846 10598808 0.6956769782357008 -4.506743418137468 1.34112 -1.2112899144904095 -2.269138511209445
18847 4405781 0.5097659468486001 0.003447751101386287 0.27432 -1.2112899144904095 -2.269138511209445
18847 10598808 0.7113245224416085 -4.459834953766033 1.34112 -1.2112899144904095 -2.269138511209445
18848 10598808 0.726972066647516 -4.412926489394598 1.34112 -1.2112899144904095 -2.269138511209445
18848 4405781 0.5226689164376354 0.003524810808225101 0.27432 -1.2112899144904095 -2.269138511209445
18849 10598808 0.7426196108534235 -4.3660180250231635 1.34112 -1.2112899144904095 -2.269138511209445
18849 4405781 0.5355718860266707 0.003601870515063915 0.27432 -1.2112899144904095 -2.269138511209445
18850 4405781 0.5496765789601281 0.004366955924601915 0.27432 -1.2112899144904095 -2.269138511209445
18850 10598808 0.7582671550593311 -4.319109560651729 1.34112 -1.2112899144904095 -2.269138511209445
18851 4405781 0.5578748498235995 0.003907742712618872 0.27432 -1.2112899144904095 -2.269138511209445
18851 10598808 0.7739146992652386 -4.272201096280294 1.34112 -1.2112899144904095 -2.269138511209445
18852 10598808 0.7857553815178656 -4.235940072733012 1.34112 -1.2112899144904095 -2.269138511209445
18853 10598808 0.7975960637704926 -4.19967904918573 1.34112 -1.2112899144904095 -2.269138511209445
18854 10598808 0.8152472839508543 -4.148707556736875 1.34112 -1.2112899144904095 -2.269138511209445
18855 10598808 0.8328985041312159 -4.0977360642880205 1.34112 -1.2112899144904095 -2.269138511209445
18856 10598808 0.8505497243115776 -4.046764571839166 1.34112 -1.2112899144904095 -2.269138511209445
18857 10598808 0.8665785819014236 -3.997677573098811 1.34112 -1.2112899144904095 -2.269138511209445
18858 10598808 0.8809873194622166 -3.9535520525498957 1.34112 -1.2112899144904095 -2.269138511209445
18859 10598808 0.8989077673707759 -3.9068350169245183 1.34112 -1.2112899144904095 -2.269138511209445
18860 10598808 0.9115929602348756 -3.8679876586352337 1.34112 -1.2112899144904095 -2.269138511209445
18861 10598808 0.9323486170222133 -3.796262491382514 1.34112 -1.2112899144904095 -2.269138511209445
18862 10598808 0.9363472152585598 -3.784017127732925 1.34112 -1.2112899144904095 -2.269138511209445
18863 10598808 0.9403458134949063 -3.771771764083336 1.34112 -1.2112899144904095 -2.269138511209445
18864 10598808 0.9547545561964961 -3.7276462270498416 1.34112 -1.2112899144904095 -2.269138511209445
18865 10598808 0.9853300494179971 -3.6340114045426533 1.34112 -1.2112899144904095 -2.269138511209445
18866 10598808 0.9999067429930422 -3.597533970071855 1.34112 -1.2112899144904095 -2.269138511209445
18867 10598808 1.01576766441046 -3.5407988216244446 1.34112 -1.2112899144904095 -2.269138511209445
18868 10598808 1.029896209417325 -3.5056936970270343 1.34112 -1.2112899144904095 -2.269138511209445
18869 10598808 1.0457527106640716 -3.457134466561835 1.34112 -1.2112899144904095 -2.269138511209445
18870 10598808 1.0615058011497962 -3.4088919228685888 1.34112 -1.2112899144904095 -2.269138511209445
18871 10598808 1.0784353841326997 -3.3488843078079777 1.34112 -1.2112899144904095 -2.269138511209445
18872 10598808 1.0922463356922234 -3.3019642954214268 1.34112 -1.2112899144904095 -2.269138511209445
18873 10598808 1.1060572872517471 -3.2550442830348763 1.34112 -1.2112899144904095 -2.269138511209445
18874 10598808 1.113036709594407 -3.2301335721168947 1.34112 -1.2112899144904095 -2.269138511209445
18875 10598808 1.120016131937067 -3.2052228611989135 1.34112 -1.2112899144904095 -2.269138511209445
18876 10598808 1.1478185979075928 -3.1271540184167255 1.34112 -1.2112899144904095 -2.269138511209445
18877 10598808 1.1599919365328486 -3.0875164228996654 1.34112 -1.2112899144904095 -2.269138511209445
18878 10598808 1.1721652751581042 -3.0478788273826054 1.34112 -1.2112899144904095 -2.269138511209445
18879 10598808 1.18433861378336 -3.0082412318655454 1.34112 -1.2112899144904095 -2.269138511209445
18880 10598808 1.2173116437284353 -2.9143378018646513 1.34112 -1.2112899144904095 -2.269138511209445
18881 10598808 1.2317517428990263 -2.868937414419919 1.34112 -1.2112899144904095 -2.269138511209445
18882 10598808 1.2461918420696174 -2.8235370269751865 1.34112 -1.2112899144904095 -2.269138511209445
18883 10598808 1.2606319412402085 -2.7781366395304543 1.34112 -1.2112899144904095 -2.269138511209445
18884 10598808 1.2745957563465942 -2.7365525869257623 1.34112 -1.2112899144904095 -2.269138511209445
18885 10598808 1.28855957145298 -2.6949685343210708 1.34112 -1.2112899144904095 -2.269138511209445
18886 10598808 1.3025233865593657 -2.6533844817163788 1.34112 -1.2112899144904095 -2.269138511209445
18887 10598808 1.325764497711214 -2.5786741140074607 1.34112 -1.2112899144904095 -2.269138511209445
18888 10598808 1.3409622100098049 -2.533900756411807 1.34112 -1.2112899144904095 -2.269138511209445
18889 10598808 1.3561599223083958 -2.4891273988161537 1.34112 -1.2112899144904095 -2.269138511209445
18890 10598808 1.3608291276524076 -2.467755402695565 1.34112 -1.2112899144904095 -2.269138511209445
18891 10598808 1.3861495081314241 -2.397286979544862 1.34112 -1.2112899144904095 -2.269138511209445
18892 10598808 1.4041492674332972 -2.351413447190712 1.34112 -1.2112899144904095 -2.269138511209445
18893 10598808 1.4129565450581734 -2.3244419130098386 1.34112 -1.2112899144904095 -2.269138511209445
18894 10598808 1.4217638226830496 -2.2974703788289648 1.34112 -1.2112899144904095 -2.269138511209445
18895 10598808 1.4508167217914063 -2.1992494302858177 1.34112 -1.2112899144904095 -2.269138511209445
18896 10598808 1.466002581333691 -2.1550562665868886 1.34112 -1.2112899144904095 -2.269138511209445
18897 10598808 1.4811884408759757 -2.1108631028879596 1.34112 -1.2112899144904095 -2.269138511209445
18898 10598808 1.4963743004182606 -2.06666993918903 1.34112 -1.2112899144904095 -2.269138511209445
18899 10598808 1.5115601599605453 -2.022476775490101 1.34112 -1.2112899144904095 -2.269138511209445
18900 10598808 1.5139672399430086 -2.005856622354256 1.34112 -1.2112899144904095 -2.269138511209445
18901 10598808 1.5340351034535198 -1.953649182261196 1.34112 -1.2112899144904095 -2.269138511209445
18902 10598808 1.554987510430763 -1.8802357150666946 1.34112 -1.2112899144904095 -2.269138511209445
18903 10598808 1.575497648727298 -1.817425251635677 1.34112 -1.2112899144904095 -2.269138511209445
18904 10598808 1.584908183449752 -1.7886063309352302 1.34112 -1.2112899144904095 -2.269138511209445
18905 10598808 1.5972171479862747 -1.7555353742632795 1.34112 -1.2112899144904095 -2.269138511209445
18906 10598808 1.6095261125227973 -1.722464417591329 1.34112 -1.2112899144904095 -2.269138511209445
18907 10598808 1.6255550289556118 -1.6733772301547571 1.34112 -1.2112899144904095 -2.269138511209445
18908 10598808 1.6354768883636308 -1.6337441950809664 1.34112 -1.2112899144904095 -2.269138511209445
18909 10598808 1.6575726930996295 -1.566077768802068 1.34112 -1.2112899144904095 -2.269138511209445
18910 10598808 1.6712529920450638 -1.5224151029444513 1.34112 -1.2112899144904095 -2.269138511209445
18911 10598808 1.684933290990498 -1.4787524370868348 1.34112 -1.2112899144904095 -2.269138511209445
18912 10598808 1.6986135899359323 -1.4350897712292183 1.34112 -1.2112899144904095 -2.269138511209445
18913 10598808 1.7122938888813666 -1.3914271053716016 1.34112 -1.2112899144904095 -2.269138511209445
18914 10598808 1.736441981057758 -1.324547623854505 1.34112 -1.2112899144904095 -2.269138511209445
18915 10598808 1.7444299872247542 -1.2965491839275367 1.34112 -1.2112899144904095 -2.269138511209445
18916 10598808 1.7524179933917505 -1.2685507440005683 1.34112 -1.2112899144904095 -2.269138511209445
18917 10598808 1.7764442005949441 -1.194972704662485 1.34112 -1.2112899144904095 -2.269138511209445
18918 10598808 1.788354280409473 -1.1489796649206747 1.34112 -1.2112899144904095 -2.269138511209445
18919 10598808 1.8069509382979707 -1.101548638940039 1.34112 -1.2112899144904095 -2.269138511209445
18920 10598808 1.8168272722712473 -1.0617838755567905 1.34112 -1.2112899144904095 -2.269138511209445
18921 10598808 1.8340627414061328 -1.0090019146255245 1.34112 -1.2112899144904095 -2.269138511209445
18922 10598808 1.8469822907756115 -0.9626375712032594 1.34112 -1.2112899144904095 -2.269138511209445
18923 10598808 1.8625357395649362 -0.9218061050737439 1.34112 -1.2112899144904095 -2.269138511209445
18924 10598808 1.8846316161413574 -0.8541396146612728 1.34112 -1.2112899144904095 -2.269138511209445
18925 10598808 1.8886577004596568 -0.8350107728595744 1.34112 -1.2112899144904095 -2.269138511209445
18926 10598808 1.9128563292941339 -0.7609048775879668 1.34112 -1.2112899144904095 -2.269138511209445
18927 10598808 1.9273341427726713 -0.7165680128261126 1.34112 -1.2112899144904095 -2.269138511209445
18928 10598808 1.9461622677318118 -0.6657079282834973 1.34112 -1.2112899144904095 -2.269138511209445
18929 10598808 1.9581564248148111 -0.6272771988215273 1.34112 -1.2112899144904095 -2.269138511209445
18930 10598808 1.9701505818978104 -0.5888464693595573 1.34112 -1.2112899144904095 -2.269138511209445
18931 10598808 1.982403285333233 -0.5496240091660096 1.34112 -1.2112899144904095 -2.269138511209445
18932 10598808 1.9946559887686555 -0.5104015489724619 1.34112 -1.2112899144904095 -2.269138511209445
18933 10598808 2.012449931373367 -0.46270834833743535 1.34112 -1.2112899144904095 -2.269138511209445
18934 10598808 2.025031835608681 -0.42417747913316006 1.34112 -1.2112899144904095 -2.269138511209445
18935 10598808 2.044386582930422 -0.3744238916246072 1.34112 -1.2112899144904095 -2.269138511209445
18936 10598808 2.0587609621587943 -0.3304036806774061 1.34112 -1.2112899144904095 -2.269138511209445
18937 10561439 2.2184723191880273 1.6785220870616189 0.6096 -1.2112899144904095 -2.269138511209445
18937 10598808 2.073238755198088 -0.2860667743244073 1.34112 -1.2112899144904095 -2.269138511209445
18938 10561439 2.171357935562899 1.6457207797372253 0.57912 -1.2112899144904095 -2.269138511209445
18938 10598808 2.0883551802537967 -0.24684485287846017 1.34112 -1.2112899144904095 -2.269138511209445
18939 10561439 2.1262561073390325 1.6177238473400517 0.57912 -1.2112899144904095 -2.269138511209445
18939 10598808 2.1102260739239194 -0.1727965202375619 1.34112 -1.2112899144904095 -2.269138511209445
18940 10561439 2.0811542791151663 1.5897269149428779 0.57912 -1.2112899144904095 -2.269138511209445
18940 10598808 2.1230837361310586 -0.1334211147311865 1.34112 -1.2112899144904095 -2.269138511209445
18941 10561439 2.0366677683714145 1.56144172734062 0.57912 -1.2112899144904095 -2.269138511209445
18941 10598808 2.138855066498102 -0.09219345032985712 1.34112 -1.2112899144904095 -2.269138511209445
18942 10561439 1.9921812576276625 1.5331565397383624 0.57912 -1.2112899144904095 -2.269138511209445
18942 10598808 2.156761852460252 -0.03028498681211131 1.34112 -1.2112899144904095 -2.269138511209445
18943 10561439 1.953986044695517 1.516251427717744 0.57912 -1.2112899144904095 -2.269138511209445
18943 10598808 2.165551945324748 -0.003366137237846928 1.34112 -1.2112899144904095 -2.269138511209445
18944 10598808 2.174342038189244 0.023552712336417453 1.34112 -1.2112899144904095 -2.269138511209445
18944 10561439 1.9157908317633716 1.4993463156971252 0.57912 -1.2112899144904095 -2.269138511209445
18945 10598808 2.1888198393242058 0.06788964464568661 1.34112 -1.2112899144904095 -2.269138511209445
18945 10561439 1.8690293258549788 1.4798657848203833 0.57912 -1.2112899144904095 -2.269138511209445
18946 10598808 2.212967549879088 0.1347694305020006 1.34112 -1.2112899144904095 -2.269138511209445
18946 10561439 1.822267819946586 1.4603852539436415 0.57912 -1.2112899144904095 -2.269138511209445
18947 10598808 2.225772707772818 0.18105440090351596 1.34112 -1.2112899144904095 -2.269138511209445
18947 10561439 1.7917514744450738 1.448507493848569 0.57912 -1.2112899144904095 -2.269138511209445
18948 10598808 2.2401815705801074 0.2251802164512329 1.34112 -1.2112899144904095 -2.269138511209445
18948 10561439 1.6939032135052665 1.4207738034498512 0.57912 -1.2112899144904095 -2.269138511209445
18949 10561439 1.6438995507560736 1.4117577756609978 0.57912 -1.2112899144904095 -2.269138511209445
18949 10598808 2.2603306113161317 0.27981459059955727 1.34112 -1.2112899144904095 -2.269138511209445
18950 10561439 1.5926542359170754 1.3989419453259677 0.57912 -1.2112899144904095 -2.269138511209445
18950 10598808 2.2674316244954853 0.3015608115889374 1.34112 -1.2112899144904095 -2.269138511209445
18951 10598808 2.274532637674839 0.3233070325783175 1.34112 -1.2112899144904095 -2.269138511209445
18951 10561439 1.5445995790557898 1.3904580183850603 0.57912 -1.2112899144904095 -2.269138511209445
18952 10561439 1.5189158734648778 1.386582086478975 0.57912 -1.2112899144904095 -2.269138511209445
18952 10598808 2.2972055316732174 0.396275814127356 1.34112 -1.2112899144904095 -2.269138511209445
18953 10598808 2.3079649589035567 0.4274580724588962 1.34112 -1.2112899144904095 -2.269138511209445
18953 10561439 1.4932321678739657 1.3827061545728898 0.57912 -1.2112899144904095 -2.269138511209445
18954 10598808 2.318724386133896 0.4586403307904364 1.34112 -1.2112899144904095 -2.269138511209445
18954 10561439 1.4314948194662427 1.3812631966999909 0.57912 -1.2112899144904095 -2.269138511209445
18955 10561439 1.3821109644998468 1.374149057455101 0.57912 -1.2112899144904095 -2.269138511209445
18955 10598808 2.3396303281202355 0.5297328828869063 1.34112 -1.2112899144904095 -2.269138511209445
18956 10598808 2.3541081408342777 0.5740698523190342 1.34112 -1.2112899144904095 -2.269138511209445
18956 10561439 1.3146528459064881 1.3667486805892388 0.57912 -1.2112899144904095 -2.269138511209445
18957 10598808 2.372361185565344 0.6228982591756743 1.34112 -1.2112899144904095 -2.269138511209445
18957 10561439 1.270150975366575 1.3643879692395493 0.57912 -1.2112899144904095 -2.269138511209445
18958 10598808 2.3830292983164343 0.662638236706183 1.34112 -1.2112899144904095 -2.269138511209445
18958 10561439 1.225649104826662 1.3620272578898596 0.57912 -1.2112899144904095 -2.269138511209445
18959 10561439 1.1811472342867488 1.35966654654017 0.57912 -1.2112899144904095 -2.269138511209445
18959 10598808 2.403815305536466 0.7262934721163657 1.34112 -1.2112899144904095 -2.269138511209445
18960 10561439 1.1330214541487 1.3564071575978378 0.57912 -1.2112899144904095 -2.269138511209445
18960 10598808 2.418293122745607 0.770630455963747 1.34112 -1.2112899144904095 -2.269138511209445
18961 10598808 2.4370287077607147 0.8209367977323471 1.34112 -1.2112899144904095 -2.269138511209445
18961 10561439 1.0848956740106512 1.3531477686555058 0.57912 -1.2112899144904095 -2.269138511209445
18962 10561439 1.0279707956207271 1.350135404053148 0.57912 -1.2112899144904095 -2.269138511209445
18962 10598808 2.449679552687095 0.8596788861556405 1.34112 -1.2112899144904095 -2.269138511209445
18963 10561439 0.9866940218296004 1.3460992843514892 0.57912 -1.2112899144904095 -2.269138511209445
18963 10598808 2.460761969545283 0.8936178031221595 1.34112 -1.2112899144904095 -2.269138511209445
18964 10598808 2.471844386403471 0.9275567200886787 1.34112 -1.2112899144904095 -2.269138511209445
18964 10561439 0.9454172480384738 1.3420631646498302 0.57912 -1.2112899144904095 -2.269138511209445
18965 10561439 0.9041404742473471 1.3380270449481715 0.57912 -1.2112899144904095 -2.269138511209445
18965 10598808 2.4859774853481946 0.9708380800752402 1.34112 -1.2112899144904095 -2.269138511209445
18966 10598808 2.5001795272111007 1.014330571766486 1.34112 -1.2112899144904095 -2.269138511209445
18966 10561439 0.8424536385852438 1.3313147990671341 0.57912 -1.2112899144904095 -2.269138511209445
18967 10561439 0.7940121199980354 1.328452517596032 0.57912 -1.2112899144904095 -2.269138511209445
18967 10598808 2.514381570051172 1.0578230665884145 1.34112 -1.2112899144904095 -2.269138511209445
18968 10598808 2.5301692790133874 1.1061715232431892 1.34112 -1.2112899144904095 -2.269138511209445
18968 10561439 0.741542302712099 1.3214160034900482 0.57912 -1.2112899144904095 -2.269138511209445
18969 10598808 2.5459569891829084 1.1545199837643532 1.34112 -1.2112899144904095 -2.269138511209445
18969 10561439 0.6960681838322771 1.3167667326333006 0.57912 -1.2112899144904095 -2.269138511209445
18970 10561439 0.6540189252700817 1.309012300904526 0.57912 -1.2112899144904095 -2.269138511209445
18970 10598808 2.5579351689004577 1.198271388537857 1.34112 -1.2112899144904095 -2.269138511209445
18971 10598808 2.5743610821295437 1.2415049967094047 1.34112 -1.2112899144904095 -2.269138511209445
18971 10561439 0.5926111044878273 1.307234407670723 0.57912 -1.2112899144904095 -2.269138511209445
18972 10598808 2.586977464471646 1.280141547734501 1.34112 -1.2112899144904095 -2.269138511209445
18972 10561439 0.5513293384577558 1.2991128161212988 0.57912 -1.2112899144904095 -2.269138511209445
18973 10598808 2.6027651789799044 1.328490022169473 1.34112 -1.2112899144904095 -2.269138511209445
18973 10561439 0.4946314285067851 1.2954458286726387 0.57912 -1.2112899144904095 -2.269138511209445
18974 10561439 0.4442032563282768 1.2903141562510623 0.57912 -1.2112899144904095 -2.269138511209445
18974 10598808 2.6185184236972185 1.376732936102862 1.34112 -1.2112899144904095 -2.269138511209445
18975 10561439 0.37312213274980266 1.2809511440888042 0.57912 -1.2112899144904095 -2.269138511209445
18975 10598808 2.6301174928952715 1.4193231271838995 1.34112 -1.2112899144904095 -2.269138511209445
18976 10561439 0.3204134824594628 1.277266594318094 0.57912 -1.2112899144904095 -2.269138511209445
18976 10598808 2.646180993450201 1.4685161229971322 1.34112 -1.2112899144904095 -2.269138511209445
18977 10598808 2.660624356602659 1.5127475969000799 1.34112 -1.2112899144904095 -2.269138511209445
18977 10561439 0.2720869309331999 1.276122291694801 0.57912 -1.2112899144904095 -2.269138511209445
18978 10598808 2.6751021918037 1.5570846384287436 1.34112 -1.2112899144904095 -2.269138511209445
18978 10561439 0.22144152156959596 1.2722313045530722 0.57912 -1.2112899144904095 -2.269138511209445
18979 10598808 2.691079883686219 1.5989459701249735 1.34112 -1.2112899144904095 -2.269138511209445
18979 10561439 0.18269737166430244 1.2688899452356532 0.57912 -1.2112899144904095 -2.269138511209445
18980 10561439 0.12892697499717554 1.2701101669302468 0.57912 -1.2112899144904095 -2.269138511209445
18980 10598808 2.706936548167392 1.647505598885415 1.34112 -1.2112899144904095 -2.269138511209445
18981 10598808 2.7225186511503994 1.7118088485418548 1.34112 -1.2112899144904095 -2.269138511209445
18981 10561439 0.07624349533654073 1.2692229664952526 0.57912 -1.2112899144904095 -2.269138511209445
18982 10598808 2.7327722454162133 1.7336938861201547 1.34112 -1.2112899144904095 -2.269138511209445
18982 10561439 0.019315557948025752 1.266218661879426 0.57912 -1.2112899144904095 -2.269138511209445
18983 10561439 -0.02399949674407298 1.2668260420069488 0.57912 0.8097307648880201 -0.634767786512408
18983 10598808 2.7472892652837255 1.7805297957191006 1.34112 0.8097307648880201 -0.634767786512408
18984 10598808 2.7618062851512377 1.8273657053180465 1.34112 0.8097307648880201 -0.634767786512408
18984 10561439 -0.0575831807341238 1.2650118262694745 0.57912 0.8097307648880201 -0.634767786512408
18985 10561439 -0.09116686472417462 1.2631976105320004 0.57912 0.8097307648880201 -0.634767786512408
18985 10598808 2.7713594837289315 1.8590003382751072 1.34112 0.8097307648880201 -0.634767786512408
18986 10561439 -0.1337967566079963 1.2614202822583627 0.57912 0.8097307648880201 -0.634767786512408
18986 10598808 2.7809126823066252 1.890634971232168 1.34112 0.8097307648880201 -0.634767786512408
18987 10561439 -0.176426648491818 1.2596429539847251 0.57912 0.8097307648880201 -0.634767786512408
18987 10598808 2.795114775023835 1.9341275191056333 1.34112 0.8097307648880201 -0.634767786512408
18988 10561439 -0.22939565018369956 1.249738075106901 0.57912 0.8097307648880201 -0.634767786512408
18988 10598808 2.8124537390566067 1.987226434948469 1.34112 0.8097307648880201 -0.634767786512408
18989 10561439 -0.2631612347239567 1.2496781909187342 0.57912 0.8097307648880201 -0.634767786512408
18989 10598808 2.8226854644774937 2.0253566991209424 1.34112 0.8097307648880201 -0.634767786512408
18990 10598808 2.84360944450448 2.0894343214631173 1.34112 0.8097307648880201 -0.634767786512408
18990 10561439 -0.31939138125597477 1.2460976346037735 0.57912 0.8097307648880201 -0.634767786512408
18991 10598808 2.858196897674386 2.1273104758711043 1.34112 0.8097307648880201 -0.634767786512408
18991 10561439 -0.36241211418537955 1.2438066080548527 0.57912 0.8097307648880201 -0.634767786512408
18992 10561439 -0.40440116186207864 1.241412157793296 0.57912 0.8097307648880201 -0.634767786512408
18992 10598808 2.872433466816453 2.1709086052551765 1.34112 0.8097307648880201 -0.634767786512408
18993 10598808 2.8788389510843384 2.1973212067158494 1.34112 0.8097307648880201 -0.634767786512408
18993 10561439 -0.437662320666208 1.2415385951076214 0.57912 0.8097307648880201 -0.634767786512408
18994 10561439 -0.5053711952462281 1.236805445618818 0.57912 0.8097307648880201 -0.634767786512408
18994 10598808 2.8948295054041884 2.245319831423213 1.34112 0.8097307648880201 -0.634767786512408
18995 10561439 -0.524950194623314 1.2353209939386467 0.57912 0.8097307648880201 -0.634767786512408
18995 10598808 2.9108200597240383 2.2933184561305766 1.34112 0.8097307648880201 -0.634767786512408
18996 10598808 2.9268106140438883 2.34131708083794 1.34112 0.8097307648880201 -0.634767786512408
18996 10561439 -0.5445291940004 1.2338365422584754 0.57912 0.8097307648880201 -0.634767786512408
18997 10598808 2.9428011683637383 2.3893157055453034 1.34112 0.8097307648880201 -0.634767786512408
18997 10561439 -0.6000783532687151 1.2350592071186008 0.57912 0.8097307648880201 -0.634767786512408
18998 10561439 -0.652263447628527 1.2302751128457168 0.57912 0.8097307648880201 -0.634767786512408
18998 10598808 2.9587917226835883 2.4373143302526667 1.34112 0.8097307648880201 -0.634767786512408
18999 10598808 2.9747822770034382 2.4853129549600306 1.34112 0.8097307648880201 -0.634767786512408
18999 10561439 -0.7016463523784571 1.2297158174667782 0.57912 0.8097307648880201 -0.634767786512408
19000 10561439 -0.7135948936281522 1.2284822596885465 0.54864 0.8097307648880201 -0.634767786512408
19000 10598808 2.990772831323288 2.533311579667394 1.34112 0.8097307648880201 -0.634767786512408
19001 10561439 -0.7646225791910111 1.2234372384204788 0.54864 0.8097307648880201 -0.634767786512408
19001 10598808 3.0050601944491504 2.5687741125429153 1.34112 0.8097307648880201 -0.634767786512408
19002 10598808 3.0193475575750126 2.6042366454184367 1.34112 0.8097307648880201 -0.634767786512408
19002 10561439 -0.803263359704643 1.222052998866174 0.54864 0.8097307648880201 -0.634767786512408
19003 10561439 -0.8433017026001384 1.2218270062951455 0.54864 0.8097307648880201 -0.634767786512408
19003 10598808 3.0344630691182193 2.6575943898673335 1.34112 0.8097307648880201 -0.634767786512408
19004 10561439 -0.8929247790706512 1.2221653062730613 0.54864 0.8097307648880201 -0.634767786512408
19004 10598808 3.0430291793310156 2.676759517374202 1.34112 0.8097307648880201 -0.634767786512408
19005 10598808 3.0633498507081454 2.7460575149204423 1.34112 0.8097307648880201 -0.634767786512408
19005 10561439 -0.933032296513314 1.2217287221302353 0.54864 0.8097307648880201 -0.634767786512408
19006 10598808 3.082464083879791 2.7975254253502486 1.34112 0.8097307648880201 -0.634767786512408
19006 10561439 -0.9760748065000147 1.221551187330595 0.54864 0.8097307648880201 -0.634767786512408
19007 10598808 3.0966661667322253 2.8410180484682823 1.34112 0.8097307648880201 -0.634767786512408
19007 10561439 -1.0262140274455716 1.2219423028160115 0.54864 0.8097307648880201 -0.634767786512408
19008 10598808 3.1108682505611 2.884510674717688 1.34112 0.8097307648880201 -0.634767786512408
19008 10561439 -1.0574524427089314 1.2269012145301257 0.54864 0.8097307648880201 -0.634767786512408
19009 10598808 3.130796468348156 2.93629690485442 1.34112 0.8097307648880201 -0.634767786512408
19009 10561439 -1.1008432047321295 1.223216289384057 0.54864 0.8097307648880201 -0.634767786512408
19010 10598808 3.153850909100713 2.998744387920648 1.34112 0.8097307648880201 -0.634767786512408
19010 10561439 -1.158701657404688 1.2214593948728678 0.54864 0.8097307648880201 -0.634767786512408
19011 10598808 3.1580285920399565 3.0196929866207154 1.34112 0.8097307648880201 -0.634767786512408
19011 10561439 -1.1922959376943492 1.2219316657145551 0.54864 0.8097307648880201 -0.634767786512408
19012 10561439 -1.2374165688783865 1.2197479811111092 0.54864 0.8097307648880201 -0.634767786512408
19012 10598808 3.1701418067206335 3.0527113369200602 1.34112 0.8097307648880201 -0.634767786512408
19013 10598808 3.1822550214013106 3.0857296872194047 1.34112 0.8097307648880201 -0.634767786512408
19013 10561439 -1.2601108755991148 1.2168890550754974 0.5181600000000001 0.8097307648880201 -0.634767786512408
19014 10598808 3.2013036268104806 3.1481418113022577 1.34112 0.8097307648880201 -0.634767786512408
19014 10561439 -1.3052875603319487 1.2087654079349965 0.5181600000000001 0.8097307648880201 -0.634767786512408
19015 10598808 3.211513980613063 3.177371541022093 1.34112 0.8097307648880201 -0.634767786512408
19015 10561439 -1.3504642450647826 1.2006417607944955 0.5181600000000001 0.8097307648880201 -0.634767786512408
19016 10598808 3.2217243344156445 3.206601270741928 1.34112 0.8097307648880201 -0.634767786512408
19016 10561439 -1.3917689852088162 1.1859164218376637 0.5181600000000001 0.8097307648880201 -0.634767786512408
19017 10598808 3.239966282051908 3.270620253934247 1.34112 0.8097307648880201 -0.634767786512408
19017 10561439 -1.43307372535285 1.171191082880832 0.5181600000000001 0.8097307648880201 -0.634767786512408
19018 10561439 -1.4743784654968837 1.1564657439240003 0.5181600000000001 0.8097307648880201 -0.634767786512408
19018 10598808 3.2543062429200544 3.3145351755406214 1.34112 0.8097307648880201 -0.634767786512408
19019 10561439 -1.5086277819930165 1.1372907450582779 0.54864 0.8097307648880201 -0.634767786512408
19019 10598808 3.268666906954115 3.355795403260172 1.34112 0.8097307648880201 -0.634767786512408
19020 10561439 -1.5417038386460282 1.1106634142365324 0.54356 0.8097307648880201 -0.634767786512408
19020 10598808 3.2830275709881755 3.397055630979723 1.34112 0.8097307648880201 -0.634767786512408
19021 10561439 -1.57477989529904 1.0840360834147866 0.5384800000000001 0.8097307648880201 -0.634767786512408
19021 10598808 3.297388235022236 3.4383158586992737 1.34112 0.8097307648880201 -0.634767786512408
19022 10561439 -1.6078559519520517 1.0574087525930411 0.5334000000000001 0.8097307648880201 -0.634767786512408
19022 10598808 3.310494079947958 3.4866056923897015 1.34112 0.8097307648880201 -0.634767786512408
19023 10598808 3.3249374599371078 3.5308373271960627 1.34112 0.8097307648880201 -0.634767786512408
19023 10561439 -1.6409320086050634 1.0307814217712956 0.52832 0.8097307648880201 -0.634767786512408
19024 10561439 -1.674008065258075 1.0041540909495499 0.52324 0.8097307648880201 -0.634767786512408
19024 10598808 3.339380839926258 3.5750689620024243 1.34112 0.8097307648880201 -0.634767786512408
19025 10598808 3.353824219915408 3.6193005968087855 1.34112 0.8097307648880201 -0.634767786512408
19025 10561439 -1.7070841219110868 0.9775267601278044 0.5181600000000001 0.8097307648880201 -0.634767786512408
19026 10598808 3.3688007955746646 3.670601033728813 1.34112 0.8097307648880201 -0.634767786512408
19026 10561439 -1.7376261988442525 0.9341219602219457 0.5181600000000001 0.8097307648880201 -0.634767786512408
19027 10561439 -1.758416870010145 0.8980817627603926 0.5181600000000001 0.8097307648880201 -0.634767786512408
19027 10598808 3.3837773712339216 3.7219014706488402 1.34112 0.8097307648880201 -0.634767786512408
19028 10598808 3.3987539468931782 3.773201907568868 1.34112 0.8097307648880201 -0.634767786512408
19028 10561439 -1.7792075411760375 0.8620415652988395 0.5181600000000001 0.8097307648880201 -0.634767786512408
19029 10598808 3.4191693423106364 3.832188862607939 1.34112 0.8097307648880201 -0.634767786512408
19029 10561439 -1.79999821234193 0.8260013678372864 0.5181600000000001 0.8097307648880201 -0.634767786512408
19030 10598808 3.4314122053551586 3.876204512875569 1.34112 0.8097307648880201 -0.634767786512408
19030 10561439 -1.8128243691802541 0.7829935995249715 0.5181600000000001 0.8097307648880201 -0.634767786512408
19031 10561439 -1.825713332054918 0.7354495874058962 0.5181600000000001 0.8097307648880201 -0.634767786512408
19031 10598808 3.443655068399681 3.920220163143199 1.34112 0.8097307648880201 -0.634767786512408
19032 10598808 3.4593739399385868 3.968357708034174 1.34112 0.8097307648880201 -0.634767786512408
19032 10561439 -1.8386022949295817 0.6879055752868208 0.5181600000000001 0.8097307648880201 -0.634767786512408
19033 10598808 3.4724012547734477 4.0116499301041415 1.34112 0.8097307648880201 -0.634767786512408
19033 10561439 -1.8450788478095295 0.6518173511496457 0.5181600000000001 0.8097307648880201 -0.634767786512408
19034 10598808 3.4854285696083087 4.0549421521741085 1.34112 0.8097307648880201 -0.634767786512408
19034 10561439 -1.8515487655333696 0.6021734264059808 0.48768 0.8097307648880201 -0.634767786512408
19035 10561439 -1.8540687021792441 0.5282197100104583 0.48768 0.8097307648880201 -0.634767786512408
19035 10598808 3.501492170685979 4.104135351352199 1.34112 0.8097307648880201 -0.634767786512408
19036 10561439 -1.8565958375488336 0.48628274259768667 0.48768 0.8097307648880201 -0.634767786512408
19036 10598808 3.518499837985972 4.153954851944984 1.34112 0.8097307648880201 -0.634767786512408
19037 10561439 -1.857725140012255 0.4624661722044977 0.48768 0.8097307648880201 -0.634767786512408
19037 10598808 3.5355075052859646 4.203774352537769 1.34112 0.8097307648880201 -0.634767786512408
19038 10561439 -1.8588544424756763 0.43864960181130874 0.48768 0.8097307648880201 -0.634767786512408
19038 10598808 3.5525151725859576 4.253593853130553 1.34112 0.8097307648880201 -0.634767786512408
19039 10561439 -1.8498822498907221 0.36561024259812136 0.48768 0.8097307648880201 -0.634767786512408
19039 10598808 3.552590655616087 4.252384837076738 1.341078643147897 0.8097307648880201 -0.634767786512408
19040 10598808 3.552666138646217 4.251175821022922 1.3410372862957938 0.8097307648880201 -0.634767786512408
19040 10561439 -1.8454615380590387 0.3221015891615644 0.48768 0.8097307648880201 -0.634767786512408
19041 10561439 -1.8303296503439201 0.26924711715249106 0.48768 0.8097307648880201 -0.634767786512408
19041 10598808 3.5527416216763466 4.249966804969106 1.3409959294436908 0.8097307648880201 -0.634767786512408
19042 10598808 3.5528171047064765 4.24875778891529 1.3409545725915877 0.8097307648880201 -0.634767786512408
19042 10561439 -1.8131258136201327 0.22272541265551002 0.48768 0.8097307648880201 -0.634767786512408
19043 10598808 3.552892587736606 4.2475487728614745 1.3409132157394845 0.8097307648880201 -0.634767786512408
19043 10561439 -1.803712890990535 0.2015361186171782 0.48768 0.8097307648880201 -0.634767786512408
19044 10561439 -1.7705525208824182 0.1492109136783448 0.48768 0.8097307648880201 -0.634767786512408
19044 10598808 3.5529680707667355 4.246339756807659 1.3408718588873814 0.8097307648880201 -0.634767786512408
19045 10561439 -1.7395364462429102 0.11639857580639343 0.48768 0.8097307648880201 -0.634767786512408
19045 10598808 3.5530435537968654 4.245130740753843 1.3408305020352782 0.8097307648880201 -0.634767786512408
19046 10561439 -1.7112632229498217 0.09149398852015442 0.48768 0.8097307648880201 -0.634767786512408
19046 10598808 3.553119036826995 4.243921724700027 1.340789145183175 0.8097307648880201 -0.634767786512408
19047 10598808 3.5531945198571244 4.242712708646211 1.340747788331072 0.8097307648880201 -0.634767786512408
19047 10561439 -1.6984076179164125 0.08191438924631819 0.48768 0.8097307648880201 -0.634767786512408
19048 10561439 -1.6377970749606072 0.04561510507852026 0.45720000000000005 0.8097307648880201 -0.634767786512408
19048 10598808 3.5532700028872544 4.241503692592396 1.340706431478969 0.8097307648880201 -0.634767786512408
19049 10561439 -1.608723292614359 0.03347683269977855 0.45720000000000005 0.8097307648880201 -0.634767786512408
19049 10598808 3.553345485917384 4.24029467653858 1.3406650746268658 0.8097307648880201 -0.634767786512408
19050 10561439 -1.579649510268111 0.021338560321036842 0.45720000000000005 0.8097307648880201 -0.634767786512408
19050 10598808 3.553420968947514 4.239085660484764 1.3406237177747626 0.8097307648880201 -0.634767786512408
19051 10598808 3.5534964519776433 4.237876644430949 1.3405823609226595 0.8097307648880201 -0.634767786512408
19051 10561439 -1.541132594516984 0.008740810391837578 0.45720000000000005 0.8097307648880201 -0.634767786512408
19052 10561439 -1.5194667991155837 0.0016546686667781862 0.45720000000000005 0.8097307648880201 -0.634767786512408
19052 10598808 3.553571935007773 4.236667628377132 1.3405410040705563 0.8097307648880201 -0.634767786512408
19053 10561439 -1.4665573495618862 -0.010392191703293113 0.45720000000000005 0.8097307648880201 -0.634767786512408
19053 10598808 3.5536474180379027 4.235458612323317 1.3404996472184534 0.8097307648880201 -0.634767786512408
19054 10561439 -1.4247609087410653 -0.012962258188611547 0.45720000000000005 0.8097307648880201 -0.634767786512408
19054 10598808 3.5537229010680322 4.2342495962695015 1.3404582903663502 0.8097307648880201 -0.634767786512408
19055 10598808 3.553798384098162 4.233040580215685 1.340416933514247 0.8097307648880201 -0.634767786512408
19055 10561439 -1.3735253311975624 -0.024694640883347302 0.45720000000000005 0.8097307648880201 -0.634767786512408
19056 10561439 -1.3262499253939277 -0.029523338259521942 0.42672000000000004 0.8097307648880201 -0.634767786512408
19056 10598808 3.5538738671282917 4.23183156416187 1.340375576662144 0.8097307648880201 -0.634767786512408
19057 10598808 3.553949350158421 4.2306225481080535 1.3403342198100408 0.8097307648880201 -0.634767786512408
19057 10561439 -1.3027200533031127 -0.03090919321830779 0.42672000000000004 0.8097307648880201 -0.634767786512408
19058 10598808 3.554024833188551 4.229413532054238 1.3402928629579376 0.8097307648880201 -0.634767786512408
19058 10561439 -1.2546077395993336 -0.03589428659806762 0.42672000000000004 0.8097307648880201 -0.634767786512408
19059 10598808 3.5541003162186806 4.228204516000422 1.3402515061058347 0.8097307648880201 -0.634767786512408
19059 10561439 -1.210818314469382 -0.040516928783246225 0.42672000000000004 0.8097307648880201 -0.634767786512408
19060 10598808 3.5541757992488106 4.226995499946606 1.3402101492537315 0.8097307648880201 -0.634767786512408
19060 10561439 -1.174345868061318 -0.045784309991885236 0.42672000000000004 0.8097307648880201 -0.634767786512408
19061 10598808 3.55425128227894 4.225786483892791 1.3401687924016283 0.8097307648880201 -0.634767786512408
19061 10561439 -1.1263026558614366 -0.05097962815563242 0.39624000000000004 0.8097307648880201 -0.634767786512408
19062 10598808 3.5543267653090695 4.224577467838975 1.3401274355495252 0.8097307648880201 -0.634767786512408
19062 10561439 -1.085024168074877 -0.055130927675147184 0.39624000000000004 0.8097307648880201 -0.634767786512408
19063 10598808 3.5544022483391995 4.223368451785159 1.340086078697422 0.8097307648880201 -0.634767786512408
19063 10561439 -1.0592941538036547 -0.05793646695098789 0.39624000000000004 0.8097307648880201 -0.634767786512408
19064 10598808 3.554477731369329 4.222159435731343 1.3400447218453189 0.8097307648880201 -0.634767786512408
19064 10561439 -1.017920789223122 -0.05908068555625326 0.39624000000000004 0.8097307648880201 -0.634767786512408
19065 10598808 3.5545532143994585 4.220950419677528 1.340003364993216 0.8097307648880201 -0.634767786512408
19065 10561439 -0.989744673607226 -0.05847970523670579 0.381 0.8097307648880201 -0.634767786512408
19066 10561439 -0.96156855799133 -0.057878724917158314 0.36576 0.8097307648880201 -0.634767786512408
19066 10598808 3.5546286974295884 4.219741403623712 1.3399620081411128 0.8097307648880201 -0.634767786512408
19067 10598808 3.554704180459718 4.218532387569896 1.3399206512890096 0.8097307648880201 -0.634767786512408
19067 10561439 -0.9215069225074355 -0.05216758278654346 0.36576 0.8097307648880201 -0.634767786512408
19068 10598808 3.554779663489848 4.2173233715160805 1.3398792944369065 0.8097307648880201 -0.634767786512408
19068 10561439 -0.8818008872374439 -0.04645681683096706 0.33528 0.8097307648880201 -0.634767786512408
19069 10598808 3.5548551465199774 4.216114355462264 1.3398379375848033 0.8097307648880201 -0.634767786512408
19069 10561439 -0.8314311606949731 -0.04154532313875878 0.33528 0.8097307648880201 -0.634767786512408
19070 10561439 -0.7939368461042842 -0.03417631672071089 0.33528 0.8097307648880201 -0.634767786512408
19070 10598808 3.554930629550107 4.214905339408449 1.3397965807327001 0.8097307648880201 -0.634767786512408
19071 10598808 3.555006112580237 4.213696323354633 1.3397552238805972 0.8097307648880201 -0.634767786512408
19071 10561439 -0.7469946122980187 -0.027793165816797222 0.33528 0.8097307648880201 -0.634767786512408
19072 10561439 -0.706109516818411 -0.023635421316156674 0.33528 0.8097307648880201 -0.634767786512408
19072 10598808 3.5550815956103663 4.212487307300817 1.339713867028494 0.8097307648880201 -0.634767786512408
19073 10598808 3.5551570786404962 4.211278291247002 1.3396725101763909 0.8097307648880201 -0.634767786512408
19073 10561439 -0.6659666716513235 -0.016313954101048606 0.33528 0.8097307648880201 -0.634767786512408
19074 10561439 -0.6207157693398797 -0.015101995332803791 0.33528 0.8097307648880201 -0.634767786512408
19074 10598808 3.5552325616706257 4.210069275193185 1.3396311533242877 0.8097307648880201 -0.634767786512408
19075 10598808 3.5553080447007552 4.20886025913937 1.3395897964721846 0.8097307648880201 -0.634767786512408
19075 10561439 -0.5715954292348497 -0.00884579967717683 0.33528 0.8097307648880201 -0.634767786512408
19076 10598808 3.555383527730885 4.207651243085555 1.3395484396200814 0.8097307648880201 -0.634767786512408
19076 10561439 -0.5211464313746461 -0.003958352937444037 0.3048 0.8097307648880201 -0.634767786512408
19077 10561439 -0.5019744802783601 -0.005085397883622583 0.3048 0.8097307648880201 -0.634767786512408
19077 10598808 3.5554590107610147 4.206442227031738 1.3395070827679785 0.8097307648880201 -0.634767786512408
19078 10598808 3.5555344937911446 4.205233210977923 1.3394657259158753 0.8097307648880201 -0.634767786512408
19078 10561439 -0.4726431639607309 -0.0009463706245549097 0.3048 0.8097307648880201 -0.634767786512408
19079 10598808 3.555609976821274 4.204024194924107 1.3394243690637722 0.8097307648880201 -0.634767786512408
19079 10561439 -0.4433118476431017 0.003192656634512764 0.3048 0.8097307648880201 -0.634767786512408
19080 10561439 -0.41515822163373595 0.005088092967443364 0.3048 0.8097307648880201 -0.634767786512408
19080 10598808 3.5556854598514036 4.202815178870291 1.339383012211669 0.8097307648880201 -0.634767786512408
19081 10598808 3.5557609428815335 4.201606162816476 1.3393416553595658 0.8097307648880201 -0.634767786512408
19081 10561439 -0.3761677067214264 0.007530159785555296 0.3048 0.8097307648880201 -0.634767786512408
19082 10561439 -0.3321211188084985 0.009137429869898489 0.3048 0.8097307648880201 -0.634767786512408
19082 10598808 3.555836425911663 4.2003971467626595 1.3393002985074627 0.8097307648880201 -0.634767786512408
19083 10561439 -0.29853835372135995 0.004818888942079463 0.3048 0.8097307648880201 -0.634767786512408
19083 10598808 3.5559119089417925 4.199188130708844 1.3392589416553597 0.8097307648880201 -0.634767786512408
19084 10561439 -0.2602397103094667 0.0035154020959640986 0.3048 0.8097307648880201 -0.634767786512408
19084 10598808 3.5559873919719225 4.197979114655028 1.3392175848032566 0.8097307648880201 -0.634767786512408
19085 10561439 -0.23381149246042754 0.00013389481104050804 0.3048 0.8097307648880201 -0.634767786512408
19085 10598808 3.556062875002052 4.196770098601212 1.3391762279511534 0.8097307648880201 -0.634767786512408
19086 10598808 3.556138358032182 4.195561082547397 1.3391348710990503 0.8097307648880201 -0.634767786512408
19086 10561439 -0.18386317387062312 -0.0019396274661298285 0.3048 0.8097307648880201 -0.634767786512408
19087 10561439 -0.15034320312862026 7.194009196079265e-05 0.3048 0.8097307648880201 -0.634767786512408
19087 10598808 3.5562138410623114 4.194352066493581 1.3390935142469471 0.8097307648880201 -0.634767786512408
19088 10598808 3.556289324092441 4.193143050439765 1.339052157394844 0.8097307648880201 -0.634767786512408
19088 10561439 -0.13528874276680658 -0.0016944391029478367 0.3048 0.8097307648880201 -0.634767786512408
19089 10598808 3.556364807122571 4.191934034385949 1.339010800542741 0.8097307648880201 -0.634767786512408
19089 10561439 -0.0885231714533512 0.0017125828257694986 0.3048 0.8097307648880201 -0.634767786512408
19090 10561439 -0.049291709723509713 0.004895320663976771 0.27432 0.8097307648880201 -0.634767786512408
19090 10598808 3.5564402901527004 4.190725018332134 1.3389694436906379 0.8097307648880201 -0.634767786512408
19091 10561439 -0.0372039888073763 0.006552280392293691 0.27432 0.8097307648880201 -0.634767786512408
19091 10598808 3.5565157731828303 4.189516002278318 1.3389280868385347 0.8097307648880201 -0.634767786512408
19092 10598808 3.55659125621296 4.188306986224502 1.3388867299864315 0.8097307648880201 -0.634767786512408
19092 10561439 -0.0020448965442638745 0.008145541388328126 0.27432 0.8097307648880201 -0.634767786512408
19093 10561439 0.024529749589744288 0.007781420186250936 0.27432 0.8097307648880201 -0.634767786512408
19093 10598808 3.5566667392430893 4.1870979701706865 1.3388453731343284 0.8097307648880201 -0.634767786512408
19094 10598808 3.5567422222732192 4.18588895411687 1.3388040162822252 0.8097307648880201 -0.634767786512408
19094 10561439 0.05110439572375245 0.007417298984173747 0.27432 0.8097307648880201 -0.634767786512408
19095 10598808 3.5568177053033487 4.184679938063055 1.3387626594301223 0.8097307648880201 -0.634767786512408
19095 10561439 0.07767904185776062 0.007053177782096557 0.27432 0.8097307648880201 -0.634767786512408
19096 10561439 0.10425368799176878 0.006689056580019368 0.27432 0.8097307648880201 -0.634767786512408
19096 10598808 3.5568931883334787 4.183470922009239 1.3387213025780191 0.8097307648880201 -0.634767786512408
19097 10561439 0.13082833412577693 0.006324935377942178 0.27432 0.8097307648880201 -0.634767786512408
19097 10598808 3.556968671363608 4.182261905955423 1.338679945725916 0.8097307648880201 -0.634767786512408
19098 10561439 0.1574029802597851 0.005960814175864988 0.27432 0.8097307648880201 -0.634767786512408
19098 10598808 3.5570441543937377 4.181052889901608 1.3386385888738128 0.8097307648880201 -0.634767786512408
19099 10561439 0.18397762639379325 0.005596692973787799 0.27432 0.8097307648880201 -0.634767786512408
19100 10561439 0.21055227252780143 0.00523257177171061 0.27432 0.8097307648880201 -0.634767786512408
19101 10561439 0.2371269186618096 0.00486845056963342 0.27432 0.8097307648880201 -0.634767786512408
19102 10561439 0.26370156479581774 0.004504329367556231 0.27432 0.8097307648880201 -0.634767786512408
19103 10561439 0.2902762109298259 0.004140208165479041 0.27432 0.8097307648880201 -0.634767786512408
19104 10561439 0.3168508570638341 0.003776086963401851 0.27432 0.8097307648880201 -0.634767786512408
19105 10561439 0.34342550319784226 0.0034119657613246616 0.27432 0.8097307648880201 -0.634767786512408
19106 10561439 0.3700001493318504 0.003047844559247472 0.27432 0.8097307648880201 -0.634767786512408
19107 10561439 0.39657479546585855 0.0026837233571702828 0.27432 0.8097307648880201 -0.634767786512408
19108 10561439 0.4231494415998667 0.0023196021550930934 0.27432 0.8097307648880201 -0.634767786512408
19109 10561439 0.4497240877338749 0.001955480953015904 0.27432 0.8097307648880201 -0.634767786512408
19110 10561439 0.4762987338678831 0.0015913597509387145 0.27432 0.8097307648880201 -0.634767786512408
19111 10561439 0.4910225928837098 0.002294258604114094 0.27432 0.8097307648880201 -0.634767786512408
19112 10561439 0.5057464518995366 0.002997157457289473 0.27432 0.8097307648880201 -0.634767786512408
19113 10561439 0.5204703109153633 0.003700056310464853 0.27432 0.8097307648880201 -0.634767786512408
19114 10561439 0.5351941699311901 0.004402955163640232 0.27432 0.8097307648880201 -0.634767786512408
19115 10561439 0.5499180289470168 0.005105854016815611 0.27432 0.8097307648880201 -0.634767786512408
19116 10561439 0.5677339658378322 0.004658310200647657 0.27432 0.8097307648880201 -0.634767786512408
19117 10561439 0.5855499027286475 0.004210766384479703 0.27432 0.8097307648880201 -0.634767786512408
19118 10561439 0.6033658396194628 0.0037632225683117485 0.27432 0.8097307648880201 -0.634767786512408
19119 10561439 0.6211817765102782 0.003315678752143794 0.27432 0.8097307648880201 -0.634767786512408
19120 10561439 0.6302590526318734 0.0036441555299117495 0.27432 0.8097307648880201 -0.634767786512408
19121 10561439 0.6393363287534687 0.003972632307679705 0.27432 0.8097307648880201 -0.634767786512408
19122 10561439 0.6484136048750638 0.00430110908544766 0.27432 0.8097307648880201 -0.634767786512408
19123 10561439 0.6574908809966591 0.004629585863215616 0.27432 0.8097307648880201 -0.634767786512408
19124 10561439 0.6665681571182543 0.004958062640983571 0.27432 0.8097307648880201 -0.634767786512408
19125 10561439 0.6798119022496854 0.004719594543100614 0.27432 0.8097307648880201 -0.634767786512408
19126 10561439 0.697680925391873 0.009395348341551216 0.27432 0.8097307648880201 -0.634767786512408
19127 10561439 0.7051523115203014 0.009103718868237604 0.27432 0.8097307648880201 -0.634767786512408
19128 10561439 0.7126236976487299 0.008812089394923991 0.27432 0.8097307648880201 -0.634767786512408
19129 10561439 0.7200950837771583 0.00852045992161038 0.27432 0.8097307648880201 -0.634767786512408
19130 10561439 0.7275664699055867 0.008228830448296767 0.27432 0.8097307648880201 -0.634767786512408
19131 10561439 0.7350378560340152 0.007937200974983155 0.27432 0.8097307648880201 -0.634767786512408
19132 10561439 0.7444165036375958 0.006742024098340585 0.27432 0.8097307648880201 -0.634767786512408
19133 10561439 0.744667096845257 0.004790909847680991 0.27432 0.8097307648880201 -0.634767786512408
19134 10561439 0.7563530838770474 0.0065803112992026125 0.27432 0.8097307648880201 -0.634767786512408
19135 10561439 0.7615689231194767 0.004876084430104455 0.27432 0.8097307648880201 -0.634767786512408
19136 10561439 0.7679011014808843 0.007947500431758014 0.27432 0.8097307648880201 -0.634767786512408
19137 10561439 0.7706423948960203 0.008862631790355947 0.27432 0.8097307648880201 -0.634767786512408
19138 10561439 0.7733836883111562 0.009777763148953879 0.27432 0.8097307648880201 -0.634767786512408
19139 10561439 0.7769699799835943 0.013279064773946168 0.27432 0.8097307648880201 -0.634767786512408
19140 10561439 0.7805562716560324 0.016780366398938457 0.27432 0.8097307648880201 -0.634767786512408
19141 10561439 0.7822209515827532 0.01915712746261297 0.27432 0.8097307648880201 -0.634767786512408
19142 10561439 0.7869229226291455 0.019957356365287962 0.3048 0.8097307648880201 -0.634767786512408
19143 10561439 0.7877897512159644 0.02125129548258005 0.3048 0.8097307648880201 -0.634767786512408
19144 10561439 0.7886565798027833 0.022545234599872135 0.3048 0.8097307648880201 -0.634767786512408
19145 10561439 0.7902431061375657 0.027400898796243814 0.3048 0.8097307648880201 -0.634767786512408
19146 10561439 0.7870495201026658 0.03393523258883277 0.3048 0.8097307648880201 -0.634767786512408
19147 10561439 0.7869368822797771 0.036308576006427826 0.3048 0.8097307648880201 -0.634767786512408
19148 10561439 0.7901535999274693 0.043435443215700725 0.3048 0.8097307648880201 -0.634767786512408
19149 10561439 0.7901444325629229 0.04612545999264402 0.3048 0.8097307648880201 -0.634767786512408
19150 10561439 0.7892937621743955 0.05031711233396041 0.3048 0.8097307648880201 -0.634767786512408
19151 10561439 0.7884430917858681 0.05450876467527681 0.3048 0.8097307648880201 -0.634767786512408
19152 10561439 0.7892536032367149 0.05698937474148354 0.28956000000000004 0.8097307648880201 -0.634767786512408
19153 10561439 0.7900641146875617 0.05946998480769026 0.27432 0.8097307648880201 -0.634767786512408
19154 10561439 0.7901929102743809 0.06258223259891005 0.27432 0.8097307648880201 -0.634767786512408
19155 10561439 0.7869648658048989 0.06901100643388974 0.3048 0.8097307648880201 -0.634767786512408
19156 10561439 0.7884570938496804 0.07085997799319006 0.3048 0.8097307648880201 -0.634767786512408
19157 10561439 0.7900091403405811 0.07561008142948347 0.3048 0.8097307648880201 -0.634767786512408
19158 10561439 0.7885514027651801 0.0738666675262583 0.3048 0.8097307648880201 -0.634767786512408
19159 10561439 0.7885924178220829 0.07399219578111538 0.3048 0.8097307648880201 -0.634767786512408
19160 10561439 0.7886334328789857 0.07411772403597246 0.3048 0.8097307648880201 -0.634767786512408
19161 10561439 0.7886744479358885 0.07424325229082954 0.3048 0.8097307648880201 -0.634767786512408
19162 10561439 0.7887154629927913 0.07436878054568662 0.3048 0.8097307648880201 -0.634767786512408
19163 10561439 0.7887564780496941 0.07449430880054371 0.3048 0.8097307648880201 -0.634767786512408
19164 10561439 0.7887974931065969 0.07461983705540079 0.3048 0.8097307648880201 -0.634767786512408
19165 10561439 0.7888385081634997 0.07474536531025787 0.3048 0.8097307648880201 -0.634767786512408
19166 10561439 0.7888795232204024 0.07487089356511495 0.3048 0.8097307648880201 -0.634767786512408
19167 10561439 0.7889205382773052 0.07499642181997203 0.3048 0.8097307648880201 -0.634767786512408
19168 10561439 0.788961553334208 0.07512195007482911 0.3048 0.8097307648880201 -0.634767786512408
19169 10561439 0.7890025683911108 0.07524747832968619 0.3048 0.8097307648880201 -0.634767786512408
19170 10561439 0.7890435834480136 0.07537300658454327 0.3048 0.8097307648880201 -0.634767786512408
19171 10561439 0.7890845985049164 0.07549853483940035 0.3048 0.8097307648880201 -0.634767786512408
19172 10561439 0.7891256135618192 0.07562406309425743 0.3048 0.8097307648880201 -0.634767786512408
19173 10561439 0.789166628618722 0.07574959134911452 0.3048 0.8097307648880201 -0.634767786512408
19174 10561439 0.7892076436756248 0.0758751196039716 0.3048 0.8097307648880201 -0.634767786512408
19175 10561439 0.7892486587325276 0.07600064785882868 0.3048 0.8097307648880201 -0.634767786512408
19176 10561439 0.7892896737894304 0.07612617611368576 0.3048 0.8097307648880201 -0.634767786512408
19177 10561439 0.7893306888463333 0.07625170436854284 0.3048 0.8097307648880201 -0.634767786512408
19178 10561439 0.7893717039032361 0.07637723262339992 0.3048 0.8097307648880201 -0.634767786512408
19179 10561439 0.7894127189601389 0.076502760878257 0.3048 0.8097307648880201 -0.634767786512408
19180 10561439 0.7894537340170417 0.07662828913311408 0.3048 0.8097307648880201 -0.634767786512408
19181 10561439 0.7894947490739445 0.07675381738797116 0.3048 0.8097307648880201 -0.634767786512408
19182 10561439 0.7895357641308473 0.07687934564282825 0.3048 0.8097307648880201 -0.634767786512408
19183 10561439 0.78957677918775 0.07700487389768533 0.3048 0.8097307648880201 -0.634767786512408
19184 10561439 0.7896177942446528 0.07713040215254241 0.3048 0.8097307648880201 -0.634767786512408
19185 10561439 0.7896588093015556 0.07725593040739949 0.3048 0.8097307648880201 -0.634767786512408
19186 10561439 0.7896998243584584 0.07738145866225657 0.3048 0.8097307648880201 -0.634767786512408
19187 10561439 0.7897408394153612 0.07750698691711365 0.3048 0.8097307648880201 -0.634767786512408
19188 10561439 0.789781854472264 0.07763251517197073 0.3048 0.8097307648880201 -0.634767786512408
19189 10561439 0.7898228695291668 0.07775804342682781 0.3048 0.8097307648880201 -0.634767786512408
19190 10561439 0.7898638845860696 0.07788357168168489 0.3048 0.8097307648880201 -0.634767786512408
19191 10561439 0.7899048996429724 0.07800909993654198 0.3048 0.8097307648880201 -0.634767786512408
19192 10561439 0.7899459146998752 0.07813462819139906 0.3048 0.8097307648880201 -0.634767786512408
19193 10561439 0.789986929756778 0.07826015644625614 0.3048 0.8097307648880201 -0.634767786512408
19194 10561439 0.7900279448136808 0.07838568470111322 0.3048 0.8097307648880201 -0.634767786512408
19195 10561439 0.7900689598705836 0.0785112129559703 0.3048 0.8097307648880201 -0.634767786512408
19196 10561439 0.7915611868435564 0.08036018490287795 0.3048 0.8097307648880201 -0.634767786512408
19197 10561439 0.7916899867890105 0.08347243197717694 0.3048 0.8097307648880201 -0.634767786512408
19198 10561439 0.7911600720719362 0.08728668807976286 0.3048 0.8097307648880201 -0.634767786512408
19199 10561439 0.7906301573548618 0.09110094418234878 0.3048 0.8097307648880201 -0.634767786512408
19200 10561439 0.7901002426377874 0.09491520028493469 0.3048 0.8097307648880201 -0.634767786512408
19201 10561439 0.7895703279207131 0.09872945638752062 0.3048 0.8097307648880201 -0.634767786512408
19202 10561439 0.7890404132036387 0.10254371249010655 0.3048 0.8097307648880201 -0.634767786512408
19203 10561439 0.7885104984865644 0.10635796859269246 0.3048 0.8097307648880201 -0.634767786512408
19204 10561439 0.7910156056900146 0.11266590236676564 0.3048 0.8097307648880201 -0.634767786512408
19205 10561439 0.7909705559759761 0.11805467090202597 0.3048 0.8097307648880201 -0.634767786512408
19206 10561439 0.7909255062619377 0.12344343943728628 0.3048 0.8097307648880201 -0.634767786512408
19207 10561439 0.7908804565478992 0.1288322079725466 0.3048 0.8097307648880201 -0.634767786512408
19208 10561439 0.7893428375705787 0.13418294123554853 0.3048 0.8097307648880201 -0.634767786512408
19209 10561439 0.7878052185932581 0.13953367449855045 0.3048 0.8097307648880201 -0.634767786512408
19210 10561439 0.7883203265351804 0.14382816602256873 0.3048 0.8097307648880201 -0.634767786512408
19211 10561439 0.7888354344771026 0.14812265754658702 0.3048 0.8097307648880201 -0.634767786512408
19212 10561439 0.7893505424190247 0.15241714907060527 0.3048 0.8097307648880201 -0.634767786512408
19213 10561439 0.7898656503609469 0.15671164059462356 0.3048 0.8097307648880201 -0.634767786512408
19214 10561439 0.7903807583028691 0.16100613211864184 0.3048 0.8097307648880201 -0.634767786512408
19215 10561439 0.7910614226156271 0.16580730026215262 0.3048 0.8097307648880201 -0.634767786512408
19216 10561439 0.7903077622110611 0.16941233786057444 0.3048 0.8097307648880201 -0.634767786512408
19217 10561439 0.7895541018064953 0.17301737545899626 0.3048 0.8097307648880201 -0.634767786512408
19218 10561439 0.7888004414019294 0.17662241305741805 0.3048 0.8097307648880201 -0.634767786512408
19219 10561439 0.7880467809973635 0.18022745065583987 0.3048 0.8097307648880201 -0.634767786512408
19220 10561439 0.7893055753308893 0.18616376144207616 0.3048 0.8097307648880201 -0.634767786512408
19221 10561439 0.7905643696644152 0.19210007222831244 0.3048 0.8097307648880201 -0.634767786512408
19222 10561439 0.7918231639979411 0.19803638301454873 0.3048 0.8097307648880201 -0.634767786512408
19223 10561439 0.7906195417040238 0.19842966062168682 0.3048 0.8097307648880201 -0.634767786512408
19224 10561439 0.7901818029148721 0.20932080142932272 0.3048 0.8097307648880201 -0.634767786512408
19225 10561439 0.788576975776369 0.2098451719932779 0.27432 0.8097307648880201 -0.634767786512408
19226 10561439 0.7902152765680814 0.21485916159925467 0.28956000000000004 0.8097307648880201 -0.634767786512408
19227 10561439 0.791853577359794 0.21987315120523146 0.3048 0.8097307648880201 -0.634767786512408
19228 10561439 0.79338029069204 0.22182767768257594 0.3048 0.8097307648880201 -0.634767786512408
19229 10561439 0.794907004024286 0.2237822041599204 0.3048 0.8097307648880201 -0.634767786512408
19230 10561439 0.7934056518143864 0.2246232466792097 0.27432 0.8097307648880201 -0.634767786512408
19231 10561439 0.796459077405225 0.22853230002370642 0.27432 0.8097307648880201 -0.634767786512408
19232 10561439 0.7972523593626761 0.23096012681651526 0.27432 0.8097307648880201 -0.634767786512408
19233 10561439 0.7980456413201273 0.2333879536093241 0.27432 0.8097307648880201 -0.634767786512408
19234 10561439 0.7996322052463131 0.2382436072347907 0.27432 0.8097307648880201 -0.634767786512408
19235 10561439 0.8012187691859605 0.24309926089938613 0.27432 0.8097307648880201 -0.634767786512408
19236 10561439 0.7998553835615301 0.24436253271298017 0.27432 0.8097307648880201 -0.634767786512408
19237 10561439 0.8014419486220963 0.24921818606190166 0.27432 0.8097307648880201 -0.634767786512408
19238 10561439 0.8030630042418857 0.25417939713081944 0.27432 0.8097307648880201 -0.634767786512408
19239 10561439 0.8043229160604929 0.2525994529651783 0.3048 0.8097307648880201 -0.634767786512408
19240 10561439 0.7995084646065095 0.2541725560816517 0.3048 0.8097307648880201 -0.634767786512408
19241 10561439 0.8003189935525823 0.25665316126191945 0.3048 0.8097307648880201 -0.634767786512408
19242 10561439 0.801129522498655 0.2591337664421872 0.3048 0.8097307648880201 -0.634767786512408
19243 10561439 0.7993994277810426 0.2606336878474401 0.3048 0.8097307648880201 -0.634767786512408
19244 10561439 0.7978572516480869 0.26067027979488255 0.3048 0.8097307648880201 -0.634767786512408
19245 10561439 0.796315075515131 0.260706871742325 0.3048 0.8097307648880201 -0.634767786512408
19246 10561439 0.7945047410654911 0.2622330128007415 0.3048 0.8097307648880201 -0.634767786512408
19247 10561439 0.7933963829049442 0.26228362665348187 0.3048 0.8097307648880201 -0.634767786512408
19248 10561439 0.7922880247443973 0.26233424050622217 0.3048 0.8097307648880201 -0.634767786512408
19249 10561439 0.7911796665838504 0.2623848543589625 0.3048 0.8097307648880201 -0.634767786512408
19250 10561439 0.7900588605291995 0.26131020435821023 0.3048 0.8097307648880201 -0.634767786512408
19251 10561439 0.7889380544745485 0.2602355543574579 0.3048 0.8097307648880201 -0.634767786512408
19252 10561439 0.7878172484198975 0.2591609043567056 0.3048 0.8097307648880201 -0.634767786512408
19253 10561439 0.7895586016791791 0.2574236462891027 0.3048 0.8097307648880201 -0.634767786512408
19254 10561439 0.7861961820550473 0.2541996967978978 0.3048 0.8097307648880201 -0.634767786512408
19255 10561439 0.7880065182723848 0.252673553493228 0.3048 0.8097307648880201 -0.634767786512408
19256 10561439 0.7880106295556256 0.25269610290883077 0.3043700987306065 0.8097307648880201 -0.634767786512408
19257 10561439 0.7880147408388665 0.2527186523244335 0.303940197461213 0.8097307648880201 -0.634767786512408
19258 10561439 0.7880188521221073 0.2527412017400363 0.30351029619181946 0.8097307648880201 -0.634767786512408
19259 10561439 0.788022963405348 0.25276375115563904 0.30308039492242594 0.8097307648880201 -0.634767786512408
19260 10561439 0.7880270746885889 0.25278630057124174 0.3026504936530325 0.8097307648880201 -0.634767786512408
19261 10561439 0.7880311859718298 0.2528088499868445 0.30222059238363896 0.8097307648880201 -0.634767786512408
19262 10561439 0.7880352972550706 0.25283139940244725 0.30179069111424545 0.8097307648880201 -0.634767786512408
19263 10561439 0.7880394085383114 0.25285394881805 0.30136078984485193 0.8097307648880201 -0.634767786512408
19264 10561439 0.7880435198215523 0.25287649823365277 0.3009308885754584 0.8097307648880201 -0.634767786512408
19265 10561439 0.788047631104793 0.2528990476492555 0.3005009873060649 0.8097307648880201 -0.634767786512408
19266 10561439 0.7880517423880339 0.2529215970648583 0.3000710860366714 0.8097307648880201 -0.634767786512408
19267 10561439 0.7880558536712747 0.25294414648046104 0.29964118476727786 0.8097307648880201 -0.634767786512408
19268 10561439 0.7880599649545156 0.2529666958960638 0.29921128349788434 0.8097307648880201 -0.634767786512408
19269 10561439 0.7880640762377564 0.25298924531166656 0.2987813822284908 0.8097307648880201 -0.634767786512408
19270 10561439 0.7880681875209973 0.25301179472726926 0.29835148095909736 0.8097307648880201 -0.634767786512408
19271 10561439 0.788072298804238 0.253034344142872 0.29792157968970384 0.8097307648880201 -0.634767786512408
19272 10561439 0.7880764100874789 0.25305689355847477 0.2974916784203103 0.8097307648880201 -0.634767786512408
19273 10561439 0.7880805213707197 0.25307944297407753 0.2970617771509168 0.8097307648880201 -0.634767786512408
19274 10561439 0.7880846326539606 0.2531019923896803 0.2966318758815233 0.8097307648880201 -0.634767786512408
19275 10561439 0.7880887439372014 0.25312454180528304 0.29620197461212977 0.8097307648880201 -0.634767786512408
19276 10561439 0.7880928552204423 0.2531470912208858 0.29577207334273625 0.8097307648880201 -0.634767786512408
19277 10561439 0.788096966503683 0.25316964063648856 0.29534217207334273 0.8097307648880201 -0.634767786512408
19278 10561439 0.7881010777869238 0.2531921900520913 0.2949122708039492 0.8097307648880201 -0.634767786512408
19279 10561439 0.7881051890701647 0.25321473946769407 0.29448236953455575 0.8097307648880201 -0.634767786512408
19280 10561439 0.7881093003534055 0.2532372888832968 0.29405246826516224 0.8097307648880201 -0.634767786512408
19281 10561439 0.7881134116366464 0.25325983829889953 0.2936225669957687 0.8097307648880201 -0.634767786512408
19282 10561439 0.7881175229198872 0.2532823877145023 0.2931926657263752 0.8097307648880201 -0.634767786512408
19283 10561439 0.7881216342031281 0.25330493713010505 0.2927627644569817 -0.5794385847190086 -4.074525223500136
19284 10561439 0.7881257454863688 0.2533274865457078 0.29233286318758817 -0.5794385847190086 -4.074525223500136
19285 10561439 0.7881298567696097 0.25335003596131056 0.29190296191819465 -0.5794385847190086 -4.074525223500136
19286 10561439 0.7881339680528505 0.2533725853769133 0.29147306064880113 -0.5794385847190086 -4.074525223500136
19287 10561439 0.7881380793360914 0.2533951347925161 0.2910431593794076 -0.5794385847190086 -4.074525223500136
19288 10561439 0.7881421906193322 0.25341768420811883 0.2906132581100141 -0.5794385847190086 -4.074525223500136
19289 10561439 0.7881463019025731 0.2534402336237216 0.29018335684062063 -0.5794385847190086 -4.074525223500136
19290 10561439 0.7881504131858138 0.2534627830393243 0.2897534555712271 -0.5794385847190086 -4.074525223500136
19291 10561439 0.7881545244690547 0.25348533245492705 0.2893235543018336 -0.5794385847190086 -4.074525223500136
19292 10561439 0.7881586357522955 0.2535078818705298 0.2888936530324401 -0.5794385847190086 -4.074525223500136
19293 10561439 0.7881627470355363 0.25353043128613256 0.28846375176304656 -0.5794385847190086 -4.074525223500136
19294 10561439 0.7881668583187772 0.2535529807017353 0.28803385049365304 -0.5794385847190086 -4.074525223500136
19295 10561439 0.788170969602018 0.2535755301173381 0.2876039492242595 -0.5794385847190086 -4.074525223500136
19296 10561439 0.7881750808852588 0.25359807953294083 0.287174047954866 -0.5794385847190086 -4.074525223500136
19297 10561439 0.7881791921684996 0.2536206289485436 0.2867441466854725 -0.5794385847190086 -4.074525223500136
19298 10561439 0.7881833034517405 0.25364317836414635 0.28631424541607897 -0.5794385847190086 -4.074525223500136
19299 10561439 0.7881874147349813 0.2536657277797491 0.2858843441466855 -0.5794385847190086 -4.074525223500136
19300 10561439 0.7881915260182222 0.2536882771953518 0.285454442877292 -0.5794385847190086 -4.074525223500136
19301 10561439 0.788195637301463 0.25371082661095457 0.2850245416078985 -0.5794385847190086 -4.074525223500136
19302 10561439 0.7881997485847039 0.2537333760265573 0.28459464033850496 -0.5794385847190086 -4.074525223500136
19303 10561439 0.7882038598679446 0.2537559254421601 0.28416473906911144 -0.5794385847190086 -4.074525223500136
19304 10561439 0.7882079711511855 0.25377847485776284 0.2837348377997179 -0.5794385847190086 -4.074525223500136
19305 10561439 0.7882120824344263 0.2538010242733656 0.2833049365303244 -0.5794385847190086 -4.074525223500136
19306 10561439 0.7882161937176672 0.25382357368896835 0.2828750352609309 -0.5794385847190086 -4.074525223500136
19307 10561439 0.788220305000908 0.2538461231045711 0.28244513399153737 -0.5794385847190086 -4.074525223500136
19308 10561439 0.7882244162841489 0.25386867252017387 0.2820152327221439 -0.5794385847190086 -4.074525223500136
19309 10561439 0.7882285275673896 0.2538912219357766 0.2815853314527504 -0.5794385847190086 -4.074525223500136
19310 10561439 0.7882326388506304 0.2539137713513793 0.28115543018335687 -0.5794385847190086 -4.074525223500136
19311 10561439 0.7882367501338713 0.2539363207669821 0.28072552891396335 -0.5794385847190086 -4.074525223500136
19312 10561439 0.7882408614171121 0.25395887018258484 0.28029562764456983 -0.5794385847190086 -4.074525223500136
19313 10561439 0.788244972700353 0.2539814195981876 0.2798657263751763 -0.5794385847190086 -4.074525223500136
19314 10561439 0.7882490839835938 0.25400396901379035 0.2794358251057828 -0.5794385847190086 -4.074525223500136
19315 10561439 0.7882531952668346 0.2540265184293931 0.2790059238363893 -0.5794385847190086 -4.074525223500136
