44116 10651547 -4.025839493507974 0.0007811054618299396 0.6096 4.113242484253095 0.13689826929303872
44117 10651547 -3.9360242807320764 0.0037418377517476065 0.6096 4.113242484253095 0.13689826929303872
44118 10651547 -3.8698849549665804 0.003587983692616342 0.6096 4.113242484253095 0.13689826929303872
44119 10651547 -3.8228784854259974 0.005375315194323854 0.6096 4.113242484253095 0.13689826929303872
44120 10651547 -3.7758720158854144 0.007162646696031366 0.6096 4.113242484253095 0.13689826929303872
44121 10651547 -3.711005870716492 0.007193255325135345 0.6096 4.113242484253095 0.13689826929303872
44122 10651547 -3.645669567845827 0.00730418725041479 0.6096 4.113242484253095 0.13689826929303872
44123 10651547 -3.585182596305649 0.008886283720396987 0.6096 4.113242484253095 0.13689826929303872
44124 10651547 -3.4978455196626603 0.012429526019104159 0.57912 4.113242484253095 0.13689826929303872
44125 10651547 -3.4295630735104368 0.012045241964485726 0.57912 4.113242484253095 0.13689826929303872
44126 10651547 -3.404275398713505 0.01194707897236344 0.57912 4.113242484253095 0.13689826929303872
44127 10651547 -3.3789877239165733 0.011848915980241154 0.57912 4.113242484253095 0.13689826929303872
44128 10651547 -3.2938860255630953 0.01671034072561603 0.57912 4.113242484253095 0.13689826929303872
44129 10651547 -3.2328951391829586 0.018480727483933007 0.57912 4.113242484253095 0.13689826929303872
44130 10651547 -3.16893111983571 0.022550170975655343 0.57912 4.113242484253095 0.13689826929303872
44131 10651547 -3.1084799751636067 0.024030781773614368 0.57912 4.113242484253095 0.13689826929303872
44132 10651547 -3.0415941104828033 0.02644387192824635 0.57912 4.113242484253095 0.13689826929303872
44133 10651547 -2.978613219988816 0.02452694134788977 0.57912 4.113242484253095 0.13689826929303872
44134 10651547 -2.895359802581752 0.029179573515309837 0.57912 4.113242484253095 0.13689826929303872
44135 10651547 -2.8400906580870586 0.03247494356006028 0.54864 4.113242484253095 0.13689826929303872
44136 10651547 -2.789144680569623 0.03613383005880019 0.54864 4.113242484253095 0.13689826929303872
44137 10651547 -2.7569414610193212 0.036812641692227394 0.54864 4.113242484253095 0.13689826929303872
44138 10651547 -2.7247382414690193 0.037491453325654595 0.54864 4.113242484253095 0.13689826929303872
44139 10651547 -2.6191975338674958 0.037774905063624326 0.54864 4.113242484253095 0.13689826929303872
44140 10651547 -2.565349685119741 0.03768158656180545 0.54864 4.113242484253095 0.13689826929303872
44141 10651547 -2.511501836371986 0.03758826805998658 0.54864 4.113242484253095 0.13689826929303872
44142 10651547 -2.47960362974713 0.03299318243888813 0.54864 4.113242484253095 0.13689826929303872
44143 10651547 -2.418224864439253 0.03487662132050681 0.54864 4.113242484253095 0.13689826929303872
44144 10651547 -2.362940559078149 0.0327955950889339 0.54864 4.113242484253095 0.13689826929303872
44145 10651547 -2.2738689092831343 0.02375006763264073 0.54864 4.113242484253095 0.13689826929303872
44146 10651547 -2.2217090060839038 0.017551269570325573 0.5181600000000001 4.113242484253095 0.13689826929303872
44147 10651547 -2.169319593723938 0.011511644370341162 0.5181600000000001 4.113242484253095 0.13689826929303872
44148 10651547 -2.116930181363972 0.005472019170356751 0.5181600000000001 4.113242484253095 0.13689826929303872
44149 10651547 -2.069975509988884 0.00033472204847542764 0.5181600000000001 4.113242484253095 0.13689826929303872
44150 10651547 -2.023020838613796 -0.004802575073405896 0.5181600000000001 4.113242484253095 0.13689826929303872
44151 10651547 -1.9721075688845657 -0.008021268021517064 0.5181600000000001 4.113242484253095 0.13689826929303872
44152 10651547 -1.912035363198713 -0.014469364322860861 0.5181600000000001 4.113242484253095 0.13689826929303872
44153 10651547 -1.8316427292431927 -0.021254615134007088 0.5181600000000001 4.113242484253095 0.13689826929303872
44154 10651547 -1.7818726494273192 -0.021177073568713373 0.5181600000000001 4.113242484253095 0.13689826929303872
44155 10651547 -1.7386434870442071 -0.024801678320625103 0.5181600000000001 4.113242484253095 0.13689826929303872
44156 10651547 -1.6876223236612347 -0.023613842388516854 0.5181600000000001 4.113242484253095 0.13689826929303872
44157 10651547 -1.6173166156455754 -0.02592910477546853 0.5181600000000001 4.113242484253095 0.13689826929303872
44158 10651547 -1.5603763736525431 -0.022937599791684 0.48768 4.113242484253095 0.13689826929303872
44159 10651547 -1.5085661769901682 -0.023408727006706848 0.48768 4.113242484253095 0.13689826929303872
44160 10651547 -1.459283919688293 -0.01802870848495644 0.48768 4.113242484253095 0.13689826929303872
44161 10651547 -1.397999745642134 -0.016690427718144357 0.48768 4.113242484253095 0.13689826929303872
44162 10651547 -1.3364741046336757 -0.014612779417704697 0.48768 4.113242484253095 0.13689826929303872
44163 10651547 -1.2778777957926868 -0.006552690209485484 0.48768 4.113242484253095 0.13689826929303872
44164 10651547 -1.2273495405047197 -0.004149013803554785 0.47244 4.113242484253095 0.13689826929303872
44165 10651547 -1.1768212852167526 -0.001745337397624086 0.45720000000000005 4.113242484253095 0.13689826929303872
44166 10651547 -1.1264070982582968 0.001397134697278174 0.45720000000000005 4.113242484253095 0.13689826929303872
44167 10651547 -1.0692335070406496 0.009456583580125327 0.45720000000000005 4.113242484253095 0.13689826929303872
44168 10651547 -0.9819748205693852 0.01281964058984883 0.45720000000000005 4.113242484253095 0.13689826929303872
44169 10651547 -0.9481021559165941 0.01658197262004199 0.45720000000000005 4.113242484253095 0.13689826929303872
44170 10651547 -0.914229491263803 0.02034430465023515 0.45720000000000005 4.113242484253095 0.13689826929303872
44171 10651547 -0.8641055099484423 0.020837779587554645 0.45720000000000005 4.113242484253095 0.13689826929303872
44172 10651547 -0.8139815286330814 0.021331254524874138 0.45720000000000005 4.113242484253095 0.13689826929303872
44173 10651547 -0.7555526379989692 0.024542710071497803 0.45720000000000005 4.113242484253095 0.13689826929303872
44174 10651547 -0.6976465964603207 0.02126598469907967 0.45720000000000005 4.113242484253095 0.13689826929303872
44175 10651547 -0.6478098906236986 0.021562570863387504 0.45720000000000005 4.113242484253095 0.13689826929303872
44176 10651547 -0.5993037420222778 0.021593477451273296 0.45720000000000005 4.113242484253095 0.13689826929303872
44177 10651547 -0.5456275905185812 0.020051305780538237 0.45720000000000005 4.113242484253095 0.13689826929303872
44178 10651547 -0.47171238761027223 0.018201999851820055 0.45720000000000005 4.113242484253095 0.13689826929303872
44179 10651547 -0.42188895321328346 0.017102380744080575 0.45720000000000005 4.113242484253095 0.13689826929303872
44180 10651547 -0.33969691743010344 0.01313275303309211 0.45720000000000005 4.113242484253095 0.13689826929303872
44181 10651547 -0.2870234118355528 0.00689637835600268 0.45720000000000005 4.113242484253095 0.13689826929303872
44182 10651547 -0.2616480102829942 0.0057282781614531875 0.45720000000000005 4.113242484253095 0.13689826929303872
44183 10651547 -0.23627260873043565 0.004560177966903695 0.45720000000000005 4.113242484253095 0.13689826929303872
44184 10651547 -0.18386317387062312 -0.0019396274661298285 0.45720000000000005 4.113242484253095 0.13689826929303872
44185 10651547 -0.09812571509204493 -0.003210069877991467 0.45720000000000005 4.113242484253095 0.13689826929303872
44186 10651547 -0.04086726639159233 -0.011176978180554714 0.45720000000000005 4.113242484253095 0.13689826929303872
44187 10651547 0.012888301677562608 -0.012741145882233823 0.48768 4.113242484253095 0.13689826929303872
44188 10651547 0.06821950294779544 -0.00921205207703793 0.48768 4.113242484253095 0.13689826929303872
44189 10651547 0.12707596604997817 -0.012559419270146005 0.48768 4.113242484253095 0.13689826929303872
44190 10651547 0.1807509876875133 -0.014096088555886621 0.48768 4.113242484253095 0.13689826929303872
44191 10651547 0.23884307118979542 -0.012986902341611983 0.48768 4.113242484253095 0.13689826929303872
44192 10651547 0.2838290454321518 -0.01121583638746143 0.48768 4.113242484253095 0.13689826929303872
44193 10651547 0.343362310064506 -0.013848083294548535 0.48768 4.113242484253095 0.13689826929303872
44194 10651547 0.42431811463120694 -0.013433235959286666 0.48768 4.113242484253095 0.13689826929303872
44195 10651547 0.4779925908101945 -0.014967655903317431 0.48768 4.113242484253095 0.13689826929303872
44196 10651547 0.5386074799302842 -0.01292822065202727 0.48768 4.113242484253095 0.13689826929303872
44197 10651547 0.5872488939679673 -0.013284535142875309 0.5181600000000001 4.113242484253095 0.13689826929303872
44198 10651547 0.6292915232302344 -0.013178228075136855 0.5181600000000001 4.113242484253095 0.13689826929303872
44199 10651547 0.6713341524925015 -0.013071921007398402 0.5181600000000001 4.113242484253095 0.13689826929303872
44200 10651547 0.7163193020209215 -0.011298116973680716 0.5181600000000001 4.113242484253095 0.13689826929303872
44201 10651547 0.7776198752123882 -0.011233297874481601 0.5181600000000001 4.113242484253095 0.13689826929303872
44201 10561439 1.4325431463621343 0.06885782536319784 0.39624000000000004 4.113242484253095 0.13689826929303872
44202 10651547 0.8507490331328394 -0.0032332317168472374 0.5181600000000001 4.113242484253095 0.13689826929303872
44202 10561439 1.4344296347203092 0.0660887128426707 0.39624000000000004 4.113242484253095 0.13689826929303872
44203 10651547 0.9009701159269159 -0.006089768384649252 0.5181600000000001 4.113242484253095 0.13689826929303872
44203 10561439 1.436316123078484 0.06331960032214358 0.39624000000000004 4.113242484253095 0.13689826929303872
44204 10651547 0.9618816311055922 -0.004494485515627408 0.5181600000000001 4.113242484253095 0.13689826929303872
44204 10561439 1.4382026114366588 0.06055048780161644 0.39624000000000004 4.113242484253095 0.13689826929303872
44205 10651547 1.0068199675290508 -0.0028588789651933883 0.52324 4.113242484253095 0.13689826929303872
44205 10561439 1.440089099794834 0.0577813752810893 0.39624000000000004 4.113242484253095 0.13689826929303872
44206 10651547 1.0517583039525094 -0.001223272414759368 0.52832 4.113242484253095 0.13689826929303872
44206 10561439 1.4419755881530087 0.05501226276056217 0.39624000000000004 4.113242484253095 0.13689826929303872
44207 10561439 1.4438620765111836 0.052243150240035036 0.39624000000000004 4.113242484253095 0.13689826929303872
44207 10651547 1.096696640375968 0.0004123341356746524 0.5334000000000001 4.113242484253095 0.13689826929303872
44208 10561439 1.4457485648693584 0.049474037719507896 0.39624000000000004 4.113242484253095 0.13689826929303872
44208 10651547 1.1416349767994265 0.0020479406861086723 0.5384800000000001 4.113242484253095 0.13689826929303872
44209 10651547 1.186573313222885 0.0036835472365426922 0.54356 4.113242484253095 0.13689826929303872
44209 10561439 1.4491375273496199 0.042993156243241314 0.39624000000000004 4.113242484253095 0.13689826929303872
44210 10561439 1.4525264898298813 0.03651227476697473 0.39624000000000004 4.113242484253095 0.13689826929303872
44210 10651547 1.2315116496463436 0.005319153786976713 0.54864 4.113242484253095 0.13689826929303872
44211 10561439 1.4502017913405758 0.031881039249215634 0.39624000000000004 4.113242484253095 0.13689826929303872
44211 10651547 1.3015091182824725 -0.0006072364815176978 0.54864 4.113242484253095 0.13689826929303872
44212 10561439 1.4478770928512703 0.027249803731456537 0.39624000000000004 4.113242484253095 0.13689826929303872
44212 10651547 1.36565190287922 -0.0005316508934341824 0.54864 4.113242484253095 0.13689826929303872
44213 10561439 1.4455523943619648 0.02261856821369744 0.39624000000000004 4.113242484253095 0.13689826929303872
44213 10651547 1.4169748742827084 -0.0008239763777121156 0.54864 4.113242484253095 0.13689826929303872
44214 10651547 1.4682978456861968 -0.0011163018619900489 0.54864 4.113242484253095 0.13689826929303872
44214 10561439 1.4432276958726595 0.017987332695938343 0.39624000000000004 4.113242484253095 0.13689826929303872
44215 10561439 1.440902997383354 0.013356097178179246 0.39624000000000004 4.113242484253095 0.13689826929303872
44215 10651547 1.5227037867709687 -0.0031160483795283356 0.54864 4.113242484253095 0.13689826929303872
44216 10651547 1.577858754798454 -0.00010301501564889681 0.57912 4.113242484253095 0.13689826929303872
44216 10561439 1.4385782988940485 0.00872486166042015 0.39624000000000004 4.113242484253095 0.13689826929303872
44217 10561439 1.436253600404743 0.004093626142661053 0.39624000000000004 4.113242484253095 0.13689826929303872
44217 10651547 1.6547984018537942 0.0016363374940595588 0.57912 4.113242484253095 0.13689826929303872
44218 10651547 1.705241829504939 0.006539564599147479 0.57912 4.113242484253095 0.13689826929303872
44218 10561439 1.4306248692458432 0.003562378387089536 0.39624000000000004 4.113242484253095 0.13689826929303872
44219 10651547 1.755364131035098 0.011547978210611931 0.57912 4.113242484253095 0.13689826929303872
44219 10561439 1.4249961380869431 0.0030311306315180192 0.39624000000000004 4.113242484253095 0.13689826929303872
44220 10561439 1.4193674069280433 0.002499882875946503 0.39624000000000004 4.113242484253095 0.13689826929303872
44220 10651547 1.7845033907277537 0.016750818595659217 0.59436 4.113242484253095 0.13689826929303872
44221 10651547 1.8136426504204093 0.021953658980706503 0.6096 4.113242484253095 0.13689826929303872
44221 10561439 1.4137386757691435 0.0019686351203749863 0.39624000000000004 4.113242484253095 0.13689826929303872
44222 10651547 1.8853102650456541 0.04399165320027812 0.6096 4.113242484253095 0.13689826929303872
44222 10561439 1.4081099446102436 0.0014373873648034696 0.39624000000000004 4.113242484253095 0.13689826929303872
44223 10651547 1.9340409933367804 0.05996950346219562 0.6096 4.113242484253095 0.13689826929303872
44223 10561439 1.4024812134513436 0.0009061396092319533 0.39624000000000004 4.113242484253095 0.13689826929303872
44224 10651547 1.9617241686436406 0.06588203127215284 0.6096 4.113242484253095 0.13689826929303872
44224 10561439 1.3968524822924437 0.0003748918536604362 0.39624000000000004 4.113242484253095 0.13689826929303872
44225 10651547 2.031998543684623 0.09725452295040196 0.6096 4.113242484253095 0.13689826929303872
44225 10561439 1.3829966751939406 0.0005317952393392583 0.39624000000000004 4.113242484253095 0.13689826929303872
44226 10651547 2.058826616482948 0.11033901688210443 0.6096 4.113242484253095 0.13689826929303872
44226 10561439 1.3691408680954373 0.0006886986250180804 0.39624000000000004 4.113242484253095 0.13689826929303872
44227 10651547 2.110441370866118 0.13624026224699945 0.6096 4.113242484253095 0.13689826929303872
44227 10561439 1.3552850609969342 0.0008456020106969026 0.39624000000000004 4.113242484253095 0.13689826929303872
44228 10561439 1.3414292538984312 0.0010025053963757247 0.39624000000000004 4.113242484253095 0.13689826929303872
44228 10651547 2.163870895691482 0.16715652685349033 0.6096 4.113242484253095 0.13689826929303872
44229 10561439 1.3275734467999278 0.0011594087820545468 0.39624000000000004 4.113242484253095 0.13689826929303872
44229 10651547 2.220900720875971 0.19876651207290438 0.6096 4.113242484253095 0.13689826929303872
44230 10651547 2.239854876000016 0.2171094734483968 0.6096 4.113242484253095 0.13689826929303872
44230 10561439 1.3137176397014247 0.001316312167733369 0.39624000000000004 4.113242484253095 0.13689826929303872
44231 10651547 2.278904259935724 0.24641370816182 0.6096 4.113242484253095 0.13689826929303872
44231 10561439 1.2998618326029217 0.001473215553412191 0.39624000000000004 4.113242484253095 0.13689826929303872
44232 10561439 1.2860060255044186 0.0016301189390910131 0.39624000000000004 4.113242484253095 0.13689826929303872
44232 10651547 2.317953643871432 0.2757179428752432 0.6096 4.113242484253095 0.13689826929303872
44233 10561439 1.2721502184059152 0.0017870223247698352 0.39624000000000004 4.113242484253095 0.13689826929303872
44233 10651547 2.3557199377113314 0.30707679198327364 0.6096 4.113242484253095 0.13689826929303872
44234 10651547 2.3954727734145704 0.34316079767178753 0.6400800000000001 4.113242484253095 0.13689826929303872
44234 10561439 1.2582944113074122 0.0019439257104486574 0.39624000000000004 4.113242484253095 0.13689826929303872
44235 10561439 1.2202961558147196 0.0036090247209260296 0.39624000000000004 4.113242484253095 0.13689826929303872
44235 10651547 2.434758011201101 0.3832526360519831 0.6400800000000001 4.113242484253095 0.13689826929303872
44236 10561439 1.18294779113854 0.0007394813476783862 0.39624000000000004 4.113242484253095 0.13689826929303872
44236 10651547 2.473867791640891 0.41872907498492684 0.6096 4.113242484253095 0.13689826929303872
44237 10561439 1.162314560330786 0.0014635161455305995 0.39624000000000004 4.113242484253095 0.13689826929303872
44237 10651547 2.503358279040387 0.4546595919912748 0.6400800000000001 4.113242484253095 0.13689826929303872
44238 10561439 1.141681329523032 0.0021875509433828128 0.39624000000000004 4.113242484253095 0.13689826929303872
44238 10651547 2.537956679916081 0.4994361058584965 0.6400800000000001 4.113242484253095 0.13689826929303872
44239 10561439 1.1028128552607794 0.005539426333640476 0.39624000000000004 4.113242484253095 0.13689826929303872
44239 10651547 2.5749523491691226 0.5461167919195327 0.6400800000000001 4.113242484253095 0.13689826929303872
44240 10651547 2.614801749229483 0.6083372912748095 0.6400800000000001 4.113242484253095 0.13689826929303872
44240 10561439 1.0683220731441843 0.0055040026115891535 0.39803294117647064 4.113242484253095 0.13689826929303872
44241 10651547 2.6371554236115244 0.653957802100158 0.6400800000000001 4.113242484253095 0.13689826929303872
44241 10561439 1.0338312910275889 0.00546857888953783 0.3998258823529412 4.113242484253095 0.13689826929303872
44242 10651547 2.6537071561658263 0.6820807036745506 0.6400800000000001 4.113242484253095 0.13689826929303872
44242 10561439 0.9993405089109936 0.005433155167486507 0.4016188235294118 4.113242484253095 0.13689826929303872
44243 10561439 0.9648497267943983 0.005397731445435184 0.4034117647058824 4.113242484253095 0.13689826929303872
44243 10651547 2.670258888720128 0.7102036052489432 0.6400800000000001 4.113242484253095 0.13689826929303872
44244 10561439 0.9303589446778031 0.00536230772338386 0.40520470588235297 4.113242484253095 0.13689826929303872
44244 10651547 2.686320657177335 0.7593971103983762 0.6400800000000001 4.113242484253095 0.13689826929303872
44245 10651547 2.7056110057784117 0.8021628051158917 0.6400800000000001 4.113242484253095 0.13689826929303872
44245 10561439 0.8958681625612078 0.005326884001332537 0.4069976470588236 4.113242484253095 0.13689826929303872
44246 10651547 2.725222232260384 0.8448237403461836 0.67056 4.113242484253095 0.13689826929303872
44246 10561439 0.8613773804446125 0.005291460279281214 0.4087905882352942 4.113242484253095 0.13689826929303872
44247 10561439 0.8268865983280173 0.00525603655722989 0.41058352941176474 4.113242484253095 0.13689826929303872
44247 10651547 2.739629510304597 0.8889501335955868 0.67056 4.113242484253095 0.13689826929303872
44248 10561439 0.792395816211422 0.005220612835178567 0.41237647058823534 4.113242484253095 0.13689826929303872
44248 10651547 2.7488329364835 0.9345419532682804 0.67056 4.113242484253095 0.13689826929303872
44249 10561439 0.7579050340948267 0.0051851891131272435 0.4141694117647059 4.113242484253095 0.13689826929303872
44249 10651547 2.762489607693248 1.0035622681485206 0.67056 4.113242484253095 0.13689826929303872
44250 10561439 0.7234142519782314 0.0051497653910759205 0.4159623529411765 4.113242484253095 0.13689826929303872
44250 10651547 2.766896310658381 1.0341903374980834 0.6858000000000001 4.113242484253095 0.13689826929303872
44251 10651547 2.7713030136235135 1.0648184068476465 0.7010400000000001 4.113242484253095 0.13689826929303872
44251 10561439 0.6889234698616362 0.0051143416690245976 0.4177552941176471 4.113242484253095 0.13689826929303872
44252 10561439 0.6544326877450408 0.005078917946973274 0.41954823529411767 4.113242484253095 0.13689826929303872
44252 10651547 2.773709086309716 1.1113446179917628 0.7010400000000001 4.113242484253095 0.13689826929303872
44253 10651547 2.7722348675146153 1.1340216328599226 0.7010400000000001 4.113242484253095 0.13689826929303872
44253 10561439 0.6199419056284456 0.005043494224921951 0.4213411764705883 4.113242484253095 0.13689826929303872
44254 10651547 2.7660616751706635 1.206479355504323 0.7010400000000001 4.113242484253095 0.13689826929303872
44254 10561439 0.5854511235118504 0.005008070502870628 0.4231341176470589 4.113242484253095 0.13689826929303872
44255 10561439 0.5509603413952551 0.004972646780819304 0.42492705882352944 4.113242484253095 0.13689826929303872
44255 10651547 2.7613011220199466 1.2500887790215534 0.7010400000000001 4.113242484253095 0.13689826929303872
44256 10561439 0.5164695592786598 0.004937223058767981 0.42672000000000004 4.113242484253095 0.13689826929303872
44256 10651547 2.7552547385025266 1.2750764847935943 0.7010400000000001 4.113242484253095 0.13689826929303872
44257 10651547 2.7392352075492665 1.3320583177156562 0.7010400000000001 4.113242484253095 0.13689826929303872
44257 10561439 0.4762987338678831 0.0015913597509387145 0.45720000000000005 4.113242484253095 0.13689826929303872
44258 10561439 0.4503066658747419 0.0049446591841529886 0.45720000000000005 4.113242484253095 0.13689826929303872
44258 10651547 2.727908335544459 1.3626253766974854 0.7010400000000001 4.113242484253095 0.13689826929303872
44259 10651547 2.7119308193808482 1.3979820204091487 0.7010400000000001 4.113242484253095 0.13689826929303872
44259 10561439 0.41459998998911896 0.005748070894539534 0.45720000000000005 4.113242484253095 0.13689826929303872
44260 10561439 0.3705547693359155 0.004136171318592646 0.45720000000000005 4.113242484253095 0.13689826929303872
44260 10651547 2.693414919099866 1.4418777643566902 0.73152 4.113242484253095 0.13689826929303872
44261 10561439 0.3448948737639772 0.0071476294927682316 0.45720000000000005 4.113242484253095 0.13689826929303872
44261 10651547 2.6714535054397013 1.4768521784520878 0.73152 4.113242484253095 0.13689826929303872
44262 10651547 2.6493770333319935 1.5109297432361395 0.73152 4.113242484253095 0.13689826929303872
44262 10561439 0.30081503462909764 0.005430606511823838 0.45720000000000005 4.113242484253095 0.13689826929303872
44263 10651547 2.625214931036158 1.545688506550385 0.73152 4.113242484253095 0.13689826929303872
44263 10561439 0.25036060878828836 0.004862484664783895 0.45720000000000005 4.113242484253095 0.13689826929303872
44264 10561439 0.21265508385605325 0.0019973799775721834 0.48768 4.113242484253095 0.13689826929303872
44264 10651547 2.592121751731293 1.5938777934186308 0.73152 4.113242484253095 0.13689826929303872
44265 10561439 0.18706407866535035 0.005220521007565482 0.48768 4.113242484253095 0.13689826929303872
44265 10651547 2.580451525570901 1.6084363222237652 0.73152 4.113242484253095 0.13689826929303872
44266 10651547 2.5687812994105093 1.6229948510288998 0.73152 4.113242484253095 0.13689826929303872
44266 10561439 0.15943316946270003 0.0035610684191278302 0.48768 4.113242484253095 0.13689826929303872
44267 10561439 0.1318022602600497 0.0019016158306901787 0.48768 4.113242484253095 0.13689826929303872
44267 10651547 2.5358955676782733 1.6568646925060506 0.73152 4.113242484253095 0.13689826929303872
44268 10561439 0.09440852907489139 0.001622259099103518 0.48768 4.113242484253095 0.13689826929303872
44268 10651547 2.515382129898634 1.6796850671038568 0.73152 4.113242484253095 0.13689826929303872
44269 10561439 0.06587758289409362 0.00019882970611131978 0.48768 4.113242484253095 0.13689826929303872
44269 10651547 2.463807938668307 1.7237473021543435 0.762 4.113242484253095 0.13689826929303872
44270 10561439 0.034115893288951704 0.0019343987054540046 0.48768 4.113242484253095 0.13689826929303872
44270 10651547 2.4345005833401663 1.744241454503504 0.762 4.113242484253095 0.13689826929303872
44271 10651547 2.405193228012026 1.7647356068526647 0.762 4.113242484253095 0.13689826929303872
44271 10561439 -0.00024073123695778076 7.868258269719264e-05 0.5181600000000001 4.113242484253095 0.13689826929303872
44272 10651547 2.375042415625493 1.7909377242356508 0.762 4.113242484253095 0.13689826929303872
44272 10561439 -0.052465798194848534 -0.0048156644742069765 0.5181600000000001 4.113242484253095 0.13689826929303872
44273 10561439 -0.08478742903776171 -0.012944068358865662 0.5181600000000001 4.113242484253095 0.13689826929303872
44273 10651547 2.3380336963029302 1.8135386931329 0.762 4.113242484253095 0.13689826929303872
44274 10561439 -0.11702422777364441 -0.016193172690522978 0.5181600000000001 4.113242484253095 0.13689826929303872
44274 10651547 2.284987355009737 1.8495555357947415 0.762 4.113242484253095 0.13689826929303872
44275 10651547 2.249102216877504 1.8717901484115618 0.762 4.02698095352315 0.8490755386664846
44275 10561439 -0.14656651310992008 -0.01962191442289221 0.5181600000000001 4.02698095352315 0.8490755386664846
44276 10561439 -0.17999585493840242 -0.022714633235133314 0.5181600000000001 4.02698095352315 0.8490755386664846
44276 10651547 2.2130568103379638 1.8940773473970196 0.762 4.02698095352315 0.8490755386664846
44277 10561439 -0.20856330085979224 -0.025877646164500362 0.5181600000000001 4.02698095352315 0.8490755386664846
44277 10651547 2.1926958072118437 1.9054007040245495 0.762 4.02698095352315 0.8490755386664846
44278 10651547 2.1723348040857235 1.9167240606520795 0.762 4.02698095352315 0.8490755386664846
44278 10561439 -0.22538795394135525 -0.028439416460056988 0.5334000000000001 4.02698095352315 0.8490755386664846
44279 10651547 2.116927129627953 1.951352652621709 0.762 4.02698095352315 0.8490755386664846
44279 10561439 -0.24221260702291825 -0.031001186755613613 0.54864 4.02698095352315 0.8490755386664846
44280 10651547 2.079897091013201 1.9742253227118156 0.77724 4.02698095352315 0.8490755386664846
44280 10561439 -0.29266106167545547 -0.03589061719920508 0.54864 4.02698095352315 0.8490755386664846
44281 10561439 -0.31744919008526007 -0.04379364095648855 0.54864 4.02698095352315 0.8490755386664846
44281 10651547 2.042867052398449 1.9970979928019224 0.7924800000000001 4.02698095352315 0.8490755386664846
44282 10561439 -0.3365521115057908 -0.042455991386606245 0.54864 4.02698095352315 0.8490755386664846
44282 10651547 2.0086296766229674 2.014590276200311 0.7924800000000001 4.02698095352315 0.8490755386664846
44283 10651547 1.9756864878375267 2.0306085797557087 0.7924800000000001 4.02698095352315 0.8490755386664846
44283 10561439 -0.3839114656902478 -0.05419630865735356 0.54864 4.02698095352315 0.8490755386664846
44284 10561439 -0.4015475838346436 -0.0538053334443607 0.54864 4.02698095352315 0.8490755386664846
44284 10651547 1.9395164046938915 2.0530551424817687 0.7924800000000001 4.02698095352315 0.8490755386664846
44285 10561439 -0.4520310633529714 -0.05879919225826527 0.54864 4.02698095352315 0.8490755386664846
44285 10651547 1.9021958299652828 2.070620648858893 0.7924800000000001 4.02698095352315 0.8490755386664846
44286 10651547 1.8675451399086178 2.086846893727583 0.82296 4.02698095352315 0.8490755386664846
44286 10561439 -0.46317866699925525 -0.06029557061627397 0.54864 4.02698095352315 0.8490755386664846
44287 10651547 1.835157838265462 2.1086425111771407 0.82296 4.02698095352315 0.8490755386664846
44287 10561439 -0.5136623352684031 -0.06528899380968253 0.54864 4.02698095352315 0.8490755386664846
44288 10561439 -0.5435592260776498 -0.0670815828540727 0.54864 4.02698095352315 0.8490755386664846
44288 10651547 1.7873746285298768 2.1295099318711945 0.82296 4.02698095352315 0.8490755386664846
44289 10651547 1.7534013026660327 2.1464501792892565 0.82296 4.02698095352315 0.8490755386664846
44289 10561439 -0.5805097362493365 -0.07007304628572095 0.54864 4.02698095352315 0.8490755386664846
44290 10561439 -0.6193757894119198 -0.07348959243853745 0.57912 4.02698095352315 0.8490755386664846
44290 10651547 1.7142423366171555 2.1586593540719234 0.82296 4.02698095352315 0.8490755386664846
44291 10561439 -0.637279658052117 -0.07119961185770199 0.57912 4.02698095352315 0.8490755386664846
44291 10651547 1.6803494336266223 2.175573745878237 0.82296 4.02698095352315 0.8490755386664846
44292 10651547 1.6536159783641844 2.186819746247973 0.82296 4.02698095352315 0.8490755386664846
44292 10561439 -0.655183526692314 -0.06890963127686653 0.57912 4.02698095352315 0.8490755386664846
44293 10561439 -0.689565581558943 -0.07192248196147702 0.57912 4.02698095352315 0.8490755386664846
44293 10651547 1.6268825231017465 2.198065746617709 0.82296 4.02698095352315 0.8490755386664846
44294 10651547 1.5873202314735566 2.2137955960471265 0.82296 4.02698095352315 0.8490755386664846
44294 10561439 -0.7319343116465784 -0.06893576855729874 0.57912 4.02698095352315 0.8490755386664846
44295 10651547 1.5477579398453667 2.2295254454765443 0.82296 4.02698095352315 0.8490755386664846
44295 10561439 -0.7667048149620723 -0.07041927285758018 0.57912 4.02698095352315 0.8490755386664846
44296 10561439 -0.8196743460346243 -0.07214450355394506 0.57912 4.02698095352315 0.8490755386664846
44296 10651547 1.520581204940139 2.2384634763581293 0.8382000000000001 4.02698095352315 0.8490755386664846
44297 10651547 1.4934044700349116 2.247401507239714 0.8534400000000001 4.02698095352315 0.8490755386664846
44297 10561439 -0.8548868665419089 -0.0684592054435548 0.57912 4.02698095352315 0.8490755386664846
44298 10561439 -0.8897041338251386 -0.0706278865979896 0.57912 4.02698095352315 0.8490755386664846
44298 10651547 1.4563484146643826 2.2644160901490147 0.8534400000000001 4.02698095352315 0.8490755386664846
44299 10651547 1.4170416648311637 2.2772595528548507 0.8534400000000001 4.02698095352315 0.8490755386664846
44299 10561439 -0.9216275395162918 -0.06883556684747164 0.6096 4.02698095352315 0.8490755386664846
44300 10651547 1.3594229067611674 2.2965542082252997 0.8534400000000001 4.02698095352315 0.8490755386664846
44300 10561439 -0.949609482130136 -0.07020125590679274 0.6096 4.02698095352315 0.8490755386664846
44301 10651547 1.3393685251967158 2.303107244139912 0.8534400000000001 4.02698095352315 0.8490755386664846
44301 10561439 -0.9987613286671575 -0.0724725747980958 0.6096 4.02698095352315 0.8490755386664846
44302 10561439 -1.0391856059305347 -0.07385870449206236 0.6096 4.02698095352315 0.8490755386664846
44302 10651547 1.2807921874975647 2.327622323626099 0.8534400000000001 4.02698095352315 0.8490755386664846
44303 10561439 -1.0704249557200232 -0.07567768797824839 0.6096 4.02698095352315 0.8490755386664846
44303 10651547 1.2462988150811425 2.338893966266414 0.8534400000000001 4.02698095352315 0.8490755386664846
44304 10651547 1.2057892273349862 2.352131808998114 0.88392 4.02698095352315 0.8490755386664846
44304 10561439 -1.1078121581244913 -0.07864076506373921 0.6096 4.02698095352315 0.8490755386664846
44305 10561439 -1.1302376123576674 -0.07931080041423685 0.6096 4.02698095352315 0.8490755386664846
44305 10651547 1.1691525749656289 2.3636369475619046 0.88392 4.02698095352315 0.8490755386664846
44306 10651547 1.1412115042336666 2.372884835230466 0.88392 4.02698095352315 0.8490755386664846
44306 10561439 -1.1526630665908437 -0.0799808357647345 0.6096 4.02698095352315 0.8490755386664846
44307 10651547 1.1132704335017043 2.382132722899028 0.88392 4.02698095352315 0.8490755386664846
44307 10561439 -1.1857361328313518 -0.08061554963403664 0.6400800000000001 4.02698095352315 0.8490755386664846
44308 10651547 1.0846588096160583 2.39136629977027 0.88392 4.02698095352315 0.8490755386664846
44308 10561439 -1.237459897629854 -0.08531577707364738 0.6400800000000001 4.02698095352315 0.8490755386664846
44309 10561439 -1.2754902768497505 -0.08888560935086001 0.6400800000000001 4.02698095352315 0.8490755386664846
44309 10651547 1.0560471857304121 2.400599876641512 0.88392 4.02698095352315 0.8490755386664846
44310 10561439 -1.315200545840557 -0.0869987381882206 0.6400800000000001 4.02698095352315 0.8490755386664846
44310 10651547 1.0171422778413182 2.413314495912369 0.88392 4.02698095352315 0.8490755386664846
44311 10561439 -1.3515683526030988 -0.09064457732225897 0.6400800000000001 4.02698095352315 0.8490755386664846
44311 10651547 0.9782374402566957 2.4260293303034026 0.88392 4.02698095352315 0.8490755386664846
44312 10561439 -1.3860915038007005 -0.09571139628331507 0.6400800000000001 4.02698095352315 0.8490755386664846
44312 10651547 0.9334718572581675 2.435752977223756 0.88392 4.02698095352315 0.8490755386664846
44313 10651547 0.8735730398011857 2.4548625900920915 0.88392 4.02698095352315 0.8490755386664846
44313 10561439 -1.4235438857651699 -0.09479607207452936 0.6400800000000001 4.02698095352315 0.8490755386664846
44314 10651547 0.8346684319491913 2.4675782183318895 0.88392 4.02698095352315 0.8490755386664846
44314 10561439 -1.4621354601770695 -0.09736363379190963 0.6400800000000001 4.02698095352315 0.8490755386664846
44315 10561439 -1.525798932552109 -0.09266573314392737 0.6400800000000001 4.02698095352315 0.8490755386664846
44315 10651547 0.7971224117539654 2.474943115094087 0.88392 4.02698095352315 0.8490755386664846
44316 10561439 -1.5500522572112427 -0.09186050404676097 0.6400800000000001 4.02698095352315 0.8490755386664846
44316 10651547 0.7618276075552662 2.4864793172244783 0.88392 4.02698095352315 0.8490755386664846
44317 10561439 -1.6039634618525962 -0.08287389539664083 0.67056 4.02698095352315 0.8490755386664846
44317 10651547 0.7206141590018558 2.494576033516252 0.88392 4.02698095352315 0.8490755386664846
44318 10561439 -1.6430677558646518 -0.07207010331550659 0.67056 4.02698095352315 0.8490755386664846
44318 10651547 0.6582808451378662 2.5092259428303314 0.88392 4.02698095352315 0.8490755386664846
44319 10651547 0.6189754629066019 2.522073863844227 0.88392 4.02698095352315 0.8490755386664846
44319 10561439 -1.679044318090116 -0.06392485233852133 0.67056 4.02698095352315 0.8490755386664846
44320 10561439 -1.7083335313757695 -0.054344758815138366 0.67056 4.02698095352315 0.8490755386664846
44320 10651547 0.5868566320053472 2.528659065742338 0.88392 4.02698095352315 0.8490755386664846
44321 10561439 -1.757282538583304 -0.03833391955610535 0.67056 4.02698095352315 0.8490755386664846
44321 10651547 0.5547378011040927 2.535244267640449 0.88392 4.02698095352315 0.8490755386664846
44322 10651547 0.500291729730024 2.55012138080355 0.88392 4.02698095352315 0.8490755386664846
44322 10561439 -1.775604776231652 -0.03052972393776207 0.6858000000000001 4.02698095352315 0.8490755386664846
44323 10651547 0.458631681644851 2.5584825147006716 0.88392 4.02698095352315 0.8490755386664846
44323 10561439 -1.79392701388 -0.022725528319418792 0.7010400000000001 4.02698095352315 0.8490755386664846
44324 10561439 -1.8456720444286943 0.004832998808184857 0.7010400000000001 4.02698095352315 0.8490755386664846
44324 10651547 0.43297154690278095 2.564183798104402 0.88392 4.02698095352315 0.8490755386664846
44325 10561439 -1.8833668008554965 0.024290701849901314 0.7010400000000001 4.02698095352315 0.8490755386664846
44325 10651547 0.4073114121607109 2.569885081508133 0.88392 4.02698095352315 0.8490755386664846
44326 10651547 0.36641905276034503 2.5778789790547565 0.88392 4.02698095352315 0.8490755386664846
44326 10561439 -1.902219243151033 0.03454708359806932 0.7010400000000001 4.02698095352315 0.8490755386664846
44327 10561439 -1.939233473205747 0.05717091111196734 0.73152 4.02698095352315 0.8490755386664846
44327 10651547 0.32552671089867424 2.5858731139464877 0.88392 4.02698095352315 0.8490755386664846
44328 10561439 -1.9829859895667015 0.08363507641002019 0.73152 4.02698095352315 0.8490755386664846
44328 10651547 0.2818035805595769 2.594442455343636 0.88392 4.02698095352315 0.8490755386664846
44329 10561439 -2.0028857811068868 0.10019329737019853 0.73152 4.02698095352315 0.8490755386664846
44329 10651547 0.24422336429621228 2.601704747281934 0.88392 4.02698095352315 0.8490755386664846
44330 10651547 0.1936596928369252 2.612978400378456 0.88392 4.02698095352315 0.8490755386664846
44330 10561439 -2.0482033504276185 0.13137625836121566 0.73152 4.02698095352315 0.8490755386664846
44331 10651547 0.1474154914762109 2.622256009340471 0.88392 4.02698095352315 0.8490755386664846
44331 10561439 -2.0798284363392474 0.15282224010463005 0.762 4.02698095352315 0.8490755386664846
44332 10651547 0.10690753511150053 2.635500178760632 0.9144000000000001 4.02698095352315 0.8490755386664846
44332 10561439 -2.105974560371143 0.1720085742185334 0.762 4.02698095352315 0.8490755386664846
44333 10561439 -2.138425117319872 0.1933744461601765 0.762 4.02698095352315 0.8490755386664846
44333 10651547 0.05349544895004754 2.64186443238979 0.9144000000000001 4.02698095352315 0.8490755386664846
44334 10561439 -2.168307795241965 0.21390039422518012 0.762 4.02698095352315 0.8490755386664846
44334 10651547 0.016018869712668415 2.649444595445383 0.9144000000000001 4.02698095352315 0.8490755386664846
44335 10651547 -0.024804280314898675 2.6576518660219652 0.9144000000000001 4.02698095352315 0.8490755386664846
44335 10561439 -2.195999987001336 0.23908467060308608 0.762 4.02698095352315 0.8490755386664846
44336 10561439 -2.2236921787607065 0.264268946980992 0.762 4.02698095352315 0.8490755386664846
44336 10651547 -0.042843957543857114 2.66086322143747 0.9144000000000001 4.02698095352315 0.8490755386664846
44337 10561439 -2.2492775047016593 0.29127630294781454 0.762 4.02698095352315 0.8490755386664846
44337 10651547 -0.060883634772815554 2.664074576852975 0.9144000000000001 4.02698095352315 0.8490755386664846
44338 10651547 -0.11621416505824145 2.6767923706858596 0.9144000000000001 4.02698095352315 0.8490755386664846
44338 10561439 -2.274862830642612 0.31828365891463706 0.762 4.02698095352315 0.8490755386664846
44339 10561439 -2.3063069139204737 0.3552119085775516 0.762 4.02698095352315 0.8490755386664846
44339 10651547 -0.1498656834825558 2.6811364728537628 0.9144000000000001 4.02698095352315 0.8490755386664846
44340 10651547 -0.19393662650451016 2.686200644713224 0.9144000000000001 4.02698095352315 0.8490755386664846
44340 10561439 -2.3338849463610813 0.3930954502851247 0.762 4.02698095352315 0.8490755386664846
44341 10651547 -0.23486325012927844 2.6940924820111873 0.9144000000000001 4.02698095352315 0.8490755386664846
44341 10561439 -2.3627220852120345 0.43255961264800546 0.762 4.02698095352315 0.8490755386664846
44342 10561439 -2.38515596959322 0.4753035810071464 0.762 4.02698095352315 0.8490755386664846
44342 10651547 -0.27568630901429714 2.7023012061069074 0.9144000000000001 4.02698095352315 0.8490755386664846
44343 10651547 -0.31816615005815563 2.7054437910220597 0.9448799999999999 4.02698095352315 0.8490755386664846
44343 10561439 -2.4039736392516904 0.5209539624209288 0.762 4.02698095352315 0.8490755386664846
44344 10561439 -2.422886507996356 0.563597711848601 0.762 4.02698095352315 0.8490755386664846
44344 10651547 -0.3589891974009227 2.7136529975418564 0.9448799999999999 4.02698095352315 0.8490755386664846
44345 10561439 -2.438069166728443 0.6176401084680119 0.762 4.02698095352315 0.8490755386664846
44345 10651547 -0.3925848604957187 2.7168116062499545 0.9448799999999999 4.02698095352315 0.8490755386664846
44346 10651547 -0.44632907081801565 2.7235219024720947 0.9448799999999999 4.02698095352315 0.8490755386664846
44346 10561439 -2.4543140173437 0.6657206580494376 0.762 4.02698095352315 0.8490755386664846
44347 10561439 -2.4621205074961567 0.7124421702837554 0.762 4.02698095352315 0.8490755386664846
44347 10651547 -0.4875531601026597 2.7318630166661086 0.9448799999999999 4.02698095352315 0.8490755386664846
44348 10561439 -2.470851242977157 0.7536239941700958 0.762 4.02698095352315 0.8490755386664846
44348 10651547 -0.5296483930231819 2.740255610709158 0.9448799999999999 4.02698095352315 0.8490755386664846
44349 10561439 -2.4733756129824727 0.8056277916038623 0.762 4.02698095352315 0.8490755386664846
44349 10651547 -0.5609149275371605 2.745106868407196 0.9448799999999999 4.02698095352315 0.8490755386664846
44350 10561439 -2.4808413017635624 0.8669603660281483 0.762 4.02698095352315 0.8490755386664846
44350 10651547 -0.6131402373876571 2.7564625638562914 0.9448799999999999 4.02698095352315 0.8490755386664846
44351 10561439 -2.4779294261933247 0.9192885145846333 0.762 4.02698095352315 0.8490755386664846
44351 10651547 -0.6520990066311665 2.7611427922044336 0.9448799999999999 4.02698095352315 0.8490755386664846
44352 10651547 -0.7173328570426334 2.774534045602085 0.9448799999999999 4.02698095352315 0.8490755386664846
44352 10561439 -2.4717680362501007 0.9924032280908938 0.762 4.02698095352315 0.8490755386664846
44353 10561439 -2.469070897085283 1.0467880754025907 0.762 4.02698095352315 0.8490755386664846
44353 10651547 -0.7534201864318504 2.783650253489056 0.9448799999999999 4.02698095352315 0.8490755386664846
44354 10561439 -2.465489395828287 1.067232290844124 0.762 4.02698095352315 0.8490755386664846
44354 10651547 -0.8112866387472413 2.7940484486268207 0.9448799999999999 4.02698095352315 0.8490755386664846
44355 10561439 -2.461907894571291 1.0876765062856577 0.762 4.02698095352315 0.8490755386664846
44355 10651547 -0.8493213105385045 2.8042694932231265 0.9448799999999999 4.02698095352315 0.8490755386664846
44356 10561439 -2.4392981803989278 1.173052162994725 0.762 4.02698095352315 0.8490755386664846
44356 10651547 -0.8817838186944481 2.810623452712102 0.9448799999999999 4.02698095352315 0.8490755386664846
44357 10651547 -0.9142463268503918 2.8169774122010773 0.9448799999999999 4.02698095352315 0.8490755386664846
44357 10561439 -2.426518922090371 1.2121026936904344 0.762 4.02698095352315 0.8490755386664846
44358 10651547 -0.9500206844254278 2.828679629164956 0.9448799999999999 4.02698095352315 0.8490755386664846
44358 10561439 -2.4071773402100662 1.2712062043295052 0.762 4.02698095352315 0.8490755386664846
44359 10561439 -2.392671152426529 1.3155338410402386 0.762 4.02698095352315 0.8490755386664846
44359 10651547 -0.9908779704651851 2.8367869507038534 0.9448799999999999 4.02698095352315 0.8490755386664846
44360 10561439 -2.3701599132404176 1.3870372378571305 0.762 4.02698095352315 0.8490755386664846
44360 10651547 -1.0416500793657875 2.845801112202303 0.9448799999999999 4.02698095352315 0.8490755386664846
44361 10561439 -2.3525028215413704 1.4382791946200986 0.762 4.02698095352315 0.8490755386664846
44361 10651547 -1.091197755553509 2.853129835759861 0.9448799999999999 4.02698095352315 0.8490755386664846
44362 10651547 -1.1277761709520318 2.8634602747082947 0.9448799999999999 4.02698095352315 0.8490755386664846
44362 10561439 -2.336968353731497 1.4884631123396448 0.762 4.02698095352315 0.8490755386664846
44363 10651547 -1.1951561845932466 2.8746371582450663 0.9448799999999999 4.02698095352315 0.8490755386664846
44363 10561439 -2.3251610004749548 1.5381140606573813 0.762 4.02698095352315 0.8490755386664846
44364 10561439 -2.3101445638737985 1.5867148418572676 0.762 4.02698095352315 0.8490755386664846
44364 10651547 -1.2324092641275939 2.8774773246923067 0.9448799999999999 4.02698095352315 0.8490755386664846
44365 10561439 -2.2930055331369754 1.6363736801328295 0.762 4.02698095352315 0.8490755386664846
44365 10651547 -1.2794315441733157 2.8873695915727424 0.9448799999999999 4.02698095352315 0.8490755386664846
44366 10561439 -2.2833127800397213 1.6822765448544572 0.762 4.02698095352315 0.8490755386664846
44366 10651547 -1.3046177295272006 2.8956096604435735 0.9448799999999999 4.02698095352315 0.8490755386664846
44367 10651547 -1.3723242177026254 2.9112182445939294 0.9448799999999999 4.02698095352315 0.8490755386664846
44367 10561439 -2.269090680508839 1.7284498553410346 0.73152 4.02698095352315 0.8490755386664846
44368 10561439 -2.256005182254487 1.7820058161558576 0.73152 4.02698095352315 0.8490755386664846
44368 10651547 -1.3987779604996955 2.9144986306514755 0.9448799999999999 4.02698095352315 0.8490755386664846
44369 10651547 -1.4649225133037793 2.9321676469658184 0.9448799999999999 4.02698095352315 0.8490755386664846
44369 10561439 -2.236767075452736 1.840792715457985 0.73152 4.02698095352315 0.8490755386664846
44370 10561439 -2.2249750729307642 1.8958235932387464 0.73152 4.02698095352315 0.8490755386664846
44370 10651547 -1.5090381427603068 2.9466021110416682 0.9448799999999999 4.02698095352315 0.8490755386664846
44371 10651547 -1.5579818850079652 2.9679914788884143 0.9448799999999999 4.02698095352315 0.8490755386664846
44371 10561439 -2.209272261156584 1.9600907032442076 0.73152 4.02698095352315 0.8490755386664846
44372 10651547 -1.5903824420203885 2.9795573378447866 0.9524999999999999 4.02698095352315 0.8490755386664846
44372 10561439 -2.1925208662253928 2.0112785672871785 0.7010400000000001 4.02698095352315 0.8490755386664846
44373 10651547 -1.6227829990328118 2.9911231968011585 0.96012 4.02698095352315 0.8490755386664846
44373 10561439 -2.180590169933901 2.056419892964623 0.7010400000000001 4.02698095352315 0.8490755386664846
44374 10561439 -2.168659473642409 2.1015612186420682 0.7010400000000001 4.02698095352315 0.8490755386664846
44374 10651547 -1.6607885981125248 3.0072693202797103 0.96774 4.02698095352315 0.8490755386664846
44375 10651547 -1.6987941971922378 3.0234154437582617 0.97536 4.02698095352315 0.8490755386664846
44375 10561439 -2.1449717593676176 2.1904985836479667 0.7010400000000001 4.02698095352315 0.8490755386664846
44376 10651547 -1.7494259590087509 3.0504999054715793 0.97536 4.02698095352315 0.8490755386664846
44376 10561439 -2.1351915557740524 2.228661122147658 0.7010400000000001 4.02698095352315 0.8490755386664846
44377 10561439 -2.125411352180487 2.2668236606473493 0.7010400000000001 4.02698095352315 0.8490755386664846
44377 10651547 -1.7857848604330886 3.0696424290085176 0.97536 4.02698095352315 0.8490755386664846
44378 10561439 -2.115049591902965 2.298486250055929 0.7010400000000001 4.02698095352315 0.8490755386664846
44378 10651547 -1.8231951708409138 3.0909987820712304 0.97536 4.02698095352315 0.8490755386664846
44379 10561439 -2.1045151350033793 2.3306765509602347 0.7010400000000001 4.02698095352315 0.8490755386664846
44379 10651547 -1.8770499030642462 3.124514001391153 0.97536 4.02698095352315 0.8490755386664846
44380 10651547 -1.915745428168538 3.1446557461323104 0.97536 4.02698095352315 0.8490755386664846
44380 10561439 -2.0881780907791123 2.3805979061922646 0.7010400000000001 4.02698095352315 0.8490755386664846
44381 10651547 -1.9430466564306166 3.1643404008424865 0.97536 4.02698095352315 0.8490755386664846
44381 10561439 -2.0642769578484828 2.453632961741537 0.7010400000000001 4.02698095352315 0.8490755386664846
44382 10651547 -2.003151998503152 3.2031742181268856 0.97536 4.02698095352315 0.8490755386664846
44382 10561439 -2.0443007020893598 2.5320420476431926 0.7010400000000001 4.02698095352315 0.8490755386664846
44383 10561439 -2.0379800112445565 2.551356230664321 0.7010400000000001 4.02698095352315 0.8490755386664846
44383 10651547 -2.0464133840192096 3.2364958445045784 0.97536 4.02698095352315 0.8490755386664846
44384 10561439 -2.012050581084906 2.648498721572652 0.7010400000000001 4.02698095352315 0.8490755386664846
44384 10651547 -2.0858098379326764 3.27077295548493 0.97536 4.02698095352315 0.8490755386664846
44385 10561439 -1.9937469823590248 2.702800881935831 0.7010400000000001 4.02698095352315 0.8490755386664846
44385 10651547 -2.1250526630929176 3.300092540831827 0.97536 4.02698095352315 0.8490755386664846
44386 10561439 -1.9780433240813184 2.76706782874231 0.67056 4.02698095352315 0.8490755386664846
44386 10651547 -2.1531181200471723 3.3255787865641495 0.97536 4.02698095352315 0.8490755386664846
44387 10561439 -1.9609194629652087 2.822106614815396 0.67056 4.02698095352315 0.8490755386664846
44387 10651547 -2.181183577001427 3.351065032296472 0.97536 4.02698095352315 0.8490755386664846
44388 10561439 -1.95451437654153 2.848462330903275 0.67056 4.02698095352315 0.8490755386664846
44388 10651547 -2.226462634133644 3.3988366815868676 0.97536 4.02698095352315 0.8490755386664846
44389 10651547 -2.2591424898559653 3.431384163444146 0.97536 4.02698095352315 0.8490755386664846
44389 10561439 -1.9481092901178514 2.874818046991154 0.67056 4.02698095352315 0.8490755386664846
44390 10561439 -1.9323363428071862 2.9392960356921694 0.67056 4.02698095352315 0.8490755386664846
44390 10651547 -2.29343377342897 3.4747419940491886 0.97536 4.02698095352315 0.8490755386664846
44391 10651547 -2.323867268092326 3.5065546610461884 0.97536 4.02698095352315 0.8490755386664846
44391 10561439 -1.912598922851141 3.0186012876511206 0.67056 4.02698095352315 0.8490755386664846
44392 10561439 -1.8944579068225404 3.0713208536337144 0.67056 4.02698095352315 0.8490755386664846
44392 10651547 -2.3542265625162386 3.549443860916897 0.97536 4.02698095352315 0.8490755386664846
44393 10651547 -2.384689088173462 3.592016562571401 0.97536 4.02698095352315 0.8490755386664846
44393 10561439 -1.877195729924514 3.126781787963202 0.67056 4.02698095352315 0.8490755386664846
44394 10561439 -1.862900058623081 3.1840314669001106 0.6400800000000001 4.02698095352315 0.8490755386664846
44394 10651547 -2.410709238113391 3.630798283946165 0.97536 4.02698095352315 0.8490755386664846
44395 10651547 -2.4576822627935533 3.708105624761019 0.97536 4.02698095352315 0.8490755386664846
44395 10561439 -1.8486696738204367 3.227514752143883 0.6400800000000001 4.02698095352315 0.8490755386664846
44396 10651547 -2.4836296693600817 3.756328896998598 0.97536 4.02698095352315 0.8490755386664846
44396 10561439 -1.832201851294552 3.2805482176335743 0.6400800000000001 4.02698095352315 0.8490755386664846
44397 10561439 -1.8127004949456247 3.354789577800631 0.6400800000000001 4.02698095352315 0.8490755386664846
44398 10561439 -1.795383854270934 3.424254184453809 0.6400800000000001 4.02698095352315 0.8490755386664846
44399 10561439 -1.786435754404131 3.469232493532615 0.6400800000000001 4.02698095352315 0.8490755386664846
44400 10561439 -1.770696653019021 3.5336048028610114 0.6400800000000001 4.02698095352315 0.8490755386664846
44401 10561439 -1.7549574622567843 3.597977093796584 0.6400800000000001 4.02698095352315 0.8490755386664846
44402 10561439 -1.7461763007726991 3.6343050582222256 0.6400800000000001 4.02698095352315 0.8490755386664846
44403 10561439 -1.737395139288614 3.6706330226478676 0.6400800000000001 4.02698095352315 0.8490755386664846
44404 10561439 -1.7252289686266826 3.7173040784767633 0.6400800000000001 4.02698095352315 0.8490755386664846
44405 10561439 -1.7130627979647512 3.763975134305659 0.6400800000000001 4.02698095352315 0.8490755386664846
44406 10561439 -1.7061850359011321 3.7958432399593356 0.6400800000000001 4.02698095352315 0.8490755386664846
44407 10561439 -1.6825011755659014 3.8844900822434685 0.6400800000000001 4.02698095352315 0.8490755386664846
44408 10561439 -1.6749495604201525 3.9146186716140634 0.6400800000000001 4.02698095352315 0.8490755386664846
44409 10561439 -1.6540851349219692 3.9875961339082955 0.67056 4.02698095352315 0.8490755386664846
44410 10561439 -1.6399116003588017 4.039043608382653 0.67056 4.02698095352315 0.8490755386664846
44411 10561439 -1.6261044742243433 4.09072784868977 0.7010400000000001 4.02698095352315 0.8490755386664846
44412 10561439 -1.6125661012173909 4.138877825067399 0.7010400000000001 4.02698095352315 0.8490755386664846
44413 10561439 -1.605712695818254 4.169585473048644 0.7010400000000001 4.02698095352315 0.8490755386664846
44414 10561439 -1.585987874135253 4.23908001467017 0.7010400000000001 4.02698095352315 0.8490755386664846
44415 10561439 -1.5776620688349914 4.2889359306788295 0.73152 4.02698095352315 0.8490755386664846
44416 10561439 -1.5586645886089785 4.346983922388847 0.73152 4.02698095352315 0.8490755386664846
44417 10561439 -1.5458724124652286 4.394209673908114 0.73152 4.02698095352315 0.8490755386664846
44418 10561439 -1.5255848159975451 4.464337990486374 0.73152 4.02698095352315 0.8490755386664846
44419 10561439 -1.5239960482379904 4.463372811944007 0.7314937806451612 4.02698095352315 0.8490755386664846
44420 10561439 -1.5224072804784357 4.462407633401639 0.7314675612903225 4.02698095352315 0.8490755386664846
44421 10561439 -1.520818512718881 4.461442454859272 0.7314413419354838 4.02698095352315 0.8490755386664846
44422 10561439 -1.5192297449593262 4.4604772763169045 0.7314151225806451 4.02698095352315 0.8490755386664846
44423 10561439 -1.5176409771997714 4.459512097774537 0.7313889032258064 4.02698095352315 0.8490755386664846
44424 10561439 -1.5160522094402167 4.45854691923217 0.7313626838709677 4.02698095352315 0.8490755386664846
44425 10561439 -1.514463441680662 4.457581740689802 0.731336464516129 4.02698095352315 0.8490755386664846
44426 10561439 -1.5128746739211072 4.456616562147435 0.7313102451612903 4.02698095352315 0.8490755386664846
44427 10561439 -1.5112859061615525 4.455651383605067 0.7312840258064516 4.02698095352315 0.8490755386664846
44428 10561439 -1.5096971384019977 4.4546862050627 0.7312578064516129 4.02698095352315 0.8490755386664846
44429 10561439 -1.508108370642443 4.453721026520332 0.7312315870967742 4.02698095352315 0.8490755386664846
44430 10561439 -1.5065196028828882 4.452755847977965 0.7312053677419355 4.02698095352315 0.8490755386664846
44431 10561439 -1.5049308351233335 4.4517906694355975 0.7311791483870967 4.02698095352315 0.8490755386664846
44432 10561439 -1.5033420673637787 4.45082549089323 0.731152929032258 4.02698095352315 0.8490755386664846
44433 10561439 -1.501753299604224 4.449860312350863 0.7311267096774193 4.02698095352315 0.8490755386664846
44434 10561439 -1.5001645318446692 4.448895133808494 0.7311004903225806 4.02698095352315 0.8490755386664846
44435 10561439 -1.4985757640851145 4.447929955266127 0.7310742709677419 4.02698095352315 0.8490755386664846
44436 10561439 -1.4969869963255598 4.4469647767237594 0.7310480516129032 4.02698095352315 0.8490755386664846
44437 10561439 -1.495398228566005 4.445999598181392 0.7310218322580645 4.02698095352315 0.8490755386664846
44438 10561439 -1.4938094608064505 4.445034419639025 0.7309956129032258 4.02698095352315 0.8490755386664846
44439 10561439 -1.4922206930468955 4.444069241096657 0.7309693935483871 4.02698095352315 0.8490755386664846
44440 10561439 -1.490631925287341 4.44310406255429 0.7309431741935484 4.02698095352315 0.8490755386664846
44441 10561439 -1.4890431575277863 4.442138884011922 0.7309169548387097 4.02698095352315 0.8490755386664846
44442 10561439 -1.4874543897682315 4.441173705469555 0.730890735483871 4.02698095352315 0.8490755386664846
44443 10561439 -1.4858656220086768 4.440208526927187 0.7308645161290322 4.02698095352315 0.8490755386664846
44444 10561439 -1.484276854249122 4.43924334838482 0.7308382967741935 4.02698095352315 0.8490755386664846
44445 10561439 -1.4826880864895673 4.4382781698424525 0.7308120774193548 4.02698095352315 0.8490755386664846
44446 10561439 -1.4810993187300125 4.437312991300085 0.7307858580645161 4.02698095352315 0.8490755386664846
44447 10561439 -1.4795105509704578 4.436347812757718 0.7307596387096774 4.02698095352315 0.8490755386664846
44448 10561439 -1.477921783210903 4.43538263421535 0.7307334193548387 4.02698095352315 0.8490755386664846
44449 10561439 -1.4763330154513483 4.434417455672983 0.7307072 4.02698095352315 0.8490755386664846
44450 10561439 -1.4747442476917936 4.433452277130615 0.7306809806451613 4.02698095352315 0.8490755386664846
44451 10561439 -1.4731554799322388 4.432487098588248 0.7306547612903225 4.02698095352315 0.8490755386664846
44452 10561439 -1.471566712172684 4.43152192004588 0.7306285419354838 4.02698095352315 0.8490755386664846
44453 10561439 -1.4699779444131293 4.430556741503513 0.7306023225806451 4.02698095352315 0.8490755386664846
44454 10561439 -1.4683891766535746 4.4295915629611455 0.7305761032258064 4.02698095352315 0.8490755386664846
44455 10561439 -1.4668004088940199 4.428626384418778 0.7305498838709676 4.02698095352315 0.8490755386664846
44456 10561439 -1.4652116411344651 4.427661205876411 0.7305236645161289 4.02698095352315 0.8490755386664846
44457 10561439 -1.4636228733749104 4.426696027334043 0.7304974451612902 4.02698095352315 0.8490755386664846
44458 10561439 -1.4620341056153556 4.425730848791676 0.7304712258064515 4.02698095352315 0.8490755386664846
44459 10561439 -1.4604453378558009 4.424765670249308 0.7304450064516128 4.02698095352315 0.8490755386664846
44460 10561439 -1.4588565700962461 4.423800491706941 0.7304187870967741 4.02698095352315 0.8490755386664846
44461 10561439 -1.4572678023366914 4.4228353131645735 0.7303925677419354 4.02698095352315 0.8490755386664846
44462 10561439 -1.4556790345771367 4.421870134622206 0.7303663483870967 4.02698095352315 0.8490755386664846
44463 10561439 -1.454090266817582 4.420904956079838 0.730340129032258 4.02698095352315 0.8490755386664846
44464 10561439 -1.4525014990580272 4.41993977753747 0.7303139096774193 4.02698095352315 0.8490755386664846
44465 10561439 -1.4509127312984724 4.418974598995103 0.7302876903225806 4.02698095352315 0.8490755386664846
44466 10561439 -1.4493239635389177 4.418009420452735 0.7302614709677419 4.02698095352315 0.8490755386664846
44467 10561439 -1.447735195779363 4.417044241910368 0.7302352516129031 4.02698095352315 0.8490755386664846
44468 10561439 -1.4461464280198082 4.4160790633680005 0.7302090322580644 4.02698095352315 0.8490755386664846
44469 10561439 -1.4445576602602535 4.415113884825633 0.7301828129032257 4.02698095352315 0.8490755386664846
44470 10561439 -1.4429688925006987 4.414148706283266 0.730156593548387 4.02698095352315 0.8490755386664846
44471 10561439 -1.441380124741144 4.413183527740898 0.7301303741935483 4.02698095352315 0.8490755386664846
44472 10561439 -1.4397913569815892 4.412218349198531 0.7301041548387096 4.02698095352315 0.8490755386664846
44473 10561439 -1.4382025892220345 4.411253170656163 0.7300779354838709 4.02698095352315 0.8490755386664846
44474 10561439 -1.4366138214624797 4.410287992113796 0.7300517161290322 4.02698095352315 0.8490755386664846
44475 10561439 -1.435025053702925 4.409322813571428 0.7300254967741935 4.02698095352315 0.8490755386664846
44476 10561439 -1.4334362859433702 4.408357635029061 0.7299992774193548 4.02698095352315 0.8490755386664846
44477 10561439 -1.4318475181838155 4.4073924564866935 0.7299730580645161 4.02698095352315 0.8490755386664846
44478 10561439 -1.4302587504242608 4.406427277944326 0.7299468387096774 4.02698095352315 0.8490755386664846
