12517 10523207 0.7427609725705202 0.001675252637142438 0.33528 1.535454077450503 -3.81836164427109
12518 10523207 0.6846265243176846 0.003146409561277236 0.33528 1.535454077450503 -3.81836164427109
12519 10523207 0.6383176756443397 0.00221437451796002 0.33909 1.535454077450503 -3.81836164427109
12520 10523207 0.5920088269709949 0.0012823394746428046 0.34290000000000004 1.535454077450503 -3.81836164427109
12521 10523207 0.533039301215932 0.005364075176302496 0.34290000000000004 1.535454077450503 -3.81836164427109
12522 10523207 0.4406610652495189 0.002605753006364425 0.35052000000000005 1.535454077450503 -3.81836164427109
12523 10523207 0.4049543674036872 0.0034092129822857753 0.35052000000000005 1.535454077450503 -3.81836164427109
12524 10523207 0.2503681230176429 0.0005373352251967778 0.35814000000000007 1.535454077450503 -3.81836164427109
12525 10523207 0.20791204105262567 0.00039320599084276264 0.36195 1.535454077450503 -3.81836164427109
12526 10523207 0.16545595908760846 0.0002490767564887475 0.36576 1.535454077450503 -3.81836164427109
12527 10523207 0.0778062744828758 0.0035435648859707958 0.381 1.535454077450503 -3.81836164427109
12528 10523207 0.0012172112581427807 0.001821941263688287 0.38862 1.535454077450503 -3.81836164427109
12529 10523207 -0.08002624098928957 0.0016223908796478004 0.39624000000000004 1.535454077450503 -3.81836164427109
12530 10523207 -0.2053604167666363 0.001582351121072828 0.41148 1.535454077450503 -3.81836164427109
12531 10523207 -0.24275463742556136 0.001304770069551403 0.41148 1.535454077450503 -3.81836164427109
12532 10523207 -0.3715296436068054 0.0013406663396896834 0.42672000000000004 1.535454077450503 -3.81836164427109
12533 10523207 -0.44937032501866403 -0.000668402894974246 0.43434000000000006 1.535454077450503 -3.81836164427109
12534 10523207 -0.5177048209134842 -0.0023960301247792914 0.44196 1.535454077450503 -3.81836164427109
12535 10523207 -0.5860393168083045 -0.004123657354584337 0.44958000000000004 1.535454077450503 -3.81836164427109
12536 10523207 -0.6808117939342362 -0.01146044173359137 0.46482000000000007 1.535454077450503 -3.81836164427109
12537 10523207 -0.7706839880716074 -0.014673422395344943 0.47243999999999997 1.535454077450503 -3.81836164427109
12538 10523207 -0.8495554804286392 -0.014121679365460632 0.48768 1.535454077450503 -3.81836164427109
12539 10523207 -0.9048544963359957 -0.017538082137911443 0.4953 1.535454077450503 -3.81836164427109
12540 10523207 -1.0351559674296067 -0.026222208792078844 0.51054 1.535454077450503 -3.81836164427109
12541 10523207 -1.1189920600487935 -0.029301550654329184 0.52197 1.535454077450503 -3.81836164427109
12542 10523207 -1.20282815266798 -0.032380892516579524 0.5334 1.535454077450503 -3.81836164427109
12543 10523207 -1.2397062098810718 -0.03106999151384085 0.5334 1.535454077450503 -3.81836164427109
12544 10523207 -1.3562476624024908 -0.03840607891396555 0.54864 1.359486638167775 -2.1835770929012974
12545 10523207 -1.4727891149239098 -0.045742166314090255 0.56388 1.359486638167775 -2.1835770929012974
12546 10523207 -1.5207885539548498 -0.05235958412943045 0.56388 1.359486638167775 -2.1835770929012974
12547 10523207 -1.656208351513764 -0.06064492688732051 0.57912 1.359486638167775 -2.1835770929012974
12548 10523207 -1.711509660166891 -0.06405506742504177 0.58674 1.359486638167775 -2.1835770929012974
12549 10523207 -1.8893916189031195 -0.07831016751783496 0.6019800000000001 1.359486638167775 -2.1835770929012974
12550 10523207 -1.9909878861371542 -0.09017625411104993 0.6096 1.359486638167775 -2.1835770929012974
12551 10523207 -2.0689570598129396 -0.09837740053298788 0.6153150000000001 1.359486638167775 -2.1835770929012974
12552 10523207 -2.146926233488725 -0.10657854695492583 0.62103 1.359486638167775 -2.1835770929012974
12553 10523207 -2.22489540716451 -0.11477969337686378 0.626745 1.359486638167775 -2.1835770929012974
12554 10523207 -2.3028645808402954 -0.12298083979880173 0.63246 1.359486638167775 -2.1835770929012974
12555 10523207 -2.399880604717885 -0.1289794361391237 0.6477 1.359486638167775 -2.1835770929012974
12556 10523207 -2.4887212802091163 -0.13578233095699413 0.65532 1.359486638167775 -2.1835770929012974
12557 10523207 -2.584483721325288 -0.14744682794346223 0.6629400000000001 1.359486638167775 -2.1835770929012974
12558 10523207 -2.771496259071773 -0.16512167566548533 0.6858000000000001 1.359486638167775 -2.1835770929012974
12559 10523207 -2.8679016826089327 -0.17534399247920404 0.6934200000000001 1.359486638167775 -2.1835770929012974
12560 10523207 -2.9643071061460926 -0.18556630929292275 0.7010400000000001 1.359486638167775 -2.1835770929012974
12561 10523207 -3.0607125296832525 -0.19578862610664147 0.7086600000000001 1.359486638167775 -2.1835770929012974
12562 10523207 -3.1571179532204123 -0.20601094292036018 0.7162800000000001 1.359486638167775 -2.1835770929012974
12563 10523207 -3.2580658935634146 -0.2158537459964255 0.7239000000000001 1.359486638167775 -2.1835770929012974
12564 10523207 -3.355501882735507 -0.2231051609957351 0.7315200000000001 1.359486638167775 -2.1835770929012974
12565 10523207 -3.4529378719076 -0.2303565759950447 0.73914 1.359486638167775 -2.1835770929012974
12566 10523207 -3.5481363186572246 -0.24026612989862595 0.75057 1.359486638167775 -2.1835770929012974
12567 10523207 -3.6433347654068493 -0.2501756838022072 0.762 1.359486638167775 -2.1835770929012974
12568 10523207 -3.7572476314716194 -0.2616106720153685 0.77724 1.359486638167775 -2.1835770929012974
12569 10523207 -3.8515375489358696 -0.27280794598510527 0.7924800000000001 1.359486638167775 -2.1835770929012974
12570 10523207 -3.9480629675865107 -0.2826874641656042 0.8001 1.359486638167775 -2.1835770929012974
12571 10523207 -4.044588386237152 -0.2925669823461031 0.80772 1.359486638167775 -2.1835770929012974
