48676 10520887 1.9944628202592571 4.923076568815562 0.73152 0.9596587984065643 -2.3864760276694312
48677 10520887 1.94780849094439 4.879440725837129 0.73152 0.9596587984065643 -2.3864760276694312
48678 10520887 1.9088497416313295 4.841701859260112 0.73152 0.9596587984065643 -2.3864760276694312
48679 10520887 1.8545331241162932 4.79227541007689 0.73152 0.9596587984065643 -2.3864760276694312
48680 10520887 1.8187337683815334 4.751985454761248 0.7010400000000001 0.9596587984065643 -2.3864760276694312
48681 10520887 1.791839307781579 4.72627100545574 0.7010400000000001 0.9596587984065643 -2.3864760276694312
48682 10520887 1.7649448471816247 4.700556556150233 0.7010400000000001 0.9596587984065643 -2.3864760276694312
48683 10520887 1.7380503865816703 4.674842106844726 0.7010400000000001 0.9596587984065643 -2.3864760276694312
48684 10520887 1.6968634953488908 4.634093371137778 0.7010400000000001 0.9596587984065643 -2.3864760276694312
48685 10520887 1.6640870132119545 4.592465295863805 0.7010400000000001 0.9596587984065643 -2.3864760276694312
48686 10520887 1.6240996656147746 4.548871240976826 0.7010400000000001 0.9596587984065643 -2.3864760276694312
48687 10520887 1.595099981708622 4.5133692654954904 0.7010400000000001 0.9596587984065643 -2.3864760276694312
48688 10520887 1.5559297958397127 4.473363713533675 0.7010400000000001 0.9596587984065643 -2.3864760276694312
48689 10520887 1.514780916105245 4.416713936371031 0.7010400000000001 0.9596587984065643 -2.3864760276694312
48690 10520887 1.4964768133772213 4.394656918182515 0.7010400000000001 0.9596587984065643 -2.3864760276694312
48691 10520887 1.4490966853667935 4.331164701814984 0.7010400000000001 0.9596587984065643 -2.3864760276694312
48692 10520887 1.423353319940912 4.287705604889669 0.7010400000000001 0.9596587984065643 -2.3864760276694312
48693 10520887 1.3942210624423277 4.2474571464380615 0.67056 0.9596587984065643 -2.3864760276694312
48694 10520887 1.3492672940630306 4.181886930102192 0.67056 0.9596587984065643 -2.3864760276694312
48695 10520887 1.319081951817635 4.1329867234586395 0.67056 0.9596587984065643 -2.3864760276694312
48696 10520887 1.3114644683193637 4.1212230516510715 0.67056 0.9596587984065643 -2.3864760276694312
48697 10520887 1.303846984821092 4.109459379843504 0.67056 0.9596587984065643 -2.3864760276694312
48698 10520887 1.2596468307951034 4.042124182025295 0.67056 0.9596587984065643 -2.3864760276694312
48699 10520887 1.246899646766518 4.0194193665290605 0.67056 0.9596587984065643 -2.3864760276694312
48700 10520887 1.1947635858264458 3.9278068477369548 0.67056 0.9596587984065643 -2.3864760276694312
48701 10520887 1.178023179415488 3.901033017341637 0.67056 0.9596587984065643 -2.3864760276694312
48702 10520887 1.1372302830780046 3.8376080802329384 0.67056 0.9596587984065643 -2.3864760276694312
48703 10520887 1.1024537014199423 3.7838998808785993 0.67056 0.9596587984065643 -2.3864760276694312
48704 10520887 1.0912242222912232 3.7658396536675385 0.67056 0.9596587984065643 -2.3864760276694312
48705 10520887 1.0627187894161385 3.7139371247939392 0.67056 0.9596587984065643 -2.3864760276694312
48706 10520887 1.0213886544735118 3.652674110629563 0.6400800000000001 0.9596587984065643 -2.3864760276694312
48707 10520887 0.9844693238573184 3.5899693793790766 0.6400800000000001 0.9596587984065643 -2.3864760276694312
48708 10520887 0.9641172366640248 3.562740590627837 0.6400800000000001 0.9596587984065643 -2.3864760276694312
48709 10520887 0.9405543721088914 3.5240602885735584 0.6400800000000001 0.9596587984065643 -2.3864760276694312
48710 10520887 0.916991507553758 3.485379986519279 0.6400800000000001 0.9596587984065643 -2.3864760276694312
48711 10520887 0.8918488580265553 3.4383368399806464 0.6400800000000001 0.9596587984065643 -2.3864760276694312
48712 10520887 0.8500868333594659 3.3610923581018817 0.6400800000000001 0.9596587984065643 -2.3864760276694312
48713 10520887 0.8215960232624813 3.3184734677172436 0.6400800000000001 0.9596587984065643 -2.3864760276694312
48714 10520887 0.7931052131654966 3.275854577332606 0.6400800000000001 0.9596587984065643 -2.3864760276694312
48715 10520887 0.7686362925356623 3.2270724600764633 0.6400800000000001 0.9596587984065643 -2.3864760276694312
48716 10520887 0.7456621536508037 3.182591872694441 0.6096 0.9596587984065643 -2.3864760276694312
48717 10520887 0.7195915861186661 3.1367868377529606 0.6096 0.9596587984065643 -2.3864760276694312
48718 10520887 0.698110830839549 3.0955178240424632 0.6096 0.9596587984065643 -2.3864760276694312
48719 10520887 0.6766300755604318 3.0542488103319663 0.6096 0.9596587984065643 -2.3864760276694312
48720 10520887 0.6551493202813146 3.012979796621469 0.6096 0.9596587984065643 -2.3864760276694312
48721 10520887 0.6271716881876379 2.9586268592159177 0.6096 0.9596587984065643 -2.3864760276694312
48722 10520887 0.5991940560939613 2.904273921810367 0.6096 0.9596587984065643 -2.3864760276694312
48723 10520887 0.5689112582862554 2.8406074765396823 0.6096 0.9596587984065643 -2.3864760276694312
48724 10520887 0.5386284604785495 2.7769410312689975 0.6096 0.9596587984065643 -2.3864760276694312
48725 10520887 0.5083456626708437 2.7132745859983127 0.6096 0.9596587984065643 -2.3864760276694312
48726 10520887 0.4877638231840926 2.6666100971713 0.6096 0.9596587984065643 -2.3864760276694312
48727 10520887 0.47088351512807286 2.626855480298188 0.6096 0.9596587984065643 -2.3864760276694312
48728 10520887 0.4540032070720531 2.5871008634250754 0.6096 0.9596587984065643 -2.3864760276694312
48729 10520887 0.4358073504034903 2.5446802352273314 0.6096 0.9596587984065643 -2.3864760276694312
48730 10520887 0.41761149373492745 2.5022596070295875 0.6096 0.9596587984065643 -2.3864760276694312
48731 10520887 0.398327613166102 2.4582085051602687 0.6096 0.9596587984065643 -2.3864760276694312
48732 10520887 0.39042576195255485 2.434036862942107 0.6096 0.9596587984065643 -2.3864760276694312
48733 10520887 0.36530724996537567 2.3588293509859537 0.6096 0.9596587984065643 -2.3864760276694312
48734 10520887 0.3365022713900886 2.288098308033639 0.6096 0.9596587984065643 -2.3864760276694312
48735 10520887 0.320733041321962 2.2398606037612887 0.6096 0.9596587984065643 -2.3864760276694312
48736 10520887 0.3061025095549571 2.195106150696863 0.6096 0.9596587984065643 -2.3864760276694312
48737 10520887 0.28122370692782594 2.119002477439865 0.57912 0.9596587984065643 -2.3864760276694312
48738 10520887 0.26741402946028636 2.059375548553316 0.57912 0.9596587984065643 -2.3864760276694312
48739 10520887 0.25306684128424217 2.0328712858809674 0.57912 0.9596587984065643 -2.3864760276694312
48740 10520887 0.2329409001853695 1.9522930668616827 0.57912 0.9596587984065643 -2.3864760276694312
48741 10520887 0.2152393889925429 1.8981444124453644 0.57912 0.9596587984065643 -2.3864760276694312
48742 10520887 0.2044000414451559 1.8500476328750495 0.57912 0.9596587984065643 -2.3864760276694312
48743 10520887 0.19456796643699148 1.811143472699707 0.57912 0.9596587984065643 -2.3864760276694312
48744 10520887 0.18473589142882707 1.7722393125243647 0.57912 0.9596587984065643 -2.3864760276694312
48745 10520887 0.16667905731850297 1.7180899991697538 0.57912 0.9596587984065643 -2.3864760276694312
48746 10520887 0.15283530247292743 1.658357431250146 0.57912 0.9596587984065643 -2.3864760276694312
48747 10520887 0.14018725314792813 1.6017389822584398 0.57912 0.9596587984065643 -2.3864760276694312
48748 10520887 0.12768075143408786 1.548812923707061 0.57912 0.9596587984065643 -2.3864760276694312
48749 10520887 0.11685907611580171 1.4953361011524369 0.6096 0.9596587984065643 -2.3864760276694312
48750 10520887 0.10256100748717434 1.4393739057745416 0.6096 0.9596587984065643 -2.3864760276694312
48751 10520887 0.09317579612690774 1.3889325064538751 0.57912 0.9596587984065643 -2.3864760276694312
48752 10520887 0.08257619504024372 1.3282563211394405 0.6096 0.9596587984065643 -2.3864760276694312
48753 10520887 0.07298246433982425 1.275546456851269 0.6096 0.9596587984065643 -2.3864760276694312
48754 10520887 0.056972863474798685 1.1939732807332197 0.6096 0.9596587984065643 -2.3864760276694312
48755 10520887 0.05282400200411197 1.167698616047965 0.59436 0.9596587984065643 -2.3864760276694312
48756 10520887 0.048675140533425254 1.1414239513627102 0.57912 0.9596587984065643 -2.3864760276694312
48757 10520887 0.0377032656576638 1.0861269909140603 0.6096 0.9596587984065643 -2.3864760276694312
48758 10520887 0.03208534091477966 1.0078163785641125 0.6096 0.9596587984065643 -2.3864760276694312
48759 10520887 0.02292795293618244 0.9550807920767947 0.6096 0.9596587984065643 -2.3864760276694312
48760 10520887 0.018583853479562817 0.8999539873471748 0.6096 0.9596587984065643 -2.3864760276694312
48761 10520887 0.012685618964882406 0.8384421358248889 0.6096 0.9596587984065643 -2.3864760276694312
48762 10520887 0.008746102688615753 0.7747712268109616 0.6096 0.9596587984065643 -2.3864760276694312
48763 10520887 0.004281759717795319 0.6904758217852734 0.6096 0.9596587984065643 -2.3864760276694312
48764 10520887 0.004824473580774896 0.6510429065100876 0.6096 0.9596587984065643 -2.3864760276694312
48765 10520887 0.005367187443754473 0.6116099912349018 0.6096 0.9596587984065643 -2.3864760276694312
48766 10520887 0.002661030992806679 0.5360865796009736 0.6096 0.9596587984065643 -2.3864760276694312
48767 10520887 0.004528888108690787 0.4765928795372033 0.6096 0.9596587984065643 -2.3864760276694312
48768 10520887 0.00616185545782294 0.44626707442308955 0.6096 0.9596587984065643 -2.3864760276694312
48769 10520887 0.007794822806955093 0.4159412693089758 0.6096 0.9596587984065643 -2.3864760276694312
48770 10520887 0.007603004042021744 0.3365586171549616 0.6096 0.9596587984065643 -2.3864760276694312
48771 10520887 0.014294203700100705 0.28366675535298347 0.6096 0.9596587984065643 -2.3864760276694312
48772 10520887 0.01018477791852923 0.21946767684742072 0.6096 0.9596587984065643 -2.3864760276694312
48773 10520887 0.01599002071004696 0.1627764434185621 0.6096 0.9596587984065643 -2.3864760276694312
48774 10520887 0.019928310992922804 0.10798064376812039 0.6096 0.9596587984065643 -2.3864760276694312
48775 10520887 0.023962815355196287 0.0211418458220467 0.6096 0.9596587984065643 -2.3864760276694312
48776 10520887 0.024256657120261205 -0.0017361709206449721 0.6096 0.9596587984065643 -2.3864760276694312
48777 10520887 0.024550498885326122 -0.024614187663336645 0.6096 0.9596587984065643 -2.3864760276694312
48778 10520887 0.029569720435140168 -0.07719279817311428 0.6096 0.9596587984065643 -2.3864760276694312
48779 10520887 0.036282351476772834 -0.15883141236930262 0.6096 0.9596587984065643 -2.3864760276694312
48780 10520887 0.03746543825485238 -0.21880151484117136 0.6096 0.9596587984065643 -2.3864760276694312
48781 10520887 0.042184186031121396 -0.2750202520071161 0.6096 0.9596587984065643 -2.3864760276694312
48782 10520887 0.046204267461519954 -0.33066008390867785 0.6096 0.9596587984065643 -2.3864760276694312
48783 10520887 0.052423625811723884 -0.38935521885812185 0.6096 0.9596587984065643 -2.3864760276694312
48784 10520887 0.06785654752132542 -0.4682353824615503 0.6096 0.9596587984065643 -2.3864760276694312
48785 10520887 0.0782632249944526 -0.5260789995818581 0.6096 0.9596587984065643 -2.3864760276694312
48786 10520887 0.09158578699539288 -0.5679351887518258 0.6096 0.9596587984065643 -2.3864760276694312
48787 10520887 0.10947020326549683 -0.612684067277376 0.6096 0.9596587984065643 -2.3864760276694312
48788 10520887 0.13510751874246985 -0.6701305647513419 0.6096 0.9596587984065643 -2.3864760276694312
48789 10520887 0.152007024700255 -0.6945210793701351 0.6096 0.9596587984065643 -2.3864760276694312
48790 10520887 0.16890653065804018 -0.7189115939889282 0.6096 0.9596587984065643 -2.3864760276694312
48791 10520887 0.20601049267428784 -0.7657347682883607 0.6096 0.9596587984065643 -2.3864760276694312
48792 10520887 0.23465740075813057 -0.805821862028905 0.6096 0.9596587984065643 -2.3864760276694312
48793 10520887 0.26845905732410813 -0.8396488519093066 0.6096 0.9596587984065643 -2.3864760276694312
48794 10520887 0.33062236904688924 -0.885897453692692 0.6096 0.9596587984065643 -2.3864760276694312
48795 10520887 0.3685914871758008 -0.915127276357994 0.6096 0.9596587984065643 -2.3864760276694312
48796 10520887 0.4129753225322616 -0.9396768215032797 0.6096 0.9596587984065643 -2.3864760276694312
48797 10520887 0.4650054731134903 -0.9680094498512227 0.6096 0.9596587984065643 -2.3864760276694312
48798 10520887 0.5131770045560016 -0.9891227212673425 0.6096 0.9596587984065643 -2.3864760276694312
48799 10520887 0.5483287608094026 -1.0006076400270625 0.6096 0.9596587984065643 -2.3864760276694312
48800 10520887 0.5834805170628037 -1.0120925587867824 0.6096 0.9596587984065643 -2.3864760276694312
48801 10520887 0.6367513860544846 -1.0241229176748352 0.6096 0.9596587984065643 -2.3864760276694312
48802 10520887 0.6865255498860713 -1.0348936490656209 0.6096 0.9596587984065643 -2.3864760276694312
48803 10520887 0.7335140067402477 -1.044403462398862 0.6096 0.9596587984065643 -2.3864760276694312
48804 10520887 0.7900867865450758 -1.057744984387224 0.6096 0.9596587984065643 -2.3864760276694312
48805 10520887 0.8452187509339595 -1.0657087059725552 0.6096 0.9596587984065643 -2.3864760276694312
48806 10520887 0.9006454629952285 -1.0782076158781693 0.6096 0.9596587984065643 -2.3864760276694312
48807 10520887 0.9490026659270767 -1.0824386922025397 0.6096 0.9596587984065643 -2.3864760276694312
48808 10520887 1.0188720993605203 -1.0887899127186371 0.6096 0.9596587984065643 -2.3864760276694312
48809 10520887 1.041117959728691 -1.0913835646582728 0.6096 0.9596587984065643 -2.3864760276694312
48810 10520887 1.0633638200968618 -1.0939772165979085 0.6096 0.9596587984065643 -2.3864760276694312
48811 10520887 1.1467387886704759 -1.105206021112409 0.6096 0.9596587984065643 -2.3864760276694312
48812 10520887 1.189236521137277 -1.1083393667602577 0.6096 0.9596587984065643 -2.3864760276694312
48813 10520887 1.2621780646147653 -1.116158985147245 0.6096 0.9596587984065643 -2.3864760276694312
48814 10520887 1.3206388909440203 -1.1193651823079624 0.6096 0.9596587984065643 -2.3864760276694312
48815 10520887 1.3679863499310887 -1.1239646390253475 0.6096 0.9596587984065643 -2.3864760276694312
48816 10520887 1.4200553640447906 -1.1331431919918502 0.6096 0.9596587984065643 -2.3864760276694312
48817 10520887 1.474641085659362 -1.134615299634733 0.57912 0.9596587984065643 -2.3864760276694312
48818 10520887 1.5012444138822036 -1.1374624479107458 0.57912 0.9596587984065643 -2.3864760276694312
48819 10520887 1.5357010404452296 -1.1434582321923918 0.57912 0.9596587984065643 -2.3864760276694312
48820 10520887 1.5701576670082555 -1.1494540164740377 0.57912 0.9596587984065643 -2.3864760276694312
48821 10520887 1.6453934731158615 -1.1556826136620248 0.57912 0.9596587984065643 -2.3864760276694312
48822 10520887 1.688141859850147 -1.1607640611353982 0.57912 0.9596587984065643 -2.3864760276694312
48823 10520887 1.7432142876441827 -1.1716219415554854 0.57912 0.9596587984065643 -2.3864760276694312
48824 10520887 1.7904925792256488 -1.1764296947532136 0.57912 0.9596587984065643 -2.3864760276694312
48825 10520887 1.8525865479567667 -1.1821030528727259 0.57912 0.9596587984065643 -2.3864760276694312
48826 10520887 1.899632236452289 -1.1919742044657406 0.57912 0.9596587984065643 -2.3864760276694312
48827 10520887 1.9482064009864506 -1.1966199621240938 0.57912 0.9596587984065643 -2.3864760276694312
48828 10520887 1.986254983029543 -1.198412787965351 0.57912 0.9596587984065643 -2.3864760276694312
48829 10520887 2.039724779239502 -1.2046564132452222 0.57912 0.9596587984065643 -2.3864760276694312
48830 10520887 2.0868738893009 -1.2142096207773945 0.57912 0.9596587984065643 -2.3864760276694312
48831 10520887 2.1202871521799374 -1.219861907180484 0.57912 0.9596587984065643 -2.3864760276694312
48832 10520887 2.1537004150589754 -1.2255141935835734 0.57912 0.9596587984065643 -2.3864760276694312
48833 10520887 2.197802671623095 -1.2291655357148377 0.57912 0.9596587984065643 -2.3864760276694312
48834 10520887 2.2367881844252864 -1.2365197522772386 0.57912 0.9596587984065643 -2.3864760276694312
48835 10520887 2.272402877952314 -1.2427732859058322 0.57912 0.9596587984065643 -2.3864760276694312
48836 10520887 2.3345286639930194 -1.252424682580485 0.57912 0.9596587984065643 -2.3864760276694312
48837 10520887 2.366854402474563 -1.2547419390936705 0.57912 0.9596587984065643 -2.3864760276694312
48838 10520887 2.3991801409561067 -1.2570591956068562 0.57912 0.9596587984065643 -2.3864760276694312
48839 10520887 2.4319971303010615 -1.262632174453036 0.57912 0.9596587984065643 -2.3864760276694312
48840 10520887 2.4648141196460163 -1.268205153299216 0.57912 0.9596587984065643 -2.3864760276694312
48841 10520887 2.481166840932218 -1.2681697438210324 0.57912 0.9596587984065643 -2.3864760276694312
48842 10520887 2.56931116563118 -1.280004372708836 0.57912 0.9596587984065643 -2.3864760276694312
48843 10520887 2.6099472354448157 -1.2888298252544181 0.54864 0.9596587984065643 -2.3864760276694312
48844 10520887 2.632778595082474 -1.2896238479505724 0.54864 0.21226888466662114 -1.0067452383807876
48845 10520887 2.6756078077182863 -1.2930903809482925 0.54864 0.21226888466662114 -1.0067452383807876
48846 10520887 2.720500165741606 -1.2983982330634973 0.54864 0.21226888466662114 -1.0067452383807876
48847 10520887 2.761480828038432 -1.3061671299311721 0.54864 0.21226888466662114 -1.0067452383807876
48848 10520887 2.820491530979665 -1.3076718310567625 0.54864 0.21226888466662114 -1.0067452383807876
48849 10520887 2.862471392459427 -1.3123786486894553 0.54864 0.21226888466662114 -1.0067452383807876
48850 10520887 2.9007585129910725 -1.3175154067936472 0.54864 0.21226888466662114 -1.0067452383807876
48851 10520887 2.9296147016943657 -1.320596041670866 0.5410200000000001 0.21226888466662114 -1.0067452383807876
48852 10520887 2.958470890397659 -1.3236766765480847 0.5334000000000001 0.21226888466662114 -1.0067452383807876
48853 10520887 2.99680447954366 -1.3275138423991586 0.5257800000000001 0.21226888466662114 -1.0067452383807876
48854 10520887 3.035138068689661 -1.3313510082502324 0.5181600000000001 0.21226888466662114 -1.0067452383807876
48855 10520887 3.0788396798200806 -1.3324131884341732 0.5181600000000001 0.21226888466662114 -1.0067452383807876
48856 10520887 3.1005134977271744 -1.3313094449045486 0.5181600000000001 0.21226888466662114 -1.0067452383807876
48857 10520887 3.1605916764285507 -1.3295386425781286 0.5181600000000001 0.21226888466662114 -1.0067452383807876
48858 10520887 3.176657496366701 -1.3292912912706198 0.5181600000000001 0.21226888466662114 -1.0067452383807876
48859 10520887 3.251407278604236 -1.3163042956712492 0.5181600000000001 0.21226888466662114 -1.0067452383807876
48860 10520887 3.2796423855515835 -1.3103324310664097 0.5181600000000001 0.21226888466662114 -1.0067452383807876
48861 10520887 3.3163650909072127 -1.3001213823249818 0.5181600000000001 0.21226888466662114 -1.0067452383807876
48862 10520887 3.3230575442640213 -1.2971654922341593 0.5181600000000001 0.21226888466662114 -1.0067452383807876
48863 10520887 3.32974999762083 -1.2942096021433371 0.5181600000000001 0.21226888466662114 -1.0067452383807876
48864 10520887 3.356623460205669 -1.2812516901999007 0.5181600000000001 0.21226888466662114 -1.0067452383807876
48865 10520887 3.412003102541137 -1.244888099448225 0.5181600000000001 0.21226888466662114 -1.0067452383807876
48866 10520887 3.4324230106605293 -1.2258525703015486 0.5181600000000001 0.21226888466662114 -1.0067452383807876
48867 10520887 3.4619951086178222 -1.2032619186378997 0.5181600000000001 0.21226888466662114 -1.0067452383807876
48868 10520887 3.479514574393277 -1.1822286032646316 0.48768 0.21226888466662114 -1.0067452383807876
48869 10520887 3.505893681918094 -1.144929018312894 0.48768 0.21226888466662114 -1.0067452383807876
48870 10520887 3.509062870922228 -1.1352164324345857 0.48768 0.21226888466662114 -1.0067452383807876
48871 10520887 3.5298202383692487 -1.1042592903958834 0.48768 0.21226888466662114 -1.0067452383807876
48872 10520887 3.549906124494326 -1.0617522966163329 0.48768 0.21226888466662114 -1.0067452383807876
48873 10520887 3.5624545387966204 -1.0276493487303198 0.48768 0.21226888466662114 -1.0067452383807876
48874 10520887 3.565993099284416 -1.0124503224131274 0.48768 0.21226888466662114 -1.0067452383807876
48875 10520887 3.57124910118294 -0.9902189249251745 0.48768 0.21226888466662114 -1.0067452383807876
48876 10520887 3.5765051030814643 -0.9679875274372215 0.48768 0.21226888466662114 -1.0067452383807876
48877 10520887 3.5801699991031186 -0.9397468010075373 0.48768 0.21226888466662114 -1.0067452383807876
48878 10520887 3.583834895124773 -0.911506074577853 0.48768 0.21226888466662114 -1.0067452383807876
48879 10520887 3.5860954085637253 -0.8828070933873903 0.48768 0.21226888466662114 -1.0067452383807876
48880 10520887 3.5892106904176178 -0.8406032106533572 0.48768 0.21226888466662114 -1.0067452383807876
48881 10520887 3.5913130885771603 -0.8069465149969652 0.48768 0.21226888466662114 -1.0067452383807876
48882 10520887 3.5863491554414715 -0.7799785729756783 0.48768 0.21226888466662114 -1.0067452383807876
48883 10520887 3.5937135336459782 -0.7489733471506834 0.48768 0.21226888466662114 -1.0067452383807876
48884 10520887 3.5903465041052547 -0.7157513483005582 0.48768 0.21226888466662114 -1.0067452383807876
48885 10520887 3.5930442567950953 -0.6846251123938721 0.48768 0.21226888466662114 -1.0067452383807876
48885 11063461 0.6201779528266599 -0.003833288437710053 0.33528 0.21226888466662114 -1.0067452383807876
48886 11063461 0.5812926184568133 -0.0059641497357057205 0.33528 0.21226888466662114 -1.0067452383807876
48886 10520887 3.5932178949184905 -0.6568804705677399 0.48768 0.21226888466662114 -1.0067452383807876
48887 10520887 3.5908251221578826 -0.6250276312282731 0.45720000000000005 0.21226888466662114 -1.0067452383807876
48887 11063461 0.5410909707259118 -0.005328127915540021 0.33528 0.21226888466662114 -1.0067452383807876
48888 10520887 3.589181719993018 -0.5848919955109876 0.45720000000000005 0.21226888466662114 -1.0067452383807876
48888 11063461 0.5040209441153829 -0.003261842142060087 0.33528 0.21226888466662114 -1.0067452383807876
48889 11063461 0.4602173026200984 -0.004135402272128982 0.33528 0.21226888466662114 -1.0067452383807876
48889 10520887 3.591546228367239 -0.5558764053536304 0.45720000000000005 0.21226888466662114 -1.0067452383807876
48890 10520887 3.59071916642163 -0.535281159314698 0.45720000000000005 0.21226888466662114 -1.0067452383807876
48890 11063461 0.4141097497045374 -0.0039053397606853835 0.33528 0.21226888466662114 -1.0067452383807876
48891 11063461 0.3703059468375046 -0.004778345454377969 0.33528 0.21226888466662114 -1.0067452383807876
48891 10520887 3.5898921044760206 -0.5146859132757655 0.45720000000000005 0.21226888466662114 -1.0067452383807876
48892 10520887 3.588003143878419 -0.485100013715016 0.45720000000000005 0.21226888466662114 -1.0067452383807876
48892 11063461 0.32488815329754095 -0.002436581523754061 0.33528 0.21226888466662114 -1.0067452383807876
48893 11063461 0.2791126028243468 -0.0025478726744440072 0.33528 0.21226888466662114 -1.0067452383807876
48893 10520887 3.581850526851661 -0.4522537858757576 0.45720000000000005 0.21226888466662114 -1.0067452383807876
48894 11063461 0.23160493684173133 -0.0032025513428584063 0.33528 0.21226888466662114 -1.0067452383807876
48894 10520887 3.577051726858186 -0.41798029524598757 0.45720000000000005 0.21226888466662114 -1.0067452383807876
48895 11063461 0.18409727085911587 -0.0038572300112728053 0.33528 0.21226888466662114 -1.0067452383807876
48895 10520887 3.5706683486277866 -0.38856307467516116 0.45720000000000005 0.21226888466662114 -1.0067452383807876
48896 10520887 3.5584954811091487 -0.35784062565913566 0.45720000000000005 0.21226888466662114 -1.0067452383807876
48896 11063461 0.13616840471511704 -0.001044159286033075 0.33528 0.21226888466662114 -1.0067452383807876
48897 11063461 0.09207083994453741 -0.0028125296444733994 0.35052 0.21226888466662114 -1.0067452383807876
48897 10520887 3.5520352046082415 -0.34498567353945164 0.45720000000000005 0.21226888466662114 -1.0067452383807876
48898 11063461 0.047973275173957775 -0.004580900002913724 0.36576 0.21226888466662114 -1.0067452383807876
48898 10520887 3.5337691726970064 -0.301644745449143 0.45720000000000005 0.21226888466662114 -1.0067452383807876
48899 10520887 3.5120196562559913 -0.27714196375288436 0.45720000000000005 0.21226888466662114 -1.0067452383807876
48899 11063461 0.012367245703758356 -0.005911491511998046 0.39624000000000004 0.21226888466662114 -1.0067452383807876
48900 10520887 3.4996911013466487 -0.260502831997591 0.45720000000000005 0.21226888466662114 -1.0067452383807876
48900 11063461 -0.025313166722600977 -0.005979754736709003 0.39624000000000004 0.21226888466662114 -1.0067452383807876
48901 10520887 3.487362546437306 -0.24386370024229767 0.45720000000000005 0.21226888466662114 -1.0067452383807876
48901 11063461 -0.06037776045189658 -0.004566212579749901 0.42672000000000004 0.21226888466662114 -1.0067452383807876
48902 11063461 -0.09271410032248395 -0.004044269236642001 0.42672000000000004 0.21226888466662114 -1.0067452383807876
48902 10520887 3.4679497277977287 -0.22444534194933866 0.45720000000000005 0.21226888466662114 -1.0067452383807876
48903 11063461 -0.12633439407091812 -0.003102435410066273 0.42672000000000004 0.21226888466662114 -1.0067452383807876
48903 10520887 3.4430130990718233 -0.20018704959323372 0.45720000000000005 0.21226888466662114 -1.0067452383807876
48904 11063461 -0.1599546878193523 -0.0021606015834905457 0.42672000000000004 0.21226888466662114 -1.0067452383807876
48904 10520887 3.4120913491638536 -0.17631162308980416 0.45720000000000005 0.21226888466662114 -1.0067452383807876
48905 10520887 3.381236926525437 -0.15549514423048874 0.42672000000000004 0.21226888466662114 -1.0067452383807876
48905 11063461 -0.19456043563316028 -0.0004290980634868158 0.45720000000000005 0.21226888466662114 -1.0067452383807876
48906 10520887 3.3523529969469807 -0.1378914995058356 0.42672000000000004 0.21226888466662114 -1.0067452383807876
48906 11063461 -0.22739122295078118 -0.0011468776066057007 0.45720000000000005 0.21226888466662114 -1.0067452383807876
48907 10520887 3.3268621451522273 -0.12186235818072147 0.42672000000000004 0.21226888466662114 -1.0067452383807876
48907 11063461 -0.2602220102684021 -0.0018646571497245856 0.45720000000000005 0.21226888466662114 -1.0067452383807876
48908 11063461 -0.29801754404519865 -0.0020107951365067878 0.45720000000000005 0.21226888466662114 -1.0067452383807876
48908 10520887 3.296992818853896 -0.1034695554261236 0.42672000000000004 0.21226888466662114 -1.0067452383807876
48909 11063461 -0.3317604259229464 0.0027690682801283506 0.45720000000000005 0.21226888466662114 -1.0067452383807876
48909 10520887 3.263636811554268 -0.08732623264315978 0.42672000000000004 0.21226888466662114 -1.0067452383807876
48910 11063461 -0.3655033078006942 0.007548931696763489 0.45720000000000005 0.21226888466662114 -1.0067452383807876
48910 10520887 3.224663789585602 -0.06934940067537179 0.42672000000000004 0.21226888466662114 -1.0067452383807876
48911 10520887 3.191168780761134 -0.05608067547428844 0.42672000000000004 0.21226888466662114 -1.0067452383807876
48911 11063461 -0.3972797736726701 0.01793675366384198 0.45720000000000005 0.21226888466662114 -1.0067452383807876
48912 11063461 -0.42095475600751686 0.028246661035812803 0.47244 0.21226888466662114 -1.0067452383807876
48912 10520887 3.1648014483768465 -0.0498108340659931 0.42672000000000004 0.21226888466662114 -1.0067452383807876
48913 11063461 -0.44462973834236363 0.038556568407783626 0.48768 0.21226888466662114 -1.0067452383807876
48913 10520887 3.144981121072958 -0.04334149029060211 0.42672000000000004 0.21226888466662114 -1.0067452383807876
48914 11063461 -0.48009047600665145 0.06253367704740026 0.48768 0.21226888466662114 -1.0067452383807876
48914 10520887 3.1251607937690693 -0.03687214651521112 0.42672000000000004 0.21226888466662114 -1.0067452383807876
48915 10520887 3.0913647947031855 -0.028878165815690165 0.42672000000000004 0.21226888466662114 -1.0067452383807876
48915 11063461 -0.5155512136709393 0.0865107856870169 0.48768 0.21226888466662114 -1.0067452383807876
48916 11063461 -0.5399267697762318 0.11247219222350449 0.48768 0.21226888466662114 -1.0067452383807876
48916 10520887 3.0529953937662286 -0.018573484243999433 0.42672000000000004 0.21226888466662114 -1.0067452383807876
48917 10520887 3.016618871504175 -0.011956313179164374 0.42672000000000004 0.21226888466662114 -1.0067452383807876
48917 11063461 -0.5609414504516574 0.13920434835169285 0.48768 0.21226888466662114 -1.0067452383807876
48918 10520887 2.9742679033205794 -0.006776416882289499 0.42672000000000004 0.21226888466662114 -1.0067452383807876
48918 11063461 -0.5819561311270831 0.1659365044798812 0.48768 0.21226888466662114 -1.0067452383807876
48919 10520887 2.9415008825202165 -0.003790235787877322 0.42672000000000004 0.21226888466662114 -1.0067452383807876
48919 11063461 -0.5975610035048051 0.20106469516958972 0.48768 0.21226888466662114 -1.0067452383807876
48920 10520887 2.9045395172977875 0.0026679744450626985 0.42672000000000004 0.21226888466662114 -1.0067452383807876
48920 11063461 -0.6114486191082948 0.2332948479431544 0.48768 0.21226888466662114 -1.0067452383807876
48921 11063461 -0.621513836636334 0.26906558440307865 0.48768 0.21226888466662114 -1.0067452383807876
48921 10520887 2.866864289793755 0.00421947122513508 0.42672000000000004 0.21226888466662114 -1.0067452383807876
48922 10520887 2.83565279292388 0.0010911208880430567 0.39624000000000004 0.21226888466662114 -1.0067452383807876
48922 11063461 -0.6315790541643731 0.30483632086300294 0.48768 0.21226888466662114 -1.0067452383807876
48923 10520887 2.8002371324259556 0.004124843119244853 0.39624000000000004 0.21226888466662114 -1.0067452383807876
48923 11063461 -0.640414547470745 0.34300911371799436 0.48768 0.21226888466662114 -1.0067452383807876
48924 11063461 -0.6417219657469929 0.3811157271640049 0.48768 0.21226888466662114 -1.0067452383807876
48924 10520887 2.7750808007988503 0.003225479617778082 0.39624000000000004 0.21226888466662114 -1.0067452383807876
48925 10520887 2.749924469171745 0.002326116116311311 0.39624000000000004 0.21226888466662114 -1.0067452383807876
48925 11063461 -0.6430293840232408 0.4192223406100154 0.48768 0.21226888466662114 -1.0067452383807876
48926 10520887 2.716778185909845 0.004152103815073277 0.39624000000000004 0.21226888466662114 -1.0067452383807876
48926 11063461 -0.6408207858041159 0.4585745054691367 0.5181600000000001 0.21226888466662114 -1.0067452383807876
48927 10520887 2.684558269110635 0.002288093992824064 0.39624000000000004 0.21226888466662114 -1.0067452383807876
48927 11063461 -0.6362049412529847 0.497139609501129 0.5181600000000001 0.21226888466662114 -1.0067452383807876
48928 10520887 2.650586331025349 0.004033464307980433 0.39624000000000004 0.21226888466662114 -1.0067452383807876
48928 11063461 -0.6339616370423318 0.5365972918829611 0.5181600000000001 0.21226888466662114 -1.0067452383807876
48929 10520887 2.6145033066558443 0.0036645740998434706 0.39624000000000004 0.21226888466662114 -1.0067452383807876
48929 11063461 -0.6293498871891738 0.5765073651889163 0.5181600000000001 0.21226888466662114 -1.0067452383807876
48930 10520887 2.5804468437201478 -0.0011039703656537114 0.39624000000000004 0.21226888466662114 -1.0067452383807876
48930 11063461 -0.6247381373360159 0.6164174384948715 0.5181600000000001 0.21226888466662114 -1.0067452383807876
48931 11063461 -0.6200874511457597 0.6550880316128734 0.5181600000000001 0.21226888466662114 -1.0067452383807876
48931 10520887 2.543929603638067 0.001005590724124844 0.39624000000000004 0.21226888466662114 -1.0067452383807876
48932 11063461 -0.6144185497488522 0.6968723491932904 0.5181600000000001 0.21226888466662114 -1.0067452383807876
48932 10520887 2.5103915940499246 0.0002735370870820264 0.39624000000000004 0.21226888466662114 -1.0067452383807876
48933 11063461 -0.6087496483519448 0.7386566667737073 0.5181600000000001 0.21226888466662114 -1.0067452383807876
48933 10520887 2.472784798578344 0.0020382590264803324 0.39624000000000004 0.21226888466662114 -1.0067452383807876
48934 10520887 2.437466787006705 -0.002785073191628601 0.39624000000000004 0.21226888466662114 -1.0067452383807876
48934 11063461 -0.6017261878333522 0.7764346311254589 0.5181600000000001 0.21226888466662114 -1.0067452383807876
48935 11063461 -0.5987789586283293 0.8194009787390739 0.5181600000000001 0.21226888466662114 -1.0067452383807876
48935 10520887 2.390249990730683 -0.003255938849646506 0.36576 0.21226888466662114 -1.0067452383807876
48936 10520887 2.3590432037286693 0.0017933680691164244 0.36576 0.21226888466662114 -1.0067452383807876
48936 11063461 -0.5958317294233064 0.8623673263526889 0.5181600000000001 0.21226888466662114 -1.0067452383807876
48937 11063461 -0.5927592538523458 0.9043580676677806 0.5181600000000001 0.21226888466662114 -1.0067452383807876
48937 10520887 2.3353141043685137 0.0011887197557798601 0.36576 0.21226888466662114 -1.0067452383807876
48938 11063461 -0.5891689794395321 0.9479320481561959 0.5181600000000001 0.21226888466662114 -1.0067452383807876
48938 10520887 2.311585005008358 0.0005840714424432958 0.36576 0.21226888466662114 -1.0067452383807876
48939 10520887 2.272739843461424 0.0026373076531836237 0.36576 0.21226888466662114 -1.0067452383807876
48939 11063461 -0.5847771052051879 0.9904261008784965 0.5181600000000001 0.21226888466662114 -1.0067452383807876
48940 11063461 -0.5803852309708437 1.032920153600797 0.5181600000000001 0.21226888466662114 -1.0067452383807876
48940 10520887 2.2393393529607746 0.002328792733689272 0.36576 0.21226888466662114 -1.0067452383807876
48941 11063461 -0.5768860611463562 1.0767576438826965 0.5181600000000001 0.21226888466662114 -1.0067452383807876
48941 10520887 2.212691716939688 0.001217221589365186 0.36576 0.21226888466662114 -1.0067452383807876
48942 10520887 2.172710592604191 0.0022400549081425247 0.36576 0.21226888466662114 -1.0067452383807876
48942 11063461 -0.5725756533893244 1.1230755366413732 0.5334000000000001 0.21226888466662114 -1.0067452383807876
48943 11063461 -0.5682652456322925 1.1693934294000499 0.54864 0.21226888466662114 -1.0067452383807876
48943 10520887 2.135068923221249 0.0039010044712921854 0.36576 0.21226888466662114 -1.0067452383807876
48944 11063461 -0.5614045498153959 1.214819027056577 0.54864 0.21226888466662114 -1.0067452383807876
48944 10520887 2.118236930525136 0.0040236875451949705 0.36576 0.21226888466662114 -1.0067452383807876
48945 11063461 -0.5547615451514051 1.2602574063467384 0.54864 0.21226888466662114 -1.0067452383807876
48945 10520887 2.0629387200662688 0.007361999108962153 0.36576 0.21226888466662114 -1.0067452383807876
48946 11063461 -0.5481185404874143 1.3056957856368998 0.54864 0.21226888466662114 -1.0067452383807876
48946 10520887 2.030547248761664 0.0074258089562549146 0.36576 0.21226888466662114 -1.0067452383807876
48947 10520887 1.9965948895189911 0.005429420512390065 0.36576 0.21226888466662114 -1.0067452383807876
48947 11063461 -0.5348780394803152 1.3502620800096445 0.54864 0.21226888466662114 -1.0067452383807876
48948 10520887 1.9487942018204736 0.007254704503943471 0.36576 0.21226888466662114 -1.0067452383807876
48948 11063461 -0.5216375384732161 1.3948283743823893 0.54864 0.21226888466662114 -1.0067452383807876
48949 10520887 1.9138556142813665 0.005230280327081449 0.36576 0.21226888466662114 -1.0067452383807876
48949 11063461 -0.5069002374594689 1.439898344128386 0.54864 0.21226888466662114 -1.0067452383807876
48950 11063461 -0.4920248809322503 1.4853905183683287 0.54864 0.21226888466662114 -1.0067452383807876
48950 10520887 1.87990484853343 0.005687123167734093 0.33528 0.21226888466662114 -1.0067452383807876
48951 10520887 1.8446796481921774 0.0038734260214839944 0.33528 0.21226888466662114 -1.0067452383807876
48951 11063461 -0.4734078245922807 1.5294255412091864 0.5638799999999999 0.21226888466662114 -1.0067452383807876
48952 10520887 1.8120560623088684 0.0005092870892648982 0.33528 0.21226888466662114 -1.0067452383807876
48952 11063461 -0.45479076825231113 1.573460564050044 0.57912 0.21226888466662114 -1.0067452383807876
48953 11063461 -0.43718083604868807 1.6191685245253957 0.57912 0.21226888466662114 -1.0067452383807876
48953 10520887 1.7901244960357838 0.0009255527984949885 0.33528 0.21226888466662114 -1.0067452383807876
48954 10520887 1.7681929297626993 0.0013418185077250788 0.33528 0.21226888466662114 -1.0067452383807876
48954 11063461 -0.419570903845065 1.6648764850007474 0.57912 0.21226888466662114 -1.0067452383807876
48955 10520887 1.7269816532092233 0.002681196437326075 0.33528 0.21226888466662114 -1.0067452383807876
48955 11063461 -0.4000547331049076 1.708267023703648 0.57912 0.21226888466662114 -1.0067452383807876
48956 10520887 1.6857703766557472 0.004020574366927071 0.33528 0.21226888466662114 -1.0067452383807876
48956 11063461 -0.3821170153658453 1.7549777559551745 0.57912 0.21226888466662114 -1.0067452383807876
48957 10520887 1.6563843846933355 0.006492181346809595 0.33528 0.21226888466662114 -1.0067452383807876
48957 11063461 -0.3616691240299519 1.8012182190045238 0.57912 0.21226888466662114 -1.0067452383807876
48958 11063461 -0.34122123269405846 1.847458682053873 0.57912 0.21226888466662114 -1.0067452383807876
48958 10520887 1.628336860748775 0.0049052287588634 0.33528 0.21226888466662114 -1.0067452383807876
48959 11063461 -0.31926411080542927 1.8901679384893193 0.57912 0.21226888466662114 -1.0067452383807876
48959 10520887 1.5813599691517695 0.0051786762361901995 0.33528 0.21226888466662114 -1.0067452383807876
48960 11063461 -0.29619239298770395 1.935199975762421 0.6096 0.21226888466662114 -1.0067452383807876
48960 10520887 1.553785644094029 0.0077598881596546015 0.33528 0.21226888466662114 -1.0067452383807876
48961 11063461 -0.2732812153995279 1.9802845193744207 0.6096 0.21226888466662114 -1.0067452383807876
48961 10520887 1.5139271286153397 0.005358218239692042 0.33528 0.21226888466662114 -1.0067452383807876
48962 10520887 1.4820502927804313 0.004555271486607476 0.33528 0.21226888466662114 -1.0067452383807876
48962 11063461 -0.25020969233136303 2.025316646228981 0.6096 0.21226888466662114 -1.0067452383807876
48963 10520887 1.4478356969295132 0.00556747906691106 0.33528 0.21226888466662114 -1.0067452383807876
48963 11063461 -0.22983123919078952 2.071346193352651 0.6096 0.21226888466662114 -1.0067452383807876
48964 10520887 1.4279345428364478 0.003773608672161949 0.32004 0.21226888466662114 -1.0067452383807876
48964 11063461 -0.2069427227751015 2.1169055239811865 0.6096 0.21226888466662114 -1.0067452383807876
48965 11063461 -0.18419235081575303 2.162042694735365 0.6096 0.21226888466662114 -1.0067452383807876
48965 10520887 1.4080333887433822 0.0019797382774128375 0.3048 0.21226888466662114 -1.0067452383807876
48966 10520887 1.3727291242557478 0.0026472698565367936 0.3048 0.21226888466662114 -1.0067452383807876
48966 11063461 -0.1626453904912044 2.207573366777517 0.6096 0.21226888466662114 -1.0067452383807876
48967 10520887 1.3281716540898625 0.003533835539581587 0.3048 0.21226888466662114 -1.0067452383807876
48967 11063461 -0.1410984301666558 2.253104038819669 0.6096 0.21226888466662114 -1.0067452383807876
48968 11063461 -0.11794723638287086 2.2981101863246685 0.6096 0.21226888466662114 -1.0067452383807876
48968 10520887 1.2932330326986374 0.002738880625015122 0.3048 0.21226888466662114 -1.0067452383807876
48969 11063461 -0.09644338626108007 2.3462253590173052 0.6096 0.21226888466662114 -1.0067452383807876
48969 10520887 1.2582944113074122 0.0019439257104486574 0.3048 0.21226888466662114 -1.0067452383807876
48970 10520887 1.226066372968403 0.0033304589628683073 0.3048 0.21226888466662114 -1.0067452383807876
48970 11063461 -0.07369345980000763 2.3913627326000264 0.6096 0.21226888466662114 -1.0067452383807876
48971 10520887 1.1938383346293937 0.004716992215287957 0.3048 0.21226888466662114 -1.0067452383807876
48971 11063461 -0.053350106049397716 2.4372869928164493 0.6400800000000001 0.21226888466662114 -1.0067452383807876
48972 11063461 -0.030169002225480468 2.483743854979325 0.6400800000000001 0.21226888466662114 -1.0067452383807876
48972 10520887 1.1653525207137445 0.0042387077684827995 0.3048 0.21226888466662114 -1.0067452383807876
48973 10520887 1.136866706798095 0.0037604233216776417 0.3048 0.21226888466662114 -1.0067452383807876
48973 11063461 -0.0069878984015632195 2.5302007171422005 0.6400800000000001 0.21226888466662114 -1.0067452383807876
48974 10520887 1.0923181401172575 0.0019584434496282416 0.3048 0.21226888466662114 -1.0067452383807876
48974 11063461 0.016555432647977653 2.5777659325707387 0.6400800000000001 0.21226888466662114 -1.0067452383807876
48975 11063461 0.03729955456708278 2.6235591925840107 0.6400800000000001 0.21226888466662114 -1.0067452383807876
48975 10520887 1.068996864445322 0.0023085210686803795 0.3048 0.21226888466662114 -1.0067452383807876
48976 11063461 0.061209259373046665 2.670887804860648 0.6400800000000001 0.21226888466662114 -1.0067452383807876
48976 10520887 1.0456755887733866 0.002658598687732517 0.3048 0.21226888466662114 -1.0067452383807876
48977 10520887 1.0223543131014512 0.003008676306784655 0.3048 0.21226888466662114 -1.0067452383807876
48977 11063461 0.08395854766929534 2.716025469306683 0.6400800000000001 0.21226888466662114 -1.0067452383807876
48978 11063461 0.10578535781406917 2.766488673023466 0.6400800000000001 0.21226888466662114 -1.0067452383807876
48978 10520887 0.9990330374295157 0.0033587539258367926 0.3048 0.21226888466662114 -1.0067452383807876
48979 10520887 0.9757117617575802 0.0037088315448889305 0.3048 0.21226888466662114 -1.0067452383807876
48979 11063461 0.13094082030208531 2.8108396360401517 0.6400800000000001 0.21226888466662114 -1.0067452383807876
48980 11063461 0.1542470723320023 2.8571388435151013 0.6400800000000001 0.21226888466662114 -1.0067452383807876
48980 10520887 0.9523904860856448 0.0040589091639410685 0.3048 0.21226888466662114 -1.0067452383807876
48981 10520887 0.9290692104137093 0.004408986782993206 0.3048 0.21226888466662114 -1.0067452383807876
48981 11063461 0.17755332436191928 2.9034380509900504 0.6400800000000001 0.21226888466662114 -1.0067452383807876
48982 10520887 0.9057479347417738 0.0047590644020453435 0.3048 0.21226888466662114 -1.0067452383807876
48982 11063461 0.20164705803260452 2.9518749303503977 0.6400800000000001 0.21226888466662114 -1.0067452383807876
48983 10520887 0.8824266590698384 0.005109142021097482 0.3048 0.21226888466662114 -1.0067452383807876
48983 11063461 0.22574079170328976 3.000311809710745 0.6400800000000001 0.21226888466662114 -1.0067452383807876
48984 10520887 0.8438775102104781 0.006722446832744797 0.3048 0.21226888466662114 -1.0067452383807876
48984 11063461 0.24931765811285078 3.04798302148329 0.6400800000000001 0.21226888466662114 -1.0067452383807876
48985 10520887 0.8382696434603145 0.005867687390083497 0.3048 0.21226888466662114 -1.0067452383807876
48985 11063461 0.2728599152056188 3.095548726691884 0.6400800000000001 0.21226888466662114 -1.0067452383807876
48986 11063461 0.29870478016848034 3.1420110977507325 0.6400800000000001 0.21226888466662114 -1.0067452383807876
48986 10520887 0.8326617767101508 0.005012927947422197 0.3048 0.21226888466662114 -1.0067452383807876
48987 10520887 0.7951127612822962 0.009687684198231655 0.3048 0.21226888466662114 -1.0067452383807876
48987 11063461 0.3222468240063332 3.1895769008547155 0.6400800000000001 0.21226888466662114 -1.0067452383807876
48988 11063461 0.34378359831324024 3.237798338876924 0.6400800000000001 0.21226888466662114 -1.0067452383807876
48988 10520887 0.770165864072752 0.008083720867180906 0.3048 0.21226888466662114 -1.0067452383807876
48989 10520887 0.7507831814603724 0.009918982645084062 0.3048 0.21226888466662114 -1.0067452383807876
48989 11063461 0.36772648985814527 3.285233108556105 0.6400800000000001 0.21226888466662114 -1.0067452383807876
48990 11063461 0.39130275850841145 3.332904593119048 0.6400800000000001 0.21226888466662114 -1.0067452383807876
48990 10520887 0.7363412752220742 0.010227564568714601 0.3048 0.21226888466662114 -1.0067452383807876
48991 10520887 0.721899368983776 0.01053614649234514 0.3048 0.21226888466662114 -1.0067452383807876
48991 11063461 0.41395188699727936 3.3818138989591215 0.6400800000000001 0.21226888466662114 -1.0067452383807876
48992 11063461 0.43660101548614727 3.4307232047991945 0.6400800000000001 0.21226888466662114 -1.0067452383807876
48992 10520887 0.7054323500250792 0.00940359207301925 0.3048 0.21226888466662114 -1.0067452383807876
48993 10520887 0.6889653310663824 0.008271037653693358 0.3048 0.21226888466662114 -1.0067452383807876
48993 11063461 0.4583920538351389 3.481081421594311 0.6400800000000001 0.21226888466662114 -1.0067452383807876
48994 11063461 0.47715574578967535 3.530326395478535 0.6400800000000001 0.21226888466662114 -1.0067452383807876
48994 10520887 0.6777495029381404 0.006561762675565561 0.3048 0.21226888466662114 -1.0067452383807876
48995 10520887 0.6587443941169435 0.0075145354808430626 0.3048 0.21226888466662114 -1.0067452383807876
48995 11063461 0.4965233065076732 3.581418554130946 0.6400800000000001 0.21226888466662114 -1.0067452383807876
48996 10520887 0.6397392852957466 0.008467308286120565 0.3048 0.21226888466662114 -1.0067452383807876
48996 11063461 0.515890867225671 3.6325107127833562 0.6400800000000001 0.21226888466662114 -1.0067452383807876
48997 10520887 0.6261034331767577 0.006146933603814395 0.3048 0.21226888466662114 -1.0067452383807876
48997 11063461 0.5365027108025577 3.7037005656952395 0.6400800000000001 0.21226888466662114 -1.0067452383807876
48998 11063461 0.5606691003800566 3.7857622715217505 0.6400800000000001 0.21226888466662114 -1.0067452383807876
48998 10520887 0.6180881877225971 0.006078961859746997 0.3048 0.21226888466662114 -1.0067452383807876
48999 11063461 0.5703318049363979 3.8153168425954314 0.6400800000000001 0.21226888466662114 -1.0067452383807876
48999 10520887 0.6100729422684366 0.006010990115679599 0.3048 0.21226888466662114 -1.0067452383807876
49000 11063461 0.5813845796722708 3.8572687669909143 0.6400800000000001 0.21226888466662114 -1.0067452383807876
49000 10520887 0.605097835990166 0.007636670859573193 0.3048 0.21226888466662114 -1.0067452383807876
49001 10520887 0.6001227297118954 0.009262351603466787 0.3048 0.21226888466662114 -1.0067452383807876
49001 11063461 0.6055510843627359 3.9393304595408085 0.6400800000000001 0.21226888466662114 -1.0067452383807876
49002 11063461 0.6135325736001817 3.9718882375868763 0.6400800000000001 0.21226888466662114 -1.0067452383807876
49002 10520887 0.5951476234336248 0.010888032347360382 0.3048 0.21226888466662114 -1.0067452383807876
49003 11063461 0.6215140628376274 4.004446015632944 0.6400800000000001 0.21226888466662114 -1.0067452383807876
49003 10520887 0.58678406786979 0.018995034200851288 0.3048 0.21226888466662114 -1.0067452383807876
49004 11063461 0.6384138480512193 4.076499068790947 0.6400800000000001 0.21226888466662114 -1.0067452383807876
49004 10520887 0.586231220827355 0.02273893969487407 0.3048 0.21226888466662114 -1.0067452383807876
49005 10520887 0.5856783737849199 0.026482845188896858 0.3048 0.21226888466662114 -1.0067452383807876
49005 11063461 0.6553136332648111 4.148552121948951 0.6400800000000001 0.21226888466662114 -1.0067452383807876
49006 10520887 0.585125526742485 0.03022675068291964 0.3048 0.21226888466662114 -1.0067452383807876
49006 11063461 0.6626395717297562 4.1791043832977435 0.6400800000000001 0.21226888466662114 -1.0067452383807876
49007 11063461 0.6736577587065742 4.230180782970464 0.6400800000000001 0.21226888466662114 -1.0067452383807876
49007 10520887 0.58457267970005 0.03397065617694243 0.3048 0.21226888466662114 -1.0067452383807876
49008 11063461 0.6871892268643611 4.288672350927021 0.6400800000000001 0.21226888466662114 -1.0067452383807876
49008 10520887 0.5840198326576149 0.03771456167096521 0.3048 0.21226888466662114 -1.0067452383807876
49009 11063461 0.7007206950221481 4.3471639188835765 0.6400800000000001 0.21226888466662114 -1.0067452383807876
49009 10520887 0.58346698561518 0.041458467164987994 0.3048 0.21226888466662114 -1.0067452383807876
49010 11063461 0.7055029231351397 4.37808052610029 0.6400800000000001 0.21226888466662114 -1.0067452383807876
49011 11063461 0.7219941694997654 4.452954432848446 0.6400800000000001 0.21226888466662114 -1.0067452383807876
49012 11063461 0.7267765218916666 4.48387101400203 0.6400800000000001 0.21226888466662114 -1.0067452383807876
49013 11063461 0.7432680050708618 4.558744870475616 0.6400800000000001 0.21226888466662114 -1.0067452383807876
49014 11063461 0.7526231198160248 4.608262054835484 0.6400800000000001 0.21226888466662114 -1.0067452383807876
49015 11063461 0.7619782345611879 4.657779239195352 0.6400800000000001 0.21226888466662114 -1.0067452383807876
49016 11063461 0.7692088988387309 4.713014966520061 0.6400800000000001 0.21226888466662114 -1.0067452383807876
49017 11063461 0.7824467277696343 4.7790216823190885 0.6400800000000001 0.21226888466662114 -1.0067452383807876
49018 11063461 0.7876436384888337 4.811204796570772 0.6400800000000001 0.21226888466662114 -1.0067452383807876
49019 11063461 0.792840549208033 4.843387910822456 0.6400800000000001 0.21226888466662114 -1.0067452383807876
49020 11063461 0.8070613307470913 4.94389028614433 0.6400800000000001 0.21226888466662114 -1.0067452383807876
49021 11063461 0.8178484489546594 5.010815199312492 0.6400800000000001 0.21226888466662114 -1.0067452383807876
49022 11063461 0.8229208220209183 5.043973756304132 0.6400800000000001 0.21226888466662114 -1.0067452383807876
