33142 10933559 4.6023039426890495 3.246731235415207 0.9144000000000001 1.3744057314893527 -1.5314650184869447
33143 10933559 4.532653773991418 3.2406664993829857 0.9144000000000001 1.3744057314893527 -1.5314650184869447
33144 10933559 4.422111012970137 3.2339892486196025 0.9144000000000001 1.3744057314893527 -1.5314650184869447
33145 10933559 4.353240789622069 3.2301836087547118 0.9144000000000001 1.3744057314893527 -1.5314650184869447
33146 10933559 4.284370566274001 3.2263779688898206 0.9144000000000001 1.3744057314893527 -1.5314650184869447
33147 10933559 4.243099285500247 3.225013080663354 0.9144000000000001 1.3744057314893527 -1.5314650184869447
33148 10933559 4.201828004726494 3.223648192436887 0.9144000000000001 1.3744057314893527 -1.5314650184869447
33149 10933559 4.092087245724483 3.219166841993171 0.9144000000000001 1.3744057314893527 -1.5314650184869447
33150 10933559 4.043114517689441 3.2186814868784417 0.8991600000000001 1.3744057314893527 -1.5314650184869447
33151 10933559 3.9941417896543987 3.218196131763712 0.88392 1.3744057314893527 -1.5314650184869447
33152 10933559 3.871748609485598 3.2157452683088557 0.88392 1.3744057314893527 -1.5314650184869447
33153 10933559 3.8240474746629607 3.2150798007246975 0.88392 1.3744057314893527 -1.5314650184869447
33154 10933559 3.776346339840323 3.214414333140539 0.88392 1.3744057314893527 -1.5314650184869447
33155 10933559 3.7155110720878257 3.2142992285851983 0.88392 1.3744057314893527 -1.5314650184869447
33156 10933559 3.6546758043353282 3.2141841240298574 0.88392 1.3744057314893527 -1.5314650184869447
33157 10933559 3.5726824220071345 3.2131507265711354 0.88392 1.3744057314893527 -1.5314650184869447
33158 10933559 3.5118466734341482 3.213037368575364 0.88392 1.3744057314893527 -1.5314650184869447
33159 10933559 3.451010924861162 3.2129240105795924 0.88392 1.3744057314893527 -1.5314650184869447
33160 10933559 3.37777392497015 3.21288904100118 0.88392 1.3744057314893527 -1.5314650184869447
33161 10933559 3.3045369250791383 3.2128540714227674 0.88392 1.3744057314893527 -1.5314650184869447
33162 10933559 3.2376677851782745 3.2146545790302183 0.88392 1.3744057314893527 -1.5314650184869447
33163 10933559 3.1707986452774106 3.2164550866376693 0.88392 1.3744057314893527 -1.5314650184869447
33164 10933559 3.06548253954037 3.218487013567241 0.88392 1.3744057314893527 -1.5314650184869447
33165 10933559 3.0250417870868866 3.219135314840419 0.8686800000000001 1.3744057314893527 -1.5314650184869447
33166 10933559 2.9846010346334033 3.2197836161135966 0.8534400000000001 1.3744057314893527 -1.5314650184869447
33167 10933559 2.8794327207047994 3.221185715732298 0.8534400000000001 1.3744057314893527 -1.5314650184869447
33168 10933559 2.812683397589585 3.2233593901097715 0.8534400000000001 1.3744057314893527 -1.5314650184869447
33169 10933559 2.747783893372815 3.2244040540204253 0.8534400000000001 1.3744057314893527 -1.5314650184869447
33170 10933559 2.6828843891560448 3.2254487179310787 0.8534400000000001 1.3744057314893527 -1.5314650184869447
33171 10933559 2.6159277764938675 3.2269908725998846 0.8534400000000001 1.3744057314893527 -1.5314650184869447
33172 10933559 2.550019631160602 3.228483489252655 0.8534400000000001 1.3744057314893527 -1.5314650184869447
33173 10933559 2.484111485827336 3.2299761059054255 0.8534400000000001 1.3744057314893527 -1.5314650184869447
33174 10933559 2.4112332567489707 3.2302419845109 0.8382000000000001 1.3744057314893527 -1.5314650184869447
33175 10933559 2.338355027670605 3.2305078631163737 0.82296 1.3744057314893527 -1.5314650184869447
33176 10933559 2.277063779959973 3.230377766643287 0.82296 1.3744057314893527 -1.5314650184869447
33177 10933559 2.215772532249342 3.2302476701702 0.82296 1.3744057314893527 -1.5314650184869447
33178 10933559 2.152615003786618 3.2295015906689883 0.82296 1.3744057314893527 -1.5314650184869447
33179 10933559 2.089457475323895 3.228755511167777 0.82296 1.3744057314893527 -1.5314650184869447
33180 10933559 2.029054659472364 3.2275000664933713 0.82296 1.3744057314893527 -1.5314650184869447
33181 10933559 1.9686518436208336 3.226244621818965 0.82296 1.3744057314893527 -1.5314650184869447
33182 10933559 1.908249027769303 3.2249891771445593 0.82296 1.3744057314893527 -1.5314650184869447
33183 10933559 1.8156811988951103 3.2228729658352924 0.82296 1.3744057314893527 -1.5314650184869447
33184 10933559 1.7468961285350777 3.2204637911607774 0.7924800000000001 1.3744057314893527 -1.5314650184869447
33185 10933559 1.664619068622728 3.216972921917761 0.7924800000000001 1.3744057314893527 -1.5314650184869447
33186 10933559 1.597639830018774 3.213936576235934 0.7924800000000001 1.3744057314893527 -1.5314650184869447
33187 10933559 1.5306605914148197 3.2109002305541066 0.7924800000000001 1.3744057314893527 -1.5314650184869447
33188 10933559 1.4636813528108656 3.2078638848722796 0.7924800000000001 1.3744057314893527 -1.5314650184869447
33189 10933559 1.395307401799063 3.205089733579012 0.7924800000000001 1.3744057314893527 -1.5314650184869447
33190 10933559 1.3343307292626494 3.201184038415346 0.7924800000000001 1.3744057314893527 -1.5314650184869447
33191 10933559 1.2733540567262356 3.1972783432516807 0.7924800000000001 1.3744057314893527 -1.5314650184869447
33192 10933559 1.1952208749521 3.190451885440448 0.7924800000000001 1.3744057314893527 -1.5314650184869447
33193 10933559 1.1298635665581955 3.1852339414767243 0.7924800000000001 1.3744057314893527 -1.5314650184869447
33194 10933559 1.064506258164291 3.1800159975130007 0.7924800000000001 1.3744057314893527 -1.5314650184869447
33195 10933559 1.024575497871044 3.178171367684217 0.7924800000000001 1.3744057314893527 -1.5314650184869447
33196 10933559 0.9846447375777968 3.176326737855433 0.7924800000000001 1.3744057314893527 -1.5314650184869447
33197 10933559 0.8797353146441045 3.17042759613562 0.7924800000000001 1.3744057314893527 -1.5314650184869447
33198 10933559 0.8138001073574357 3.1669780631635787 0.7924800000000001 1.3744057314893527 -1.5314650184869447
33199 10933559 0.736286024444847 3.1620566102246848 0.7924800000000001 1.3744057314893527 -1.5314650184869447
33200 10933559 0.6713700818409932 3.1583337306887405 0.7924800000000001 1.3744057314893527 -1.5314650184869447
33201 10933559 0.6064541392371394 3.154610851152796 0.7924800000000001 1.3744057314893527 -1.5314650184869447
33202 10933559 0.5539984896521328 3.1516638745683574 0.7924800000000001 1.3744057314893527 -1.5314650184869447
33203 10933559 0.4879241690205911 3.1477951497752517 0.7924800000000001 1.3744057314893527 -1.5314650184869447
33204 10933559 0.42918926688638637 3.144653013818721 0.7924800000000001 1.3744057314893527 -1.5314650184869447
33205 10933559 0.3704543647521817 3.1415108778621903 0.7924800000000001 1.3744057314893527 -1.5314650184869447
33206 10933559 0.3129963937400102 3.1376599657316806 0.7924800000000001 1.3744057314893527 -1.5314650184869447
33207 10933559 0.2555384227278388 3.1338090536011705 0.7924800000000001 1.3744057314893527 -1.5314650184869447
33208 10933559 0.17239328867472326 3.1285146759110107 0.7924800000000001 1.3744057314893527 -1.5314650184869447
33209 10933559 0.08924815462160773 3.123220298220851 0.7924800000000001 1.3744057314893527 -1.5314650184869447
33210 10933559 0.046338751657585 3.119608848625905 0.7924800000000001 1.3744057314893527 -1.5314650184869447
33211 10933559 0.003429348693562262 3.1159973990309595 0.7924800000000001 1.3744057314893527 -1.5314650184869447
33212 10933559 -0.04902793102397485 3.11305486630884 0.7924800000000001 1.3744057314893527 -1.5314650184869447
33213 10933559 -0.10850684934707944 3.104931248243854 0.7924800000000001 1.3744057314893527 -1.5314650184869447
33214 10933559 -0.17003394116377035 3.100048247928752 0.7924800000000001 1.3744057314893527 -1.5314650184869447
33215 10933559 -0.26808921891953585 3.0893521318339277 0.7924800000000001 1.3744057314893527 -1.5314650184869447
33216 10933559 -0.32135778264938347 3.0822369953945223 0.7924800000000001 1.3744057314893527 -1.5314650184869447
33217 10933559 -0.3746263463792311 3.0751218589551166 0.7924800000000001 1.3744057314893527 -1.5314650184869447
33218 10933559 -0.46872169339456127 3.0650024147895554 0.762 1.3744057314893527 -1.5314650184869447
33219 10933559 -0.5167649055604008 3.059275708039797 0.762 1.3744057314893527 -1.5314650184869447
33220 10933559 -0.5648081177262403 3.0535490012900386 0.762 1.3744057314893527 -1.5314650184869447
33221 10933559 -0.6239094210959157 3.046590942923214 0.762 1.3744057314893527 -1.5314650184869447
33222 10933559 -0.6830107244655912 3.039632884556389 0.762 1.3744057314893527 -1.5314650184869447
33223 10933559 -0.7430221539532396 3.033966502610177 0.762 1.3744057314893527 -1.5314650184869447
33224 10933559 -0.8030335834408879 3.0283001206639644 0.762 1.3744057314893527 -1.5314650184869447
33225 10933559 -0.8673309045875285 3.022654247681196 0.762 1.3744057314893527 -1.5314650184869447
33226 10933559 -0.9316282257341691 3.0170083746984275 0.762 1.3744057314893527 -1.5314650184869447
33227 10933559 -0.9959255468808097 3.0113625017156593 0.762 1.3744057314893527 -1.5314650184869447
33228 10933559 -1.0448645017075429 3.0099627368195576 0.762 1.3744057314893527 -1.5314650184869447
33229 10933559 -1.0867167652811291 3.006069757037271 0.74676 1.3744057314893527 -1.5314650184869447
33230 10933559 -1.1285690288547157 3.002176777254985 0.73152 1.3744057314893527 -1.5314650184869447
33231 10933559 -1.2269275413296008 2.991941668116711 0.73152 1.3744057314893527 -1.5314650184869447
33232 10933559 -1.2695282560421983 2.985899211377307 0.73152 1.3744057314893527 -1.5314650184869447
33233 10933559 -1.3121289707547958 2.979856754637903 0.73152 1.3744057314893527 -1.5314650184869447
33234 10933559 -1.3805054628114 2.965598130080429 0.71628 1.3744057314893527 -1.5314650184869447
33235 10933559 -1.448881954868004 2.951339505522955 0.7010400000000001 1.3744057314893527 -1.5314650184869447
33236 10933559 -1.5333126852548244 2.9253339507421954 0.7010400000000001 1.3744057314893527 -1.5314650184869447
33237 10933559 -1.598104431503915 2.896934302229777 0.7010400000000001 1.3744057314893527 -1.5314650184869447
33238 10933559 -1.6628961777530058 2.8685346537173593 0.7010400000000001 1.3744057314893527 -1.5314650184869447
33239 10933559 -1.7086439027586047 2.8447413491543214 0.7010400000000001 1.3744057314893527 -1.5314650184869447
33240 10933559 -1.7543916277642038 2.820948044591283 0.7010400000000001 1.3744057314893527 -1.5314650184869447
33241 10933559 -1.8034147643257001 2.786922313250458 0.7010400000000001 1.3744057314893527 -1.5314650184869447
33242 10933559 -1.8524379008871967 2.7528965819096327 0.7010400000000001 1.3744057314893527 -1.5314650184869447
33243 10933559 -1.901461037448693 2.7188708505688077 0.7010400000000001 1.3744057314893527 -1.5314650184869447
33244 10933559 -1.9630431098820993 2.663658601460189 0.7010400000000001 1.3744057314893527 -1.5314650184869447
33245 10933559 -2.0246251823155053 2.6084463523515704 0.7010400000000001 1.3744057314893527 -1.5314650184869447
33246 10933559 -2.062227025427973 2.568171552872128 0.7010400000000001 1.3744057314893527 -1.5314650184869447
33247 10933559 -2.099828868540441 2.5278967533926857 0.7010400000000001 1.3744057314893527 -1.5314650184869447
33248 10933559 -2.1301209364548 2.4887936365584036 0.7010400000000001 1.3744057314893527 -1.5314650184869447
33249 10933559 -2.1604130043691594 2.449690519724121 0.7010400000000001 1.3744057314893527 -1.5314650184869447
33250 10933559 -2.197319578399777 2.386578795943943 0.71628 1.3744057314893527 -1.5314650184869447
33251 10933559 -2.234226152430395 2.3234670721637642 0.73152 1.3744057314893527 -1.5314650184869447
33252 10933559 -2.2530339825695958 2.2782102615854125 0.73152 1.3744057314893527 -1.5314650184869447
33253 10933559 -2.2718418127087965 2.2329534510070608 0.73152 1.3744057314893527 -1.5314650184869447
33254 10933559 -2.2907530241458423 2.1751695675531457 0.73152 1.3744057314893527 -1.5314650184869447
33255 10933559 -2.309664235582888 2.1173856840992307 0.73152 1.3744057314893527 -1.5314650184869447
33256 10933559 -2.3314475877516436 2.0345436176348572 0.73152 1.3744057314893527 -1.5314650184869447
33257 10933559 -2.3435360003546157 1.9731831129407609 0.73152 1.3744057314893527 -1.5314650184869447
33258 10933559 -2.355624412957588 1.9118226082466647 0.73152 1.3744057314893527 -1.5314650184869447
33259 10933559 -2.3624290831413006 1.8489666049009068 0.73152 1.3744057314893527 -1.5314650184869447
33260 10933559 -2.372882461889978 1.7797097977305025 0.71628 1.3744057314893527 -1.5314650184869447
33261 10933559 -2.3833358406386553 1.7104529905600985 0.7010400000000001 1.3744057314893527 -1.5314650184869447
33262 10933559 -2.390506444877265 1.647833677708151 0.7010400000000001 1.3744057314893527 -1.5314650184869447
33263 10933559 -2.39753209024998 1.5968514861601726 0.7010400000000001 1.3744057314893527 -1.5314650184869447
33264 10933559 -2.4045577356226944 1.545869294612194 0.7010400000000001 1.3744057314893527 -1.5314650184869447
33265 10933559 -2.4150328732007216 1.4824230457660685 0.7010400000000001 1.3744057314893527 -1.5314650184869447
33266 10933559 -2.4255080107787492 1.418976796919943 0.7010400000000001 1.3744057314893527 -1.5314650184869447
33267 10933559 -2.4359831483567764 1.3555305480738176 0.7010400000000001 1.3744057314893527 -1.5314650184869447
33268 10933559 -2.444734461551957 1.297576679382868 0.7010400000000001 1.3744057314893527 -1.5314650184869447
33269 10933559 -2.453485774747138 1.2396228106919183 0.7010400000000001 1.3744057314893527 -1.5314650184869447
33270 10933559 -2.4658965273612523 1.1759142675951186 0.7010400000000001 1.3744057314893527 -1.5314650184869447
33271 10933559 -2.473894433259444 1.11076162913258 0.67056 1.3744057314893527 -1.5314650184869447
33272 10933559 -2.4876362523114386 1.0199133733140924 0.67056 1.3744057314893527 -1.5314650184869447
33273 10933559 -2.494028874376031 0.9542354952755727 0.67056 1.3744057314893527 -1.5314650184869447
33274 10933559 -2.500421496440623 0.8885576172370531 0.67056 1.3744057314893527 -1.5314650184869447
33275 10933559 -2.5102940976605455 0.8095298871387002 0.67056 1.3744057314893527 -1.5314650184869447
33276 10933559 -2.513075478710043 0.7426703600516384 0.67056 1.3744057314893527 -1.5314650184869447
33277 10933559 -2.517803086345329 0.6897680268461771 0.67056 1.3744057314893527 -1.5314650184869447
33278 10933559 -2.522530693980615 0.6368656936407159 0.67056 1.3744057314893527 -1.5314650184869447
33279 10933559 -2.527258301615901 0.5839633604352545 0.67056 1.3744057314893527 -1.5314650184869447
33280 10933559 -2.5297378592409814 0.492234316791305 0.67056 1.3744057314893527 -1.5314650184869447
33281 10933559 -2.53256693143043 0.43608189801244235 0.67056 1.3744057314893527 -1.5314650184869447
33282 10933559 -2.535396003619879 0.3799294792335797 0.67056 1.3744057314893527 -1.5314650184869447
33283 10933559 -2.538225075809328 0.3237770604547171 0.67056 1.3744057314893527 -1.5314650184869447
33284 10933559 -2.5410541479987767 0.2676246416758544 0.67056 1.3744057314893527 -1.5314650184869447
33285 10933559 -2.5427678962835625 0.16302628653228932 0.67056 1.3744057314893527 -1.5314650184869447
33286 10933559 -2.5420653806779248 0.082641900935544 0.67056 1.3744057314893527 -1.5314650184869447
33287 10933559 -2.5422530911747026 0.023697538873917484 0.67056 1.3744057314893527 -1.5314650184869447
33288 10933559 -2.5424408016714803 -0.035246823187709025 0.67056 1.3744057314893527 -1.5314650184869447
33289 10933559 -2.544430783395966 -0.11463311987340011 0.67056 1.3744057314893527 -1.5314650184869447
33290 10933559 -2.542871302457518 -0.1804584942589568 0.6553200000000001 1.3744057314893527 -1.5314650184869447
33291 10933559 -2.54131182151907 -0.2462838686445135 0.6400800000000001 1.3744057314893527 -1.5314650184869447
33292 10933559 -2.538557726985278 -0.2921693785498301 0.6400800000000001 1.3744057314893527 -1.5314650184869447
33293 10933559 -2.5358036324514863 -0.33805488845514675 0.6400800000000001 1.3744057314893527 -1.5314650184869447
33294 10933559 -2.5284265644989716 -0.4309045769230715 0.6400800000000001 1.3744057314893527 -1.5314650184869447
33295 10933559 -2.517831624129923 -0.48575227320179304 0.6400800000000001 1.3744057314893527 -1.5314650184869447
33296 10933559 -2.507236683760874 -0.5405999694805146 0.6400800000000001 1.3744057314893527 -1.5314650184869447
33297 10933559 -2.496641743391825 -0.5954476657592362 0.6400800000000001 1.3744057314893527 -1.5314650184869447
33298 10933559 -2.4860468030227763 -0.6502953620379578 0.6400800000000001 1.3744057314893527 -1.5314650184869447
33299 10933559 -2.4559547890031874 -0.7355032319259864 0.6553200000000001 1.3744057314893527 -1.5314650184869447
33300 10933559 -2.423379226180156 -0.8063338675678793 0.67056 1.3744057314893527 -1.5314650184869447
33301 10933559 -2.3820144285610896 -0.8699908899089919 0.67056 1.3744057314893527 -1.5314650184869447
33302 10933559 -2.340649630942023 -0.9336479122501046 0.67056 1.3744057314893527 -1.5314650184869447
33303 10933559 -2.3158335069817158 -0.9618041804685221 0.67056 1.3744057314893527 -1.5314650184869447
33304 10933559 -2.2910173830214084 -0.9899604486869397 0.67056 1.3744057314893527 -1.5314650184869447
33305 10933559 -2.245108090043093 -1.032669522929189 0.67056 1.3744057314893527 -1.5314650184869447
33306 10933559 -2.208840486969887 -1.0619423467653426 0.67056 1.3744057314893527 -1.5314650184869447
33307 10933559 -2.1171411010841235 -1.1221990286307209 0.67056 1.3744057314893527 -1.5314650184869447
33308 10933559 -2.063861387357136 -1.1494408829176448 0.67056 1.3744057314893527 -1.5314650184869447
33309 10933559 -2.01992331363555 -1.1662657928958424 0.67056 1.3744057314893527 -1.5314650184869447
33310 10933559 -1.9759852399139637 -1.1830907028740398 0.67056 1.3744057314893527 -1.5314650184869447
33311 10933559 -1.921472404978586 -1.194746816691876 0.67056 1.3744057314893527 -1.5314650184869447
33312 10933559 -1.8669595700432087 -1.206402930509712 0.67056 1.3744057314893527 -1.5314650184869447
33313 10933559 -1.812446735107831 -1.218059044327548 0.67056 1.3744057314893527 -1.5314650184869447
33314 10933559 -1.7569397667197826 -1.222327754993973 0.67056 1.3744057314893527 -1.5314650184869447
33315 10933559 -1.701432798331734 -1.2265964656603978 0.67056 1.3744057314893527 -1.5314650184869447
33316 10933559 -1.6459258299436856 -1.2308651763268228 0.67056 1.3744057314893527 -1.5314650184869447
33317 10933559 -1.5674654255023592 -1.2316370925268911 0.67056 1.3744057314893527 -1.5314650184869447
33318 10933559 -1.5270944661541084 -1.2323372650631401 0.67056 1.3744057314893527 -1.5314650184869447
33319 10933559 -1.4867235068058575 -1.2330374375993893 0.67056 1.3744057314893527 -1.5314650184869447
33320 10933559 -1.4184812128342037 -1.2324527020931695 0.67056 1.3744057314893527 -1.5314650184869447
33321 10933559 -1.3297917461558197 -1.2339966469440844 0.67056 1.3744057314893527 -1.5314650184869447
33322 10933559 -1.2846858801451797 -1.2362438717105066 0.6400800000000001 1.3744057314893527 -1.5314650184869447
33323 10933559 -1.244402389143391 -1.2380238899074987 0.6400800000000001 1.3744057314893527 -1.5314650184869447
33324 10933559 -1.2041188981416024 -1.2398039081044907 0.6400800000000001 1.3744057314893527 -1.5314650184869447
33325 10933559 -1.134028608987196 -1.2427998226303665 0.6400800000000001 1.3744057314893527 -1.5314650184869447
33326 10933559 -1.0639383198327899 -1.2457957371562423 0.6400800000000001 1.3744057314893527 -1.5314650184869447
33327 10933559 -0.9906551632577194 -1.2498929736615496 0.6400800000000001 1.3744057314893527 -1.5314650184869447
33328 10933559 -0.9348213296469352 -1.253016445166418 0.6400800000000001 1.3744057314893527 -1.5314650184869447
33329 10933559 -0.878987496036151 -1.2561399166712868 0.6400800000000001 1.3744057314893527 -1.5314650184869447
33330 10933559 -0.8453040073426167 -1.2570453606898964 0.6400800000000001 1.3744057314893527 -1.5314650184869447
33331 10933559 -0.8116205186490824 -1.2579508047085062 0.6400800000000001 1.3744057314893527 -1.5314650184869447
33332 10933559 -0.752960619294865 -1.261938573187379 0.6400800000000001 1.3744057314893527 -1.5314650184869447
33333 10933559 -0.6810882512618279 -1.2654544177610796 0.6400800000000001 1.3744057314893527 -1.5314650184869447
33334 10933559 -0.6092158832287908 -1.2689702623347803 0.6400800000000001 1.3744057314893527 -1.5314650184869447
33335 10933559 -0.5538004408779679 -1.271194544943952 0.6400800000000001 1.3744057314893527 -1.5314650184869447
33336 10933559 -0.49838499852714496 -1.2734188275531233 0.6400800000000001 1.3744057314893527 -1.5314650184869447
33337 10933559 -0.44296955617632205 -1.275643110162295 0.6400800000000001 1.3744057314893527 -1.5314650184869447
33338 10933559 -0.3896649692900198 -1.2783449663801816 0.6400800000000001 1.3744057314893527 -1.5314650184869447
33339 10933559 -0.32576348181402337 -1.2812386489838086 0.6400800000000001 1.3744057314893527 -1.5314650184869447
33340 10933559 -0.289580202572882 -1.2819655844235505 0.6400800000000001 1.3744057314893527 -1.5314650184869447
33341 10933559 -0.2533969233317406 -1.2826925198632926 0.6400800000000001 1.3744057314893527 -1.5314650184869447
33342 10933559 -0.20046861098745916 -1.2824659814475055 0.6400800000000001 1.3744057314893527 -1.5314650184869447
33343 10933559 -0.14754029864317775 -1.2822394430317183 0.6400800000000001 1.3744057314893527 -1.5314650184869447
33344 10933559 -0.09571253729737705 -1.281302216874 0.6400800000000001 1.3744057314893527 -1.5314650184869447
33345 10933559 -0.04340195690751869 -1.2788868306094419 0.6400800000000001 1.3744057314893527 -1.5314650184869447
33346 10933559 0.028393514400144815 -1.2766465931511923 0.6400800000000001 1.3744057314893527 -1.5314650184869447
33347 10933559 0.08872038007451988 -1.274162887017732 0.6400800000000001 1.3744057314893527 -1.5314650184869447
33348 10933559 0.1380363789257929 -1.2727538306628443 0.6400800000000001 1.3744057314893527 -1.5314650184869447
33349 10933559 0.18860782626436007 -1.271579297837226 0.6400800000000001 1.3744057314893527 -1.5314650184869447
33350 10933559 0.23917927360292723 -1.2704047650116075 0.6400800000000001 1.3744057314893527 -1.5314650184869447
33351 10933559 0.28332656333523676 -1.2712194850637255 0.6400800000000001 1.3744057314893527 -1.5314650184869447
33352 10933559 0.3274738530675463 -1.2720342051158433 0.6400800000000001 1.3744057314893527 -1.5314650184869447
33353 10933559 0.37520605103833216 -1.271391118300421 0.6400800000000001 1.3744057314893527 -1.5314650184869447
33354 10933559 0.42293824900911803 -1.2707480314849984 0.6400800000000001 1.3744057314893527 -1.5314650184869447
33355 10933559 0.45856563640178 -1.2697711199304782 0.6400800000000001 1.3744057314893527 -1.5314650184869447
33356 10933559 0.49419302379444197 -1.268794208375958 0.6400800000000001 1.3744057314893527 -1.5314650184869447
33357 10933559 0.551639357858005 -1.2672350717667134 0.6400800000000001 1.3744057314893527 -1.5314650184869447
33358 10933559 0.5983974024284547 -1.265221079949291 0.6400800000000001 1.3744057314893527 -1.5314650184869447
33359 10933559 0.6671749044280548 -1.2626900196525608 0.6400800000000001 1.3744057314893527 -1.5314650184869447
33360 10933559 0.7057504191031683 -1.2601633829460666 0.6400800000000001 1.3744057314893527 -1.5314650184869447
33361 10933559 0.7443259337782817 -1.2576367462395723 0.6400800000000001 1.3744057314893527 -1.5314650184869447
33362 10933559 0.8138271111742592 -1.2528875226537126 0.6096 1.3744057314893527 -1.5314650184869447
33363 10933559 0.860332489528469 -1.2505558182132936 0.6096 1.3744057314893527 -1.5314650184869447
33364 10933559 0.9104054028566726 -1.2468190889188733 0.6096 1.3744057314893527 -1.5314650184869447
33365 10933559 0.944833759798827 -1.2455651597358333 0.6096 1.3744057314893527 -1.5314650184869447
33366 10933559 0.9792621167409814 -1.2443112305527932 0.6096 1.3744057314893527 -1.5314650184869447
33367 10933559 1.034611161911677 -1.2429103069496774 0.6096 1.3744057314893527 -1.5314650184869447
33368 10933559 1.0899602070823722 -1.2415093833465616 0.6096 1.3744057314893527 -1.5314650184869447
33369 10933559 1.1509287678212405 -1.239489865244233 0.6096 1.3744057314893527 -1.5314650184869447
33370 10933559 1.211897328560109 -1.2374703471419044 0.6096 1.3744057314893527 -1.5314650184869447
33371 10933559 1.255619584923831 -1.2368557139707115 0.6096 1.3744057314893527 -1.5314650184869447
33372 10933559 1.299341841287553 -1.2362410807995186 0.6096 1.3744057314893527 -1.5314650184869447
33373 10933559 1.3484889487680298 -1.2346523671841951 0.6096 1.3744057314893527 -1.5314650184869447
33374 10933559 1.3976360562485066 -1.2330636535688717 0.6096 1.3744057314893527 -1.5314650184869447
33375 10933559 1.4308886089611819 -1.231189972962723 0.59436 1.3744057314893527 -1.5314650184869447
33376 10933559 1.464141161673857 -1.2293162923565741 0.57912 1.3744057314893527 -1.5314650184869447
33377 10933559 1.5403927915483642 -1.2269990197455678 0.57912 1.7180071643616905 -1.9143312731086808
33378 10933559 1.5910481097185245 -1.2241878086519118 0.57912 1.7180071643616905 -1.9143312731086808
33379 10933559 1.641703427888685 -1.2213765975582556 0.57912 1.7180071643616905 -1.9143312731086808
33380 10933559 1.6923587460588454 -1.2185653864645996 0.57912 1.7180071643616905 -1.9143312731086808
33381 10933559 1.7311440109978475 -1.2167449403675195 0.57912 1.7180071643616905 -1.9143312731086808
33382 10933559 1.7861680496102188 -1.2141522645996021 0.57912 1.7180071643616905 -1.9143312731086808
33383 10933559 1.8239658574521307 -1.2139948641708787 0.57912 1.7180071643616905 -1.9143312731086808
33384 10933559 1.855927674537037 -1.211990013522015 0.57912 1.7180071643616905 -1.9143312731086808
33385 10933559 1.8878894916219433 -1.2099851628731513 0.57912 1.7180071643616905 -1.9143312731086808
33386 10933559 1.9451140294263962 -1.208810824310867 0.57912 1.7180071643616905 -1.9143312731086808
33387 10933559 2.0043521945916742 -1.2055480729022916 0.57912 1.7180071643616905 -1.9143312731086808
33388 10933559 2.063590359756952 -1.2022853214937164 0.57912 1.7180071643616905 -1.9143312731086808
33389 10933559 2.10818990244916 -1.198973667871525 0.57912 1.7180071643616905 -1.9143312731086808
33390 10933559 2.1435794556348826 -1.1980284629051858 0.57912 1.7180071643616905 -1.9143312731086808
33391 10933559 2.207502055576789 -1.1940158927674156 0.57912 1.7180071643616905 -1.9143312731086808
33392 10933559 2.2436151638115414 -1.1908532165035344 0.57912 1.7180071643616905 -1.9143312731086808
33393 10933559 2.2797282720462944 -1.1876905402396531 0.57912 1.7180071643616905 -1.9143312731086808
33394 10933559 2.326769476756617 -1.1850579984053085 0.57912 1.7180071643616905 -1.9143312731086808
33395 10933559 2.3625204865853537 -1.1830031683365507 0.5638799999999999 1.7180071643616905 -1.9143312731086808
33396 10933559 2.3982714964140905 -1.180948338267793 0.54864 1.7180071643616905 -1.9143312731086808
33397 10933559 2.4566196491711088 -1.1776839728415531 0.54864 1.7180071643616905 -1.9143312731086808
33398 10933559 2.498961937367336 -1.174480123389325 0.54864 1.7180071643616905 -1.9143312731086808
33399 10933559 2.5413042255635636 -1.1712762739370968 0.54864 1.7180071643616905 -1.9143312731086808
33400 10933559 2.5949250949299927 -1.166847266289404 0.54864 1.7180071643616905 -1.9143312731086808
33401 10933559 2.6485459642964218 -1.162418258641711 0.54864 1.7180071643616905 -1.9143312731086808
33402 10933559 2.6743037278536557 -1.158326682126111 0.54864 1.7180071643616905 -1.9143312731086808
33403 10933559 2.7000614914108896 -1.1542351056105107 0.54864 1.7180071643616905 -1.9143312731086808
33404 10933559 2.751787784829676 -1.1372423304219623 0.54864 1.7180071643616905 -1.9143312731086808
33405 10933559 2.8035140782484627 -1.120249555233414 0.54864 1.7180071643616905 -1.9143312731086808
33406 10933559 2.831140455150092 -1.1018150840847916 0.54864 1.7180071643616905 -1.9143312731086808
33407 10933559 2.8587668320517214 -1.0833806129361692 0.54864 1.7180071643616905 -1.9143312731086808
33408 10933559 2.8863932089533506 -1.0649461417875468 0.54864 1.7180071643616905 -1.9143312731086808
33409 10933559 2.9144452153619964 -1.03613713451874 0.54864 1.7180071643616905 -1.9143312731086808
33410 10933559 2.9410612738138924 -1.0008434346632713 0.5334000000000001 1.7180071643616905 -1.9143312731086808
33411 10933559 2.9676773322657883 -0.9655497348078025 0.5181600000000001 1.7180071643616905 -1.9143312731086808
33412 10933559 2.9854974881938365 -0.9313568709372452 0.5181600000000001 1.7180071643616905 -1.9143312731086808
33413 10933559 3.0033176441218847 -0.8971640070666879 0.5181600000000001 1.7180071643616905 -1.9143312731086808
33414 10933559 3.0165830567246865 -0.8565199341538725 0.5181600000000001 1.7180071643616905 -1.9143312731086808
33415 10933559 3.025578854883135 -0.8235160057965399 0.5181600000000001 1.7180071643616905 -1.9143312731086808
33416 10933559 3.0345746530415836 -0.7905120774392073 0.5181600000000001 1.7180071643616905 -1.9143312731086808
33417 10933559 3.043570451200032 -0.7575081490818747 0.5181600000000001 1.7180071643616905 -1.9143312731086808
33418 10933559 3.0501904047183594 -0.7127384597951438 0.5181600000000001 1.7180071643616905 -1.9143312731086808
33419 10933559 3.056810358236687 -0.667968770508413 0.5181600000000001 1.7180071643616905 -1.9143312731086808
33420 10933559 3.055293375805257 -0.6209229410504842 0.5181600000000001 1.7180071643616905 -1.9143312731086808
33421 10933559 3.0590968049438922 -0.5847835587110318 0.5181600000000001 1.7180071643616905 -1.9143312731086808
33422 10933559 3.057818012210379 -0.5642155948261995 0.5181600000000001 1.7180071643616905 -1.9143312731086808
33423 10933559 3.056539219476866 -0.5436476309413671 0.5181600000000001 1.7180071643616905 -1.9143312731086808
33424 10933559 3.05548015450126 -0.48839888417917954 0.5181600000000001 1.7180071643616905 -1.9143312731086808
33425 10933559 3.0502819856202894 -0.4539939964762708 0.48768 1.7180071643616905 -1.9143312731086808
33426 10933559 3.0456012927553267 -0.42752617862480125 0.48768 1.7180071643616905 -1.9143312731086808
33427 10933559 3.040920599890364 -0.4010583607733317 0.48768 1.7180071643616905 -1.9143312731086808
33428 10933559 3.0286896112169845 -0.35419491627017086 0.48768 1.7180071643616905 -1.9143312731086808
33429 10933559 3.0207621931642654 -0.321352162656531 0.48768 1.7180071643616905 -1.9143312731086808
33430 10933559 3.0082149390622415 -0.29722276086246735 0.48768 1.7180071643616905 -1.9143312731086808
33431 10933559 2.9956676849602175 -0.2730933590684037 0.48768 1.7180071643616905 -1.9143312731086808
33432 10933559 2.9847427583217145 -0.2494350165538747 0.48768 1.7180071643616905 -1.9143312731086808
33433 10933559 2.9664824842156436 -0.2210459346513394 0.48768 1.7180071643616905 -1.9143312731086808
33434 10933559 2.9414359378683175 -0.19032475673255847 0.45720000000000005 1.7180071643616905 -1.9143312731086808
33435 10933559 2.913082721034135 -0.16293376038055035 0.45720000000000005 1.7180071643616905 -1.9143312731086808
33436 10933559 2.8847295041999517 -0.13554276402854226 0.45720000000000005 1.7180071643616905 -1.9143312731086808
33437 10933559 2.8482203981830665 -0.11001576525463216 0.45720000000000005 1.7180071643616905 -1.9143312731086808
33438 10933559 2.8298408899256717 -0.10021938066717573 0.45720000000000005 1.7180071643616905 -1.9143312731086808
33439 10933559 2.811461381668277 -0.09042299607971929 0.45720000000000005 1.7180071643616905 -1.9143312731086808
33440 10933559 2.778299181408691 -0.0766768575897859 0.45720000000000005 1.7180071643616905 -1.9143312731086808
33441 10933559 2.732343223467114 -0.05968847323057405 0.45720000000000005 1.7180071643616905 -1.9143312731086808
33442 10933559 2.702066927078901 -0.051790382145271846 0.45720000000000005 1.7180071643616905 -1.9143312731086808
33443 10933559 2.6735579147578576 -0.04754519730085626 0.44704000000000005 1.7180071643616905 -1.9143312731086808
33444 10933559 2.6450489024368142 -0.04330001245644067 0.43688000000000005 1.7180071643616905 -1.9143312731086808
33445 10933559 2.616539890115771 -0.039054827612025084 0.42672000000000004 1.7180071643616905 -1.9143312731086808
33446 10933559 2.5704518934504508 -0.03171810113202114 0.42672000000000004 1.7180071643616905 -1.9143312731086808
33447 10933559 2.5311259645419018 -0.028691538839216685 0.42672000000000004 1.7180071643616905 -1.9143312731086808
33448 10933559 2.500599627868737 -0.026318150868046036 0.42672000000000004 1.7180071643616905 -1.9143312731086808
33449 10933559 2.470073291195572 -0.023944762896875388 0.42672000000000004 1.7180071643616905 -1.9143312731086808
33450 10933559 2.4364502466613787 -0.02289641269904999 0.41148000000000007 1.7180071643616905 -1.9143312731086808
33451 10933559 2.4028272021271855 -0.02184806250122459 0.39624000000000004 1.7180071643616905 -1.9143312731086808
33452 10933559 2.3665492872208262 -0.02145121114923365 0.39624000000000004 1.7180071643616905 -1.9143312731086808
33453 10933559 2.330271372314467 -0.02105435979724271 0.39624000000000004 1.7180071643616905 -1.9143312731086808
33454 10933559 2.306360190917264 -0.019496735106659335 0.39624000000000004 1.7180071643616905 -1.9143312731086808
33455 10933559 2.2824490095200614 -0.01793911041607596 0.39624000000000004 1.7180071643616905 -1.9143312731086808
33456 10933559 2.213588034864645 -0.01262658111405926 0.39624000000000004 1.7180071643616905 -1.9143312731086808
33457 10933559 2.1916187635803146 -0.013279796366367697 0.39624000000000004 1.7180071643616905 -1.9143312731086808
33458 10933559 2.151052664888566 -0.012416320359926708 0.36576 1.7180071643616905 -1.9143312731086808
33459 10933559 2.1167585442459993 -0.011381138553811815 0.36576 1.7180071643616905 -1.9143312731086808
33460 10933559 2.092502513865917 -0.010878429597680248 0.36576 1.7180071643616905 -1.9143312731086808
33461 10933559 2.0682464834858347 -0.01037572064154868 0.36576 1.7180071643616905 -1.9143312731086808
33462 10933559 2.0360795879519347 -0.008808143218209205 0.36576 1.7180071643616905 -1.9143312731086808
33463 10933559 2.0039126924180346 -0.00724056579486973 0.36576 1.7180071643616905 -1.9143312731086808
33464 10933559 1.9669935508102818 -0.004997009186557183 0.36576 1.7180071643616905 -1.9143312731086808
33465 10933559 1.923226947431657 -0.005774022236876106 0.33528 1.7180071643616905 -1.9143312731086808
33466 10933559 1.877018476752127 -0.005870160372042049 0.33528 1.7180071643616905 -1.9143312731086808
33467 10933559 1.8432334358587135 -0.005992920276683744 0.33528 1.7180071643616905 -1.9143312731086808
33468 10933559 1.8094483949653 -0.006115680181325439 0.33528 1.7180071643616905 -1.9143312731086808
33469 10933559 1.7712201156799185 -0.006247260005411273 0.33528 1.7180071643616905 -1.9143312731086808
33470 10933559 1.7329918363945374 -0.006378839829497107 0.33528 1.7180071643616905 -1.9143312731086808
33471 10933559 1.6992238462134484 -0.006448133366277739 0.32004 1.7180071643616905 -1.9143312731086808
33472 10933559 1.6654558560323593 -0.006517426903058371 0.3048 1.7180071643616905 -1.9143312731086808
33473 10933559 1.636183915839644 -0.004783942445426875 0.3048 1.7180071643616905 -1.9143312731086808
33474 10933559 1.5973889740815481 -0.0033861158360896024 0.3048 1.7180071643616905 -1.9143312731086808
33475 10933559 1.5585940323234522 -0.0019882892267523294 0.3048 1.7180071643616905 -1.9143312731086808
33476 10933559 1.5355412054449942 -0.001876825496467928 0.3048 1.7180071643616905 -1.9143312731086808
33477 10933559 1.512488378566536 -0.0017653617661835264 0.3048 1.7180071643616905 -1.9143312731086808
33478 10933559 1.4833655205950356 0.0001536663890374934 0.3048 1.7180071643616905 -1.9143312731086808
33479 10933559 1.4290610654368763 1.7719533691284983e-05 0.3048 1.7180071643616905 -1.9143312731086808
33480 10933559 1.4021423000033446 0.0004383711125004741 0.29464 1.7180071643616905 -1.9143312731086808
33481 10933559 1.3752235345698132 0.0008590226913096632 0.28448 1.7180071643616905 -1.9143312731086808
33482 10933559 1.3483047691362815 0.0012796742701188524 0.27432 1.7180071643616905 -1.9143312731086808
33483 10933559 1.302164288804092 0.0013984081455944847 0.27432 1.7180071643616905 -1.9143312731086808
33484 10933559 1.2683612915307192 0.0012256051500120074 0.27432 1.7180071643616905 -1.9143312731086808
33485 10933559 1.2345582942573463 0.0010528021544295302 0.27432 1.7180071643616905 -1.9143312731086808
33486 10933559 1.1986675786976564 -7.331942937734148e-05 0.27432 1.7180071643616905 -1.9143312731086808
33487 10933559 1.169716872922975 0.0023747968715588097 0.27432 1.7180071643616905 -1.9143312731086808
33488 10933559 1.1478156619806175 0.0019359306068063575 0.27432 1.7180071643616905 -1.9143312731086808
33489 10933559 1.121339525691977 0.001765085084997134 0.27432 1.7180071643616905 -1.9143312731086808
33490 10933559 1.0948633894033364 0.0015942395631879103 0.27432 1.7180071643616905 -1.9143312731086808
33491 10933559 1.0665788126380134 0.0008267084085063677 0.27432 1.7180071643616905 -1.9143312731086808
33492 10933559 1.03829423587269 5.917725382482519e-05 0.27432 1.7180071643616905 -1.9143312731086808
33493 10933559 1.010009659107367 -0.0007083539008567175 0.27432 1.7180071643616905 -1.9143312731086808
33494 10933559 0.9821748674997712 -0.0005516785141746264 0.28956000000000004 1.7180071643616905 -1.9143312731086808
33495 10933559 0.9543400758921754 -0.0003950031274925353 0.3048 1.7180071643616905 -1.9143312731086808
33496 10933559 0.9305705255109604 0.0002444516191060647 0.3048 1.7180071643616905 -1.9143312731086808
33497 10933559 0.8995019946520711 0.0002896918858333458 0.3048 1.7180071643616905 -1.9143312731086808
33498 10933559 0.8684334637931819 0.0003349321525606269 0.3048 1.7180071643616905 -1.9143312731086808
33499 10933559 0.8143114480827316 0.0004941455706425485 0.3048 1.7180071643616905 -1.9143312731086808
33500 10933559 0.7817983948321368 0.0010118361768709505 0.3048 1.7180071643616905 -1.9143312731086808
33501 10933559 0.7492853415815418 0.0015295267830993525 0.3048 1.7180071643616905 -1.9143312731086808
33502 10933559 0.7304284347200172 0.0014406611537416056 0.3048 1.7180071643616905 -1.9143312731086808
33503 10933559 0.7115715278584924 0.0013517955243838586 0.3048 1.7180071643616905 -1.9143312731086808
33504 10933559 0.6781908207505097 -0.0002416057037654823 0.33528 1.7180071643616905 -1.9143312731086808
33505 10933559 0.6460390750151217 0.0005674241146142595 0.33528 1.7180071643616905 -1.9143312731086808
33506 10933559 0.612956012967734 -0.0014734436118252897 0.33528 1.7180071643616905 -1.9143312731086808
33507 10933559 0.5723187209204024 -0.0008120525476026097 0.33528 1.7180071643616905 -1.9143312731086808
33508 10933559 0.517437245285003 -0.0029728296039465973 0.33528 1.7180071643616905 -1.9143312731086808
33509 10933559 0.4943317802811755 -0.003016318901919661 0.35052 1.7180071643616905 -1.9143312731086808
33510 10933559 0.4712263152773481 -0.0030598081998927246 0.36576 1.7180071643616905 -1.9143312731086808
33511 10933559 0.4221876936612603 -0.0043253623244763825 0.36576 1.7180071643616905 -1.9143312731086808
33512 10933559 0.3882314851039409 -0.004619537185034089 0.36576 1.7180071643616905 -1.9143312731086808
33513 10933559 0.3542752765466215 -0.004913712045591795 0.36576 1.7180071643616905 -1.9143312731086808
33514 10933559 0.30811575335186364 -0.004841145050633641 0.36576 1.7180071643616905 -1.9143312731086808
33515 10933559 0.2619562301571058 -0.0047685780556754875 0.36576 1.7180071643616905 -1.9143312731086808
33516 10933559 0.21275107199936039 -0.005861582812552918 0.36576 1.7180071643616905 -1.9143312731086808
33517 10933559 0.1725488911853157 -0.005223472932355283 0.36576 1.7180071643616905 -1.9143312731086808
33518 10933559 0.14363441023153722 -0.0060544694705110536 0.36576 1.7180071643616905 -1.9143312731086808
33519 10933559 0.11471992927775876 -0.006885466008666824 0.36576 1.7180071643616905 -1.9143312731086808
33520 10933559 0.07183426125188475 -0.006304308463011304 0.381 1.7180071643616905 -1.9143312731086808
33521 10933559 0.028948593226010733 -0.005723150917355785 0.39624000000000004 1.7180071643616905 -1.9143312731086808
33522 10933559 -0.03679267219039328 -0.007134549618240532 0.39624000000000004 1.7180071643616905 -1.9143312731086808
33523 10933559 -0.07138706261003902 -0.0056409843399787 0.39624000000000004 1.7180071643616905 -1.9143312731086808
33524 10933559 -0.10584100883274983 -0.0071138745558986805 0.39624000000000004 1.7180071643616905 -1.9143312731086808
33525 10933559 -0.14029495505546064 -0.008586764771818661 0.39624000000000004 1.7180071643616905 -1.9143312731086808
33526 10933559 -0.1835605263534108 -0.009165285593132816 0.42672000000000004 1.7180071643616905 -1.9143312731086808
33527 10933559 -0.2233404272881414 -0.009948207891281008 0.42672000000000004 1.7180071643616905 -1.9143312731086808
33528 10933559 -0.263120328222872 -0.0107311301894292 0.42672000000000004 1.7180071643616905 -1.9143312731086808
33529 10933559 -0.3451133930827368 -0.014304724519860895 0.42672000000000004 1.7180071643616905 -1.9143312731086808
33530 10933559 -0.38034755030561146 -0.01578424663257387 0.44196 1.7180071643616905 -1.9143312731086808
33531 10933559 -0.4155817075284861 -0.017263768745286845 0.45720000000000005 1.7180071643616905 -1.9143312731086808
33532 10933559 -0.46025848152326765 -0.019891101098512148 0.45720000000000005 1.7180071643616905 -1.9143312731086808
33533 10933559 -0.5049352555180492 -0.022518433451737447 0.45720000000000005 1.7180071643616905 -1.9143312731086808
33534 10933559 -0.5496120295128307 -0.02514576580496275 0.45720000000000005 1.7180071643616905 -1.9143312731086808
33535 10933559 -0.607427648725215 -0.028793035899988467 0.45720000000000005 1.7180071643616905 -1.9143312731086808
33536 10933559 -0.6494817195270317 -0.0324522728477821 0.48768 1.7180071643616905 -1.9143312731086808
33537 10933559 -0.6915385656632785 -0.036752761037893635 0.48768 1.7180071643616905 -1.9143312731086808
33538 10933559 -0.7335954117995254 -0.04105324922800518 0.48768 1.7180071643616905 -1.9143312731086808
33539 10933559 -0.7756522579357722 -0.04535373741811671 0.48768 1.7180071643616905 -1.9143312731086808
33540 10933559 -0.8356415435426028 -0.05442251381178606 0.5181600000000001 1.7180071643616905 -1.9143312731086808
33541 10933559 -0.8671070256028285 -0.058972315026472266 0.5181600000000001 1.7180071643616905 -1.9143312731086808
33542 10933559 -0.8985725076630542 -0.06352211624115847 0.5181600000000001 1.7180071643616905 -1.9143312731086808
33543 10933559 -0.9515790047244307 -0.07282848775242298 0.5181600000000001 1.7180071643616905 -1.9143312731086808
33544 10933559 -1.0045855017858072 -0.08213485926368749 0.5181600000000001 1.7180071643616905 -1.9143312731086808
33545 10933559 -1.0389513241309478 -0.0907984643350305 0.52832 1.7180071643616905 -1.9143312731086808
33546 10933559 -1.0733171464760887 -0.0994620694063735 0.5384800000000001 1.7180071643616905 -1.9143312731086808
33547 10933559 -1.1076829688212293 -0.10812567447771651 0.54864 1.7180071643616905 -1.9143312731086808
33548 10933559 -1.159868482837479 -0.1264621356254925 0.54864 1.7180071643616905 -1.9143312731086808
33549 10933559 -1.192199882798891 -0.14112610011978347 0.54864 1.7180071643616905 -1.9143312731086808
33550 10933559 -1.2563800517931913 -0.1798416508403761 0.57912 1.7180071643616905 -1.9143312731086808
33551 10933559 -1.299351412189021 -0.2134584674938015 0.57912 1.7180071643616905 -1.9143312731086808
33552 10933559 -1.335247532902683 -0.24716904390883068 0.57912 1.7180071643616905 -1.9143312731086808
33553 10933559 -1.3624340860170117 -0.28086529997485926 0.57912 1.7180071643616905 -1.9143312731086808
33554 10933559 -1.3896206391313404 -0.31456155604088787 0.57912 1.7180071643616905 -1.9143312731086808
33555 10933559 -1.4093202279318002 -0.3495378646232624 0.59436 1.7180071643616905 -1.9143312731086808
33556 10933559 -1.42901981673226 -0.38451417320563697 0.6096 1.7180071643616905 -1.9143312731086808
33557 10933559 -1.4439572638894462 -0.422040962409976 0.6096 1.7180071643616905 -1.9143312731086808
33558 10933559 -1.4714937868764075 -0.49809293172283553 0.6096 1.7180071643616905 -1.9143312731086808
33559 10933559 -1.4830057745712206 -0.5495920222835954 0.6096 1.7180071643616905 -1.9143312731086808
33560 10933559 -1.4893359197359783 -0.602902570824291 0.6096 1.7180071643616905 -1.9143312731086808
33561 10933559 -1.4869191167457974 -0.6562694709661755 0.6197600000000001 1.7180071643616905 -1.9143312731086808
33562 10933559 -1.4845023137556161 -0.70963637110806 0.62992 1.7180071643616905 -1.9143312731086808
33563 10933559 -1.4820855107654352 -0.7630032712499445 0.6400800000000001 1.7180071643616905 -1.9143312731086808
33564 10933559 -1.4716493806204385 -0.8015838735443287 0.6400800000000001 1.7180071643616905 -1.9143312731086808
33565 10933559 -1.4612132504754418 -0.8401644758387129 0.6400800000000001 1.7180071643616905 -1.9143312731086808
33566 10933559 -1.437060815000753 -0.8905909453665193 0.6400800000000001 1.7180071643616905 -1.9143312731086808
33567 10933559 -1.412908379526064 -0.9410174148943257 0.6400800000000001 1.7180071643616905 -1.9143312731086808
33568 10933559 -1.366354705731718 -1.006479834673523 0.6553200000000001 1.7180071643616905 -1.9143312731086808
33569 10933559 -1.3225998016189915 -1.0507554037791746 0.6629400000000001 1.7180071643616905 -1.9143312731086808
33570 10933559 -1.278844897506265 -1.0950309728848262 0.67056 1.7180071643616905 -1.9143312731086808
33571 10933559 -1.2414419514853257 -1.1211056298535318 0.67056 1.7180071643616905 -1.9143312731086808
33572 10933559 -1.2040390054643864 -1.1471802868222374 0.67056 1.7180071643616905 -1.9143312731086808
33573 10933559 -1.1488117994736013 -1.1779723798788426 0.67056 1.7180071643616905 -1.9143312731086808
33574 10933559 -1.0945010265963078 -1.196284145413584 0.67056 1.7180071643616905 -1.9143312731086808
33575 10933559 -1.0401902537190142 -1.2145959109483253 0.67056 1.7180071643616905 -1.9143312731086808
33576 10933559 -0.97645565377521 -1.2250053014958657 0.6553200000000001 1.7180071643616905 -1.9143312731086808
33577 10933559 -0.9127210538314059 -1.2354146920434061 0.6400800000000001 1.7180071643616905 -1.9143312731086808
33578 10933559 -0.8559617529470045 -1.2359779813714504 0.6400800000000001 1.7180071643616905 -1.9143312731086808
33579 10933559 -0.7966463273264053 -1.237960624053015 0.6400800000000001 1.7180071643616905 -1.9143312731086808
33580 10933559 -0.7521473068247463 -1.2340865871763336 0.6400800000000001 1.7180071643616905 -1.9143312731086808
33581 10933559 -0.7076482863230874 -1.2302125502996522 0.6400800000000001 1.7180071643616905 -1.9143312731086808
33582 10933559 -0.6631492658214284 -1.2263385134229707 0.6400800000000001 1.7180071643616905 -1.9143312731086808
33583 10933559 -0.5982050472721394 -1.2178923087358275 0.6400800000000001 1.7180071643616905 -1.9143312731086808
33584 10933559 -0.52757489410203 -1.205637826351226 0.6400800000000001 1.7180071643616905 -1.9143312731086808
33585 10933559 -0.485533425395398 -1.199313848974085 0.6400800000000001 1.7180071643616905 -1.9143312731086808
33586 10933559 -0.44349195668876606 -1.1929898715969443 0.6400800000000001 1.7180071643616905 -1.9143312731086808
33587 10933559 -0.3891802016318331 -1.1844547143030018 0.6400800000000001 1.7180071643616905 -1.9143312731086808
33588 10933559 -0.3348684465749001 -1.1759195570090595 0.6400800000000001 1.7180071643616905 -1.9143312731086808
33589 10933559 -0.26413977117960563 -1.1674336908745433 0.6400800000000001 1.7180071643616905 -1.9143312731086808
33590 10933559 -0.20735554858957178 -1.1635608194770741 0.6400800000000001 1.7180071643616905 -1.9143312731086808
33591 10933559 -0.15057132599953793 -1.1596879480796052 0.6400800000000001 1.7180071643616905 -1.9143312731086808
33592 10933559 -0.08609634483036688 -1.1574221907231341 0.6400800000000001 1.7180071643616905 -1.9143312731086808
33593 10933559 -0.021621363661195825 -1.1551564333666628 0.6400800000000001 1.7180071643616905 -1.9143312731086808
33594 10933559 0.018953300613095636 -1.1560321768677608 0.6400800000000001 1.7180071643616905 -1.9143312731086808
33595 10933559 0.05592896375009959 -1.154329574883263 0.6400800000000001 1.7180071643616905 -1.9143312731086808
33596 10933559 0.09290462688710355 -1.1526269728987653 0.6400800000000001 1.7180071643616905 -1.9143312731086808
33597 10933559 0.15620784590575001 -1.1519039900878179 0.6400800000000001 1.7180071643616905 -1.9143312731086808
33598 10933559 0.21951106492439648 -1.1511810072768704 0.6400800000000001 1.7180071643616905 -1.9143312731086808
33599 10933559 0.260822914466865 -1.1511572088553275 0.6400800000000001 1.7180071643616905 -1.9143312731086808
33600 10933559 0.3021347640093336 -1.1511334104337845 0.6400800000000001 1.7180071643616905 -1.9143312731086808
33601 10933559 0.3865875156439761 -1.1509231601038712 0.6400800000000001 1.7180071643616905 -1.9143312731086808
33602 10933559 0.42877504083499013 -1.1513889009708196 0.6400800000000001 1.7180071643616905 -1.9143312731086808
33603 10933559 0.4709625660260041 -1.1518546418377678 0.6400800000000001 1.7180071643616905 -1.9143312731086808
33604 10933559 0.5131500912170182 -1.1523203827047162 0.6400800000000001 1.7180071643616905 -1.9143312731086808
33605 10933559 0.5936551092157576 -1.1546733112333594 0.6400800000000001 1.7180071643616905 -1.9143312731086808
33606 10933559 0.6614316705839997 -1.1552035524268043 0.6400800000000001 1.7180071643616905 -1.9143312731086808
33607 10933559 0.6972682943170048 -1.1569810620266954 0.6400800000000001 1.7180071643616905 -1.9143312731086808
33608 10933559 0.73310491805001 -1.1587585716265862 0.6400800000000001 1.7180071643616905 -1.9143312731086808
33609 10933559 0.7949390494494769 -1.161435156886513 0.6400800000000001 1.7180071643616905 -1.9143312731086808
33610 10933559 0.86538744491763 -1.161668171459814 0.6400800000000001 1.7180071643616905 -1.9143312731086808
33611 10933559 0.9059263856159099 -1.1626444023783564 0.6400800000000001 1.7180071643616905 -1.9143312731086808
33612 10933559 0.9648709421556798 -1.1643756856919978 0.6400800000000001 1.7180071643616905 -1.9143312731086808
33613 10933559 1.0085561644990901 -1.164782278358936 0.6400800000000001 1.7180071643616905 -1.9143312731086808
33614 10933559 1.0522413868425002 -1.1651888710258747 0.6400800000000001 1.7180071643616905 -1.9143312731086808
33615 10933559 1.0959266091859106 -1.165595463692813 0.6400800000000001 1.7180071643616905 -1.9143312731086808
33616 10933559 1.1539314893768102 -1.165850156185759 0.6400800000000001 1.7180071643616905 -1.9143312731086808
33617 10933559 1.2069135998338734 -1.1655734767866157 0.6248400000000001 1.7180071643616905 -1.9143312731086808
33618 10933559 1.2598957102909367 -1.1652967973874724 0.6096 1.7180071643616905 -1.9143312731086808
33619 10933559 1.30223026273215 -1.1641703863885255 0.6096 1.7180071643616905 -1.9143312731086808
33620 10933559 1.3445648151733633 -1.1630439753895785 0.6096 1.7180071643616905 -1.9143312731086808
33621 10933559 1.3966990049667816 -1.1611456359711703 0.6096 1.7180071643616905 -1.9143312731086808
33622 10933559 1.4488331947602 -1.1592472965527623 0.6096 1.7180071643616905 -1.9143312731086808
33623 10933559 1.4957036075324113 -1.1571480711788165 0.6096 1.7180071643616905 -1.9143312731086808
33624 10933559 1.5356415876065466 -1.1550625209848968 0.6096 1.7180071643616905 -1.9143312731086808
33625 10933559 1.575579567680682 -1.1529769707909772 0.6096 1.7180071643616905 -1.9143312731086808
33626 10933559 1.6074556142814225 -1.1508283684453182 0.59436 1.7180071643616905 -1.9143312731086808
33627 10933559 1.639331660882163 -1.1486797660996593 0.57912 1.7180071643616905 -1.9143312731086808
33628 10933559 1.713564308211008 -1.1454681028500182 0.57912 1.7180071643616905 -1.9143312731086808
33629 10933559 1.7580780658497384 -1.1424224255474282 0.57912 1.7180071643616905 -1.9143312731086808
33630 10933559 1.802591823488469 -1.1393767482448385 0.57912 1.7180071643616905 -1.9143312731086808
33631 10933559 1.8382663715622662 -1.1352939006370524 0.57912 1.7180071643616905 -1.9143312731086808
33632 10933559 1.8739409196360635 -1.131211053029266 0.57912 1.7180071643616905 -1.9143312731086808
33633 10933559 1.9096154677098607 -1.12712820542148 0.57912 1.7180071643616905 -1.9143312731086808
33634 10933559 1.953813678067012 -1.1236865057794891 0.54864 1.7180071643616905 -1.9143312731086808
33635 10933559 2.0310896056188015 -1.111419185058174 0.54864 1.7180071643616905 -1.9143312731086808
33636 10933559 2.0694430411590146 -1.1013956760796852 0.54864 1.7180071643616905 -1.9143312731086808
33637 10933559 2.107796476699228 -1.0913721671011964 0.54864 1.7180071643616905 -1.9143312731086808
33638 10933559 2.1440448765537328 -1.0728343017766584 0.5181600000000001 1.7180071643616905 -1.9143312731086808
33639 10933559 2.1723227155090936 -1.0501460778822094 0.5181600000000001 1.7180071643616905 -1.9143312731086808
33640 10933559 2.2006005544644545 -1.0274578539877604 0.5181600000000001 1.7180071643616905 -1.9143312731086808
33641 10933559 2.228878393419815 -1.0047696300933113 0.5181600000000001 1.7180071643616905 -1.9143312731086808
33642 10933559 2.2571562323751757 -0.9820814061988622 0.5181600000000001 1.7180071643616905 -1.9143312731086808
33643 10933559 2.2813643663879786 -0.942615177651421 0.50292 1.7180071643616905 -1.9143312731086808
33644 10933559 2.2975980522496653 -0.9013923655935513 0.4953 1.7180071643616905 -1.9143312731086808
33645 10933559 2.313831738111352 -0.8601695535356816 0.48768 1.7180071643616905 -1.9143312731086808
33646 10933559 2.3147613438195793 -0.826040903132196 0.48006000000000004 1.7180071643616905 -1.9143312731086808
33647 10933559 2.3156909495278066 -0.7919122527287106 0.47244 1.7180071643616905 -1.9143312731086808
33648 10933559 2.316620555236034 -0.757783602325225 0.46482 1.7180071643616905 -1.9143312731086808
33649 10933559 2.3175501609442613 -0.7236549519217395 0.45720000000000005 1.7180071643616905 -1.9143312731086808
33650 10933559 2.3126990448868043 -0.6968967725151998 0.45720000000000005 1.7180071643616905 -1.9143312731086808
33651 10933559 2.3078479288293474 -0.67013859310866 0.45720000000000005 1.7180071643616905 -1.9143312731086808
33652 10933559 2.298089473398509 -0.6338636856990563 0.45720000000000005 1.7180071643616905 -1.9143312731086808
33653 10933559 2.28833101796767 -0.5975887782894524 0.45720000000000005 1.7180071643616905 -1.9143312731086808
33654 10933559 2.2744508566602146 -0.5610193737936933 0.44196 1.7180071643616905 -1.9143312731086808
33655 10933559 2.2605706953527593 -0.524449969297934 0.42672000000000004 1.7180071643616905 -1.9143312731086808
33656 10933559 2.244114204189292 -0.49162439144966863 0.42672000000000004 1.7180071643616905 -1.9143312731086808
33657 10933559 2.2247375848328037 -0.45940273791794933 0.41656000000000004 1.7180071643616905 -1.9143312731086808
33658 10933559 2.2053609654763155 -0.42718108438623 0.40640000000000004 1.7180071643616905 -1.9143312731086808
33659 10933559 2.1859843461198274 -0.3949594308545107 0.39624000000000004 1.7180071643616905 -1.9143312731086808
33660 10933559 2.1705197489088865 -0.363450241114613 0.39624000000000004 1.7180071643616905 -1.9143312731086808
33661 10933559 2.1550551516979457 -0.3319410513747153 0.39624000000000004 1.7180071643616905 -1.9143312731086808
33662 10933559 2.1424664958195683 -0.30703652106969637 0.39624000000000004 1.7180071643616905 -1.9143312731086808
33663 10933559 2.1298778399411904 -0.28213199076467743 0.39624000000000004 1.7180071643616905 -1.9143312731086808
33664 10933559 2.117289184062813 -0.2572274604596585 0.39624000000000004 1.7180071643616905 -1.9143312731086808
33665 10933559 2.1039934312316664 -0.23267602510343724 0.39624000000000004 1.7180071643616905 -1.9143312731086808
33666 10933559 2.0733795647969395 -0.1890934839164686 0.36576 1.7180071643616905 -1.9143312731086808
33667 10933559 2.046611046828473 -0.16093080628044995 0.36576 1.7180071643616905 -1.9143312731086808
33668 10933559 2.019842528860006 -0.1327681286444313 0.36576 1.7180071643616905 -1.9143312731086808
33669 10933559 1.9954828812686005 -0.1159932756031814 0.36576 1.7180071643616905 -1.9143312731086808
33670 10933559 1.9711232336771949 -0.0992184225619315 0.36576 1.7180071643616905 -1.9143312731086808
33671 10933559 1.9310732683487974 -0.08099930689754745 0.36576 1.7180071643616905 -1.9143312731086808
33672 10933559 1.908129846894933 -0.07239678310805034 0.35052 1.7180071643616905 -1.9143312731086808
33673 10933559 1.8851864254410688 -0.06379425931855323 0.33528 1.7180071643616905 -1.9143312731086808
33674 10933559 1.8404772270646252 -0.05141269905144563 0.33528 1.7180071643616905 -1.9143312731086808
33675 10933559 1.809283761349082 -0.043123602370694326 0.33528 1.7180071643616905 -1.9143312731086808
33676 10933559 1.7780902956335387 -0.03483450568994302 0.33528 1.7180071643616905 -1.9143312731086808
33677 10933559 1.7414328297350323 -0.027097004053130917 0.32004 2.2691385112094458 -1.2112899144904086
33678 10933559 1.7047753638365262 -0.019359502416318813 0.3048 2.2691385112094458 -1.2112899144904086
33679 10933559 1.6757710093694482 -0.012456499763813147 0.3048 2.2691385112094458 -1.2112899144904086
33680 10933559 1.6467666549023703 -0.005553497111307482 0.3048 2.2691385112094458 -1.2112899144904086
33681 10933559 1.622173880352486 -0.0025444473839716236 0.3048 2.2691385112094458 -1.2112899144904086
33682 10933559 1.5975811058026022 0.00046460234336423434 0.3048 2.2691385112094458 -1.2112899144904086
33683 10933559 1.565465484037114 0.002192658438738164 0.3048 2.2691385112094458 -1.2112899144904086
33684 10933559 1.533349862271626 0.003920714534112094 0.3048 2.2691385112094458 -1.2112899144904086
33685 10933559 1.4897085549222355 0.0029883858466100144 0.3048 2.2691385112094458 -1.2112899144904086
33686 10933559 1.4566499555801544 0.0012864863298252954 0.3048 2.2691385112094458 -1.2112899144904086
33687 10933559 1.4347489841328698 0.0008467688483192251 0.28956000000000004 2.2691385112094458 -1.2112899144904086
33688 10933559 1.412848012685585 0.0004070513668131548 0.27432 2.2691385112094458 -1.2112899144904086
33689 10933559 1.372280862030601 0.001274982603181568 0.27432 2.2691385112094458 -1.2112899144904086
33690 10933559 1.3434901457899218 0.0028524053262864724 0.27432 2.2691385112094458 -1.2112899144904086
33691 10933559 1.307772012642777 0.002253534976911817 0.27432 2.2691385112094458 -1.2112899144904086
33692 10933559 1.281932354196339 0.0019910485218899154 0.27432 2.2691385112094458 -1.2112899144904086
33693 10933559 1.256092695749901 0.001728562066868014 0.27432 2.2691385112094458 -1.2112899144904086
33694 10933559 1.2360127179080953 0.0016993029870878223 0.27432 2.2691385112094458 -1.2112899144904086
33695 10933559 1.2159327400662896 0.0016700439073076307 0.27432 2.2691385112094458 -1.2112899144904086
33696 10933559 1.195852762224484 0.0016407848275274389 0.27432 2.2691385112094458 -1.2112899144904086
33697 10933559 1.1757727843826782 0.0016115257477472473 0.27432 2.2691385112094458 -1.2112899144904086
33698 10933559 1.1556928065408725 0.0015822666679670555 0.27432 2.2691385112094458 -1.2112899144904086
33699 10933559 1.1299590953226315 0.002551323181505615 0.27432 2.2691385112094458 -1.2112899144904086
33700 10933559 1.1042253841043908 0.0035203796950441747 0.27432 2.2691385112094458 -1.2112899144904086
33701 10933559 1.0784916728861498 0.004489436208582734 0.27432 2.2691385112094458 -1.2112899144904086
33702 10933559 1.0657401758660696 0.0035149850914506092 0.27432 2.2691385112094458 -1.2112899144904086
33703 10933559 1.0529886788459892 0.0025405339743184846 0.27432 2.2691385112094458 -1.2112899144904086
33704 10933559 1.0290812726854326 0.0027574223080302773 0.27432 2.2691385112094458 -1.2112899144904086
33705 10933559 1.0135464589440297 0.005496181251933324 0.27432 2.2691385112094458 -1.2112899144904086
33706 10933559 0.9861062717358111 0.004414036538574417 0.27432 2.2691385112094458 -1.2112899144904086
