34586 10561439 2.3750599336796934 4.777331836255445 0.88392 3.630621617935113 -1.9380638631846538
34587 10561439 2.353614238154649 4.729079325402319 0.88392 3.630621617935113 -1.9380638631846538
34588 10561439 2.3351623016033534 4.672605339591089 0.88392 3.630621617935113 -1.9380638631846538
34589 10561439 2.3247809324483812 4.640832127453533 0.88392 3.630621617935113 -1.9380638631846538
34590 10561439 2.2925044955013423 4.558616696079803 0.88392 3.630621617935113 -1.9380638631846538
34591 10561439 2.263494108977166 4.487484236256858 0.88392 3.630621617935113 -1.9380638631846538
34592 10561439 2.23433274859367 4.414531874424256 0.88392 3.630621617935113 -1.9380638631846538
34593 10561439 2.216621929579588 4.3766250449906305 0.88392 3.630621617935113 -1.9380638631846538
34594 10561439 2.207620071725861 4.349074226134678 0.88392 3.630621617935113 -1.9380638631846538
34595 10561439 2.198618213872134 4.321523407278725 0.88392 3.630621617935113 -1.9380638631846538
34596 10561439 2.169275510892077 4.250733227556863 0.88392 3.630621617935113 -1.9380638631846538
34597 10561439 2.1527635128769065 4.197480758710657 0.88392 3.630621617935113 -1.9380638631846538
34598 10561439 2.1274302038429593 4.136245564209394 0.88392 3.630621617935113 -1.9380638631846538
34599 10561439 2.1099695585500893 4.085522793264036 0.88392 3.630621617935113 -1.9380638631846538
34600 10561439 2.0971047826154336 4.046149439739921 0.88392 3.630621617935113 -1.9380638631846538
34601 10561439 2.0842400066807776 4.006776086215805 0.88392 3.630621617935113 -1.9380638631846538
34602 10561439 2.067417597254056 3.9525736137630743 0.88392 3.630621617935113 -1.9380638631846538
34603 10561439 2.046965029163999 3.889977381276061 0.88392 3.630621617935113 -1.9380638631846538
34604 10561439 2.0342037314263406 3.850920713348983 0.88392 3.630621617935113 -1.9380638631846538
34605 10561439 2.0263745032205023 3.826958921023686 0.88392 3.630621617935113 -1.9380638631846538
34606 10561439 2.001093341131103 3.7495845055771313 0.88392 3.630621617935113 -1.9380638631846538
34607 10561439 1.983046332435224 3.6970672865304945 0.88392 3.630621617935113 -1.9380638631846538
34608 10561439 1.9489264363626213 3.6062249629455856 0.88392 3.630621617935113 -1.9380638631846538
34609 10561439 1.9316726507079933 3.5561356192694693 0.9144000000000001 3.630621617935113 -1.9380638631846538
34610 10561439 1.9269001596332607 3.540170819674289 0.9144000000000001 3.630621617935113 -1.9380638631846538
34611 10561439 1.9221276685585278 3.5242060200791094 0.9144000000000001 3.630621617935113 -1.9380638631846538
34612 10561439 1.8968464662203641 3.446831660709493 0.9144000000000001 3.630621617935113 -1.9380638631846538
34613 10561439 1.888948246778676 3.422658772830405 0.9144000000000001 3.630621617935113 -1.9380638631846538
34614 10561439 1.8636670486775784 3.3452844264015176 0.9144000000000001 3.630621617935113 -1.9380638631846538
34615 10561439 1.8465512005318474 3.2956173478251154 0.9144000000000001 3.630621617935113 -1.9380638631846538
34616 10561439 1.8298607678621823 3.235705686053117 0.9144000000000001 3.630621617935113 -1.9380638631846538
34617 10561439 1.8131703351925172 3.1757940242811187 0.9144000000000001 3.630621617935113 -1.9380638631846538
34618 10561439 1.7974332933162533 3.121743261180468 0.9144000000000001 3.630621617935113 -1.9380638631846538
34619 10561439 1.7816962514399894 3.0676924980798166 0.9144000000000001 3.630621617935113 -1.9380638631846538
34620 10561439 1.7659592095637255 3.0136417349791658 0.9144000000000001 3.630621617935113 -1.9380638631846538
34621 10561439 1.74790503671126 2.94208403771789 0.9144000000000001 3.630621617935113 -1.9380638631846538
34622 10561439 1.7361625823089493 2.8898435189692644 0.9144000000000001 3.630621617935113 -1.9380638631846538
34623 10561439 1.7270228062754613 2.861870526893051 0.9144000000000001 3.630621617935113 -1.9380638631846538
34624 10561439 1.7220059244551715 2.8302138916792843 0.9144000000000001 3.630621617935113 -1.9380638631846538
34625 10561439 1.6968688537377439 2.735618905618108 0.9144000000000001 3.630621617935113 -1.9380638631846538
34626 10561439 1.6888822670676829 2.702888109323167 0.9144000000000001 3.630621617935113 -1.9380638631846538
34627 10561439 1.6808956803976218 2.670157313028226 0.9144000000000001 3.630621617935113 -1.9380638631846538
34628 10561439 1.667803256999519 2.5963943771695903 0.9144000000000001 3.630621617935113 -1.9380638631846538
34629 10561439 1.6576161048356775 2.563856864503069 0.9144000000000001 3.630621617935113 -1.9380638631846538
34630 10561439 1.638672017579499 2.4719115914750365 0.9144000000000001 3.630621617935113 -1.9380638631846538
34631 10561439 1.6257385796431754 2.432327130708795 0.9144000000000001 3.630621617935113 -1.9380638631846538
34632 10561439 1.6162385674063653 2.386947782742747 0.9144000000000001 3.630621617935113 -1.9380638631846538
34633 10561439 1.6001167260099391 2.3213011725940538 0.9144000000000001 3.630621617935113 -1.9380638631846538
34634 10561439 1.5784856821141815 2.2360752250931957 0.9144000000000001 3.630621617935113 -1.9380638631846538
34635 10561439 1.5704421074809236 2.203304678677514 0.9144000000000001 3.630621617935113 -1.9380638631846538
34636 10561439 1.5623985328476657 2.170534132261832 0.9144000000000001 3.630621617935113 -1.9380638631846538
34637 10561439 1.5460872108761974 2.0980566739991566 0.9144000000000001 3.630621617935113 -1.9380638631846538
34638 10561439 1.5349656541362684 2.058990108641899 0.9144000000000001 3.630621617935113 -1.9380638631846538
34639 10561439 1.5238440973963394 2.0199235432846416 0.9144000000000001 3.630621617935113 -1.9380638631846538
34640 10561439 1.5083539405344224 1.9426215688141235 0.9144000000000001 3.630621617935113 -1.9380638631846538
34641 10561439 1.4925416617440437 1.8887902352165566 0.9144000000000001 3.630621617935113 -1.9380638631846538
34642 10561439 1.4700401345722511 1.8036151321305771 0.9144000000000001 3.630621617935113 -1.9380638631846538
34643 10561439 1.4632294267638335 1.7773345984031534 0.9144000000000001 3.630621617935113 -1.9380638631846538
34644 10561439 1.4564187189554159 1.75105406467573 0.9144000000000001 3.630621617935113 -1.9380638631846538
34645 10561439 1.439606399173972 1.6941615103108405 0.9144000000000001 3.630621617935113 -1.9380638631846538
34646 10561439 1.417357053152418 1.608670397156819 0.9144000000000001 3.630621617935113 -1.9380638631846538
34647 10561439 1.4077456268692985 1.5531636321906461 0.9144000000000001 3.630621617935113 -1.9380638631846538
34648 10561439 1.3871561849638774 1.490145082003201 0.9144000000000001 3.630621617935113 -1.9380638631846538
34649 10561439 1.3826380901958135 1.4634075924586225 0.9144000000000001 3.630621617935113 -1.9380638631846538
34650 10561439 1.3781199954277494 1.436670102914044 0.9144000000000001 3.630621617935113 -1.9380638631846538
34651 10561439 1.362455093739387 1.3805709687978074 0.9144000000000001 3.630621617935113 -1.9380638631846538
34652 10561439 1.3409072744927897 1.2969535978293267 0.9144000000000001 3.630621617935113 -1.9380638631846538
34653 10561439 1.3203179775997143 1.2339350291254991 0.9144000000000001 3.630621617935113 -1.9380638631846538
34654 10561439 1.3062741421072164 1.1827971346308823 0.9144000000000001 3.630621617935113 -1.9380638631846538
34655 10561439 1.2919199519954119 1.1307092052043464 0.9144000000000001 3.630621617935113 -1.9380638631846538
34656 10561439 1.2693921864947058 1.0536038474548834 0.9448799999999999 3.630621617935113 -1.9380638631846538
34657 10561439 1.2556933469060185 1.003521520862004 0.9448799999999999 3.630621617935113 -1.9380638631846538
34658 10561439 1.2480507268218133 0.9760525033004237 0.9448799999999999 3.630621617935113 -1.9380638631846538
34659 10561439 1.240408106737608 0.9485834857388434 0.9448799999999999 3.630621617935113 -1.9380638631846538
34660 10561439 1.2258471470923362 0.8958621778896796 0.9448799999999999 3.630621617935113 -1.9380638631846538
34661 10561439 1.206713591274022 0.8454525995570475 0.9448799999999999 3.630621617935113 -1.9380638631846538
34662 10561439 1.1974840671441498 0.7927418357754087 0.9448799999999999 3.630621617935113 -1.9380638631846538
34663 10561439 1.1753775044305974 0.725078677722835 0.9448799999999999 3.630621617935113 -1.9380638631846538
34664 10561439 1.1533603269734984 0.641381116820868 0.9448799999999999 3.630621617935113 -1.9380638631846538
34665 10561439 1.1384983404245286 0.5850197504507649 0.9448799999999999 3.630621617935113 -1.9380638631846538
34666 10561439 1.1234456379783622 0.5335105776818277 0.9448799999999999 3.630621617935113 -1.9380638631846538
34667 10561439 1.1164802698154865 0.5067549296513487 0.9448799999999999 3.630621617935113 -1.9380638631846538
34668 10561439 1.1095149016526111 0.4799992816208697 0.9448799999999999 3.630621617935113 -1.9380638631846538
34669 10561439 1.08556676162537 0.3903903680420815 0.9448799999999999 3.630621617935113 -1.9380638631846538
34670 10561439 1.072668499850951 0.350911388480343 0.9448799999999999 3.630621617935113 -1.9380638631846538
34671 10561439 1.0485480780860117 0.26077465465581917 0.9448799999999999 3.630621617935113 -1.9380638631846538
34672 10561439 1.0393193817323847 0.20806370690344722 0.9448799999999999 3.630621617935113 -1.9380638631846538
34673 10561439 1.0252854910144271 0.15423567477735142 0.9448799999999999 3.630621617935113 -1.9380638631846538
34674 10561439 1.009439876052121 0.1002986003088418 0.9448799999999999 3.630621617935113 -1.9380638631846538
34675 10561439 0.9937001871285013 0.03581258197347084 0.9448799999999999 3.630621617935113 -1.9380638631846538
34676 10561439 0.9905273843280974 0.026101170870986665 0.9448799999999999 3.630621617935113 -1.9380638631846538
34677 10561439 0.9873545815276935 0.016389759768502488 0.9448799999999999 3.630621617935113 -1.9380638631846538
34678 10561439 0.9574408760192105 -0.09148095566040768 0.9448799999999999 3.630621617935113 -1.9380638631846538
34679 10561439 0.943197783436029 -0.13507674664804067 0.9448799999999999 3.630621617935113 -1.9380638631846538
34680 10561439 0.9363182523967437 -0.16238611486013815 0.9448799999999999 3.630621617935113 -1.9380638631846538
34681 10561439 0.9294387213574583 -0.18969548307223563 0.9448799999999999 3.630621617935113 -1.9380638631846538
34682 10561439 0.8995809990105519 -0.29957048270979003 0.9448799999999999 3.630621617935113 -1.9380638631846538
34683 10561439 0.8916470295738005 -0.340437626592228 0.9448799999999999 3.630621617935113 -1.9380638631846538
34684 10561439 0.8791476251119876 -0.39745391057020274 0.9448799999999999 3.630621617935113 -1.9380638631846538
34685 10561439 0.8604865971034945 -0.48773853510720433 0.9448799999999999 3.630621617935113 -1.9380638631846538
34686 10561439 0.8462971070066719 -0.5648807821326322 0.9448799999999999 3.630621617935113 -1.9380638631846538
34687 10561439 0.8402554891766445 -0.5915292607686498 0.9448799999999999 3.630621617935113 -1.9380638631846538
34688 10561439 0.834213871346617 -0.6181777394046674 0.9448799999999999 3.630621617935113 -1.9380638631846538
34689 10561439 0.827049251681322 -0.6727311227747909 0.9448799999999999 3.630621617935113 -1.9380638631846538
34690 10561439 0.8187812288296066 -0.7306624232970367 0.9448799999999999 3.630621617935113 -1.9380638631846538
34691 10561439 0.8184522347573961 -0.7844114781951483 0.9448799999999999 3.630621617935113 -1.9380638631846538
34692 10561439 0.8074368027506261 -0.8659784891826978 0.9448799999999999 3.630621617935113 -1.9380638631846538
34693 10561439 0.8013982188384297 -0.9333999440631372 0.9448799999999999 3.630621617935113 -1.9380638631846538
34694 10561439 0.7933534795244919 -1.015119587671125 0.9448799999999999 3.630621617935113 -1.9380638631846538
34695 10561439 0.7866320284256101 -1.0465694013421505 0.9448799999999999 3.630621617935113 -1.9380638631846538
34696 10561439 0.7818982596396389 -1.0882482104757156 0.9448799999999999 3.630621617935113 -1.9380638631846538
34697 10561439 0.7771644908536678 -1.1299270196092805 0.9448799999999999 3.630621617935113 -1.9380638631846538
34698 10561439 0.7702097417239308 -1.212119447682658 0.9448799999999999 3.630621617935113 -1.9380638631846538
34699 10561439 0.7623179259206758 -1.2447056183404033 0.9448799999999999 3.630621617935113 -1.9380638631846538
34700 10561439 0.7567729929949085 -1.3133395601391886 0.9448799999999999 3.630621617935113 -1.9380638631846538
34701 10561439 0.7458735459573937 -1.3806915559108675 0.9448799999999999 3.630621617935113 -1.9380638631846538
34702 10561439 0.7410559512971979 -1.428067295047492 0.9448799999999999 3.630621617935113 -1.9380638631846538
34703 10561439 0.7274425697847063 -1.5214023224824218 0.9448799999999999 3.630621617935113 -1.9380638631846538
34704 10561439 0.72351840108753 -1.5551677566790285 0.9448799999999999 3.630621617935113 -1.9380638631846538
34705 10561439 0.7121624526102615 -1.636155816930636 0.9448799999999999 3.630621617935113 -1.9380638631846538
34706 10561439 0.7053966135591585 -1.6745420900782744 0.9448799999999999 3.630621617935113 -1.9380638631846538
34707 10561439 0.6986307745080556 -1.7129283632259125 0.9448799999999999 3.630621617935113 -1.9380638631846538
34708 10561439 0.6914104110100161 -1.7853372496412807 0.9144000000000001 3.630621617935113 -1.9380638631846538
34709 10561439 0.687236522377884 -1.832105359035585 0.9144000000000001 3.630621617935113 -1.9380638631846538
34710 10561439 0.6721097542825362 -1.911043719029325 0.9144000000000001 3.630621617935113 -1.9380638631846538
34711 10561439 0.6664638793402353 -1.9799948101216251 0.9144000000000001 3.630621617935113 -1.9380638631846538
34712 10561439 0.6565110727708066 -2.041464110607465 0.9144000000000001 3.630621617935113 -1.9380638631846538
34713 10561439 0.6521659882497219 -2.0879425609481927 0.9144000000000001 3.630621617935113 -1.9380638631846538
34714 10561439 0.6484579239382728 -2.1175143823052727 0.9144000000000001 3.630621617935113 -1.9380638631846538
34715 10561439 0.6447498596268236 -2.1470862036623526 0.9144000000000001 3.630621617935113 -1.9380638631846538
34716 10561439 0.6379777779914326 -2.2371648463969263 0.9144000000000001 3.630621617935113 -1.9380638631846538
34717 10561439 0.6265803098472984 -2.2989799124084893 0.9144000000000001 3.630621617935113 -1.9380638631846538
34718 10561439 0.6179831750452904 -2.392200642508585 0.9144000000000001 3.630621617935113 -1.9380638631846538
34719 10561439 0.6103917672248712 -2.4235997358231334 0.9144000000000001 3.630621617935113 -1.9380638631846538
34720 10561439 0.6039506686864818 -2.4841131447951033 0.9144000000000001 3.630621617935113 -1.9380638631846538
34721 10561439 0.5903888607702581 -2.575945704987632 0.9144000000000001 3.630621617935113 -1.9380638631846538
34722 10561439 0.5857686513323672 -2.5983853199140134 0.9144000000000001 3.630621617935113 -1.9380638631846538
34723 10561439 0.5811484418944762 -2.6208249348403947 0.9144000000000001 3.630621617935113 -1.9380638631846538
34724 10561439 0.5689658737550536 -2.6918461198764274 0.9144000000000001 3.630621617935113 -1.9380638631846538
34725 10561439 0.5564968835954978 -2.762656900642779 0.9144000000000001 3.630621617935113 -1.9380638631846538
34726 10561439 0.5471075126596288 -2.807721090107988 0.9144000000000001 3.630621617935113 -1.9380638631846538
34727 10561439 0.5372495947678453 -2.867819228407039 0.9144000000000001 3.630621617935113 -1.9380638631846538
34728 10561439 0.5241922733768093 -2.9445125787620254 0.9144000000000001 3.630621617935113 -1.9380638631846538
34729 10561439 0.5139085639270563 -3.0072753481347547 0.9144000000000001 3.630621617935113 -1.9380638631846538
34730 10561439 0.5027018963586255 -3.060624441985605 0.9144000000000001 3.630621617935113 -1.9380638631846538
34731 10561439 0.4866727281531922 -3.1396180593759273 0.9144000000000001 3.630621617935113 -1.9380638631846538
34732 10561439 0.48301243312103137 -3.168504360534037 0.8991600000000001 3.630621617935113 -1.9380638631846538
34733 10561439 0.47935213808887056 -3.197390661692146 0.88392 3.630621617935113 -1.9380638631846538
34734 10561439 0.46210213216429796 -3.2665228305914096 0.88392 3.630621617935113 -1.9380638631846538
34735 10561439 0.4557585006460013 -3.303352771129959 0.88392 3.630621617935113 -1.9380638631846538
34736 10561439 0.42948642807439885 -3.4003792287964756 0.88392 3.630621617935113 -1.9380638631846538
34737 10561439 0.41630373817029054 -3.459508070329612 0.88392 3.630621617935113 -1.9380638631846538
34738 10561439 0.40202936771156417 -3.50321021338878 0.8534400000000001 3.630621617935113 -1.9380638631846538
34739 10561439 0.3779642461305194 -3.5934808365245567 0.8534400000000001 3.630621617935113 -1.9380638631846538
34740 10561439 0.36351751372129637 -3.6377107836025777 0.8534400000000001 3.630621617935113 -1.9380638631846538
34741 10561439 0.3541626054546378 -3.6656715968824845 0.8534400000000001 3.630621617935113 -1.9380638631846538
34742 10561439 0.3448076971879792 -3.6936324101623907 0.8534400000000001 3.630621617935113 -1.9380638631846538
34743 10561439 0.31161420981114885 -3.778935437547301 0.8534400000000001 3.630621617935113 -1.9380638631846538
34744 10561439 0.2888801235282703 -3.8308556867560086 0.8534400000000001 3.630621617935113 -1.9380638631846538
34745 10561439 0.2667429468958228 -3.8820363144776135 0.8534400000000001 3.630621617935113 -1.9380638631846538
34746 10561439 0.23385841330670454 -3.948982240953393 0.8534400000000001 3.630621617935113 -1.9380638631846538
34747 10561439 0.2188351550294232 -3.9786546626688097 0.82296 3.630621617935113 -1.9380638631846538
34748 10561439 0.1913646239834802 -4.02739227071482 0.82296 3.630621617935113 -1.9380638631846538
34749 10561439 0.1576037638314325 -4.081785509473122 0.82296 3.630621617935113 -1.9380638631846538
34750 10561439 0.12205758827291155 -4.128040953005941 0.8128000000000001 3.630621617935113 -1.9380638631846538
34751 10561439 0.0865114127143906 -4.174296396538761 0.80264 3.630621617935113 -1.9380638631846538
34752 10561439 0.05096523715586965 -4.22055184007158 0.7924800000000001 3.630621617935113 -1.9380638631846538
34753 10561439 0.020652912760482423 -4.248968332104982 0.7924800000000001 3.630621617935113 -1.9380638631846538
34754 10561439 -0.009659411634904802 -4.277384824138385 0.7924800000000001 3.630621617935113 -1.9380638631846538
34755 10561439 -0.03997173603029203 -4.305801316171787 0.7924800000000001 3.630621617935113 -1.9380638631846538
34756 10561439 -0.09920152283340344 -4.356547534594462 0.762 3.630621617935113 -1.9380638631846538
34757 10561439 -0.14297894178753978 -4.389911119446385 0.762 3.423004878685325 -1.1183983042263888
34758 10561439 -0.18644533768092741 -4.42068921606627 0.762 3.423004878685325 -1.1183983042263888
34759 10561439 -0.24621432346554317 -4.450230350320465 0.762 3.423004878685325 -1.1183983042263888
34760 10561439 -0.292009960496715 -4.480247162422796 0.762 3.423004878685325 -1.1183983042263888
34761 10561439 -0.3401062458456934 -4.500984030627916 0.73152 3.423004878685325 -1.1183983042263888
34762 10561439 -0.38505753808376575 -4.518892815092829 0.73152 3.423004878685325 -1.1183983042263888
34763 10561439 -0.4300088303218381 -4.536801599557742 0.73152 3.423004878685325 -1.1183983042263888
34764 10561439 -0.4789407737246776 -4.553292765362186 0.73152 3.423004878685325 -1.1183983042263888
34765 10561439 -0.5255289023717424 -4.564240875231048 0.73152 3.423004878685325 -1.1183983042263888
34766 10561439 -0.575238490651361 -4.5760381185810814 0.73152 3.423004878685325 -1.1183983042263888
34767 10561439 -0.6069190501017743 -4.58052429444774 0.73152 3.423004878685325 -1.1183983042263888
34768 10561439 -0.6686151966118896 -4.5871196443828985 0.73152 3.423004878685325 -1.1183983042263888
34769 10561439 -0.7451663500133303 -4.5888608148596335 0.7010400000000001 3.423004878685325 -1.1183983042263888
34770 10561439 -0.7954064019774527 -4.586230653333672 0.7010400000000001 3.423004878685325 -1.1183983042263888
34771 10561439 -0.8483630646526419 -4.57967499302391 0.7010400000000001 3.423004878685325 -1.1183983042263888
34772 10561439 -0.8967751533283654 -4.571449615910297 0.7010400000000001 3.423004878685325 -1.1183983042263888
34773 10561439 -0.9386149733557521 -4.55243619440951 0.6923314285714287 3.423004878685325 -1.1183983042263888
34774 10561439 -0.9804547933831387 -4.533422772908722 0.6836228571428572 3.423004878685325 -1.1183983042263888
34775 10561439 -1.0222946134105253 -4.514409351407934 0.6749142857142858 3.423004878685325 -1.1183983042263888
34776 10561439 -1.064134433437912 -4.495395929907147 0.6662057142857144 3.423004878685325 -1.1183983042263888
34777 10561439 -1.1059742534652985 -4.47638250840636 0.657497142857143 3.423004878685325 -1.1183983042263888
34778 10561439 -1.1478140734926852 -4.4573690869055715 0.6487885714285715 3.423004878685325 -1.1183983042263888
34779 10561439 -1.1896538935200718 -4.438355665404784 0.6400800000000001 3.423004878685325 -1.1183983042263888
34780 10561439 -1.2322858869645545 -4.402926394351121 0.6400800000000001 3.423004878685325 -1.1183983042263888
34781 10561439 -1.2472801935849662 -4.385583637608505 0.6400800000000001 3.423004878685325 -1.1183983042263888
34782 10561439 -1.262274500205378 -4.36824088086589 0.6400800000000001 3.423004878685325 -1.1183983042263888
34783 10561439 -1.3080738286171238 -4.31939183694369 0.6400800000000001 3.423004878685325 -1.1183983042263888
34784 10561439 -1.3330673376879825 -4.2800295701818785 0.6400800000000001 3.423004878685325 -1.1183983042263888
34785 10561439 -1.3557954559731165 -4.234280929319465 0.6400800000000001 3.423004878685325 -1.1183983042263888
34786 10561439 -1.3826556840052018 -4.176433161115629 0.6096 3.423004878685325 -1.1183983042263888
34787 10561439 -1.3980049337925091 -4.129591029430901 0.6096 3.423004878685325 -1.1183983042263888
34788 10561439 -1.4087560002112516 -4.086354678423803 0.6096 3.423004878685325 -1.1183983042263888
34789 10561439 -1.418518597867483 -4.0265009200428725 0.6096 3.423004878685325 -1.1183983042263888
34790 10561439 -1.420937815593563 -4.002636132414171 0.6096 3.423004878685325 -1.1183983042263888
34791 10561439 -1.423357033319643 -3.97877134478547 0.6096 3.423004878685325 -1.1183983042263888
34792 10561439 -1.4257991575211284 -3.9332269593674227 0.6096 3.423004878685325 -1.1183983042263888
34793 10561439 -1.4271873631844467 -3.889896319687743 0.6096 3.423004878685325 -1.1183983042263888
34794 10561439 -1.423478863548019 -3.843207891310456 0.6096 3.423004878685325 -1.1183983042263888
34795 10561439 -1.420002433219384 -3.799948512064811 0.6096 3.423004878685325 -1.1183983042263888
34796 10561439 -1.414684651126527 -3.749696994862746 0.57912 3.423004878685325 -1.1183983042263888
34797 10561439 -1.401616845683862 -3.6920481203160516 0.57912 3.423004878685325 -1.1183983042263888
34798 10561439 -1.3864250436540553 -3.6466597910475134 0.57912 3.423004878685325 -1.1183983042263888
34799 10561439 -1.3726690849375351 -3.6034892288854072 0.57912 3.423004878685325 -1.1183983042263888
34800 10561439 -1.3579948251315577 -3.5596841855894548 0.57912 3.423004878685325 -1.1183983042263888
34801 10561439 -1.3469539624371027 -3.5259072480827753 0.57912 3.423004878685325 -1.1183983042263888
34802 10561439 -1.3232506082018658 -3.45339237905209 0.57912 3.423004878685325 -1.1183983042263888
34803 10561439 -1.316464183046303 -3.4315435018540943 0.57912 3.423004878685325 -1.1183983042263888
34804 10561439 -1.2887155788642575 -3.364323168955032 0.57912 3.423004878685325 -1.1183983042263888
34805 10561439 -1.2814010203672381 -3.341945935338535 0.57912 3.423004878685325 -1.1183983042263888
34806 10561439 -1.2740864618702188 -3.319568701722038 0.57912 3.423004878685325 -1.1183983042263888
34807 10561439 -1.2545495967989375 -3.2774699285503384 0.57912 3.423004878685325 -1.1183983042263888
34808 10561439 -1.2357457006143304 -3.2199435267917367 0.57912 3.423004878685325 -1.1183983042263888
34809 10561439 -1.227327074938288 -3.1941885855287997 0.57912 3.423004878685325 -1.1183983042263888
34810 10561439 -1.218882236785858 -3.1506838901067193 0.57912 3.423004878685325 -1.1183983042263888
34811 10561439 -1.1939713250338155 -3.074474603537967 0.57912 3.423004878685325 -1.1183983042263888
34812 10561439 -1.1793422008396426 -3.0297201150150057 0.57912 3.423004878685325 -1.1183983042263888
34813 10561439 -1.1665762189129592 -2.990665487910866 0.57912 3.423004878685325 -1.1183983042263888
34814 10561439 -1.1524991351584217 -2.9475998421476413 0.57912 3.423004878685325 -1.1183983042263888
34815 10561439 -1.1299263093034637 -2.8962122801880894 0.57912 3.423004878685325 -1.1183983042263888
34816 10561439 -1.1212489094249587 -2.869665676438707 0.57912 3.423004878685325 -1.1183983042263888
34817 10561439 -1.1125715095464537 -2.843119072689325 0.57912 3.423004878685325 -1.1183983042263888
34818 10561439 -1.0939539342504319 -2.802472231994673 0.57912 3.423004878685325 -1.1183983042263888
34819 10561439 -1.0744738534632605 -2.7591865371378494 0.54864 3.423004878685325 -1.1183983042263888
34820 10561439 -1.0433712031713256 -2.6993713208427113 0.54864 3.423004878685325 -1.1183983042263888
34821 10561439 -1.0253495699502246 -2.657828671520319 0.54864 3.423004878685325 -1.1183983042263888
34822 10561439 -1.0047909542929794 -2.613960842090528 0.57912 3.423004878685325 -1.1183983042263888
34823 10561439 -0.9926365340802629 -2.5924061760560906 0.57912 3.423004878685325 -1.1183983042263888
34824 10561439 -0.9804821138675464 -2.570851510021653 0.57912 3.423004878685325 -1.1183983042263888
34825 10561439 -0.9482632780302995 -2.5062605066181427 0.57912 3.423004878685325 -1.1183983042263888
34826 10561439 -0.9301545678231997 -2.469886844967164 0.57912 3.423004878685325 -1.1183983042263888
34827 10561439 -0.9089075451602271 -2.4388617198860927 0.57912 3.423004878685325 -1.1183983042263888
34828 10561439 -0.8879677503684948 -2.3913798425764394 0.57912 3.423004878685325 -1.1183983042263888
34829 10561439 -0.8656464782763391 -2.351359357589705 0.57912 3.423004878685325 -1.1183983042263888
34830 10561439 -0.8402194004749344 -2.3143401457481083 0.57912 3.423004878685325 -1.1183983042263888
34831 10561439 -0.8145439589657053 -2.2684061257062136 0.57912 3.423004878685325 -1.1183983042263888
34832 10561439 -0.7917850659759238 -2.2259583563288023 0.57912 3.423004878685325 -1.1183983042263888
34833 10561439 -0.7559531264865045 -2.173413405865278 0.57912 3.423004878685325 -1.1183983042263888
34834 10561439 -0.730884291417448 -2.1388472701477754 0.57912 3.423004878685325 -1.1183983042263888
34835 10561439 -0.7082060490093156 -2.0963730812966177 0.57912 3.423004878685325 -1.1183983042263888
34836 10561439 -0.6930901862279788 -2.0781228626256487 0.57912 3.423004878685325 -1.1183983042263888
34837 10561439 -0.677974323446642 -2.0598726439546793 0.57912 3.423004878685325 -1.1183983042263888
34838 10561439 -0.6425078798620525 -2.0179564587638823 0.57912 3.423004878685325 -1.1183983042263888
34839 10561439 -0.5910618266928094 -1.959766263134419 0.57912 3.423004878685325 -1.1183983042263888
34840 10561439 -0.563700629098381 -1.9260660061740127 0.57912 3.423004878685325 -1.1183983042263888
34841 10561439 -0.5265472115722363 -1.8955661600384006 0.57912 3.423004878685325 -1.1183983042263888
34842 10561439 -0.5169014533614351 -1.8823625362334335 0.57912 3.423004878685325 -1.1183983042263888
34843 10561439 -0.4670369776641927 -1.8412378698497713 0.57912 3.423004878685325 -1.1183983042263888
34844 10561439 -0.4171725019669503 -1.800113203466109 0.57912 3.423004878685325 -1.1183983042263888
34845 10561439 -0.39761125677634646 -1.7864699812358755 0.57912 3.423004878685325 -1.1183983042263888
34846 10561439 -0.3780500115857426 -1.772826759005642 0.57912 3.423004878685325 -1.1183983042263888
34847 10561439 -0.32932374933670094 -1.7406176284739785 0.57912 3.423004878685325 -1.1183983042263888
34848 10561439 -0.268987393351646 -1.7041413427570753 0.54864 3.423004878685325 -1.1183983042263888
34849 10561439 -0.22000386844930586 -1.6786165928502776 0.54864 3.423004878685325 -1.1183983042263888
34850 10561439 -0.17102034354696571 -1.6530918429434798 0.54864 3.423004878685325 -1.1183983042263888
34851 10561439 -0.1248987027275481 -1.6342837854151668 0.54864 3.423004878685325 -1.1183983042263888
34852 10561439 -0.0851651382741263 -1.614906762179614 0.54864 3.423004878685325 -1.1183983042263888
34853 10561439 -0.028583363968271103 -1.5950770087824344 0.54864 3.423004878685325 -1.1183983042263888
34854 10561439 0.0021437223661141536 -1.586133290287684 0.54864 3.423004878685325 -1.1183983042263888
34855 10561439 0.03287080870049941 -1.5771895717929336 0.54864 3.423004878685325 -1.1183983042263888
34856 10561439 0.1033377742546927 -1.5610784968212936 0.54864 3.423004878685325 -1.1183983042263888
34857 10561439 0.15765003410917744 -1.5525392724907527 0.54864 3.423004878685325 -1.1183983042263888
34858 10561439 0.20583575932737486 -1.546437307233197 0.54864 3.423004878685325 -1.1183983042263888
34859 10561439 0.2722902888775254 -1.5415143072184179 0.54864 3.423004878685325 -1.1183983042263888
34860 10561439 0.34540690031141186 -1.5379496725186048 0.54864 3.423004878685325 -1.1183983042263888
34861 10561439 0.39242886812651284 -1.5381254859890312 0.54864 3.423004878685325 -1.1183983042263888
34862 10561439 0.4666079116214387 -1.539463064005523 0.54864 3.423004878685325 -1.1183983042263888
34863 10561439 0.505095670828487 -1.541289349633565 0.54864 3.423004878685325 -1.1183983042263888
34864 10561439 0.5301333400668137 -1.5394222030048264 0.54864 3.423004878685325 -1.1183983042263888
34865 10561439 0.5551710093051403 -1.5375550563760878 0.54864 3.423004878685325 -1.1183983042263888
34866 10561439 0.6353222182389624 -1.542360829071085 0.57912 3.423004878685325 -1.1183983042263888
34867 10561439 0.6742379137105747 -1.5390689470706003 0.57912 3.423004878685325 -1.1183983042263888
34868 10561439 0.7346445611969528 -1.537423489614774 0.57912 3.423004878685325 -1.1183983042263888
34869 10561439 0.7719280581632422 -1.5388550400635543 0.57912 3.423004878685325 -1.1183983042263888
34870 10561439 0.8221626927822235 -1.5359888804554218 0.57912 3.423004878685325 -1.1183983042263888
34871 10561439 0.8708484647540686 -1.5337847056496432 0.57912 3.423004878685325 -1.1183983042263888
34872 10561439 0.9404530553309878 -1.5311702041390807 0.57912 3.423004878685325 -1.1183983042263888
34873 10561439 0.986569618517841 -1.5289438740944323 0.57912 3.423004878685325 -1.1183983042263888
34874 10561439 1.0227709287654179 -1.5275673721363416 0.57912 3.423004878685325 -1.1183983042263888
34875 10561439 1.0589722390129945 -1.5261908701782512 0.57912 3.423004878685325 -1.1183983042263888
34876 10561439 1.1087607718265184 -1.5206071126413918 0.57912 3.423004878685325 -1.1183983042263888
34877 10561439 1.1785951570312707 -1.5161964421041536 0.54864 3.423004878685325 -1.1183983042263888
34878 10561439 1.2305153483162408 -1.5122427508541065 0.54864 3.423004878685325 -1.1183983042263888
34879 10561439 1.2628224872391933 -1.5112289120509461 0.54864 3.423004878685325 -1.1183983042263888
34880 10561439 1.3430708842226495 -1.5048442140286198 0.54864 3.423004878685325 -1.1183983042263888
34881 10561439 1.396320032455809 -1.5022580581427023 0.54864 3.423004878685325 -1.1183983042263888
34882 10561439 1.4497511196733686 -1.5018337450836703 0.54864 3.423004878685325 -1.1183983042263888
34883 10561439 1.5004887584855058 -1.4987771677327055 0.54864 3.423004878685325 -1.1183983042263888
34884 10561439 1.528127445666109 -1.49845724612722 0.54864 3.423004878685325 -1.1183983042263888
34885 10561439 1.5557661328467118 -1.4981373245217349 0.54864 3.423004878685325 -1.1183983042263888
34886 10561439 1.6172023902513701 -1.4965877643597014 0.54864 3.423004878685325 -1.1183983042263888
34887 10561439 1.6832936092021582 -1.4965577585005911 0.54864 3.423004878685325 -1.1183983042263888
34888 10561439 1.7544503900647348 -1.5016858374326525 0.54864 3.423004878685325 -1.1183983042263888
34889 10561439 1.8037741007634738 -1.502955227554855 0.54864 3.423004878685325 -1.1183983042263888
34890 10561439 1.8570664752246038 -1.5029501073675302 0.54864 3.423004878685325 -1.1183983042263888
34891 10561439 1.9015595952122886 -1.5081321003184578 0.54864 3.423004878685325 -1.1183983042263888
34892 10561439 1.951695566479092 -1.5123525696553488 0.54864 3.423004878685325 -1.1183983042263888
34893 10561439 2.0004231889422543 -1.5127251477239094 0.54864 3.423004878685325 -1.1183983042263888
34894 10561439 2.0479099579468443 -1.516897750589519 0.54864 3.423004878685325 -1.1183983042263888
34895 10561439 2.1127930417420906 -1.5221936770942988 0.54864 3.423004878685325 -1.1183983042263888
34896 10561439 2.1664938263191393 -1.5290951512533806 0.54864 3.423004878685325 -1.1183983042263888
34897 10561439 2.1749113100619515 -1.5291563903028793 0.54864 3.423004878685325 -1.1183983042263888
34898 10561439 2.1833287938047636 -1.529217629352378 0.54864 3.423004878685325 -1.1183983042263888
34899 10561439 2.2690941784860925 -1.5358391152468827 0.54864 3.423004878685325 -1.1183983042263888
34900 10561439 2.2980172518141355 -1.5343003323776487 0.54864 3.423004878685325 -1.1183983042263888
34901 10561439 2.355642036737054 -1.5373414753513241 0.54864 3.423004878685325 -1.1183983042263888
34902 10561439 2.4009274092032573 -1.5400922866548903 0.54864 3.423004878685325 -1.1183983042263888
34903 10561439 2.4413870292210884 -1.5385807825685982 0.54864 3.423004878685325 -1.1183983042263888
34904 10561439 2.5023864528582713 -1.5353629866262264 0.54864 3.423004878685325 -1.1183983042263888
34905 10561439 2.5331617418638435 -1.5329092844505536 0.54864 3.423004878685325 -1.1183983042263888
34906 10561439 2.5639370308694156 -1.5304555822748809 0.54864 3.423004878685325 -1.1183983042263888
34907 10561439 2.6051463791705274 -1.5198426452219014 0.5334000000000001 3.423004878685325 -1.1183983042263888
34908 10561439 2.6463557274716396 -1.5092297081689219 0.5181600000000001 3.423004878685325 -1.1183983042263888
34909 10561439 2.7149592797509374 -1.4799894868166372 0.5181600000000001 3.423004878685325 -1.1183983042263888
34910 10561439 2.7373419417703118 -1.4617514513840293 0.5181600000000001 3.423004878685325 -1.1183983042263888
34911 10561439 2.7597246037896865 -1.4435134159514211 0.5181600000000001 3.423004878685325 -1.1183983042263888
34912 10561439 2.782107265809061 -1.4252753805188132 0.5181600000000001 3.423004878685325 -1.1183983042263888
34913 10561439 2.822768669644641 -1.3850455139474973 0.5181600000000001 3.423004878685325 -1.1183983042263888
34914 10561439 2.837839899167889 -1.35655551466929 0.5181600000000001 3.423004878685325 -1.1183983042263888
34915 10561439 2.851405968016344 -1.3337654270481867 0.5181600000000001 3.423004878685325 -1.1183983042263888
34916 10561439 2.8723925522643867 -1.2860626331799991 0.5181600000000001 3.423004878685325 -1.1183983042263888
34917 10561439 2.8785053160659997 -1.2734558965311185 0.5181600000000001 3.423004878685325 -1.1183983042263888
34918 10561439 2.8846180798676126 -1.2608491598822378 0.5181600000000001 3.423004878685325 -1.1183983042263888
34919 10561439 2.8892779231376244 -1.2302460273859004 0.5181600000000001 3.423004878685325 -1.1183983042263888
34920 10561439 2.8939377664076362 -1.199642894889563 0.5181600000000001 3.423004878685325 -1.1183983042263888
34921 10561439 2.9048686304607205 -1.1498262351483601 0.5181600000000001 3.423004878685325 -1.1183983042263888
34922 10561439 2.9056220886981947 -1.1230295453043224 0.5181600000000001 3.423004878685325 -1.1183983042263888
34923 10561439 2.906375546935669 -1.0962328554602845 0.5181600000000001 3.423004878685325 -1.1183983042263888
34924 10561439 2.9100607640111154 -1.0658956657415761 0.5181600000000001 3.423004878685325 -1.1183983042263888
34925 10561439 2.9097418076647497 -1.017897479870626 0.5181600000000001 3.423004878685325 -1.1183983042263888
34926 10561439 2.9092335487960588 -1.0031297265519667 0.5181600000000001 3.423004878685325 -1.1183983042263888
34927 10561439 2.908725289927368 -0.9883619732333074 0.5181600000000001 3.423004878685325 -1.1183983042263888
34928 10561439 2.909560865777708 -0.969477044485297 0.5181600000000001 3.423004878685325 -1.1183983042263888
34929 10561439 2.9157717016344034 -0.9341234070163879 0.5181600000000001 3.423004878685325 -1.1183983042263888
34930 10561439 2.9140195597842498 -0.8867086891229303 0.48768 3.423004878685325 -1.1183983042263888
34931 10561439 2.9172929625888866 -0.8766796717036692 0.48768 3.423004878685325 -1.1183983042263888
34932 10561439 2.91798705674021 -0.822587180501952 0.48768 3.423004878685325 -1.1183983042263888
34933 10561439 2.9239780427848556 -0.7702235406302574 0.48768 3.423004878685325 -1.1183983042263888
34934 10561439 2.9223329661108286 -0.758939587490389 0.48768 3.423004878685325 -1.1183983042263888
34935 10561439 2.923866902600933 -0.7215921031136959 0.48768 3.423004878685325 -1.1183983042263888
34936 10561439 2.9247707102745526 -0.6834548503885741 0.48768 3.423004878685325 -1.1183983042263888
34937 10561439 2.9303473582913018 -0.6554871460790571 0.48768 2.02432691222005 -1.58691946628102
34938 10561439 2.9315479060194716 -0.6409266308716753 0.48768 2.02432691222005 -1.58691946628102
34939 10561439 2.9327484537476414 -0.6263661156642936 0.48768 2.02432691222005 -1.58691946628102
34940 10561439 2.9318951481100664 -0.59361288699071 0.48768 2.02432691222005 -1.58691946628102
34941 10561439 2.9367972774681625 -0.562270982474008 0.48768 2.02432691222005 -1.58691946628102
34942 10561439 2.937420340336236 -0.5347890617180132 0.48768 2.02432691222005 -1.58691946628102
34943 10561439 2.937859376432347 -0.5084152196552014 0.48768 2.02432691222005 -1.58691946628102
34944 10561439 2.938181651429998 -0.46553224177201435 0.48768 2.02432691222005 -1.58691946628102
34945 10561439 2.9380278746725406 -0.4333577166905811 0.45720000000000005 2.02432691222005 -1.58691946628102
34946 10561439 2.93783972333979 -0.4012887710594205 0.45720000000000005 2.02432691222005 -1.58691946628102
34947 10561439 2.936789726686384 -0.38274222698436383 0.45720000000000005 2.02432691222005 -1.58691946628102
34948 10561439 2.9357397300329775 -0.3641956829093072 0.45720000000000005 2.02432691222005 -1.58691946628102
34949 10561439 2.9346897333795714 -0.3456491388342505 0.45720000000000005 2.02432691222005 -1.58691946628102
34950 10561439 2.931241043267409 -0.31404902227743153 0.45720000000000005 2.02432691222005 -1.58691946628102
34951 10561439 2.9277923531552474 -0.28244890572061254 0.45720000000000005 2.02432691222005 -1.58691946628102
34952 10561439 2.9243436630430852 -0.2508487891637935 0.45720000000000005 2.02432691222005 -1.58691946628102
34953 10561439 2.920894972930923 -0.21924867260697453 0.45720000000000005 2.02432691222005 -1.58691946628102
34954 10561439 2.9079172728316482 -0.17739757560405925 0.45720000000000005 2.02432691222005 -1.58691946628102
34955 10561439 2.9042520118466824 -0.17094439455871724 0.45720000000000005 2.02432691222005 -1.58691946628102
34956 10561439 2.9005867508617165 -0.16449121351337523 0.45720000000000005 2.02432691222005 -1.58691946628102
34957 10561439 2.8793462753686865 -0.1357129215725746 0.45720000000000005 2.02432691222005 -1.58691946628102
34958 10561439 2.8581057998756565 -0.106934629631774 0.45720000000000005 2.02432691222005 -1.58691946628102
34959 10561439 2.837916637456812 -0.0844570092802461 0.42672000000000004 2.02432691222005 -1.58691946628102
34960 10561439 2.81869836398306 -0.06825390043867621 0.42672000000000004 2.02432691222005 -1.58691946628102
34961 10561439 2.7874415088180804 -0.051391611741812865 0.42672000000000004 2.02432691222005 -1.58691946628102
34962 10561439 2.777009748200774 -0.0479861563585299 0.42672000000000004 2.02432691222005 -1.58691946628102
34963 10561439 2.7533402314343842 -0.03617055503090591 0.42672000000000004 2.02432691222005 -1.58691946628102
34964 10561439 2.7326761001219326 -0.0314688782631338 0.42672000000000004 2.02432691222005 -1.58691946628102
34965 10561439 2.712011968809481 -0.026767201495361687 0.42672000000000004 2.02432691222005 -1.58691946628102
34966 10561439 2.6880066650228596 -0.020332156042315114 0.42672000000000004 2.02432691222005 -1.58691946628102
34967 10561439 2.663904647539426 -0.021809062105595828 0.42672000000000004 2.02432691222005 -1.58691946628102
34968 10561439 2.6507209690546203 -0.018673167964111642 0.42672000000000004 2.02432691222005 -1.58691946628102
34969 10561439 2.6156939015772602 -0.01716729364579725 0.42672000000000004 2.02432691222005 -1.58691946628102
34970 10561439 2.5876819634910877 -0.018652468312108622 0.42672000000000004 2.02432691222005 -1.58691946628102
34971 10561439 2.5780526906050425 -0.015508698319538078 0.42672000000000004 2.02432691222005 -1.58691946628102
34972 10561439 2.5226393623145684 -0.013888457645823221 0.42672000000000004 2.02432691222005 -1.58691946628102
34973 10561439 2.505669710862808 -0.014188957526873908 0.39624000000000004 2.02432691222005 -1.58691946628102
34974 10561439 2.4731752976790333 -0.01444386727868388 0.39624000000000004 2.02432691222005 -1.58691946628102
34975 10561439 2.450795340726988 -0.012276887411282661 0.39624000000000004 2.02432691222005 -1.58691946628102
34976 10561439 2.409508507281352 -0.009543979481528936 0.39624000000000004 2.02432691222005 -1.58691946628102
34977 10561439 2.384602690324206 -0.012393050341971662 0.39624000000000004 2.02432691222005 -1.58691946628102
34978 10561439 2.370682761645275 -0.012871283143679219 0.39624000000000004 2.02432691222005 -1.58691946628102
34979 10561439 2.3396551872514095 -0.014071851760047244 0.39624000000000004 2.02432691222005 -1.58691946628102
34980 10561439 2.3169180458926535 -0.014357844744316228 0.39624000000000004 2.02432691222005 -1.58691946628102
34981 10561439 2.2941809045338974 -0.014643837728585213 0.39624000000000004 2.02432691222005 -1.58691946628102
34982 10561439 2.267879640009526 -0.012247299099382963 0.39624000000000004 2.02432691222005 -1.58691946628102
34983 10561439 2.2404753277651315 -0.013228725481815112 0.39624000000000004 2.02432691222005 -1.58691946628102
34984 10561439 2.2128641542661205 -0.014843413294859026 0.39624000000000004 2.02432691222005 -1.58691946628102
34985 10561439 2.1862870504800176 -0.013290992974395224 0.38608000000000003 2.02432691222005 -1.58691946628102
34986 10561439 2.1597099466939147 -0.01173857265393142 0.37592 2.02432691222005 -1.58691946628102
34987 10561439 2.133132842907812 -0.010186152333467619 0.36576 2.02432691222005 -1.58691946628102
34988 10561439 2.1034261937712855 -0.007611588391533558 0.36576 2.02432691222005 -1.58691946628102
34989 10561439 2.070198362248184 -0.006573853989399622 0.36576 2.02432691222005 -1.58691946628102
34990 10561439 2.036970530725082 -0.0055361195872656865 0.36576 2.02432691222005 -1.58691946628102
34991 10561439 2.0169778438017127 -0.005120884336298111 0.36576 2.02432691222005 -1.58691946628102
34992 10561439 1.9969851568783437 -0.004705649085330536 0.36576 2.02432691222005 -1.58691946628102
34993 10561439 1.9769924699549746 -0.0042904138343629605 0.36576 2.02432691222005 -1.58691946628102
34994 10561439 1.950238671754593 -0.0037308445164141815 0.36576 2.02432691222005 -1.58691946628102
34995 10561439 1.9234848735542112 -0.0031712751984654024 0.36576 2.02432691222005 -1.58691946628102
34996 10561439 1.8967310753538296 -0.0026117058805166238 0.36576 2.02432691222005 -1.58691946628102
34997 10561439 1.8686350702820134 -0.00027010542281787064 0.35052 2.02432691222005 -1.58691946628102
34998 10561439 1.840539065210197 0.0020714950348808825 0.33528 2.02432691222005 -1.58691946628102
34999 10561439 1.812620164902534 0.0035960721922587424 0.33528 2.02432691222005 -1.58691946628102
35000 10561439 1.79610894566986 0.0036146918516037907 0.33528 2.02432691222005 -1.58691946628102
35001 10561439 1.7599958585339208 0.0030260080199914635 0.33528 2.02432691222005 -1.58691946628102
35002 10561439 1.7238827713979819 0.0024373241883791363 0.33528 2.02432691222005 -1.58691946628102
35003 10561439 1.7026026386092719 0.0038968655231163274 0.33528 2.02432691222005 -1.58691946628102
35004 10561439 1.6639855719584244 0.005294587460045713 0.33528 2.02432691222005 -1.58691946628102
35005 10561439 1.6525869725723379 0.003702089411003931 0.33528 2.02432691222005 -1.58691946628102
35006 10561439 1.6411883731862513 0.0021095913619621487 0.33528 2.02432691222005 -1.58691946628102
35007 10561439 1.613681482046597 0.002857849618477168 0.32004 2.02432691222005 -1.58691946628102
35008 10561439 1.5861745909069427 0.003606107874992187 0.3048 2.02432691222005 -1.58691946628102
35009 10561439 1.5544556010246602 0.003014352336722797 0.3048 2.02432691222005 -1.58691946628102
35010 10561439 1.5227366111423775 0.0024225967984534066 0.3048 2.02432691222005 -1.58691946628102
35011 10561439 1.4910176212600947 0.0018308412601840164 0.3048 2.02432691222005 -1.58691946628102
35012 10561439 1.4592986313778122 0.0012390857219146262 0.3048 2.02432691222005 -1.58691946628102
35013 10561439 1.4366227991353666 0.0017643327049574695 0.3048 2.02432691222005 -1.58691946628102
35014 10561439 1.413946966892921 0.002289579688000313 0.3048 2.02432691222005 -1.58691946628102
35015 10561439 1.3912711346504754 0.0028148266710431567 0.3048 2.02432691222005 -1.58691946628102
35016 10561439 1.3685953024080297 0.003340073654086 0.3048 2.02432691222005 -1.58691946628102
35017 10561439 1.345919470165584 0.0038653206371288434 0.3048 2.02432691222005 -1.58691946628102
35018 10561439 1.3232436379231385 0.004390567620171687 0.3048 2.02432691222005 -1.58691946628102
35019 10561439 1.300567805680693 0.0049158146032145305 0.3048 2.02432691222005 -1.58691946628102
35020 10561439 1.2778919734382475 0.005441061586257374 0.3048 2.02432691222005 -1.58691946628102
35021 10561439 1.2552161411958018 0.005966308569300217 0.3048 2.02432691222005 -1.58691946628102
35022 10561439 1.2325403089533562 0.006491555552343061 0.3048 2.02432691222005 -1.58691946628102
35023 10561439 1.2098644767109106 0.007016802535385905 0.3048 2.02432691222005 -1.58691946628102
35024 10561439 1.189383173206839 0.004127948017847119 0.3048 2.02432691222005 -1.58691946628102
35025 10561439 1.1750429070498978 0.004633000707605032 0.3048 2.02432691222005 -1.58691946628102
35026 10561439 1.1607026408929566 0.005138053397362944 0.3048 2.02432691222005 -1.58691946628102
35027 10561439 1.1463623747360154 0.005643106087120856 0.3048 2.02432691222005 -1.58691946628102
35028 10561439 1.1320221085790743 0.006148158776878769 0.3048 2.02432691222005 -1.58691946628102
35029 10561439 1.117681842422133 0.006653211466636682 0.3048 2.02432691222005 -1.58691946628102
35030 10561439 1.103341576265192 0.007158264156394594 0.3048 2.02432691222005 -1.58691946628102
35031 10561439 1.0890013101082507 0.007663316846152506 0.3048 2.02432691222005 -1.58691946628102
35032 10561439 1.0746610439513096 0.008168369535910418 0.3048 2.02432691222005 -1.58691946628102
35033 10561439 1.0603207777943684 0.008673422225668331 0.3048 2.02432691222005 -1.58691946628102
35034 10561439 1.0520470234593762 0.007813267262069101 0.3048 2.02432691222005 -1.58691946628102
35035 10561439 1.043773269124384 0.006953112298469871 0.3048 2.02432691222005 -1.58691946628102
35036 10561439 1.0311619723250594 0.007184671186464665 0.3048 2.02432691222005 -1.58691946628102
35037 10561439 1.018550675525735 0.007416230074459458 0.3048 2.02432691222005 -1.58691946628102
35038 10561439 1.0059393787264104 0.007647788962454252 0.3048 2.02432691222005 -1.58691946628102
35039 10561439 0.9933280819270859 0.007879347850449045 0.3048 2.02432691222005 -1.58691946628102
35040 10561439 0.9807167851277614 0.008110906738443838 0.3048 2.02432691222005 -1.58691946628102
35041 10561439 0.9681054883284368 0.008342465626438632 0.3048 2.02432691222005 -1.58691946628102
35042 10561439 0.9554941915291123 0.008574024514433426 0.3048 2.02432691222005 -1.58691946628102
35043 10561439 0.946840618952932 0.008363820870392188 0.3048 2.02432691222005 -1.58691946628102
35044 10561439 0.9381870463767518 0.008153617226350949 0.3048 2.02432691222005 -1.58691946628102
35045 10561439 0.9295334738005715 0.00794341358230971 0.3048 2.02432691222005 -1.58691946628102
35046 10561439 0.9208799012243912 0.007733209938268472 0.3048 2.02432691222005 -1.58691946628102
35047 10561439 0.912226328648211 0.007523006294227234 0.3048 2.02432691222005 -1.58691946628102
35048 10561439 0.9035727560720307 0.0073128026501859955 0.3048 2.02432691222005 -1.58691946628102
35049 10561439 0.8949191834958504 0.007102599006144758 0.3048 2.02432691222005 -1.58691946628102
35050 10561439 0.8862656109196702 0.006892395362103519 0.3048 2.02432691222005 -1.58691946628102
35051 10561439 0.8776120383434899 0.00668219171806228 0.3048 2.02432691222005 -1.58691946628102
35052 10561439 0.873319010563391 0.008084855346782945 0.3048 2.02432691222005 -1.58691946628102
35053 10561439 0.8690259827832921 0.009487518975503607 0.3048 2.02432691222005 -1.58691946628102
35054 10561439 0.8647329550031932 0.010890182604224271 0.3048 2.02432691222005 -1.58691946628102
35055 10561439 0.8604399272230944 0.012292846232944934 0.3048 2.02432691222005 -1.58691946628102
35056 10561439 0.8561468994429955 0.013695509861665598 0.3048 2.02432691222005 -1.58691946628102
35057 10561439 0.8518538716628966 0.015098173490386262 0.3048 2.02432691222005 -1.58691946628102
35058 10561439 0.8475608438827977 0.016500837119106923 0.3048 2.02432691222005 -1.58691946628102
35059 10561439 0.8432678161026989 0.017903500747827587 0.3048 2.02432691222005 -1.58691946628102
35060 10561439 0.8389747883226 0.01930616437654825 0.3048 2.02432691222005 -1.58691946628102
35061 10561439 0.834681760542501 0.020708828005268916 0.3048 2.02432691222005 -1.58691946628102
35062 10561439 0.8303887327624022 0.02211149163398958 0.3048 2.02432691222005 -1.58691946628102
35063 10561439 0.8260957049823032 0.023514155262710244 0.3048 2.02432691222005 -1.58691946628102
35064 10561439 0.8218026772022043 0.02491681889143091 0.3048 2.02432691222005 -1.58691946628102
35065 10561439 0.8175096494221055 0.02631948252015157 0.3048 2.02432691222005 -1.58691946628102
35066 10561439 0.8132166216420066 0.027722146148872234 0.3048 2.02432691222005 -1.58691946628102
35067 10561439 0.8089235938619077 0.029124809777592898 0.3048 2.02432691222005 -1.58691946628102
35068 10561439 0.8046305660818088 0.030527473406313562 0.3048 2.02432691222005 -1.58691946628102
35069 10561439 0.80033753830171 0.03193013703503422 0.3048 2.02432691222005 -1.58691946628102
35070 10561439 0.7960445105216111 0.03333280066375489 0.3048 2.02432691222005 -1.58691946628102
35071 10561439 0.7917514827415122 0.03473546429247555 0.3048 2.02432691222005 -1.58691946628102
35072 10561439 0.7918644065151672 0.03562468746539438 0.3048 2.02432691222005 -1.58691946628102
35073 10561439 0.7919773302888223 0.0365139106383132 0.3048 2.02432691222005 -1.58691946628102
35074 10561439 0.7920902540624774 0.037403133811232024 0.3048 2.02432691222005 -1.58691946628102
35075 10561439 0.7922031778361325 0.03829235698415085 0.3048 2.02432691222005 -1.58691946628102
35076 10561439 0.7923161016097875 0.03918158015706967 0.3048 2.02432691222005 -1.58691946628102
35077 10561439 0.7924290253834426 0.0400708033299885 0.3048 2.02432691222005 -1.58691946628102
35078 10561439 0.7925419491570976 0.040960026502907323 0.3048 2.02432691222005 -1.58691946628102
35079 10561439 0.7926548729307528 0.04184924967582614 0.3048 2.02432691222005 -1.58691946628102
35080 10561439 0.7927677967044078 0.04273847284874497 0.3048 2.02432691222005 -1.58691946628102
35081 10561439 0.7928807204780629 0.04362769602166379 0.3048 2.02432691222005 -1.58691946628102
35082 10561439 0.7929936442517179 0.044516919194582616 0.3048 2.02432691222005 -1.58691946628102
35083 10561439 0.793106568025373 0.04540614236750144 0.3048 2.02432691222005 -1.58691946628102
35084 10561439 0.7932194917990281 0.04629536554042026 0.3048 2.02432691222005 -1.58691946628102
35085 10561439 0.7933324155726832 0.04718458871333909 0.3048 2.02432691222005 -1.58691946628102
35086 10561439 0.7934453393463382 0.04807381188625791 0.3048 2.02432691222005 -1.58691946628102
35087 10561439 0.7935582631199933 0.048963035059176735 0.3048 2.02432691222005 -1.58691946628102
35088 10561439 0.7936711868936484 0.04985225823209556 0.3048 2.02432691222005 -1.58691946628102
35089 10561439 0.7937841106673035 0.05074148140501439 0.3048 2.02432691222005 -1.58691946628102
35090 10561439 0.7938970344409585 0.05163070457793321 0.3048 2.02432691222005 -1.58691946628102
35091 10561439 0.7940099582146136 0.052519927750852034 0.3048 2.02432691222005 -1.58691946628102
35092 10561439 0.7941228819882686 0.053409150923770854 0.3048 2.02432691222005 -1.58691946628102
35093 10561439 0.7942358057619238 0.05429837409668968 0.3048 2.02432691222005 -1.58691946628102
35094 10561439 0.7943487295355788 0.05518759726960851 0.3048 2.02432691222005 -1.58691946628102
35095 10561439 0.7944616533092339 0.056076820442527334 0.3048 2.02432691222005 -1.58691946628102
35096 10561439 0.7945745770828889 0.05696604361544615 0.3048 2.02432691222005 -1.58691946628102
35097 10561439 0.794687500856544 0.05785526678836497 0.3048 2.02432691222005 -1.58691946628102
35098 10561439 0.7948004246301991 0.0587444899612838 0.3048 2.02432691222005 -1.58691946628102
35099 10561439 0.7949133484038542 0.059633713134202626 0.3048 2.02432691222005 -1.58691946628102
35100 10561439 0.7950262721775092 0.06052293630712145 0.3048 2.02432691222005 -1.58691946628102
35101 10561439 0.7951391959511643 0.06141215948004027 0.3048 2.02432691222005 -1.58691946628102
35102 10561439 0.7952521197248194 0.0623013826529591 0.3048 2.02432691222005 -1.58691946628102
35103 10561439 0.7953650434984745 0.06319060582587792 0.3048 2.02432691222005 -1.58691946628102
35104 10561439 0.7954779672721295 0.06407982899879675 0.3048 2.02432691222005 -1.58691946628102
35105 10561439 0.7955908910457846 0.06496905217171557 0.3048 2.02432691222005 -1.58691946628102
35106 10561439 0.7957038148194396 0.0658582753446344 0.3048 2.02432691222005 -1.58691946628102
35107 10561439 0.7958167385930948 0.06674749851755321 0.3048 2.02432691222005 -1.58691946628102
35108 10561439 0.7959296623667498 0.06763672169047205 0.3048 2.02432691222005 -1.58691946628102
35109 10561439 0.7960425861404049 0.06852594486339086 0.3048 2.02432691222005 -1.58691946628102
35110 10561439 0.7961555099140599 0.06941516803630969 0.3048 2.02432691222005 -1.58691946628102
35111 10561439 0.796268433687715 0.07030439120922852 0.3048 2.02432691222005 -1.58691946628102
35112 10561439 0.7963813574613701 0.07119361438214733 0.3048 2.02432691222005 -1.58691946628102
35113 10561439 0.7964942812350252 0.07208283755506617 0.3048 2.02432691222005 -1.58691946628102
35114 10561439 0.7966072050086802 0.07297206072798498 0.3048 2.02432691222005 -1.58691946628102
35115 10561439 0.7967201287823353 0.07386128390090381 0.3048 2.02432691222005 -1.58691946628102
35116 10561439 0.7968330525559904 0.07475050707382264 0.3048 2.02432691222005 -1.58691946628102
35117 10561439 0.7969459763296455 0.07563973024674145 0.3048 2.02432691222005 -1.58691946628102
35118 10561439 0.7970589001033005 0.07652895341966029 0.3048 2.02432691222005 -1.58691946628102
35119 10561439 0.7971718238769556 0.0774181765925791 0.3048 2.02432691222005 -1.58691946628102
35120 10561439 0.7972847476506106 0.07830739976549793 0.3048 2.02432691222005 -1.58691946628102
35121 10561439 0.7973976714242658 0.07919662293841676 0.3048 2.02432691222005 -1.58691946628102
35122 10561439 0.7975105951979208 0.08008584611133558 0.3048 2.02432691222005 -1.58691946628102
35123 10561439 0.7976235189715759 0.08097506928425441 0.3048 2.02432691222005 -1.58691946628102
35124 10561439 0.7977364427452309 0.08186429245717322 0.3048 2.02432691222005 -1.58691946628102
35125 10561439 0.797849366518886 0.08275351563009206 0.3048 2.02432691222005 -1.58691946628102
35126 10561439 0.7979622902925411 0.08364273880301087 0.3048 2.02432691222005 -1.58691946628102
35127 10561439 0.8004362628549117 0.08373980725850602 0.3048 2.02432691222005 -1.58691946628102
35128 10561439 0.8029102354172822 0.08383687571400118 0.3048 2.02432691222005 -1.58691946628102
35129 10561439 0.8053842079796528 0.08393394416949634 0.3048 2.02432691222005 -1.58691946628102
35130 10561439 0.8078581805420234 0.08403101262499149 0.3048 2.02432691222005 -1.58691946628102
35131 10561439 0.8124059977871754 0.07892343616274389 0.3048 2.02432691222005 -1.58691946628102
35132 10561439 0.820758184405046 0.07900433892393062 0.3048 2.02432691222005 -1.58691946628102
35133 10561439 0.8291103710229166 0.07908524168511737 0.3048 2.02432691222005 -1.58691946628102
35134 10561439 0.8374625576407871 0.0791661444463041 0.3048 2.02432691222005 -1.58691946628102
35135 10561439 0.8458147442586578 0.07924704720749083 0.3048 2.02432691222005 -1.58691946628102
35136 10561439 0.8541669308765284 0.07932794996867758 0.3048 2.02432691222005 -1.58691946628102
35137 10561439 0.862519117494399 0.07940885272986431 0.3048 2.02432691222005 -1.58691946628102
35138 10561439 0.8708713041122697 0.07948975549105104 0.3048 2.02432691222005 -1.58691946628102
35139 10561439 0.8792234907301402 0.07957065825223779 0.3048 2.02432691222005 -1.58691946628102
35140 10561439 0.8875756773480108 0.07965156101342452 0.3048 2.02432691222005 -1.58691946628102
35141 10561439 0.8959278639658814 0.07973246377461127 0.3048 2.02432691222005 -1.58691946628102
35142 10561439 0.904280050583752 0.079813366535798 0.3048 2.02432691222005 -1.58691946628102
35143 10561439 0.9126322372016227 0.07989426929698473 0.3048 2.02432691222005 -1.58691946628102
35144 10561439 0.9209844238194932 0.07997517205817148 0.3048 2.02432691222005 -1.58691946628102
35145 10561439 0.9293366104373638 0.08005607481935821 0.3048 2.02432691222005 -1.58691946628102
35146 10561439 0.9376887970552344 0.08013697758054494 0.3048 2.02432691222005 -1.58691946628102
35147 10561439 0.9460409836731051 0.08021788034173169 0.3048 2.02432691222005 -1.58691946628102
35148 10561439 0.9543931702909756 0.08029878310291842 0.3048 2.02432691222005 -1.58691946628102
35149 10561439 0.9627453569088462 0.08037968586410515 0.3048 2.02432691222005 -1.58691946628102
35150 10561439 0.9710975435267168 0.0804605886252919 0.3048 2.02432691222005 -1.58691946628102
35151 10561439 0.9794497301445875 0.08054149138647863 0.3048 2.02432691222005 -1.58691946628102
35152 10561439 0.9878019167624581 0.08062239414766537 0.3048 2.02432691222005 -1.58691946628102
35153 10561439 0.9961541033803287 0.08070329690885211 0.3048 2.02432691222005 -1.58691946628102
35154 10561439 1.0045062899981994 0.08078419967003884 0.3048 2.02432691222005 -1.58691946628102
35154 10836345 5.3256178030038415 -2.091764508475684 0.55626 2.02432691222005 -1.58691946628102
35155 10836345 5.329541062207023 -2.0116329211315627 0.55626 2.02432691222005 -1.58691946628102
35155 10561439 1.0128584766160698 0.08086510243122558 0.3048 2.02432691222005 -1.58691946628102
35156 10836345 5.331248139875577 -1.9519198629342733 0.55626 2.02432691222005 -1.58691946628102
35156 10561439 1.0212106632339406 0.08094600519241232 0.3048 2.02432691222005 -1.58691946628102
35157 10561439 1.029562849851811 0.08102690795359906 0.3048 2.02432691222005 -1.58691946628102
35157 10836345 5.334689591147286 -1.8773543544547124 0.55626 2.02432691222005 -1.58691946628102
35158 10561439 1.0379150364696816 0.08110781071478579 0.3048 2.02432691222005 -1.58691946628102
35158 10836345 5.338496424764716 -1.8136536594842483 0.55626 2.02432691222005 -1.58691946628102
35159 10836345 5.337326726661931 -1.750783367861627 0.54864 2.02432691222005 -1.58691946628102
35159 10561439 1.0462672230875523 0.08118871347597253 0.3048 2.02432691222005 -1.58691946628102
35160 10836345 5.338912248121023 -1.7037034784138798 0.54864 2.02432691222005 -1.58691946628102
35160 10561439 1.054619409705423 0.08126961623715927 0.3048 2.02432691222005 -1.58691946628102
35161 10836345 5.340497769580116 -1.6566235889661327 0.54864 2.02432691222005 -1.58691946628102
35161 10561439 1.0629715963232935 0.081350518998346 0.3048 2.02432691222005 -1.58691946628102
35162 10561439 1.0713237829411641 0.08143142175953275 0.3048 2.02432691222005 -1.58691946628102
35162 10836345 5.343608317204713 -1.5817163301702915 0.54864 2.02432691222005 -1.58691946628102
35163 10836345 5.3420784070313525 -1.5482793456792323 0.54864 2.02432691222005 -1.58691946628102
35163 10561439 1.0796759695590348 0.08151232452071948 0.3048 2.02432691222005 -1.58691946628102
35164 10836345 5.343658246063238 -1.448110844184919 0.54102 2.02432691222005 -1.58691946628102
35164 10561439 1.0880281561769054 0.08159322728190622 0.3048 2.02432691222005 -1.58691946628102
35165 10836345 5.343673723105497 -1.374530363136172 0.54102 2.02432691222005 -1.58691946628102
35165 10561439 1.096380342794776 0.08167413004309296 0.3048 2.02432691222005 -1.58691946628102
35166 10836345 5.344099481395367 -1.3143990607912739 0.54102 2.02432691222005 -1.58691946628102
35166 10561439 1.1047325294126464 0.08175503280427969 0.3048 2.02432691222005 -1.58691946628102
35167 10836345 5.344963242300884 -1.2452998974868685 0.5334 2.02432691222005 -1.58691946628102
35167 10561439 1.113084716030517 0.08183593556546644 0.3048 2.02432691222005 -1.58691946628102
35168 10561439 1.1214369026483877 0.08191683832665317 0.3048 2.02432691222005 -1.58691946628102
35168 10836345 5.344098577109902 -1.1648912784507528 0.5334 2.02432691222005 -1.58691946628102
35169 10836345 5.343368280590782 -1.1004115716393388 0.5334 2.02432691222005 -1.58691946628102
35169 10561439 1.1297890892662583 0.0819977410878399 0.3048 2.02432691222005 -1.58691946628102
35170 10561439 1.138141275884129 0.08207864384902665 0.3048 2.02432691222005 -1.58691946628102
35170 10836345 5.336205095300733 -1.0393241542168956 0.52578 2.02432691222005 -1.58691946628102
35171 10561439 1.1464934625019996 0.08215954661021338 0.3048 2.02432691222005 -1.58691946628102
35171 10836345 5.33295178242321 -0.979861843904516 0.52578 2.02432691222005 -1.58691946628102
35172 10836345 5.32566347938686 -0.9177990220040143 0.52578 2.02432691222005 -1.58691946628102
35172 10561439 1.158851362141887 0.08226969387646557 0.3048 2.02432691222005 -1.58691946628102
35173 10836345 5.318547709936781 -0.8552083351235107 0.5181600000000001 2.02432691222005 -1.58691946628102
35173 10561439 1.1712092617817746 0.08237984114271776 0.3048 2.02432691222005 -1.58691946628102
35174 10836345 5.310826700574232 -0.7849447673571555 0.5181600000000001 2.02432691222005 -1.58691946628102
35174 10561439 1.183567161421662 0.08248998840896994 0.3048 2.02432691222005 -1.58691946628102
35175 10561439 1.1959250610615495 0.08260013567522213 0.3048 2.02432691222005 -1.58691946628102
35175 10836345 5.2870817693747325 -0.69847669326096 0.51054 2.02432691222005 -1.58691946628102
35176 10561439 1.2049673701425478 0.08224557654548216 0.3048 2.02432691222005 -1.58691946628102
35176 10836345 5.26741236186504 -0.6376324466301341 0.51054 2.02432691222005 -1.58691946628102
35177 10836345 5.250056085473119 -0.588755467874661 0.51054 2.445003484775232 -0.7988559315902778
35177 10561439 1.2140096792235462 0.0818910174157422 0.3048 2.445003484775232 -0.7988559315902778
35178 10561439 1.2230519883045445 0.08153645828600223 0.3048 2.445003484775232 -0.7988559315902778
35178 10836345 5.238287794658467 -0.5657621630614567 0.51054 2.445003484775232 -0.7988559315902778
35179 10561439 1.2320942973855429 0.08118189915626225 0.3048 2.445003484775232 -0.7988559315902778
35179 10836345 5.226519503843815 -0.5427688582482522 0.51054 2.445003484775232 -0.7988559315902778
35180 10561439 1.2411366064665412 0.0808273400265223 0.3048 2.445003484775232 -0.7988559315902778
35180 10836345 5.182662156583289 -0.4741534416231805 0.50292 2.445003484775232 -0.7988559315902778
35181 10836345 5.153394528702883 -0.4264142429102341 0.50292 2.445003484775232 -0.7988559315902778
35181 10561439 1.2501789155475396 0.08047278089678232 0.3048 2.445003484775232 -0.7988559315902778
35182 10836345 5.120777131149153 -0.3862260076006 0.50292 2.445003484775232 -0.7988559315902778
35182 10561439 1.259221224628538 0.08011822176704236 0.3048 2.445003484775232 -0.7988559315902778
35183 10836345 5.079641418242442 -0.34629653974147045 0.50292 2.445003484775232 -0.7988559315902778
35183 10561439 1.2682635337095363 0.07976366263730239 0.3048 2.445003484775232 -0.7988559315902778
35184 10836345 5.034197213856357 -0.30052299189617315 0.50292 2.445003484775232 -0.7988559315902778
35184 10561439 1.2776628557696301 0.07958460545671787 0.3048 2.445003484775232 -0.7988559315902778
35185 10836345 4.979868124835695 -0.2547715171486493 0.4953 2.445003484775232 -0.7988559315902778
35185 10561439 1.287062177829724 0.07940554827613336 0.3048 2.445003484775232 -0.7988559315902778
35186 10561439 1.2964614998898178 0.07922649109554884 0.3048 2.445003484775232 -0.7988559315902778
35186 10836345 4.936196406734995 -0.22534391356452668 0.4953 2.445003484775232 -0.7988559315902778
35187 10561439 1.3058608219499117 0.07904743391496433 0.3048 2.445003484775232 -0.7988559315902778
35187 10836345 4.886621805515685 -0.19223865035016044 0.4953 2.445003484775232 -0.7988559315902778
35188 10836345 4.858514779911568 -0.1776985000663295 0.4953 2.445003484775232 -0.7988559315902778
35188 10561439 1.3169333946260018 0.07905198225692528 0.3048 2.445003484775232 -0.7988559315902778
35189 10561439 1.3280059673020916 0.07905653059888625 0.3048 2.445003484775232 -0.7988559315902778
35189 10836345 4.785735984958761 -0.14333182747552034 0.48768 2.445003484775232 -0.7988559315902778
35190 10561439 1.3390785399781817 0.0790610789408472 0.3048 2.445003484775232 -0.7988559315902778
35190 10836345 4.732432255964381 -0.12057281703127445 0.48768 2.445003484775232 -0.7988559315902778
35191 10836345 4.688311094783805 -0.10069167893143796 0.48006 2.445003484775232 -0.7988559315902778
35191 10561439 1.3444103466369046 0.07907175386307537 0.3048 2.445003484775232 -0.7988559315902778
35192 10561439 1.3497421532956277 0.07908242878530353 0.3048 2.445003484775232 -0.7988559315902778
35192 10836345 4.643855469337846 -0.08619109785066906 0.48006 2.445003484775232 -0.7988559315902778
35193 10836345 4.587189076496697 -0.07319714288930204 0.47243999999999997 2.445003484775232 -0.7988559315902778
35193 10561439 1.3550739599543506 0.0790931037075317 0.3048 2.445003484775232 -0.7988559315902778
35194 10836345 4.536956027575043 -0.056811267488194345 0.47243999999999997 2.445003484775232 -0.7988559315902778
35194 10561439 1.3556551689317444 0.07870571229228163 0.3048 2.445003484775232 -0.7988559315902778
35195 10836345 4.46883552956842 -0.045453167959461555 0.46482000000000007 2.445003484775232 -0.7988559315902778
35195 10561439 1.3562363779091382 0.07831832087703156 0.3048 2.445003484775232 -0.7988559315902778
35196 10836345 4.421200386406419 -0.04042670741485224 0.46482000000000007 2.445003484775232 -0.7988559315902778
35196 10561439 1.356817586886532 0.07793092946178148 0.3048 2.445003484775232 -0.7988559315902778
35197 10836345 4.335159877247937 -0.029295554206247437 0.45720000000000005 2.445003484775232 -0.7988559315902778
35197 10561439 1.3573987958639258 0.0775435380465314 0.3048 2.445003484775232 -0.7988559315902778
35198 10561439 1.3579800048413193 0.07715614663128133 0.3048 2.445003484775232 -0.7988559315902778
35198 10836345 4.284140879968487 -0.027836670954925063 0.44958000000000004 2.445003484775232 -0.7988559315902778
35199 10561439 1.358561213818713 0.07676875521603126 0.3048 2.445003484775232 -0.7988559315902778
35199 10836345 4.230473380147074 -0.02633105563766283 0.44958000000000004 2.445003484775232 -0.7988559315902778
35200 10561439 1.3591424227961069 0.07638136380078119 0.3048 2.445003484775232 -0.7988559315902778
35200 10836345 4.160378107920243 -0.02075033699169085 0.44196 2.445003484775232 -0.7988559315902778
35201 10561439 1.3597236317735006 0.07599397238553111 0.3048 2.445003484775232 -0.7988559315902778
35201 10836345 4.12738120062557 -0.021198638332456637 0.44196 2.445003484775232 -0.7988559315902778
35202 10561439 1.3603048407508944 0.07560658097028104 0.3048 2.445003484775232 -0.7988559315902778
35202 10836345 4.089306149282594 -0.019522635713602826 0.43815000000000004 2.445003484775232 -0.7988559315902778
35203 10561439 1.3608860497282882 0.07521918955503096 0.3048 2.445003484775232 -0.7988559315902778
35203 10836345 4.051231097939618 -0.017846633094749015 0.43434000000000006 2.445003484775232 -0.7988559315902778
35204 10561439 1.361467258705682 0.07483179813978089 0.3048 2.445003484775232 -0.7988559315902778
35204 10836345 3.989628866454108 -0.01725477092588837 0.42672000000000004 2.445003484775232 -0.7988559315902778
35205 10561439 1.3620484676830757 0.07444440672453081 0.3048 2.445003484775232 -0.7988559315902778
35205 10836345 3.9211960101846275 -0.010929300464986219 0.42672000000000004 2.445003484775232 -0.7988559315902778
35206 10561439 1.3626296766604695 0.07405701530928074 0.3048 2.445003484775232 -0.7988559315902778
35206 10836345 3.86492407797303 -0.011958846940837736 0.42672000000000004 2.445003484775232 -0.7988559315902778
35207 10561439 1.363210885637863 0.07366962389403067 0.3048 2.445003484775232 -0.7988559315902778
35207 10836345 3.8096854726461356 -0.00982080308246594 0.41910000000000003 2.445003484775232 -0.7988559315902778
35208 10836345 3.776860396486761 -0.009739616367558518 0.41910000000000003 2.445003484775232 -0.7988559315902778
35208 10561439 1.3637920946152569 0.0732822324787806 0.3048 2.445003484775232 -0.7988559315902778
35209 10836345 3.7112689355518924 -0.006675659130453232 0.41148 2.445003484775232 -0.7988559315902778
35209 10561439 1.3643733035926506 0.07289484106353052 0.3048 2.445003484775232 -0.7988559315902778
35210 10836345 3.6576349580457954 -0.005060133996610566 0.41148 2.445003484775232 -0.7988559315902778
35210 10561439 1.3649545125700444 0.07250744964828044 0.3048 2.445003484775232 -0.7988559315902778
35211 10836345 3.6038630861192544 -0.0038664851680827728 0.41148 2.445003484775232 -0.7988559315902778
35211 10561439 1.3655357215474382 0.07212005823303037 0.3048 2.445003484775232 -0.7988559315902778
35212 10561439 1.366116930524832 0.0717326668177803 0.3048 2.445003484775232 -0.7988559315902778
35212 10836345 3.5241584349500696 0.0011180459746083782 0.40386 2.445003484775232 -0.7988559315902778
35213 10561439 1.3666981395022257 0.07134527540253023 0.3048 2.445003484775232 -0.7988559315902778
35213 10836345 3.491745605063227 0.0008322882496892559 0.40386 2.445003484775232 -0.7988559315902778
35214 10561439 1.3672793484796195 0.07095788398728015 0.3048 2.445003484775232 -0.7988559315902778
35214 10836345 3.4092979700515214 0.001222947619032383 0.39624000000000004 2.445003484775232 -0.7988559315902778
35215 10836345 3.356328104391289 0.002156587519577674 0.39624000000000004 2.445003484775232 -0.7988559315902778
35215 10561439 1.3678605574570133 0.07057049257203007 0.3048 2.445003484775232 -0.7988559315902778
35216 10836345 3.3026590738172192 0.003669229450564665 0.38862 2.445003484775232 -0.7988559315902778
35216 10561439 1.3684417664344068 0.07018310115678 0.3048 2.445003484775232 -0.7988559315902778
35217 10561439 1.3690229754118006 0.06979570974152993 0.3048 2.445003484775232 -0.7988559315902778
35217 10836345 3.2423491435983607 0.0011585553972764673 0.38862 2.445003484775232 -0.7988559315902778
35218 10836345 3.203428884238471 0.0002528838660714461 0.38481 2.445003484775232 -0.7988559315902778
35218 10561439 1.3696041843891944 0.06940831832627986 0.3048 2.445003484775232 -0.7988559315902778
35219 10836345 3.1645086248785814 -0.0006527876651335751 0.381 2.445003484775232 -0.7988559315902778
35219 10561439 1.3701853933665882 0.06902092691102979 0.3048 2.445003484775232 -0.7988559315902778
35220 10836345 3.109635564716597 0.0012541864421108107 0.381 2.445003484775232 -0.7988559315902778
35220 10561439 1.370766602343982 0.06863353549577972 0.3048 2.445003484775232 -0.7988559315902778
35221 10836345 3.0471023938869024 0.0014565546723183942 0.381 2.445003484775232 -0.7988559315902778
35221 10561439 1.3713478113213757 0.06824614408052963 0.3048 2.445003484775232 -0.7988559315902778
35222 10561439 1.3719290202987695 0.06785875266527956 0.3048 2.445003484775232 -0.7988559315902778
35222 10836345 2.991882095532123 -0.001779015093225561 0.381 2.445003484775232 -0.7988559315902778
35223 10561439 1.3725102292761633 0.06747136125002949 0.3048 2.445003484775232 -0.7988559315902778
35223 10836345 2.931871629963646 -0.000646949821041104 0.37338 2.445003484775232 -0.7988559315902778
35224 10561439 1.373091438253557 0.06708396983477942 0.3048 2.445003484775232 -0.7988559315902778
35224 10836345 2.881308160256249 -0.000495586180226576 0.37338 2.445003484775232 -0.7988559315902778
35225 10561439 1.3736726472309508 0.06669657841952935 0.3048 2.445003484775232 -0.7988559315902778
35225 10836345 2.8251126934620983 -0.003995750551937655 0.37338 2.445003484775232 -0.7988559315902778
35226 10561439 1.3742538562083444 0.06630918700427928 0.3048 2.445003484775232 -0.7988559315902778
35226 10836345 2.7643683435180293 -0.00238918125014273 0.36576 2.445003484775232 -0.7988559315902778
35227 10836345 2.7106981862706814 -0.0008720604654498254 0.36576 2.445003484775232 -0.7988559315902778
35227 10561439 1.3748350651857382 0.06592179558902919 0.3048 2.445003484775232 -0.7988559315902778
35228 10836345 2.656993474793229 0.0005399004182225775 0.35814000000000007 2.445003484775232 -0.7988559315902778
35228 10561439 1.375416274163132 0.06553440417377912 0.3048 2.445003484775232 -0.7988559315902778
35229 10561439 1.3759974831405257 0.06514701275852905 0.3048 2.445003484775232 -0.7988559315902778
35229 10836345 2.5940924852357314 0.0009828128088566201 0.35814000000000007 2.445003484775232 -0.7988559315902778
35230 10836345 2.543929603638067 0.001005590724124844 0.35052000000000005 2.445003484775232 -0.7988559315902778
35230 10561439 1.3765786921179195 0.06475962134327898 0.3048 2.445003484775232 -0.7988559315902778
35231 10561439 1.3771599010953133 0.0643722299280289 0.3048 2.445003484775232 -0.7988559315902778
35231 10836345 2.4873320733197213 -0.0023609103603514925 0.35052000000000005 2.445003484775232 -0.7988559315902778
35232 10836345 2.4290411919897608 -3.4095364975145204e-05 0.34290000000000004 2.445003484775232 -0.7988559315902778
35232 10561439 1.377741110072707 0.06398483851277884 0.3048 2.445003484775232 -0.7988559315902778
35233 10561439 1.3783223190501008 0.06359744709752876 0.3048 2.445003484775232 -0.7988559315902778
35233 10836345 2.377812207934906 0.0008051153940515643 0.34290000000000004 2.445003484775232 -0.7988559315902778
35234 10836345 2.3227998229419353 0.002295918298426153 0.34290000000000004 2.445003484775232 -0.7988559315902778
35234 10561439 1.3789035280274946 0.06321005568227868 0.3048 2.445003484775232 -0.7988559315902778
35235 10836345 2.2329735780273623 -0.0008494843319556133 0.32766 2.445003484775232 -0.7988559315902778
35235 10561439 1.3794847370048882 0.06282266426702861 0.3048 2.445003484775232 -0.7988559315902778
35236 10561439 1.380065945982282 0.06243527285177854 0.3048 2.445003484775232 -0.7988559315902778
35236 10836345 2.185160802436474 -0.00042357824706099056 0.32766 2.445003484775232 -0.7988559315902778
35237 10836345 2.133483238941289 -0.0009549381338777307 0.32766 2.445003484775232 -0.7988559315902778
35237 10561439 1.3806471549596757 0.062047881436528465 0.3048 2.445003484775232 -0.7988559315902778
35238 10836345 2.110448144916777 -0.0007925598140751666 0.32385 2.445003484775232 -0.7988559315902778
35238 10561439 1.3812283639370695 0.06166049002127839 0.3048 2.445003484775232 -0.7988559315902778
35239 10561439 1.3818095729144633 0.061273098606028316 0.3048 2.445003484775232 -0.7988559315902778
35239 10836345 2.0874130508922657 -0.0006301814942726025 0.32004000000000005 2.445003484775232 -0.7988559315902778
35240 10836345 2.0053605635843645 -0.00280690309707024 0.31242000000000003 2.445003484775232 -0.7988559315902778
35240 10561439 1.382390781891857 0.06088570719077824 0.3048 2.445003484775232 -0.7988559315902778
35241 10836345 1.9503932142222604 -0.001444980479775454 0.31242000000000003 2.445003484775232 -0.7988559315902778
35241 10561439 1.3829719908692508 0.060498315775528166 0.3048 2.445003484775232 -0.7988559315902778
35242 10836345 1.8951511533467662 0.000707981276886066 0.3048 2.445003484775232 -0.7988559315902778
35242 10561439 1.3835531998466446 0.060110924360278095 0.3048 2.445003484775232 -0.7988559315902778
35243 10836345 1.849815245721535 0.002196211996998182 0.3048 2.445003484775232 -0.7988559315902778
35243 10561439 1.3841344088240384 0.059723532945028024 0.3048 2.445003484775232 -0.7988559315902778
35244 10836345 1.806219654843514 0.0003126105494604958 0.3048 2.445003484775232 -0.7988559315902778
35244 10561439 1.384715617801432 0.05933614152977795 0.3048 2.445003484775232 -0.7988559315902778
35245 10836345 1.7309353570868473 0.003638600920267021 0.29718 2.445003484775232 -0.7988559315902778
35245 10561439 1.3852968267788257 0.058948750114527874 0.3048 2.445003484775232 -0.7988559315902778
35246 10561439 1.3858780357562195 0.058561358699277796 0.3048 2.445003484775232 -0.7988559315902778
35246 10836345 1.698440035462561 0.0033872395080783158 0.29718 2.445003484775232 -0.7988559315902778
35247 10561439 1.3864592447336133 0.058173967284027725 0.3048 2.445003484775232 -0.7988559315902778
35247 10836345 1.6411883731862513 0.0021095913619621487 0.29718 2.445003484775232 -0.7988559315902778
35248 10836345 1.558126970533204 0.002019431979184763 0.28956 2.445003484775232 -0.7988559315902778
35248 10561439 1.387040453711007 0.057786575868777654 0.3048 2.445003484775232 -0.7988559315902778
35249 10836345 1.4969756250433648 -0.0003198902804363857 0.28956 2.445003484775232 -0.7988559315902778
35249 10561439 1.3876216626884008 0.05739918445352758 0.3048 2.445003484775232 -0.7988559315902778
35250 10836345 1.4511789336459149 -0.0007816327267401724 0.28194 2.445003484775232 -0.7988559315902778
35250 10561439 1.3882028716657946 0.05701179303827751 0.3048 2.445003484775232 -0.7988559315902778
35251 10836345 1.4044577745760882 0.0007529639272106578 0.27813 2.445003484775232 -0.7988559315902778
35251 10561439 1.3887840806431884 0.05662440162302743 0.3048 2.445003484775232 -0.7988559315902778
35252 10836345 1.3577366155062616 0.002287560581161488 0.27432 2.445003484775232 -0.7988559315902778
35252 10561439 1.3893652896205821 0.056237010207777355 0.3048 2.445003484775232 -0.7988559315902778
35253 10836345 1.3119231289424143 0.0027280486277496685 0.27178 2.445003484775232 -0.7988559315902778
35253 10561439 1.3899464985979757 0.055849618792527284 0.3048 2.445003484775232 -0.7988559315902778
35254 10836345 1.266109642378567 0.003168536674337849 0.26924 2.445003484775232 -0.7988559315902778
35255 10836345 1.2202961558147196 0.0036090247209260296 0.2667 2.445003484775232 -0.7988559315902778
35256 10836345 1.170061717481498 0.003430393365919368 0.2667 2.445003484775232 -0.7988559315902778
35257 10836345 1.152113015783285 -0.0012203279125307942 0.2667 2.445003484775232 -0.7988559315902778
