31133 10605659 0.2910226031975377 4.743101474337947 0.9890760000000001 2.6800637823521534 2.4052100301063666
31134 10605659 0.29645824273817917 4.695663752555313 0.987552 2.6800637823521534 2.4052100301063666
31135 10605659 0.3018938822788207 4.64822603077268 0.986028 2.6800637823521534 2.4052100301063666
31136 10605659 0.30732952181946216 4.600788308990046 0.9845039999999999 2.6800637823521534 2.4052100301063666
31137 10605659 0.3127651613601037 4.553350587207412 0.98298 2.6800637823521534 2.4052100301063666
31138 10605659 0.3152306088331074 4.509314549207376 0.98298 2.6800637823521534 2.4052100301063666
31139 10605659 0.3254687489063519 4.457829643404621 0.97536 2.6800637823521534 2.4052100301063666
31140 10605659 0.3275887687399144 4.43038068655608 0.97536 2.6800637823521534 2.4052100301063666
31141 10605659 0.33575772333197873 4.377995295079334 0.97536 2.6800637823521534 2.4052100301063666
31142 10605659 0.3439266779240431 4.325609903602588 0.97536 2.6800637823521534 2.4052100301063666
31143 10605659 0.34831579479936936 4.279309359209025 0.97536 2.6800637823521534 2.4052100301063666
31144 10605659 0.3494587652164429 4.258372358174848 0.97536 2.6800637823521534 2.4052100301063666
31145 10605659 0.3638779567554413 4.1667310026576105 0.96774 2.6800637823521534 2.4052100301063666
31146 10605659 0.37097934813165456 4.116506026411744 0.96774 2.6800637823521534 2.4052100301063666
31147 10605659 0.3726008387953108 4.092959077781535 0.96774 2.6800637823521534 2.4052100301063666
31148 10605659 0.382974573163696 4.037808617979222 0.96012 2.6800637823521534 2.4052100301063666
31149 10605659 0.38885382564763504 3.9716264143886097 0.96012 2.6800637823521534 2.4052100301063666
31150 10605659 0.3987632707824471 3.920483559340155 0.9525 2.6800637823521534 2.4052100301063666
31151 10605659 0.4013351082144121 3.876763915787768 0.9525 2.6800637823521534 2.4052100301063666
31152 10605659 0.4077758844547337 3.809580529250042 0.9448799999999999 2.6800637823521534 2.4052100301063666
31153 10605659 0.41655565440909226 3.752264510295119 0.9448799999999999 2.6800637823521534 2.4052100301063666
31154 10605659 0.41729912669796243 3.70295056660603 0.93726 2.6800637823521534 2.4052100301063666
31155 10605659 0.42285492890533605 3.6520632322741853 0.93726 2.6800637823521534 2.4052100301063666
31156 10605659 0.4263353265734388 3.629310791314083 0.93726 2.6800637823521534 2.4052100301063666
31157 10605659 0.4298157242415416 3.60655835035398 0.93726 2.6800637823521534 2.4052100301063666
31158 10605659 0.4309496957847132 3.5573505443503266 0.9296400000000001 2.6800637823521534 2.4052100301063666
31159 10605659 0.43976554107746946 3.5001399588267295 0.9220200000000001 2.6800637823521534 2.4052100301063666
31160 10605659 0.44267580305199106 3.450117864801123 0.9220200000000001 2.6800637823521534 2.4052100301063666
31161 10605659 0.44558606502651266 3.400095770775516 0.9220200000000001 2.6800637823521534 2.4052100301063666
31162 10605659 0.44657611572044065 3.3346952155993255 0.9144000000000001 2.6800637823521534 2.4052100301063666
31163 10605659 0.44881776215644464 3.310595433433846 0.9144000000000001 2.6800637823521534 2.4052100301063666
31164 10605659 0.4541235920363912 3.239928469221544 0.9144000000000001 2.6800637823521534 2.4052100301063666
31165 10605659 0.45486935350192326 3.190614258069768 0.9144000000000001 2.6800637823521534 2.4052100301063666
31166 10605659 0.4599195055000961 3.146318733392103 0.9067800000000001 2.6800637823521534 2.4052100301063666
31167 10605659 0.46583919038905885 3.0802415308234994 0.9067800000000001 2.6800637823521534 2.4052100301063666
31168 10605659 0.46843982101041637 3.0284517288471866 0.9067800000000001 2.6800637823521534 2.4052100301063666
31169 10605659 0.46815393561162555 2.9884711823879355 0.9067800000000001 2.6800637823521534 2.4052100301063666
31170 10605659 0.4717901107389732 2.9498956590547887 0.9067800000000001 2.6800637823521534 2.4052100301063666
31171 10605659 0.47542628586632085 2.911320135721642 0.9067800000000001 2.6800637823521534 2.4052100301063666
31172 10605659 0.4736012635766098 2.857939642219534 0.8991600000000001 2.6800637823521534 2.4052100301063666
31173 10605659 0.4782927060775438 2.819603396944239 0.8991600000000001 2.6800637823521534 2.4052100301063666
31174 10605659 0.47951491606343255 2.774456645517517 0.8991600000000001 2.6800637823521534 2.4052100301063666
31175 10605659 0.47783879851117916 2.720443416533078 0.8991600000000001 2.6800637823521534 2.4052100301063666
31176 10605659 0.4803120874785832 2.676406585710237 0.8991600000000001 2.6800637823521534 2.4052100301063666
31177 10605659 0.48162042270571526 2.615225655550607 0.8991600000000001 2.6800637823521534 2.4052100301063666
31178 10605659 0.483516068121286 2.5667044256443776 0.8991600000000001 2.6800637823521534 2.4052100301063666
31179 10605659 0.48395087108490586 2.5449481948987884 0.8991600000000001 2.6800637823521534 2.4052100301063666
31180 10605659 0.4843856740485257 2.523191964153199 0.8991600000000001 2.6800637823521534 2.4052100301063666
31181 10605659 0.481382686972855 2.481412796497932 0.8991600000000001 2.6800637823521534 2.4052100301063666
31182 10605659 0.48160555280796025 2.433204829303444 0.8991600000000001 2.6800637823521534 2.4052100301063666
31183 10605659 0.48387068907822883 2.3651687464947373 0.8991600000000001 2.6800637823521534 2.4052100301063666
31184 10605659 0.4865627243102917 2.3207102002279143 0.8991600000000001 2.6800637823521534 2.4052100301063666
31185 10605659 0.4847506657202145 2.2771398523958135 0.8991600000000001 2.6800637823521534 2.4052100301063666
31186 10605659 0.487312001469258 2.2387993845000085 0.8991600000000001 2.6800637823521534 2.4052100301063666
31187 10605659 0.4875875659167779 2.1853169302261004 0.8991600000000001 2.6800637823521534 2.4052100301063666
31188 10605659 0.48495653182488907 2.1473886517474265 0.8991600000000001 2.6800637823521534 2.4052100301063666
31189 10605659 0.4883567452107208 2.0887957698445674 0.8991600000000001 2.6800637823521534 2.4052100301063666
31190 10605659 0.48488766525528926 2.027658233089285 0.8991600000000001 2.6800637823521534 2.4052100301063666
31191 10605659 0.48610858237382715 1.9892887675499324 0.8953500000000001 2.6800637823521534 2.4052100301063666
31192 10605659 0.48732949949236504 1.95091930201058 0.8915400000000001 2.6800637823521534 2.4052100301063666
31193 10605659 0.4901317644747997 1.911682489548982 0.8915400000000001 2.6800637823521534 2.4052100301063666
31194 10605659 0.49067779086948377 1.863369333293087 0.8915400000000001 2.6800637823521534 2.4052100301063666
31195 10605659 0.49097212221783754 1.8153721477329317 0.8915400000000001 2.6800637823521534 2.4052100301063666
31196 10605659 0.48965347051012265 1.7705893444484067 0.8915400000000001 2.6800637823521534 2.4052100301063666
31197 10605659 0.49094841689710644 1.736518615065873 0.8915400000000001 2.6800637823521534 2.4052100301063666
31198 10605659 0.49224336328409024 1.7024478856833392 0.8915400000000001 2.6800637823521534 2.4052100301063666
31199 10605659 0.4935650365900562 1.649441778463563 0.88392 2.6800637823521534 2.4052100301063666
31200 10605659 0.4947889868281128 1.5676103594729374 0.88392 2.6800637823521534 2.4052100301063666
31201 10605659 0.49432136709978547 1.5132030735795816 0.88392 2.6800637823521534 2.4052100301063666
31202 10605659 0.4978508324775122 1.4544517968488893 0.88392 2.6800637823521534 2.4052100301063666
31203 10605659 0.49835542492460017 1.4087228240672078 0.8763000000000001 2.6800637823521534 2.4052100301063666
31204 10605659 0.49917785294889433 1.359618741981989 0.8763000000000001 2.6800637823521534 2.4052100301063666
31205 10605659 0.5028718299425794 1.304085128511793 0.88392 2.6800637823521534 2.4052100301063666
31206 10605659 0.5015228742848532 1.2499661246791212 0.88392 2.6800637823521534 2.4052100301063666
31207 10605659 0.5023459615371588 1.2008619578759856 0.88392 2.6800637823521534 2.4052100301063666
31208 10605659 0.5060078317783854 1.1468577995882356 0.8915400000000001 2.6800637823521534 2.4052100301063666
31209 10605659 0.5047181114700933 1.0940046960077014 0.8991600000000001 2.6800637823521534 2.4052100301063666
31210 10605659 0.5065866062605872 1.0345115989491944 0.8991600000000001 2.6800637823521534 2.4052100301063666
31211 10605659 0.5108791315073996 0.979717352398682 0.8991600000000001 2.6800637823521534 2.4052100301063666
31212 10605659 0.5125579708585922 0.9250763939216526 0.8991600000000001 2.6800637823521534 2.4052100301063666
31213 10605659 0.5121784488809462 0.8817981378819681 0.8991600000000001 2.6800637823521534 2.4052100301063666
31214 10605659 0.5117989269033002 0.8385198818422835 0.8991600000000001 2.6800637823521534 2.4052100301063666
31215 10605659 0.5093364328510519 0.7929432505348469 0.8991600000000001 2.6800637823521534 2.4052100301063666
31216 10605659 0.5128278049686743 0.7384110805135887 0.8991600000000001 2.6800637823521534 2.4052100301063666
31217 10605659 0.5134371027633828 0.6913633068315225 0.8991600000000001 2.6800637823521534 2.4052100301063666
31218 10605659 0.5110046078540036 0.615985461035918 0.8991600000000001 2.6800637823521534 2.4052100301063666
31219 10605659 0.508061289332284 0.5580653585898487 0.9067800000000001 2.6800637823521534 2.4052100301063666
31220 10605659 0.5073108985553316 0.5030503515640673 0.9067800000000001 2.6800637823521534 2.4052100301063666
31221 10605659 0.507658661087673 0.4698740473205403 0.9067800000000001 2.6800637823521534 2.4052100301063666
31222 10605659 0.505399869440754 0.3950237964751112 0.9067800000000001 2.6800637823521534 2.4052100301063666
31223 10605659 0.5045706730257814 0.34085247046085376 0.9067800000000001 2.6800637823521534 2.4052100301063666
31224 10605659 0.50412412642065 0.29736282091759025 0.9105900000000001 2.6800637823521534 2.4052100301063666
31225 10605659 0.5036775798155186 0.25387317137432674 0.9144000000000001 2.6800637823521534 2.4052100301063666
31226 10605659 0.5033104707288236 0.22829081177400892 0.9144000000000001 2.6800637823521534 2.4052100301063666
31227 10605659 0.5036961575104647 0.13435136891989752 0.9220200000000001 2.6800637823521534 2.4052100301063666
31228 10605659 0.5063954989110765 0.08825663702670429 0.9220200000000001 2.6800637823521534 2.4052100301063666
31229 10605659 0.505453601669894 0.0348233535708847 0.9220200000000001 2.6800637823521534 2.4052100301063666
31230 10605659 0.5052736633756173 -0.013017465606181888 0.9220200000000001 2.6800637823521534 2.4052100301063666
31231 10605659 0.5079156430227982 -0.07287905633126138 0.9220200000000001 2.6800637823521534 2.4052100301063666
31232 10605659 0.5070434145775599 -0.1261013215885135 0.9220200000000001 2.6800637823521534 2.4052100301063666
31233 10605659 0.509149739930929 -0.16966549580629917 0.9220200000000001 2.6800637823521534 2.4052100301063666
31234 10605659 0.5109019990478374 -0.26486868194288793 0.9220200000000001 2.6800637823521534 2.4052100301063666
31235 10605659 0.513214410723696 -0.3094347070222013 0.9144000000000001 2.6800637823521534 2.4052100301063666
31236 10605659 0.5127437429738542 -0.36360578532680665 0.9144000000000001 2.6800637823521534 2.4052100301063666
31237 10605659 0.513313062912958 -0.4222056070600019 0.9067800000000001 2.6800637823521534 2.4052100301063666
31238 10605659 0.5129181675265382 -0.46880755381291117 0.90297 2.6800637823521534 2.4052100301063666
31239 10605659 0.5125232721401185 -0.5154095005658205 0.8991600000000001 2.6800637823521534 2.4052100301063666
31240 10605659 0.5110195362104863 -0.5444754724074395 0.8991600000000001 2.6800637823521534 2.4052100301063666
31241 10605659 0.5042828240812653 -0.6330490434226411 0.8991600000000001 2.6800637823521534 2.4052100301063666
31242 10605659 0.5043751081815362 -0.6599494476118287 0.8991600000000001 2.6800637823521534 2.4052100301063666
31243 10605659 0.5002948014747155 -0.7403951942461965 0.8915400000000001 2.6800637823521534 2.4052100301063666
31244 10605659 0.49733283942592976 -0.7861581955420214 0.8915400000000001 2.6800637823521534 2.4052100301063666
31245 10605659 0.4964177570339499 -0.8392491031184629 0.8991600000000001 2.6800637823521534 2.4052100301063666
31246 10605659 0.4923079641288456 -0.9007591128879348 0.8991600000000001 2.6800637823521534 2.4052100301063666
31247 10605659 0.49111741198054176 -0.9546945510408479 0.8915400000000001 2.6800637823521534 2.4052100301063666
31248 10605659 0.4884440458810712 -1.013169011601534 0.8915400000000001 2.6800637823521534 2.4052100301063666
31249 10605659 0.48432289154637603 -1.0611233155052517 0.8915400000000001 2.6800637823521534 2.4052100301063666
31250 10605659 0.4770503610062702 -1.135034867005623 0.8915400000000001 2.6800637823521534 2.4052100301063666
31251 10605659 0.4771278255850236 -1.1674210932173064 0.8991600000000001 2.6800637823521534 2.4052100301063666
31252 10605659 0.46800919590894213 -1.2415471919102274 0.8991600000000001 2.6800637823521534 2.4052100301063666
31253 10605659 0.46501942853630807 -1.280875420188968 0.8991600000000001 2.6800637823521534 2.4052100301063666
31254 10605659 0.46202966116367405 -1.3202036484677084 0.8991600000000001 2.6800637823521534 2.4052100301063666
31255 10605659 0.45487681590305445 -1.3891306163393797 0.8991600000000001 2.6800637823521534 2.4052100301063666
31256 10605659 0.45195452738837205 -1.423223667840361 0.8991600000000001 2.6800637823521534 2.4052100301063666
31257 10605659 0.4490322388736897 -1.457316719341342 0.8991600000000001 2.6800637823521534 2.4052100301063666
31258 10605659 0.44295278771701774 -1.5330197276100404 0.8991600000000001 2.6800637823521534 2.4052100301063666
31259 10605659 0.43756181399947325 -1.5712712824302772 0.8991600000000001 2.6800637823521534 2.4052100301063666
31260 10605659 0.4321708402819288 -1.6095228372505144 0.8991600000000001 2.6800637823521534 2.4052100301063666
31261 10605659 0.42812034893618794 -1.6572663255882616 0.8991600000000001 2.6800637823521534 2.4052100301063666
31262 10605659 0.42326736328423575 -1.7047476111838602 0.8991600000000001 2.6800637823521534 2.4052100301063666
31263 10605659 0.4127898787951959 -1.7585691061317037 0.8915400000000001 2.6800637823521534 2.4052100301063666
31264 10605659 0.406661128340914 -1.8099561057392697 0.8915400000000001 2.6800637823521534 2.4052100301063666
31265 10605659 0.4023709818922148 -1.856803444470958 0.8915400000000001 2.6800637823521534 2.4052100301063666
31266 10605659 0.3869882556544666 -1.9370604514319483 0.8915400000000001 2.6800637823521534 2.4052100301063666
31267 10605659 0.3854123572648286 -1.958742432015567 0.8915400000000001 2.6800637823521534 2.4052100301063666
31268 10605659 0.3838364588751905 -1.980424412599186 0.8915400000000001 2.6800637823521534 2.4052100301063666
31269 10605659 0.3789842710354654 -2.027905850366689 0.8915400000000001 2.6800637823521534 2.4052100301063666
31270 10605659 0.36793672667677146 -2.078036263675785 0.8915400000000001 2.6800637823521534 2.4052100301063666
31271 10605659 0.35897854017990916 -2.157120963948493 0.8915400000000001 2.6800637823521534 2.4052100301063666
31272 10605659 0.3493796244005858 -2.2028179559655747 0.8915400000000001 2.6800637823521534 2.4052100301063666
31273 10605659 0.34499828097974694 -2.250219496665687 0.8991600000000001 2.6800637823521534 2.4052100301063666
31274 10605659 0.34174555150012664 -2.291447526182027 0.8991600000000001 2.6800637823521534 2.4052100301063666
31275 10605659 0.33558369521079034 -2.3429403502791573 0.8991600000000001 2.6800637823521534 2.4052100301063666
31276 10605659 0.32526839054552115 -2.4125860257837224 0.8991600000000001 2.6800637823521534 2.4052100301063666
31277 10605659 0.3241894687553284 -2.4621177731350445 0.8991600000000001 2.6800637823521534 2.4052100301063666
31278 10605659 0.31323089214657696 -2.5174174460490772 0.8991600000000001 2.6800637823521534 2.4052100301063666
31279 10605659 0.3109625772498046 -2.546116254817631 0.8991600000000001 2.6800637823521534 2.4052100301063666
31280 10605659 0.3086942623530322 -2.574815063586185 0.8991600000000001 2.6800637823521534 2.4052100301063666
31281 10605659 0.2977167493571675 -2.624734586035684 0.8991600000000001 2.6800637823521534 2.4052100301063666
31282 10605659 0.2946707214312567 -2.6503755189426923 0.8991600000000001 2.6800637823521534 2.4052100301063666
31283 10605659 0.2879614434948592 -2.7318301189058514 0.8991600000000001 2.6800637823521534 2.4052100301063666
31284 10605659 0.2767541499898021 -2.782725963176734 0.8991600000000001 2.6800637823521534 2.4052100301063666
31285 10605659 0.2769911273343897 -2.8051168522825374 0.8991600000000001 2.6800637823521534 2.4052100301063666
31286 10605659 0.2677849092216046 -2.8822509271325663 0.8991600000000001 2.6800637823521534 2.4052100301063666
31287 10605659 0.2652563888341528 -2.9403043746418103 0.8991600000000001 2.6800637823521534 2.4052100301063666
31288 10605659 0.26242325670218986 -2.974134072215139 0.8991600000000001 2.6800637823521534 2.4052100301063666
31289 10605659 0.2595901245702269 -3.0079637697884674 0.8991600000000001 2.6800637823521534 2.4052100301063666
31290 10605659 0.2534646905824085 -3.0593514009610616 0.8991600000000001 2.6800637823521534 2.4052100301063666
31291 10605659 0.2506733805738005 -3.11685159973849 0.8915400000000001 2.6800637823521534 2.4052100301063666
31292 10605659 0.24630580477033026 -3.164490932326159 0.8915400000000001 2.6800637823521534 2.4052100301063666
31293 10605659 0.24177780135079785 -3.21207783920327 0.8915400000000001 2.6800637823521534 2.4052100301063666
31294 10605659 0.2363523156596653 -3.2640445057823886 0.8915400000000001 2.6800637823521534 2.4052100301063666
31295 10605659 0.23150345745169942 -3.3115265623099868 0.8915400000000001 2.6800637823521534 2.4052100301063666
31296 10605659 0.22506854599008297 -3.3638643908763344 0.8915400000000001 2.6800637823521534 2.4052100301063666
31297 10605659 0.22317488032739308 -3.4186202250886337 0.8915400000000001 2.6800637823521534 2.4052100301063666
31298 10605659 0.2117264942917051 -3.4901149179604976 0.8991600000000001 2.6800637823521534 2.4052100301063666
31299 10605659 0.20609491582113693 -3.542715091266797 0.8991600000000001 2.6800637823521534 2.4052100301063666
31300 10605659 0.20311347701022042 -3.5771386955908024 0.8991600000000001 2.6800637823521534 2.4052100301063666
31301 10605659 0.20013203819930392 -3.6115622999148083 0.8991600000000001 2.6800637823521534 2.4052100301063666
31302 10605659 0.19956443771995636 -3.6568211763866936 0.8991600000000001 2.6800637823521534 2.4052100301063666
31303 10605659 0.19178575553979915 -3.713276031435798 0.8991600000000001 2.6800637823521534 2.4052100301063666
31304 10605659 0.1896915093815723 -3.760489468328353 0.8991600000000001 2.6800637823521534 2.4052100301063666
31305 10605659 0.18578479183022711 -3.8078117828849547 0.8991600000000001 2.6800637823521534 2.4052100301063666
31306 10605659 0.18058759934237323 -3.864525687221079 0.8991600000000001 2.6800637823521534 2.4052100301063666
31307 10605659 0.17505474855933367 -3.907578458673631 0.8991600000000001 2.6800637823521534 2.4052100301063666
31308 10605659 0.16452823110496084 -3.975168419206446 0.8991600000000001 2.6800637823521534 2.4052100301063666
31309 10605659 0.15585694353329577 -4.0104202943348435 0.8991600000000001 2.6800637823521534 2.4052100301063666
31310 10605659 0.1471856559616307 -4.0456721694632405 0.8991600000000001 2.6800637823521534 2.4052100301063666
31311 10605659 0.12873386270052967 -4.110322918535184 0.8991600000000001 2.6800637823521534 2.4052100301063666
31312 10605659 0.11378172496390387 -4.145217141136257 0.8953500000000001 2.6800637823521534 2.4052100301063666
31313 10605659 0.09882958722727808 -4.180111363737329 0.8915400000000001 2.6800637823521534 2.4052100301063666
31314 10605659 0.07071703981957789 -4.227003640377772 0.8915400000000001 2.6800637823521534 2.4052100301063666
31315 10605659 0.04471557313023833 -4.2734172329061835 0.8915400000000001 2.6800637823521534 2.4052100301063666
31316 10605659 -0.011790306184911947 -4.33650229370983 0.88392 2.6800637823521534 2.4052100301063666
31317 10605659 -0.02834146506529489 -4.353847163737152 0.88392 2.6800637823521534 2.4052100301063666
31318 10605659 -0.044892623945677834 -4.371192033764473 0.88392 2.6800637823521534 2.4052100301063666
31319 10605659 -0.09453190680320595 -4.408219279058995 0.8801100000000001 2.6800637823521534 2.4052100301063666
31320 10605659 -0.14417118966073406 -4.445246524353517 0.8763000000000001 2.6800637823521534 2.4052100301063666
31321 10605659 -0.2001433134836292 -4.461140610990779 0.8730342857142858 2.6800637823521534 2.4052100301063666
31322 10605659 -0.25611543730652436 -4.477034697628041 0.8697685714285716 2.6800637823521534 2.4052100301063666
31323 10605659 -0.3120875611294195 -4.492928784265303 0.8665028571428572 2.6800637823521534 2.4052100301063666
31324 10605659 -0.36805968495231467 -4.508822870902566 0.8632371428571429 2.6800637823521534 2.4052100301063666
31325 10605659 -0.4240318087752098 -4.5247169575398285 0.8599714285714286 2.6800637823521534 2.4052100301063666
31326 10605659 -0.4800039325981049 -4.540611044177091 0.8567057142857144 2.6800637823521534 2.4052100301063666
31327 10605659 -0.5359760564210001 -4.556505130814353 0.8534400000000001 2.6800637823521534 2.4052100301063666
31328 10605659 -0.6138689205746046 -4.558276432926863 0.84582 2.6800637823521534 2.4052100301063666
31329 10605659 -0.6639638088744655 -4.548403831586257 0.844296 2.6800637823521534 2.4052100301063666
31330 10605659 -0.7140586971743262 -4.538531230245653 0.8427720000000001 2.6800637823521534 2.4052100301063666
31331 10605659 -0.7641535854741871 -4.528658628905047 0.841248 2.6800637823521534 2.4052100301063666
31332 10605659 -0.8142484737740479 -4.518786027564443 0.839724 2.6800637823521534 2.4052100301063666
31333 10605659 -0.8643433620739087 -4.508913426223837 0.8382000000000001 2.6800637823521534 2.4052100301063666
31334 10605659 -0.933149757997655 -4.47743365322883 0.8382000000000001 2.6800637823521534 2.4052100301063666
31335 10605659 -1.0019561539214012 -4.445953880233822 0.8382000000000001 2.6800637823521534 2.4052100301063666
31336 10605659 -1.047676698502339 -4.40977884051031 0.836295 2.6800637823521534 2.4052100301063666
31337 10605659 -1.0933972430832766 -4.373603800786799 0.8343900000000001 2.6800637823521534 2.4052100301063666
31338 10605659 -1.139117787664214 -4.337428761063287 0.8324850000000001 2.6800637823521534 2.4052100301063666
31339 10605659 -1.1848383322451517 -4.3012537213397755 0.8305800000000001 2.6800637823521534 2.4052100301063666
31340 10605659 -1.2442717488291357 -4.227504006956944 0.82296 2.6800637823521534 2.4052100301063666
31341 10605659 -1.2714722721642047 -4.179534340483014 0.81788 2.6800637823521534 2.4052100301063666
31342 10605659 -1.2986727954992734 -4.131564674009082 0.8128 2.6800637823521534 2.4052100301063666
31343 10605659 -1.3258733188343423 -4.083595007535152 0.80772 0.5070087616291361 3.5652095705626183
31344 10605659 -1.3463020525345097 -4.026125924080085 0.80391 0.5070087616291361 3.5652095705626183
31345 10605659 -1.3667307862346771 -3.9686568406250182 0.8001 0.5070087616291361 3.5652095705626183
31346 10605659 -1.3822791912654846 -3.899317935401599 0.8001 0.5070087616291361 3.5652095705626183
31347 10605659 -1.396687458470497 -3.7965874226091554 0.7924800000000001 0.5070087616291361 3.5652095705626183
31348 10605659 -1.4031694668169992 -3.6967980008999644 0.77724 0.5070087616291361 3.5652095705626183
31349 10605659 -1.3980232666853565 -3.632120142637854 0.77724 0.5070087616291361 3.5652095705626183
31350 10605659 -1.3836764807198505 -3.5610448137149353 0.76962 0.5070087616291361 3.5652095705626183
31351 10605659 -1.3693296947543445 -3.4899694847920166 0.762 0.5070087616291361 3.5652095705626183
31352 10605659 -1.3395175188875266 -3.4282805052630057 0.7565571428571429 0.5070087616291361 3.5652095705626183
31353 10605659 -1.3097053430207086 -3.3665915257339942 0.7511142857142857 0.5070087616291361 3.5652095705626183
31354 10605659 -1.2798931671538907 -3.3049025462049832 0.7456714285714287 0.5070087616291361 3.5652095705626183
31355 10605659 -1.2500809912870725 -3.243213566675972 0.7402285714285715 0.5070087616291361 3.5652095705626183
31356 10605659 -1.2202688154202546 -3.181524587146961 0.7347857142857144 0.5070087616291361 3.5652095705626183
31357 10605659 -1.1904566395534366 -3.11983560761795 0.7293428571428572 0.5070087616291361 3.5652095705626183
31358 10605659 -1.1606444636866187 -3.0581466280889384 0.7239000000000001 0.5070087616291361 3.5652095705626183
31359 10605659 -1.1261923493554848 -2.9989589416765674 0.7162800000000001 0.5070087616291361 3.5652095705626183
31360 10605659 -1.0923683145579302 -2.949847033206008 0.7162800000000001 0.5070087616291361 3.5652095705626183
31361 10605659 -1.0604222327057953 -2.9032172381635815 0.7124700000000002 0.5070087616291361 3.5652095705626183
31362 10605659 -1.0284761508536604 -2.856587443121155 0.7086600000000001 0.5070087616291361 3.5652095705626183
31363 10605659 -0.9803903218945109 -2.7820531115241556 0.7086600000000001 0.5070087616291361 3.5652095705626183
31364 10605659 -0.9277668485930741 -2.6990712693145578 0.7086600000000001 0.5070087616291361 3.5652095705626183
31365 10605659 -0.8992850336633317 -2.658143549557039 0.7086600000000001 0.5070087616291361 3.5652095705626183
31366 10605659 -0.8708032187335892 -2.61721582979952 0.7086600000000001 0.5070087616291361 3.5652095705626183
31367 10605659 -0.8373789080204197 -2.563883873743143 0.7010400000000001 0.5070087616291361 3.5652095705626183
31368 10605659 -0.8067447985270128 -2.5204466872999722 0.7010400000000001 0.5070087616291361 3.5652095705626183
31369 10605659 -0.7761106890336058 -2.477009500856802 0.7010400000000001 0.5070087616291361 3.5652095705626183
31370 10605659 -0.7408890685745434 -2.4270103432834733 0.7010400000000001 0.5070087616291361 3.5652095705626183
31371 10605659 -0.705667448115481 -2.3770111857101446 0.7010400000000001 0.5070087616291361 3.5652095705626183
31372 10605659 -0.6736382243982706 -2.33093383256872 0.7010400000000001 0.5070087616291361 3.5652095705626183
31373 10605659 -0.633672782992986 -2.2722623803501993 0.7010400000000001 0.5070087616291361 3.5652095705626183
31374 10605659 -0.5946312605593584 -2.220766002226695 0.7010400000000001 0.5070087616291361 3.5652095705626183
31375 10605659 -0.5544423830604643 -2.168476244525654 0.7010400000000001 0.5070087616291361 3.5652095705626183
31376 10605659 -0.5247022803497878 -2.1291276392665988 0.7010400000000001 0.5070087616291361 3.5652095705626183
31377 10605659 -0.46485917776073116 -2.0547547675455493 0.69342 0.5070087616291361 3.5652095705626183
31378 10605659 -0.42622032776591223 -2.0031264852537394 0.69342 0.5070087616291361 3.5652095705626183
31379 10605659 -0.39197074939722043 -1.9605782923762438 0.69342 0.5070087616291361 3.5652095705626183
31380 10605659 -0.34251985034520627 -1.9128338426167184 0.69342 0.5070087616291361 3.5652095705626183
31381 10605659 -0.30068736977455224 -1.867739983323893 0.69342 0.5070087616291361 3.5652095705626183
31382 10605659 -0.2357181450387167 -1.8048552554357244 0.6858000000000001 0.5070087616291361 3.5652095705626183
31383 10605659 -0.20352586493383718 -1.7797427950537164 0.6858000000000001 0.5070087616291361 3.5652095705626183
31384 10605659 -0.17133358482895766 -1.7546303346717085 0.6858000000000001 0.5070087616291361 3.5652095705626183
31385 10605659 -0.12797490084190422 -1.7208998207181168 0.6858000000000001 0.5070087616291361 3.5652095705626183
31386 10605659 -0.07791554086465013 -1.6835174179409664 0.6858000000000001 0.5070087616291361 3.5652095705626183
31387 10605659 -0.031097634607240132 -1.654421836891174 0.6858000000000001 0.5070087616291361 3.5652095705626183
31388 10605659 0.03006099731925793 -1.6194976885502477 0.6781800000000001 0.5070087616291361 3.5652095705626183
31389 10605659 0.08422108427504582 -1.586959459647709 0.6781800000000001 0.5070087616291361 3.5652095705626183
31390 10605659 0.14066793178114478 -1.5626451455538934 0.6781800000000001 0.5070087616291361 3.5652095705626183
31391 10605659 0.18163804186853583 -1.5443720821448603 0.6781800000000001 0.5070087616291361 3.5652095705626183
31392 10605659 0.24025190921535555 -1.5199475153766457 0.6781800000000001 0.5070087616291361 3.5652095705626183
31393 10605659 0.3206350365709515 -1.4930556107927977 0.6781800000000001 0.5070087616291361 3.5652095705626183
31394 10605659 0.36097706659898887 -1.4848573461473658 0.6781800000000001 0.5070087616291361 3.5652095705626183
31395 10605659 0.40018586499192565 -1.473601561932953 0.6781800000000001 0.5070087616291361 3.5652095705626183
31396 10605659 0.43939466338486244 -1.4623457777185405 0.6781800000000001 0.5070087616291361 3.5652095705626183
31397 10605659 0.4730131983122202 -1.4573243224851826 0.6781800000000001 0.5070087616291361 3.5652095705626183
31398 10605659 0.5594748174514794 -1.442813786592703 0.6781800000000001 0.5070087616291361 3.5652095705626183
31399 10605659 0.6131015029605918 -1.4282065554232053 0.6781800000000001 0.5070087616291361 3.5652095705626183
31400 10605659 0.6699572043084929 -1.4200278464315887 0.6858000000000001 0.5070087616291361 3.5652095705626183
31401 10605659 0.7219970912942382 -1.4102755301416117 0.6858000000000001 0.5070087616291361 3.5652095705626183
31402 10605659 0.7740367659403954 -1.4005228371461698 0.6858000000000001 0.5070087616291361 3.5652095705626183
31403 10605659 0.8293055960022893 -1.3971986091264772 0.6858000000000001 0.5070087616291361 3.5652095705626183
31404 10605659 0.8872044139874161 -1.3885414373828198 0.69342 0.5070087616291361 3.5652095705626183
31405 10605659 0.9313964855509742 -1.3824159811525696 0.69342 0.5070087616291361 3.5652095705626183
31406 10605659 0.9886570712099418 -1.3835964692000222 0.69342 0.5070087616291361 3.5652095705626183
31407 10605659 1.0404972894638638 -1.378800406105928 0.69342 0.5070087616291361 3.5652095705626183
31408 10605659 1.1003366579430294 -1.381873804503192 0.69342 0.5070087616291361 3.5652095705626183
31409 10605659 1.1444659283511096 -1.3827359254527 0.6915150000000001 0.5070087616291361 3.5652095705626183
31410 10605659 1.1885951987591898 -1.3835980464022082 0.6896100000000001 0.5070087616291361 3.5652095705626183
31411 10605659 1.23651664158862 -1.3898453875798285 0.687705 0.5070087616291361 3.5652095705626183
31412 11259177 1.2347586600991232 -0.006489438004411624 0.39624000000000004 0.5070087616291361 3.5652095705626183
31412 10605659 1.28443808441805 -1.3960927287574485 0.6858000000000001 0.5070087616291361 3.5652095705626183
31413 10605659 1.3261786770851347 -1.401547581664475 0.6858000000000001 0.5070087616291361 3.5652095705626183
31413 11259177 1.2026482807113934 -0.004878405445527374 0.39624000000000004 0.5070087616291361 3.5652095705626183
31414 10605659 1.3799830387392968 -1.4081383518459487 0.6858000000000001 0.5070087616291361 3.5652095705626183
31414 11259177 1.1705379013236636 -0.0032673728866431245 0.39624000000000004 0.5070087616291361 3.5652095705626183
31415 10605659 1.4484517749791972 -1.419868242576553 0.6858000000000001 0.5070087616291361 3.5652095705626183
31415 11259177 1.1353476913491267 -0.0029280080572998204 0.41148000000000007 0.5070087616291361 3.5652095705626183
31416 11259177 1.1001574813745898 -0.0025886432279565164 0.42672000000000004 0.5070087616291361 3.5652095705626183
31416 10605659 1.499615627494713 -1.430735906123175 0.6858000000000001 0.5070087616291361 3.5652095705626183
31417 11259177 1.0623811294801717 -0.0026891435200643438 0.42672000000000004 0.5070087616291361 3.5652095705626183
31417 10605659 1.5469151869489088 -1.4409253602207324 0.6858000000000001 0.5070087616291361 3.5652095705626183
31418 11259177 1.0246047775857534 -0.002789643812172171 0.42672000000000004 0.5070087616291361 3.5652095705626183
31418 10605659 1.5730616033500673 -1.4424544881499781 0.6858000000000001 0.5070087616291361 3.5652095705626183
31419 11259177 0.9832093679829301 -0.004452904653742498 0.39624000000000004 0.5070087616291361 3.5652095705626183
31419 10605659 1.633592828988791 -1.4567305953010128 0.6858000000000001 0.5070087616291361 3.5652095705626183
31420 11259177 0.9384477275181986 -0.00010945364098041699 0.42672000000000004 0.5070087616291361 3.5652095705626183
31420 10605659 1.6998169588333911 -1.4636363368811327 0.6858000000000001 0.5070087616291361 3.5652095705626183
31421 10605659 1.7527471791168954 -1.4742611708941433 0.6858000000000001 0.5070087616291361 3.5652095705626183
31421 11259177 0.8947828186459887 -0.000563458978355566 0.42672000000000004 0.5070087616291361 3.5652095705626183
31422 10605659 1.8049452720966388 -1.4819596941059225 0.6858000000000001 0.5070087616291361 3.5652095705626183
31422 11259177 0.8475466003802585 -0.0002591250778509954 0.42672000000000004 0.5070087616291361 3.5652095705626183
31423 10605659 1.8535212991987824 -1.4866060654605682 0.6858000000000001 0.5070087616291361 3.5652095705626183
31423 11259177 0.8003103821145283 4.5208822653575176e-05 0.42672000000000004 0.5070087616291361 3.5652095705626183
31424 11259177 0.7525661697064163 0.0031445676223244706 0.42672000000000004 0.5070087616291361 3.5652095705626183
31424 10605659 1.9120378086221033 -1.495081856783459 0.6858000000000001 0.5070087616291361 3.5652095705626183
31425 11259177 0.7064359297137925 0.0030298399641428414 0.42672000000000004 0.5070087616291361 3.5652095705626183
31425 10605659 1.9547976052172513 -1.502851710509393 0.6858000000000001 0.5070087616291361 3.5652095705626183
31426 11259177 0.6574492001450745 0.0015122052421922688 0.42672000000000004 0.5070087616291361 3.5652095705626183
31426 10605659 1.9784203583255304 -1.5053076441009876 0.6858000000000001 0.5070087616291361 3.5652095705626183
31427 11259177 0.6107936823679354 0.004140035347879788 0.44196 0.5070087616291361 3.5652095705626183
31427 10605659 2.0020431114338098 -1.5077635776925822 0.6858000000000001 0.5070087616291361 3.5652095705626183
31428 10605659 2.073504760439209 -1.520114075426908 0.6781800000000001 0.5070087616291361 3.5652095705626183
31428 11259177 0.5641381645907965 0.006767865453567307 0.45720000000000005 0.5070087616291361 3.5652095705626183
31429 10605659 2.1256348210087586 -1.526386216305052 0.6781800000000001 0.5070087616291361 3.5652095705626183
31429 11259177 0.5181343285675482 0.007313924833835056 0.45720000000000005 0.5070087616291361 3.5652095705626183
31430 10605659 2.1777303937727543 -1.5327635386473573 0.6781800000000001 0.5070087616291361 3.5652095705626183
31430 11259177 0.473816959110454 0.008944880401327987 0.45720000000000005 0.5070087616291361 3.5652095705626183
31431 10605659 2.217841127354494 -1.5404846796496177 0.6781800000000001 0.5070087616291361 3.5652095705626183
31431 11259177 0.4294995896533599 0.010575835968820918 0.45720000000000005 0.5070087616291361 3.5652095705626183
31432 11259177 0.38539594917810766 0.007697834926863378 0.48768 0.5070087616291361 3.5652095705626183
31432 10605659 2.2771402534650718 -1.5438393715788037 0.67056 0.5070087616291361 3.5652095705626183
31433 11259177 0.346067725477502 0.010736531785885323 0.5181600000000001 0.5070087616291361 3.5652095705626183
31433 10605659 2.329201292127754 -1.5503211435675046 0.67056 0.5070087616291361 3.5652095705626183
31434 11259177 0.30233286863618813 0.010075059720727253 0.5181600000000001 0.5070087616291361 3.5652095705626183
31434 10605659 2.372660329116135 -1.5586671754567765 0.67056 0.5070087616291361 3.5652095705626183
31435 11259177 0.2629160524765477 0.01039775061685956 0.5181600000000001 0.5070087616291361 3.5652095705626183
31435 10605659 2.4265678034319604 -1.5649332695977647 0.67056 0.5070087616291361 3.5652095705626183
31436 10605659 2.4859120867370104 -1.5692355486514709 0.6629400000000001 0.5070087616291361 3.5652095705626183
31436 11259177 0.22349923631690727 0.010720441512991868 0.5181600000000001 0.5070087616291361 3.5652095705626183
31437 10605659 2.54455535115707 -1.576228922976818 0.6629400000000001 0.5070087616291361 3.5652095705626183
31437 11259177 0.18293488841668532 0.01025027880561466 0.5334000000000001 0.5070087616291361 3.5652095705626183
31438 10605659 2.5709871251275267 -1.5795998626204215 0.65532 0.5070087616291361 3.5652095705626183
31438 11259177 0.14237054051646336 0.009780116098237451 0.54864 0.5070087616291361 3.5652095705626183
31439 11259177 0.10430480589630797 0.0020095563498848668 0.54864 0.5070087616291361 3.5652095705626183
31439 10605659 2.624722192097796 -1.5863922848689411 0.65532 0.5070087616291361 3.5652095705626183
31440 11259177 0.06659442736569587 -0.005760154438291504 0.57912 0.5070087616291361 3.5652095705626183
31440 10605659 2.7114275271314807 -1.5928481066372233 0.6477 0.5070087616291361 3.5652095705626183
31441 11259177 0.0274574281116291 -0.018437631898609197 0.57912 0.5070087616291361 3.5652095705626183
31441 10605659 2.75819025884077 -1.5992328786186236 0.6477 0.5070087616291361 3.5652095705626183
31442 10605659 2.7797768752466485 -1.6024818279530004 0.6477 0.5070087616291361 3.5652095705626183
31442 11259177 -0.004897033147527541 -0.02503682712314595 0.57912 0.5070087616291361 3.5652095705626183
31443 11259177 -0.035420699396596256 -0.04777277414535455 0.57912 0.5070087616291361 3.5652095705626183
31443 10605659 2.8013634916525265 -1.605730777287377 0.6477 0.5070087616291361 3.5652095705626183
31444 11259177 -0.06594436564566497 -0.07050872116756315 0.57912 0.5070087616291361 3.5652095705626183
31444 10605659 2.8832974893587577 -1.6131972284302944 0.6477 0.5070087616291361 3.5652095705626183
31445 11259177 -0.08674821324239129 -0.09747302141841055 0.59436 0.5070087616291361 3.5652095705626183
31445 10605659 2.936276333573599 -1.6182217606637055 0.6438900000000001 0.5070087616291361 3.5652095705626183
31446 10605659 2.98925517778844 -1.6232462928971165 0.6400800000000001 0.5070087616291361 3.5652095705626183
31446 11259177 -0.10755206083911761 -0.12443732166925794 0.6096 0.5070087616291361 3.5652095705626183
31447 10605659 3.07080345997326 -1.621006105057078 0.6400800000000001 0.5070087616291361 3.5652095705626183
31447 11259177 -0.12347617004858802 -0.15685200433321775 0.6096 0.5070087616291361 3.5652095705626183
31448 10605659 3.1260679559629567 -1.6176639741777386 0.6400800000000001 0.5070087616291361 3.5652095705626183
31448 11259177 -0.1357720129022424 -0.19039419589793335 0.6096 0.5070087616291361 3.5652095705626183
31449 10605659 3.178135719801949 -1.607788113632845 0.6400800000000001 0.5070087616291361 3.5652095705626183
31449 11259177 -0.14806785575589676 -0.22393638746264896 0.6096 0.5070087616291361 3.5652095705626183
31450 10605659 3.2354771144531753 -1.6008009327511703 0.63246 0.5070087616291361 3.5652095705626183
31450 11259177 -0.15521730905549935 -0.2539617351344806 0.6096 0.5070087616291361 3.5652095705626183
31451 11259177 -0.15989799859874942 -0.2927385252811685 0.6096 0.5070087616291361 3.5652095705626183
31451 10605659 3.278016372334826 -1.587464752337427 0.63246 0.5070087616291361 3.5652095705626183
31452 11259177 -0.1614811648258605 -0.33019112956899777 0.6096 0.5070087616291361 3.5652095705626183
31452 10605659 3.3189157625653234 -1.5737101006302747 0.63246 0.5070087616291361 3.5652095705626183
31453 10605659 3.3462462116650853 -1.5661576104748447 0.63246 0.5070087616291361 3.5652095705626183
31453 11259177 -0.16048429003862474 -0.36790285970070746 0.6096 0.5070087616291361 3.5652095705626183
31454 10605659 3.3970330190033113 -1.538837095318738 0.63246 0.5070087616291361 3.5652095705626183
31454 11259177 -0.1538699058026367 -0.4074506569590478 0.6400800000000001 0.5070087616291361 3.5652095705626183
31455 11259177 -0.14433935111156626 -0.44351198242766354 0.6400800000000001 0.5070087616291361 3.5652095705626183
31455 10605659 3.447819826341538 -1.5115165801626314 0.63246 0.5070087616291361 3.5652095705626183
31456 11259177 -0.13178164439382278 -0.4800953348602919 0.6400800000000001 0.5070087616291361 3.5652095705626183
31456 10605659 3.4861056679582445 -1.4863078109979107 0.63246 0.5070087616291361 3.5652095705626183
31457 10605659 3.5243915095749507 -1.46109904183319 0.63246 0.5070087616291361 3.5652095705626183
31457 11259177 -0.11545876023061208 -0.5127686843854765 0.6400800000000001 0.5070087616291361 3.5652095705626183
31458 10605659 3.561731231348169 -1.4283099112082958 0.6248400000000001 0.5070087616291361 3.5652095705626183
31458 11259177 -0.09631567631612059 -0.5465973447071873 0.6400800000000001 0.5070087616291361 3.5652095705626183
31459 10605659 3.618356868934473 -1.371792741192211 0.6248400000000001 0.5070087616291361 3.5652095705626183
31459 11259177 -0.0741529107130583 -0.5766227814355195 0.6400800000000001 0.5070087616291361 3.5652095705626183
31460 11259177 -0.05035947266690177 -0.6043771160211248 0.6400800000000001 0.5070087616291361 3.5652095705626183
31460 10605659 3.6533259960568154 -1.32993637226842 0.6248400000000001 0.5070087616291361 3.5652095705626183
31461 10605659 3.6839495543197858 -1.2864285126942478 0.6248400000000001 0.5070087616291361 3.5652095705626183
31461 11259177 -0.016990967708060134 -0.6266151469417065 0.6400800000000001 0.5070087616291361 3.5652095705626183
31462 10605659 3.706050277259557 -1.2493095495236675 0.62103 0.5070087616291361 3.5652095705626183
31462 11259177 0.016377537250781504 -0.6488531778622884 0.6400800000000001 0.5070087616291361 3.5652095705626183
31463 11259177 0.05543014432432769 -0.6693268010023352 0.67056 0.5070087616291361 3.5652095705626183
31463 10605659 3.728151000199328 -1.212190586353087 0.61722 0.5070087616291361 3.5652095705626183
31464 10605659 3.7602740083787403 -1.1463937976317755 0.61722 0.5070087616291361 3.5652095705626183
31464 11259177 0.09089697778230854 -0.6858244151621679 0.67056 0.5070087616291361 3.5652095705626183
31465 11259177 0.1349527269455595 -0.6964247512463168 0.67056 0.5070087616291361 3.5652095705626183
31465 10605659 3.7700079837309133 -1.1220023251763875 0.61722 0.5070087616291361 3.5652095705626183
31466 10605659 3.7923071693081143 -1.0482111551330122 0.6019800000000001 0.5070087616291361 3.5652095705626183
31466 11259177 0.17900847610881043 -0.7070250873304657 0.67056 0.5070087616291361 3.5652095705626183
31466 11390060 1.0252766360148786 0.11615327829432201 0.39624000000000004 0.5070087616291361 3.5652095705626183
31467 11390060 1.0240729997205953 0.11654651598364411 0.39624000000000004 0.5070087616291361 3.5652095705626183
31467 11259177 0.21981514250520795 -0.7153365435946586 0.67056 0.5070087616291361 3.5652095705626183
31467 10605659 3.80301244332023 -1.0045123993698064 0.6019800000000001 0.5070087616291361 3.5652095705626183
31468 11259177 0.2417844476597928 -0.7187771782028896 0.67056 0.5070087616291361 3.5652095705626183
31468 11390060 1.0204620912383455 0.11772623028717258 0.39624000000000004 0.5070087616291361 3.5652095705626183
31468 10605659 3.8147442323916323 -0.9467808454389014 0.59436 0.5070087616291361 3.5652095705626183
31469 11259177 0.26375375281437763 -0.7222178128111206 0.67056 0.5070087616291361 3.5652095705626183
31469 11390060 1.0188572432180087 0.11825054835014975 0.39624000000000004 0.5070087616291361 3.5652095705626183
31469 10605659 3.824871048788993 -0.8885256352928201 0.58674 0.5070087616291361 3.5652095705626183
31470 11259177 0.3548746234297302 -0.7244220401821264 0.67056 0.5070087616291361 3.5652095705626183
31470 11390060 1.0191680898591706 0.11809961341054961 0.39624000000000004 0.5070087616291361 3.5652095705626183
31470 10605659 3.8263473694257346 -0.8418157748950419 0.58674 0.5070087616291361 3.5652095705626183
31471 11390060 1.0194789365003323 0.11794867847094949 0.39624000000000004 0.5070087616291361 3.5652095705626183
31471 10605659 3.83154389930432 -0.7837041003445288 0.57912 0.5070087616291361 3.5652095705626183
31471 11259177 0.40213284898492374 -0.7246764389220253 0.67056 0.5070087616291361 3.5652095705626183
31472 11259177 0.44939107454011734 -0.724930837661924 0.67056 0.5070087616291361 3.5652095705626183
31472 11390060 1.0197897831414942 0.11779774353134935 0.39624000000000004 0.5070087616291361 3.5652095705626183
31472 10605659 3.834762095189273 -0.7139666977976576 0.57912 0.5070087616291361 3.5652095705626183
31473 11259177 0.49698551424343107 -0.7206215773415034 0.67056 0.5070087616291361 3.5652095705626183
31473 10605659 3.835257615757018 -0.6566573627925074 0.5715 0.5070087616291361 3.5652095705626183
31473 11390060 1.0201006297826558 0.11764680859174921 0.39624000000000004 0.5070087616291361 3.5652095705626183
31474 10605659 3.824972672676898 -0.6051754650222321 0.5715 0.5070087616291361 3.5652095705626183
31474 11390060 1.0204114764238177 0.11749587365214909 0.39624000000000004 0.5070087616291361 3.5652095705626183
31474 11259177 0.5470908486698784 -0.716781965417643 0.67056 0.5070087616291361 3.5652095705626183
31475 11390060 1.0207223230649796 0.11734493871254895 0.39624000000000004 0.5070087616291361 3.5652095705626183
31475 10605659 3.823482087030002 -0.5798083325519524 0.56388 0.5070087616291361 3.5652095705626183
31475 11259177 0.5971615557298857 -0.7130475594272243 0.67056 0.5070087616291361 3.5652095705626183
31476 11390060 1.0210331697061412 0.11719400377294881 0.39624000000000004 0.5070087616291361 3.5652095705626183
31476 10605659 3.8058505344623033 -0.49777767294960207 0.56388 0.5070087616291361 3.5652095705626183
31476 11259177 0.6502949585723312 -0.7080937992998562 0.67056 0.5070087616291361 3.5652095705626183
31477 11259177 0.7003308900599037 -0.7044642272099196 0.67056 0.5070087616291361 3.5652095705626183
31477 10605659 3.7965848132607865 -0.4758309188980071 0.56388 0.5070087616291361 3.5652095705626183
31477 11390060 1.021344016347303 0.11704306883334868 0.39624000000000004 0.5070087616291361 3.5652095705626183
31478 11390060 1.021654862988465 0.11689213389374854 0.39624000000000004 0.5070087616291361 3.5652095705626183
31478 10605659 3.7873190920592696 -0.45388416484641214 0.56388 0.5070087616291361 3.5652095705626183
31478 11259177 0.7532052471222709 -0.7003011930644032 0.67056 0.5070087616291361 3.5652095705626183
31479 10605659 3.759145568785689 -0.38511734889863725 0.55626 0.5070087616291361 3.5652095705626183
31479 11390060 1.0219657096296266 0.1167411989541484 0.39624000000000004 0.5070087616291361 3.5652095705626183
31479 11259177 0.8060796041846381 -0.6961381589188868 0.67056 0.5070087616291361 3.5652095705626183
31480 11259177 0.8613439559632466 -0.6928136335859305 0.67056 0.5070087616291361 3.5652095705626183
31480 11390060 1.0222765562707885 0.11659026401454828 0.39624000000000004 0.5070087616291361 3.5652095705626183
31480 10605659 3.727445779994163 -0.3309692059877417 0.55626 0.5070087616291361 3.5652095705626183
31481 10605659 3.7144755472615216 -0.3124858708388454 0.55626 0.5070087616291361 3.5652095705626183
31481 11390060 1.0225874029119502 0.11643932907494814 0.39624000000000004 0.5070087616291361 3.5652095705626183
31481 11259177 0.9166083077418552 -0.6894891082529743 0.67056 0.5070087616291361 3.5652095705626183
31482 11259177 0.9704993994035331 -0.6822106567541326 0.67056 0.5070087616291361 3.5652095705626183
31482 11390060 1.022898249553112 0.116288394135348 0.39624000000000004 0.5070087616291361 3.5652095705626183
31482 10605659 3.6845590317748105 -0.27083406755802564 0.54864 0.5070087616291361 3.5652095705626183
31483 11390060 1.023209096194274 0.11613745919574787 0.39624000000000004 0.5070087616291361 3.5652095705626183
31483 11259177 1.0260392041031074 -0.6780405920628276 0.67056 0.5070087616291361 3.5652095705626183
31483 10605659 3.6531615695840376 -0.23372170453516442 0.54864 0.5070087616291361 3.5652095705626183
31484 10605659 3.5957260799136206 -0.17409462997404082 0.54102 0.5070087616291361 3.5652095705626183
31484 11259177 1.0832307902070948 -0.6728908116976091 0.67056 0.5070087616291361 3.5652095705626183
31484 11390060 1.0235199428354356 0.11598652425614774 0.39624000000000004 0.5070087616291361 3.5652095705626183
31485 11259177 1.140422376311082 -0.6677410313323905 0.67056 0.5070087616291361 3.5652095705626183
31485 11390060 1.0238307894765974 0.1158355893165476 0.39624000000000004 0.5070087616291361 3.5652095705626183
31485 10605659 3.576244460176655 -0.154887726936259 0.54102 0.5070087616291361 3.5652095705626183
31486 10605659 3.510720854525772 -0.10698819585999134 0.5334 0.5070087616291361 3.5652095705626183
31486 11390060 1.0241416361177593 0.11568465437694747 0.39624000000000004 0.5070087616291361 3.5652095705626183
31486 11259177 1.1985071174081765 -0.6639338172217472 0.7010400000000001 0.5070087616291361 3.5652095705626183
31487 11390060 1.024452482758921 0.11553371943734733 0.39624000000000004 0.5070087616291361 3.5652095705626183
31487 11259177 1.2540462214141601 -0.6597619766469929 0.67056 0.5070087616291361 3.5652095705626183
31487 10605659 3.4697902921552144 -0.08276691400218941 0.5334 0.5070087616291361 3.5652095705626183
31488 11390060 1.0247633294000829 0.11538278449774719 0.39624000000000004 0.5070087616291361 3.5652095705626183
31488 11259177 1.3114410198390831 -0.65806505912692 0.67056 0.5070087616291361 3.5652095705626183
31488 10605659 3.428756582439923 -0.058862104997554426 0.52578 0.5070087616291361 3.5652095705626183
31489 11259177 1.3705988076184787 -0.6602146024363421 0.67056 0.5070087616291361 3.5652095705626183
31489 10605659 3.4045254518398442 -0.04604782915822006 0.52578 0.5070087616291361 3.5652095705626183
31489 11390060 1.0250741760412445 0.11523184955814707 0.39624000000000004 0.5070087616291361 3.5652095705626183
31490 11259177 1.4263900856015228 -0.6555398220422157 0.67056 0.5070087616291361 3.5652095705626183
31490 11390060 1.0253850226824064 0.11508091461854693 0.39624000000000004 0.5070087616291361 3.5652095705626183
31490 10605659 3.335564451345606 -0.017934074660354488 0.52578 0.5070087616291361 3.5652095705626183
31491 11259177 1.4860308951303913 -0.6553929750839177 0.67056 0.5070087616291361 3.5652095705626183
31491 11390060 1.0256958693235683 0.11492997967894679 0.39624000000000004 0.5070087616291361 3.5652095705626183
31491 10605659 3.2931240262739685 -0.0092223530312531 0.5181600000000001 0.5070087616291361 3.5652095705626183
31492 11259177 1.54618813308278 -0.6544797593901805 0.67056 0.5070087616291361 3.5652095705626183
31492 10605659 3.2784795333819754 -0.004442650065051762 0.5181600000000001 0.5070087616291361 3.5652095705626183
31492 11390060 1.02600671596473 0.11477904473934666 0.39624000000000004 0.5070087616291361 3.5652095705626183
31493 10605659 3.2638350404899823 0.000337052901149576 0.5181600000000001 0.5070087616291361 3.5652095705626183
31493 11390060 1.0263175626058918 0.11462810979974652 0.39624000000000004 0.5070087616291361 3.5652095705626183
31493 11259177 1.60409934011711 -0.6511970463497699 0.67056 0.5070087616291361 3.5652095705626183
31494 11259177 1.6655498775219335 -0.6533921960240915 0.67056 0.5070087616291361 3.5652095705626183
31494 11390060 1.0266284092470537 0.11447717486014639 0.39624000000000004 0.5070087616291361 3.5652095705626183
31494 10605659 3.195827674806405 0.01096925458786821 0.5181600000000001 0.5070087616291361 3.5652095705626183
31495 10605659 3.1525357958563323 0.014352613431562439 0.51054 0.5070087616291361 3.5652095705626183
31495 11259177 1.7260377916653367 -0.6544544962971773 0.67056 0.5070087616291361 3.5652095705626183
31495 11390060 1.0269392558882153 0.11432623992054625 0.39624000000000004 0.5070087616291361 3.5652095705626183
31496 10605659 3.1022631718104137 0.020832506360296627 0.51054 0.5070087616291361 3.5652095705626183
31496 11390060 1.0272501025293772 0.11417530498094612 0.39624000000000004 0.5070087616291361 3.5652095705626183
31496 11259177 1.78652570580874 -0.6555167965702632 0.67056 0.5070087616291361 3.5652095705626183
31497 11390060 1.0275609491705389 0.11402437004134598 0.39624000000000004 0.5070087616291361 3.5652095705626183
31497 10605659 3.0550279734513683 0.02573720827949641 0.51054 0.5070087616291361 3.5652095705626183
31497 11259177 1.8485694247551758 -0.6531727064623287 0.67056 0.5070087616291361 3.5652095705626183
31498 11259177 1.9106131437016118 -0.6508286163543943 0.67056 0.5070087616291361 3.5652095705626183
31498 11390060 1.0278717958117007 0.11387343510174586 0.39624000000000004 0.5070087616291361 3.5652095705626183
31498 10605659 2.9901441671935753 0.025539221030838027 0.50292 0.5070087616291361 3.5652095705626183
31499 11259177 1.9742637558698721 -0.6544406459313169 0.67056 0.5070087616291361 3.5652095705626183
31499 11390060 1.0281826424528626 0.11372250016214572 0.39624000000000004 0.5070087616291361 3.5652095705626183
31499 10605659 2.947654543305969 0.02866189943490391 0.50292 0.5070087616291361 3.5652095705626183
31500 11390060 1.0284934890940243 0.11357156522254558 0.39624000000000004 0.5070087616291361 3.5652095705626183
31500 10605659 2.907754319351474 0.028836844265708733 0.50292 0.5070087616291361 3.5652095705626183
31500 11259177 2.0365063556519263 -0.6542046070791779 0.7010400000000001 0.5070087616291361 3.5652095705626183
31501 10605659 2.8551257820313802 0.02674213034043324 0.50292 0.5070087616291361 3.5652095705626183
31501 11259177 2.09755035838187 -0.6541021541349892 0.7010400000000001 0.5070087616291361 3.5652095705626183
31501 11390060 1.0288043357351861 0.11342063028294544 0.39624000000000004 0.5070087616291361 3.5652095705626183
31502 11259177 2.158594361111814 -0.6539997011908004 0.7010400000000001 0.5070087616291361 3.5652095705626183
31502 11390060 1.029115182376348 0.11326969534334531 0.39624000000000004 0.5070087616291361 3.5652095705626183
31502 10605659 2.813106137919357 0.029945775360233656 0.50292 0.5070087616291361 3.5652095705626183
31503 10605659 2.764147490880166 0.029574070163531113 0.4953 0.5070087616291361 3.5652095705626183
31503 11259177 2.218313746628581 -0.6538729055876776 0.7010400000000001 0.5070087616291361 3.5652095705626183
31503 11390060 1.0294260290175097 0.11311876040374517 0.39624000000000004 0.5070087616291361 3.5652095705626183
31504 11259177 2.2792913076688333 -0.658595544865271 0.7010400000000001 0.5070087616291361 3.5652095705626183
31504 10605659 2.7016111338472495 0.02569171138678697 0.4953 0.5070087616291361 3.5652095705626183
31504 11390060 1.0297368756586716 0.11296782546414505 0.39624000000000004 0.5070087616291361 3.5652095705626183
31505 11390060 1.0300477222998332 0.11281689052454491 0.39624000000000004 0.5070087616291361 3.5652095705626183
31505 11259177 2.343113573964448 -0.6616764336116291 0.7010400000000001 0.5070087616291361 3.5652095705626183
31505 10605659 2.6648513393906548 0.024609019912849722 0.48768 0.5070087616291361 3.5652095705626183
31506 10605659 2.6253545114361554 0.02874234498807557 0.48768 0.5070087616291361 3.5652095705626183
31506 11259177 2.405217488200454 -0.6618594234041104 0.7010400000000001 0.5070087616291361 3.5652095705626183
31506 11390060 1.030358568940995 0.11266595558494477 0.39624000000000004 0.5070087616291361 3.5652095705626183
31507 11259177 2.4676422643658067 -0.6621466673700801 0.7010400000000001 0.5070087616291361 3.5652095705626183
31507 11390060 1.030669415582157 0.11251502064534463 0.39624000000000004 0.5070087616291361 3.5652095705626183
31507 10605659 2.6028638596290303 0.027849403409920565 0.48768 0.5070087616291361 3.5652095705626183
31508 11259177 2.5291482071034666 -0.6647034299557825 0.7010400000000001 0.5070087616291361 3.5652095705626183
31508 10605659 2.580373207821905 0.02695646183176556 0.48768 0.5070087616291361 3.5652095705626183
31508 11390060 1.0309802622233186 0.1123640857057445 0.39624000000000004 0.5070087616291361 3.5652095705626183
31509 11259177 2.59071115974739 -0.667628755164776 0.7010400000000001 0.5070087616291361 3.5652095705626183
31509 11390060 1.0312911088644805 0.11221315076614437 0.39624000000000004 0.5070087616291361 3.5652095705626183
31509 10605659 2.525098027069629 0.028998954789111603 0.48006 0.5070087616291361 3.5652095705626183
31510 10605659 2.485859058000814 0.024404240797959803 0.48006 0.5070087616291361 3.5652095705626183
31510 11259177 2.6538969016462497 -0.6731076029259796 0.7112 0.5070087616291361 3.5652095705626183
31510 11390060 1.0316019555056424 0.11206221582654423 0.39624000000000004 0.5070087616291361 3.5652095705626183
31511 10605659 2.4407175201556273 0.023489195761531717 0.48006 0.5070087616291361 3.5652095705626183
31511 11259177 2.7170826435451096 -0.678586450687183 0.72136 0.5070087616291361 3.5652095705626183
31511 11390060 1.031912802146804 0.1119112808869441 0.39624000000000004 0.5070087616291361 3.5652095705626183
31512 11259177 2.780268385443969 -0.6840652984483866 0.73152 0.5070087616291361 3.5652095705626183
31512 10605659 2.4022738418112777 0.025410726227602515 0.47243999999999997 0.5070087616291361 3.5652095705626183
31512 11390060 1.032223648787966 0.11176034594734396 0.39624000000000004 0.5070087616291361 3.5652095705626183
31513 11390060 1.0325344954291276 0.11160941100774383 0.39624000000000004 0.5070087616291361 3.5652095705626183
31513 11259177 2.840019867039513 -0.6962095347383863 0.73152 0.5070087616291361 3.5652095705626183
31513 10605659 2.360432897989388 0.022367099491302195 0.47243999999999997 0.5070087616291361 3.5652095705626183
31514 11259177 2.899771348635057 -0.7083537710283861 0.73152 0.5070087616291361 3.5652095705626183
31514 10605659 2.318030706884069 0.020324682780425235 0.47243999999999997 0.5070087616291361 3.5652095705626183
31514 11390060 1.0328453420702894 0.1114584760681437 0.39624000000000004 0.5070087616291361 3.5652095705626183
31515 11259177 2.9571515530049375 -0.7270823504816958 0.73152 0.5070087616291361 3.5652095705626183
31515 11390060 1.0331561887114513 0.11130754112854356 0.39624000000000004 0.5070087616291361 3.5652095705626183
31515 10605659 2.2790822367898196 0.022061192195963503 0.47243999999999997 0.5070087616291361 3.5652095705626183
31516 11259177 3.014531757374818 -0.7458109299350054 0.73152 0.5070087616291361 3.5652095705626183
31516 10605659 2.239350537577291 0.01867993269065868 0.46482000000000007 0.5070087616291361 3.5652095705626183
31516 11390060 1.033467035352613 0.11115660618894342 0.39624000000000004 0.5070087616291361 3.5652095705626183
31517 11390060 1.0337778819937748 0.1110056712493433 0.39624000000000004 0.5070087616291361 3.5652095705626183
31517 10605659 2.187716147327357 0.013928629753702376 0.46482000000000007 0.5070087616291361 3.5652095705626183
31517 11259177 3.0711899185719176 -0.7643030752607595 0.73152 0.5070087616291361 3.5652095705626183
31518 11259177 3.1246255082037875 -0.783962443124757 0.73152 0.5070087616291361 3.5652095705626183
31518 11390060 1.0340887286349367 0.11085473630974316 0.39624000000000004 0.5070087616291361 3.5652095705626183
31518 10605659 2.1602740797555096 0.012288180306780375 0.46101000000000003 0.5070087616291361 3.5652095705626183
31519 10605659 2.132832012183662 0.010647730859858373 0.45720000000000005 0.5070087616291361 3.5652095705626183
31519 11390060 1.0343995752760984 0.11070380137014302 0.39624000000000004 0.5070087616291361 3.5652095705626183
31519 11259177 3.176224291026389 -0.8081617060388024 0.73152 0.5070087616291361 3.5652095705626183
31520 11259177 3.2255149674072108 -0.8394337772204848 0.73152 0.5070087616291361 3.5652095705626183
31520 11390060 1.0347104219172603 0.11055286643054289 0.39624000000000004 0.5070087616291361 3.5652095705626183
31520 10605659 2.07936952233546 0.007370203778830214 0.45720000000000005 0.5070087616291361 3.5652095705626183
31521 11390060 1.035021268558422 0.11040193149094275 0.39624000000000004 0.5070087616291361 3.5652095705626183
31521 10605659 2.0439626812431704 0.007717803302671508 0.45529500000000006 0.5070087616291361 3.5652095705626183
31521 11259177 3.271709335605536 -0.8720312032872829 0.73152 0.5070087616291361 3.5652095705626183
31522 11259177 3.3148074084338957 -0.9059540465468631 0.73152 0.5070087616291361 3.5652095705626183
31522 11390060 1.0353321151995838 0.11025099655134261 0.39624000000000004 0.5070087616291361 3.5652095705626183
31522 10605659 2.0085558401508807 0.008065402826512802 0.45339000000000007 0.5070087616291361 3.5652095705626183
31523 10605659 1.9786750209856772 0.0076600536652281365 0.451485 0.5070087616291361 3.5652095705626183
31523 11390060 1.0356429618407457 0.11010006161174249 0.39624000000000004 0.5070087616291361 3.5652095705626183
31523 11259177 3.360210124235799 -0.9409790194315254 0.73152 0.5070087616291361 3.5652095705626183
31524 11390060 1.0359538084819073 0.10994912667214235 0.39624000000000004 0.5070087616291361 3.5652095705626183
31524 10605659 1.9487942018204736 0.007254704503943471 0.44958000000000004 0.5070087616291361 3.5652095705626183
31524 11259177 3.403408440573868 -0.9827602428198968 0.762 0.5070087616291361 3.5652095705626183
31525 11259177 3.4449919108335685 -1.0213274255571945 0.762 0.5070087616291361 3.5652095705626183
31525 11390060 1.0362646551230692 0.10979819173254221 0.39624000000000004 0.5070087616291361 3.5652095705626183
31525 10605659 1.9083188006328975 0.007038476482512351 0.44958000000000004 0.5070087616291361 3.5652095705626183
31526 11259177 3.485649412399489 -1.0545691664777006 0.762 0.5070087616291361 3.5652095705626183
31526 11390060 1.036575501764231 0.10964725679294209 0.39624000000000004 0.5070087616291361 3.5652095705626183
31526 10605659 1.870275608944844 0.008831861375802164 0.44196 0.5070087616291361 3.5652095705626183
31527 11390060 1.0368863484053927 0.10949632185334195 0.39624000000000004 0.5070087616291361 3.5652095705626183
31527 11259177 3.519386917546975 -1.100854934989268 0.762 0.5070087616291361 3.5652095705626183
31527 10605659 1.8414164196251948 0.010196136673087552 0.44196 0.5070087616291361 3.5652095705626183
31528 11259177 3.5506675361853 -1.1424254198280406 0.762 0.5070087616291361 3.5652095705626183
31528 10605659 1.8025897041116403 0.006871937322298738 0.43434000000000006 0.5070087616291361 3.5652095705626183
31528 11390060 1.0371971950465546 0.10934538691374181 0.39624000000000004 0.5070087616291361 3.5652095705626183
31529 11390060 1.0375080416877163 0.10919445197414168 0.39624000000000004 0.5070087616291361 3.5652095705626183
31529 10605659 1.7588008974924083 0.007388154342793607 0.43434000000000006 0.5070087616291361 3.5652095705626183
31529 11259177 3.5819481548236247 -1.183995904666813 0.762 0.5070087616291361 3.5652095705626183
31530 10605659 1.7148710722291227 0.003394600633119166 0.43434000000000006 0.5070087616291361 3.5652095705626183
31530 11259177 3.613145004128671 -1.2217423068496913 0.762 0.5070087616291361 3.5652095705626183
31531 11259177 3.6411277639868542 -1.2682519125970588 0.762 0.5070087616291361 3.5652095705626183
31531 10605659 1.6623651163182183 0.00033318011239774625 0.43434000000000006 0.5070087616291361 3.5652095705626183
31532 11259177 3.666542689878896 -1.3139234796110115 0.762 0.5070087616291361 3.5652095705626183
31532 10605659 1.629170693265559 0.0006609068142576502 0.42672000000000004 0.5070087616291361 3.5652095705626183
31533 10605659 1.58950972776054 0.001582191522995574 0.42672000000000004 0.5070087616291361 3.5652095705626183
31533 11259177 3.6907862603146757 -1.364819572310065 0.762 0.5070087616291361 3.5652095705626183
31534 10605659 1.5708719020809796 0.0022959091996841985 0.42672000000000004 0.5070087616291361 3.5652095705626183
31534 11259177 3.719022505641587 -1.411644804351852 0.762 0.5070087616291361 3.5652095705626183
31535 11259177 3.746639228205911 -1.460370253990862 0.762 0.5070087616291361 3.5652095705626183
31535 10605659 1.552234076401419 0.003009626876372823 0.42672000000000004 0.5070087616291361 3.5652095705626183
31536 10605659 1.4963111076683493 0.00036445884343687396 0.41910000000000003 0.5070087616291361 3.5652095705626183
31536 11259177 3.7685230339731794 -1.5089771919088686 0.77724 0.5070087616291361 3.5652095705626183
31537 10605659 1.4631622457410938 0.0005611905057239241 0.41910000000000003 0.5070087616291361 3.5652095705626183
31537 11259177 3.790406839740448 -1.557584129826875 0.7924800000000001 0.5070087616291361 3.5652095705626183
31538 11259177 3.809182591833851 -1.6089147453409363 0.7924800000000001 0.5070087616291361 3.5652095705626183
31538 10605659 1.4332726666180693 0.004483212968584185 0.41910000000000003 0.5070087616291361 3.5652095705626183
31539 10605659 1.3778647226798129 0.0009697115119446098 0.41148 0.5070087616291361 3.5652095705626183
31539 11259177 3.828360976390476 -1.6579235503097212 0.7924800000000001 0.5070087616291361 3.5652095705626183
31540 10605659 1.3455526366266264 0.00101043500154388 0.41148 0.5070087616291361 3.5652095705626183
31540 11259177 3.846181639018524 -1.711278286026933 0.7924800000000001 0.5070087616291361 3.5652095705626183
31541 10605659 1.3149407864242346 0.0051688672006686975 0.40386 0.5070087616291361 3.5652095705626183
31541 11259177 3.864002301646572 -1.764633021744145 0.7924800000000001 0.5070087616291361 3.5652095705626183
31542 10605659 1.2898581459041505 0.005184776860518443 0.40386 0.5070087616291361 3.5652095705626183
31542 11259177 3.88182296427462 -1.817987757461357 0.7924800000000001 0.5070087616291361 3.5652095705626183
31543 10605659 1.2647755053840664 0.005200686520368189 0.40386 0.5070087616291361 3.5652095705626183
31543 11259177 3.8952344611453045 -1.8678013083170375 0.7924800000000001 0.5070087616291361 3.5652095705626183
31544 10605659 1.206220392825652 0.002658061006504585 0.40386 0.5070087616291361 3.5652095705626183
31544 11259177 3.9102271938196154 -1.9225692697522463 0.7924800000000001 0.5070087616291361 3.5652095705626183
31545 11259177 3.9226640262326624 -1.9742839987792447 0.7924800000000001 0.5070087616291361 3.5652095705626183
31545 10605659 1.1813531730674904 0.003334099095941446 0.40386 0.5070087616291361 3.5652095705626183
31546 10605659 1.1564859533093288 0.004010137185378307 0.40386 0.5070087616291361 3.5652095705626183
31546 11259177 3.93748537991648 -2.029579828641721 0.7924800000000001 0.5070087616291361 3.5652095705626183
31547 10605659 1.1124420993518749 0.002393638287645772 0.40386 0.5070087616291361 3.5652095705626183
31547 11259177 3.9521927148800557 -2.0841374767106937 0.7924800000000001 0.5070087616291361 3.5652095705626183
31548 11259177 3.962852299458703 -2.139126728962972 0.7924800000000001 0.5070087616291361 3.5652095705626183
31548 10605659 1.085196322755636 0.0005466798879531221 0.40386 0.5070087616291361 3.5652095705626183
31549 10605659 1.0534025112815049 0.0038072434915767256 0.40386 0.5070087616291361 3.5652095705626183
31549 11259177 3.9735118840373502 -2.1941159812152495 0.7924800000000001 0.5070087616291361 3.5652095705626183
31550 10605659 1.0317996253376662 0.0037385735010172227 0.40005 0.5070087616291361 3.5652095705626183
31550 11259177 3.9820961758616145 -2.2494794225788994 0.7924800000000001 0.5070087616291361 3.5652095705626183
31551 11259177 3.990725929705988 -2.307427359662928 0.7924800000000001 0.5070087616291361 3.5652095705626183
31551 10605659 1.0101967393938276 0.00366990351045772 0.39624000000000004 0.5070087616291361 3.5652095705626183
31552 11259177 3.996902821220316 -2.3620053837053536 0.7924800000000001 0.5070087616291361 3.5652095705626183
31552 10605659 0.970740490088365 0.0035928804532989744 0.39624000000000004 0.5070087616291361 3.5652095705626183
31553 10605659 0.9613837461431436 0.003495528567670436 0.39624000000000004 0.5070087616291361 3.5652095705626183
31553 11259177 4.003945273063035 -2.4193769558304306 0.80772 0.5070087616291361 3.5652095705626183
31554 11259177 4.010987724905754 -2.476748527955507 0.82296 0.5070087616291361 3.5652095705626183
31554 10605659 0.9363038333448757 0.003114595700099623 0.397764 0.5070087616291361 3.5652095705626183
31555 10605659 0.9112239205466078 0.00273366283252881 0.39928800000000003 0.5070087616291361 3.5652095705626183
31555 11259177 4.017968326951546 -2.5315884456294286 0.82296 0.5070087616291361 3.5652095705626183
31556 10605659 0.8861440077483399 0.0023527299649579976 0.400812 0.5070087616291361 3.5652095705626183
31556 11259177 4.0193301315418255 -2.5845956691299543 0.82296 0.5070087616291361 3.5652095705626183
31557 10605659 0.8610640949500721 0.0019717970973871846 0.402336 0.5070087616291361 3.5652095705626183
31557 11259177 4.0232837513212045 -2.638915403192211 0.82296 0.5070087616291361 3.5652095705626183
31558 10605659 0.8359841821518041 0.0015908642298163717 0.40386 0.5070087616291361 3.5652095705626183
31558 11259177 4.023767917383984 -2.6954324656104145 0.82296 0.5070087616291361 3.5652095705626183
31559 11259177 4.024252083446764 -2.7519495280286184 0.82296 0.5070087616291361 3.5652095705626183
31559 10605659 0.8151736795067817 0.003133097081473052 0.39624000000000004 0.5070087616291361 3.5652095705626183
31560 10605659 0.7973406685442465 0.00019772917780432053 0.39624000000000004 0.5070087616291361 3.5652095705626183
31560 11259177 4.022816037775307 -2.806730583868965 0.82296 0.5070087616291361 3.5652095705626183
31561 11259177 4.021483513244662 -2.8611949446753497 0.82296 0.5070087616291361 3.5652095705626183
31561 10605659 0.7756587220198211 0.0017911464783376962 0.40386 0.5070087616291361 3.5652095705626183
31562 11259177 4.020888176979064 -2.9168048761078746 0.82296 0.5070087616291361 3.5652095705626183
31562 10605659 0.7546975605993499 0.0015135372637530425 0.40386 0.5070087616291361 3.5652095705626183
31563 10605659 0.7383004128237001 0.0016139564183529492 0.40386 0.5070087616291361 3.5652095705626183
31563 11259177 4.020292840713466 -2.9724148075403996 0.82296 0.5070087616291361 3.5652095705626183
31564 11259177 4.019697504447868 -3.0280247389729245 0.82296 0.5070087616291361 3.5652095705626183
31564 10605659 0.7093472282355093 0.0016112702713357574 0.40386 0.5070087616291361 3.5652095705626183
31565 11259177 4.01910216818227 -3.0836346704054494 0.82296 0.5070087616291361 3.5652095705626183
31565 10605659 0.6810120260608867 0.0002384904013726652 0.40386 0.5070087616291361 3.5652095705626183
31566 10605659 0.6713827790231812 0.00338486860118678 0.40386 0.5070087616291361 3.5652095705626183
31566 11259177 4.022449828702518 -3.1400924063633036 0.82296 0.5070087616291361 3.5652095705626183
31567 10605659 0.6573583990342149 0.002593335414641386 0.40386 0.5070087616291361 3.5652095705626183
31567 11259177 4.020986090115321 -3.1983682835479073 0.82296 0.5070087616291361 3.5652095705626183
31568 11259177 4.019522351528124 -3.256644160732511 0.82296 0.5070087616291361 3.5652095705626183
31568 10605659 0.6433340190452487 0.0018018022280959917 0.40386 0.5070087616291361 3.5652095705626183
31569 11259177 4.020747559418424 -3.3198850909381927 0.82296 0.5070087616291361 3.5652095705626183
31569 10605659 0.6260766432636925 0.0017162332810880115 0.40386 0.5070087616291361 3.5652095705626183
31570 11259177 4.019933086929649 -3.3760364569814616 0.80772 0.5070087616291361 3.5652095705626183
31570 10605659 0.6047500587668729 0.0033108493612817036 0.40386 0.5070087616291361 3.5652095705626183
31571 11259177 4.019118614440875 -3.4321878230247305 0.7924800000000001 0.5070087616291361 3.5652095705626183
31571 10605659 0.5878136294474892 0.0031205111833248964 0.40386 0.5070087616291361 3.5652095705626183
31572 10605659 0.5708772001281053 0.002930173005368089 0.40386 0.5070087616291361 3.5652095705626183
31572 11259177 4.018429511164147 -3.4942202655450854 0.7924800000000001 0.5070087616291361 3.5652095705626183
31573 10605659 0.5574215301441421 0.0034717461952738574 0.40386 0.5070087616291361 3.5652095705626183
31573 11259177 4.015476276721623 -3.55230213280823 0.80772 0.5070087616291361 3.5652095705626183
31574 11259177 4.012523042279098 -3.6103840000713743 0.82296 0.5070087616291361 3.5652095705626183
31574 10605659 0.5439658601601788 0.004013319385179626 0.40386 0.5070087616291361 3.5652095705626183
31575 10605659 0.5458452187807034 0.00400369044977521 0.4038824117647059 0.5070087616291361 3.5652095705626183
31575 11259177 4.0120532071542945 -3.6703852884904604 0.80772 0.5070087616291361 3.5652095705626183
31576 10605659 0.5477245774012279 0.003994061514370794 0.40390482352941176 0.5070087616291361 3.5652095705626183
31576 11259177 4.011583372029491 -3.7303865769095466 0.7924800000000001 0.5070087616291361 3.5652095705626183
31577 11259177 4.0129007486339345 -3.72760356357385 0.7923926021505378 0.5070087616291361 3.5652095705626183
31577 10605659 0.5496039360217525 0.00398443257896638 0.40392723529411767 0.5070087616291361 3.5652095705626183
31578 10605659 0.5514832946422772 0.003974803643561964 0.4039496470588235 0.5070087616291361 3.5652095705626183
31578 11259177 4.0142181252383775 -3.7248205502381535 0.7923052043010753 0.5070087616291361 3.5652095705626183
31579 10605659 0.5533626532628018 0.003965174708157548 0.40397205882352943 0.5070087616291361 3.5652095705626183
31579 11259177 4.015535501842821 -3.7220375369024574 0.792217806451613 0.5070087616291361 3.5652095705626183
31580 11259177 4.016852878447265 -3.719254523566761 0.7921304086021506 0.5070087616291361 3.5652095705626183
31580 10605659 0.5552420118833263 0.003955545772753133 0.4039944705882353 0.5070087616291361 3.5652095705626183
31581 10605659 0.5571213705038509 0.003945916837348718 0.4040168823529412 0.5070087616291361 3.5652095705626183
31581 11259177 4.018170255051708 -3.7164715102310644 0.7920430107526882 0.5070087616291361 3.5652095705626183
31582 10605659 0.5590007291243755 0.003936287901944302 0.40403929411764705 0.5070087616291361 3.5652095705626183
31582 11259177 4.019487631656152 -3.713688496895368 0.7919556129032259 0.5070087616291361 3.5652095705626183
31583 10605659 0.5608800877449001 0.003926658966539887 0.40406170588235296 0.5070087616291361 3.5652095705626183
31583 11259177 4.020805008260596 -3.7109054835596713 0.7918682150537635 0.5070087616291361 3.5652095705626183
31584 10605659 0.5627594463654247 0.003917030031135471 0.4040841176470588 0.5070087616291361 3.5652095705626183
31584 11259177 4.022122384865039 -3.7081224702239752 0.7917808172043012 0.5070087616291361 3.5652095705626183
31585 10605659 0.5646388049859493 0.003907401095731056 0.4041065294117647 0.5070087616291361 3.5652095705626183
31585 11259177 4.023439761469483 -3.7053394568882787 0.7916934193548388 0.5070087616291361 3.5652095705626183
31586 11259177 4.024757138073927 -3.702556443552582 0.7916060215053764 0.5070087616291361 3.5652095705626183
31586 10605659 0.5665181636064739 0.0038977721603266407 0.4041289411764706 0.5070087616291361 3.5652095705626183
31587 10605659 0.5683975222269985 0.003888143224922225 0.4041513529411765 0.5070087616291361 3.5652095705626183
31587 11259177 4.02607451467837 -3.6997734302168857 0.7915186236559141 0.5070087616291361 3.5652095705626183
31588 10605659 0.570276880847523 0.00387851428951781 0.40417376470588234 0.5070087616291361 3.5652095705626183
31588 11259177 4.0273918912828135 -3.696990416881189 0.7914312258064516 0.5070087616291361 3.5652095705626183
31589 10605659 0.5721562394680476 0.0038688853541133943 0.40419617647058825 0.5070087616291361 3.5652095705626183
31589 11259177 4.028709267887257 -3.694207403545493 0.7913438279569893 0.5070087616291361 3.5652095705626183
31590 11259177 4.0300266444917 -3.6914243902097965 0.791256430107527 0.5070087616291361 3.5652095705626183
31590 10605659 0.5740355980885723 0.003859256418708979 0.4042185882352941 0.5070087616291361 3.5652095705626183
31591 11259177 4.031344021096144 -3.6886413768741 0.7911690322580646 0.5070087616291361 3.5652095705626183
31591 10605659 0.5759149567090969 0.0038496274833045635 0.404241 0.5070087616291361 3.5652095705626183
31592 11259177 4.032661397700588 -3.6858583635384035 0.7910816344086022 0.5070087616291361 3.5652095705626183
31592 10605659 0.5777943153296214 0.0038399985479001483 0.40426341176470587 0.5070087616291361 3.5652095705626183
31593 10605659 0.579673673950146 0.0038303696124957327 0.4042858235294118 0.5070087616291361 3.5652095705626183
31593 11259177 4.033978774305031 -3.683075350202707 0.7909942365591398 0.5070087616291361 3.5652095705626183
31594 10605659 0.5815530325706706 0.0038207406770913175 0.40430823529411763 0.5070087616291361 3.5652095705626183
31594 11259177 4.035296150909475 -3.6802923368670104 0.7909068387096775 0.5070087616291361 3.5652095705626183
31595 10605659 0.5834323911911952 0.003811111741686902 0.40433064705882354 0.5070087616291361 3.5652095705626183
31595 11259177 4.036613527513919 -3.6775093235313143 0.7908194408602152 0.5070087616291361 3.5652095705626183
31596 10605659 0.5853117498117199 0.0038014828062824866 0.4043530588235294 0.5070087616291361 3.5652095705626183
31596 11259177 4.037930904118362 -3.674726310195618 0.7907320430107527 0.5070087616291361 3.5652095705626183
31597 10605659 0.5871911084322444 0.003791853870878071 0.4043754705882353 0.5070087616291361 3.5652095705626183
31597 11259177 4.039248280722806 -3.6719432968599213 0.7906446451612904 0.5070087616291361 3.5652095705626183
31598 11259177 4.040565657327249 -3.6691602835242247 0.7905572473118281 0.5070087616291361 3.5652095705626183
31598 10605659 0.589070467052769 0.003782224935473656 0.40439788235294116 0.5070087616291361 3.5652095705626183
31599 10605659 0.5909498256732936 0.00377259600006924 0.4044202941176471 0.5070087616291361 3.5652095705626183
31599 11259177 4.0418830339316925 -3.666377270188528 0.7904698494623656 0.5070087616291361 3.5652095705626183
31600 11259177 4.043200410536136 -3.663594256852832 0.7903824516129033 0.5070087616291361 3.5652095705626183
31600 10605659 0.5928291842938181 0.003762967064664825 0.4044427058823529 0.5070087616291361 3.5652095705626183
31601 10605659 0.5947085429143427 0.0037533381292604094 0.40446511764705884 0.5070087616291361 3.5652095705626183
31601 11259177 4.044517787140579 -3.6608112435171356 0.7902950537634409 0.5070087616291361 3.5652095705626183
31602 10605659 0.5965879015348674 0.003743709193855994 0.4044875294117647 0.5070087616291361 3.5652095705626183
31602 11259177 4.045835163745023 -3.658028230181439 0.7902076559139786 0.5070087616291361 3.5652095705626183
31603 10605659 0.598467260155392 0.0037340802584515786 0.4045099411764706 0.5070087616291361 3.5652095705626183
31603 11259177 4.047152540349467 -3.6552452168457426 0.7901202580645162 0.5070087616291361 3.5652095705626183
31604 11259177 4.04846991695391 -3.652462203510046 0.7900328602150538 0.5070087616291361 3.5652095705626183
31604 10605659 0.6003466187759166 0.0037244513230471634 0.40453235294117645 0.5070087616291361 3.5652095705626183
31605 11259177 4.049787293558354 -3.64967919017435 0.7899454623655915 0.5070087616291361 3.5652095705626183
31605 10605659 0.6022259773964411 0.0037148223876427478 0.40455476470588236 0.5070087616291361 3.5652095705626183
31606 11259177 4.051104670162798 -3.6468961768386534 0.789858064516129 0.5070087616291361 3.5652095705626183
31606 10605659 0.6041053360169657 0.0037051934522383326 0.4045771764705882 0.5070087616291361 3.5652095705626183
31607 11259177 4.052422046767241 -3.644113163502957 0.7897706666666667 0.5070087616291361 3.5652095705626183
31607 10605659 0.6059846946374903 0.003695564516833917 0.4045995882352941 0.5070087616291361 3.5652095705626183
31608 11259177 4.053739423371685 -3.6413301501672604 0.7896832688172044 0.5070087616291361 3.5652095705626183
31608 10605659 0.6078640532580148 0.0036859355814295018 0.404622 0.5070087616291361 3.5652095705626183
31609 11259177 4.0550567999761284 -3.638547136831564 0.789595870967742 0.5070087616291361 3.5652095705626183
31609 10605659 0.6097434118785395 0.003676306646025086 0.4046444117647059 0.5070087616291361 3.5652095705626183
31610 11259177 4.056374176580571 -3.6357641234958678 0.7895084731182797 0.5070087616291361 3.5652095705626183
31610 10605659 0.6116227704990641 0.003666677710620671 0.40466682352941175 0.5070087616291361 3.5652095705626183
31611 11259177 4.057691553185015 -3.6329811101601712 0.7894210752688173 0.5070087616291361 3.5652095705626183
31611 10605659 0.6135021291195887 0.0036570487752162553 0.40468923529411766 0.5070087616291361 3.5652095705626183
31612 11259177 4.059008929789459 -3.6301980968244747 0.7893336774193549 0.5070087616291361 3.5652095705626183
31612 10605659 0.6153814877401133 0.00364741983981184 0.4047116470588235 0.5070087616291361 3.5652095705626183
31613 11259177 4.060326306393902 -3.627415083488778 0.7892462795698926 0.5070087616291361 3.5652095705626183
31613 10605659 0.6172608463606378 0.0036377909044074245 0.4047340588235294 0.5070087616291361 3.5652095705626183
31614 11259177 4.061643682998346 -3.6246320701530816 0.7891588817204301 0.5070087616291361 3.5652095705626183
31614 10605659 0.6191402049811625 0.0036281619690030093 0.4047564705882353 0.5070087616291361 3.5652095705626183
31615 11259177 4.06296105960279 -3.6218490568173856 0.7890714838709678 0.5070087616291361 3.5652095705626183
31615 10605659 0.6210195636016871 0.0036185330335985937 0.4047788823529412 0.5070087616291361 3.5652095705626183
31616 10605659 0.6228989222222117 0.0036089040981941785 0.40480129411764704 0.5070087616291361 3.5652095705626183
31616 11259177 4.064278436207233 -3.619066043481689 0.7889840860215055 0.5070087616291361 3.5652095705626183
31617 11259177 4.065595812811677 -3.6162830301459925 0.7888966881720431 0.5070087616291361 3.5652095705626183
31617 10605659 0.6247782808427362 0.003599275162789763 0.40482370588235295 0.5070087616291361 3.5652095705626183
31618 11259177 4.066913189416121 -3.613500016810296 0.7888092903225807 0.5070087616291361 3.5652095705626183
31618 10605659 0.6266576394632608 0.0035896462273853477 0.4048461176470588 0.5070087616291361 3.5652095705626183
31619 10605659 0.6285369980837854 0.003580017291980932 0.4048685294117647 0.5070087616291361 3.5652095705626183
31619 11259177 4.0682305660205635 -3.6107170034745995 0.7887218924731183 0.5070087616291361 3.5652095705626183
31620 11259177 4.069547942625007 -3.6079339901389034 0.788634494623656 0.5070087616291361 3.5652095705626183
31620 10605659 0.63041635670431 0.003570388356576517 0.40489094117647056 0.5070087616291361 3.5652095705626183
31621 11259177 4.070865319229451 -3.605150976803207 0.7885470967741937 0.5070087616291361 3.5652095705626183
31621 10605659 0.6322957153248346 0.0035607594211721012 0.4049133529411765 0.5070087616291361 3.5652095705626183
31622 11259177 4.072182695833894 -3.6023679634675103 0.7884596989247312 0.5070087616291361 3.5652095705626183
31622 10605659 0.6341750739453592 0.003551130485767686 0.40493576470588233 0.5070087616291361 3.5652095705626183
31623 10605659 0.6360544325658838 0.0035415015503632704 0.40495817647058824 0.5070087616291361 3.5652095705626183
31623 11259177 4.073500072438338 -3.599584950131814 0.7883723010752689 0.5070087616291361 3.5652095705626183
31624 10605659 0.6379337911864084 0.0035318726149588552 0.4049805882352941 0.5070087616291361 3.5652095705626183
31624 11259177 4.074817449042782 -3.5968019367961173 0.7882849032258066 0.5070087616291361 3.5652095705626183
31625 11259177 4.076134825647225 -3.594018923460421 0.7881975053763441 0.5070087616291361 3.5652095705626183
31625 10605659 0.6398131498069329 0.0035222436795544396 0.405003 0.5070087616291361 3.5652095705626183
31626 10605659 0.6416925084274575 0.0035126147441500244 0.40502541176470586 0.5070087616291361 3.5652095705626183
31626 11259177 4.077452202251669 -3.5912359101247247 0.7881101075268818 0.5070087616291361 3.5652095705626183
31627 11259177 4.078769578856113 -3.588452896789028 0.7880227096774194 0.5070087616291361 3.5652095705626183
31627 10605659 0.6435718670479822 0.003502985808745609 0.40504782352941177 0.5070087616291361 3.5652095705626183
31628 10605659 0.6454512256685068 0.003493356873341193 0.4050702352941176 0.5070087616291361 3.5652095705626183
31628 11259177 4.080086955460556 -3.5856698834533316 0.7879353118279571 0.5070087616291361 3.5652095705626183
31629 11259177 4.0814043320649995 -3.582886870117635 0.7878479139784947 0.5070087616291361 3.5652095705626183
31629 10605659 0.6473305842890313 0.003483727937936778 0.40509264705882353 0.5070087616291361 3.5652095705626183
31630 11259177 4.082721708669443 -3.5801038567819385 0.7877605161290323 0.5070087616291361 3.5652095705626183
31630 10605659 0.6492099429095559 0.003474099002532363 0.4051150588235294 0.5070087616291361 3.5652095705626183
31631 11259177 4.084039085273886 -3.5773208434462425 0.78767311827957 0.5070087616291361 3.5652095705626183
31631 10605659 0.6510893015300805 0.003464470067127947 0.4051374705882353 0.5070087616291361 3.5652095705626183
31632 11259177 4.08535646187833 -3.574537830110546 0.7875857204301075 0.5070087616291361 3.5652095705626183
31632 10605659 0.6529686601506051 0.0034548411317235315 0.4051598823529412 0.5070087616291361 3.5652095705626183
31633 11259177 4.086673838482774 -3.5717548167748494 0.7874983225806452 0.5070087616291361 3.5652095705626183
31633 10605659 0.6548480187711297 0.0034452121963191164 0.40518229411764706 0.5070087616291361 3.5652095705626183
31634 10605659 0.6567273773916543 0.003435583260914701 0.40520470588235297 0.5070087616291361 3.5652095705626183
31634 11259177 4.087991215087217 -3.568971803439153 0.7874109247311829 0.5070087616291361 3.5652095705626183
31635 11259177 4.089308591691661 -3.5661887901034564 0.7873235268817205 0.5070087616291361 3.5652095705626183
31636 11259177 4.090625968296105 -3.5634057767677603 0.7872361290322581 0.5070087616291361 3.5652095705626183
