17699 10961125 1.079312643338327 -0.0011527458294566806 0.36576 4.295656849804978 1.727385837131815
17700 10961125 1.0523334441587393 0.000534910575052519 0.36576 4.295656849804978 1.727385837131815
17701 10961125 1.0228871930387875 0.00010801189506917663 0.39624000000000004 4.295656849804978 1.727385837131815
17702 10961125 0.9926729555689163 4.8956201597574744e-05 0.39624000000000004 4.295656849804978 1.727385837131815
17703 10961125 0.9632584716324631 0.001169698262673884 0.39624000000000004 4.295656849804978 1.727385837131815
17704 10961125 0.9338439876960101 0.0022904403237501932 0.39624000000000004 4.295656849804978 1.727385837131815
17705 10961125 0.9044295037595569 0.0034111823848265027 0.39624000000000004 4.295656849804978 1.727385837131815
17706 10961125 0.8793137058177447 0.0053668867910623905 0.39624000000000004 4.295656849804978 1.727385837131815
17707 10961125 0.8541979078759324 0.007322591197298278 0.39624000000000004 4.295656849804978 1.727385837131815
17708 10961125 0.8150012332217995 0.0026053067789294226 0.39624000000000004 4.295656849804978 1.727385837131815
17709 10961125 0.776875036574237 0.002795654352346688 0.39624000000000004 4.295656849804978 1.727385837131815
17710 10961125 0.7473548965589834 0.003503853391697037 0.41148000000000007 4.295656849804978 1.727385837131815
17711 10961125 0.7178347565437297 0.004212052431047386 0.42672000000000004 4.295656849804978 1.727385837131815
17712 10961125 0.6853163447919945 0.0052575590861501514 0.42672000000000004 4.295656849804978 1.727385837131815
17713 10961125 0.6604935735163164 0.008111277044327452 0.42672000000000004 4.295656849804978 1.727385837131815
17714 10961125 0.6356708022406384 0.010964995002504752 0.42672000000000004 4.295656849804978 1.727385837131815
17715 10961125 0.6085614357605722 0.014974963098632492 0.42672000000000004 4.295656849804978 1.727385837131815
17716 10961125 0.5814520692805061 0.018984931194760232 0.42672000000000004 4.295656849804978 1.727385837131815
17717 10961125 0.5443982311055326 0.013218282674461249 0.42672000000000004 4.295656849804978 1.727385837131815
17718 10961125 0.5144586961948233 0.013188219880073342 0.42672000000000004 4.295656849804978 1.727385837131815
17719 10961125 0.484519161284114 0.013158157085685435 0.42672000000000004 4.295656849804978 1.727385837131815
17720 10961125 0.4550722920094068 0.012733614437503746 0.45720000000000005 4.295656849804978 1.727385837131815
17721 10961125 0.42801090359688365 0.012814798320078917 0.45720000000000005 4.295656849804978 1.727385837131815
17722 10961125 0.40094951518436045 0.012895982202654088 0.45720000000000005 4.295656849804978 1.727385837131815
17723 10961125 0.37247218777406566 0.013264839545263737 0.45720000000000005 4.295656849804978 1.727385837131815
17724 10961125 0.3439948603637708 0.013633696887873387 0.45720000000000005 4.295656849804978 1.727385837131815
17725 10961125 0.3152276073375873 0.01678459089621369 0.45720000000000005 4.295656849804978 1.727385837131815
17726 10961125 0.2864603543114038 0.01993548490455399 0.45720000000000005 4.295656849804978 1.727385837131815
17727 10961125 0.2590883593366414 0.019067260787137857 0.45720000000000005 4.295656849804978 1.727385837131815
17728 10961125 0.23225703699595146 0.02012536462916878 0.45720000000000005 4.295656849804978 1.727385837131815
17729 10961125 0.19942616264444657 0.018587976266212697 0.45720000000000005 4.295656849804978 1.727385837131815
17730 10961125 0.16990100398308383 0.020643530486041756 0.45720000000000005 4.295656849804978 1.727385837131815
17731 10961125 0.1388834046574205 0.020850434808831517 0.45720000000000005 4.295656849804978 1.727385837131815
17732 10961125 0.10786580533175716 0.021057339131621278 0.45720000000000005 4.295656849804978 1.727385837131815
17733 10961125 0.07712413414941865 0.022108951345960928 0.47244 4.295656849804978 1.727385837131815
17734 10961125 0.04638246296708015 0.02316056356030058 0.48768 4.295656849804978 1.727385837131815
17735 10961125 0.016132682785868324 0.023000112255809446 0.48768 4.295656849804978 1.727385837131815
17736 10961125 -0.015722002804158253 0.02336434374866711 0.48768 4.295656849804978 1.727385837131815
17737 10961125 -0.056325594167399684 0.02413489294924001 0.48768 4.295656849804978 1.727385837131815
17738 10961125 -0.08232914572377181 0.0277274868577507 0.48768 4.295656849804978 1.727385837131815
17739 10961125 -0.12511062420293328 0.029443935794543935 0.48768 4.295656849804978 1.727385837131815
17740 10961125 -0.16379551893004315 0.03028908406934634 0.48768 4.295656849804978 1.727385837131815
17741 10961125 -0.20248041365715302 0.03113423234414874 0.48768 4.295656849804978 1.727385837131815
17742 10961125 -0.24116530838426287 0.03197938061895114 0.48768 4.295656849804978 1.727385837131815
17743 10961125 -0.2790084365358987 0.03576273732894111 0.48768 4.295656849804978 1.727385837131815
17744 10961125 -0.3168515646875345 0.039546094038931084 0.48768 4.295656849804978 1.727385837131815
17745 10961125 -0.35366800600338544 0.04375353205509899 0.48768 4.295656849804978 1.727385837131815
17746 10961125 -0.393668970611599 0.04555573711685071 0.48768 4.295656849804978 1.727385837131815
17747 10961125 -0.43366993521981256 0.047357942178602425 0.48768 4.295656849804978 1.727385837131815
17748 10961125 -0.4731938927049577 0.050348103789689486 0.48768 4.295656849804978 1.727385837131815
17749 10961125 -0.5131423761472587 0.05312676355763049 0.5181600000000001 4.295656849804978 1.727385837131815
17750 10961125 -0.5508757066160657 0.057927126759318326 0.5181600000000001 4.295656849804978 1.727385837131815
17751 10961125 -0.5886090370848727 0.06272748996100616 0.5181600000000001 4.295656849804978 1.727385837131815
17752 10961125 -0.626325132962869 0.06758103208439481 0.5181600000000001 4.295656849804978 1.727385837131815
17753 10961125 -0.6640412288408652 0.07243457420778346 0.5181600000000001 4.295656849804978 1.727385837131815
17754 10961125 -0.7007197931326561 0.07706602568414875 0.5181600000000001 4.295656849804978 1.727385837131815
17755 10961125 -0.7377451649981788 0.07900702788680816 0.5181600000000001 4.295656849804978 1.727385837131815
17756 10961125 -0.7772693196935949 0.08199888924663498 0.5181600000000001 4.295656849804978 1.727385837131815
17757 10961125 -0.8135855632428882 0.08773930379219566 0.5334000000000001 4.295656849804978 1.727385837131815
17758 10961125 -0.8499018067921815 0.09347971833775634 0.54864 4.295656849804978 1.727385837131815
17759 10961125 -0.8886443061979366 0.09831963715447276 0.54864 4.295656849804978 1.727385837131815
17760 10961125 -0.9248173245832139 0.10395537294148663 0.54864 4.295656849804978 1.727385837131815
17761 10961125 -0.9609903429684912 0.1095911087285005 0.54864 4.295656849804978 1.727385837131815
17762 10961125 -0.9934971783283314 0.11747503421581387 0.54864 4.295656849804978 1.727385837131815
17763 10961125 -1.0260040136881716 0.12535895970312724 0.54864 4.295656849804978 1.727385837131815
17764 10961125 -1.0618887916543918 0.13241992995731686 0.57912 4.295656849804978 1.727385837131815
17765 10961125 -1.0962636994344663 0.13594959955849592 0.57912 4.295656849804978 1.727385837131815
17766 10961125 -1.132050999223295 0.1342554219078248 0.57912 4.295656849804978 1.727385837131815
17767 10961125 -1.1678382990121237 0.1325612442571537 0.57912 4.295656849804978 1.727385837131815
17768 10961125 -1.2036255988009523 0.1308670666064826 0.57912 4.295656849804978 1.727385837131815
17769 10961125 -1.2392435435957758 0.12516491204055133 0.57912 4.295656849804978 1.727385837131815
17770 10961125 -1.2748614883905993 0.11946275747462007 0.57912 4.295656849804978 1.727385837131815
17771 10961125 -1.3077143635546327 0.1099940220744354 0.57912 4.295656849804978 1.727385837131815
17772 10961125 -1.3425975251784008 0.09499706624104001 0.59436 4.295656849804978 1.727385837131815
17773 10961125 -1.377480686802169 0.08000011040764463 0.6096 4.295656849804978 1.727385837131815
17774 10961125 -1.4103905480138 0.06085282636304376 0.6096 4.295656849804978 1.727385837131815
17775 10961125 -1.4389390329361098 0.040103999842268784 0.6096 4.295656849804978 1.727385837131815
17776 10961125 -1.4674875178584197 0.019355173321493807 0.6096 4.295656849804978 1.727385837131815
17777 10961125 -1.4947293112065736 -0.0069033805193487174 0.6096 4.295656849804978 1.727385837131815
17778 10961125 -1.5186094001607837 -0.038272789821948844 0.6096 4.295656849804978 1.727385837131815
17779 10961125 -1.542489489114994 -0.06964219912454897 0.6096 4.295656849804978 1.727385837131815
17780 10961125 -1.5663695780692042 -0.1010116084271491 0.6096 4.295656849804978 1.727385837131815
17781 10961125 -1.5855014029951573 -0.1350634049389481 0.6096 4.295656849804978 1.727385837131815
17782 10961125 -1.6015508286852684 -0.17123330591749888 0.6096 4.295656849804978 1.727385837131815
17783 10961125 -1.6176002543753796 -0.20740320689604966 0.6096 4.295656849804978 1.727385837131815
17784 10961125 -1.6309254470019818 -0.24814451650221295 0.6400800000000001 4.295656849804978 1.727385837131815
17785 10961125 -1.641072556655727 -0.2875885085353491 0.6400800000000001 4.295656849804978 1.727385837131815
17786 10961125 -1.6485024288620405 -0.32768754021893765 0.6400800000000001 4.295656849804978 1.727385837131815
17787 10961125 -1.6530217584862026 -0.3700237172753017 0.6400800000000001 4.295656849804978 1.727385837131815
17788 10961125 -1.6575410881103647 -0.41235989433166576 0.6400800000000001 4.295656849804978 1.727385837131815
17789 10961125 -1.6579504714282567 -0.4509577976074312 0.6400800000000001 4.295656849804978 1.727385837131815
17790 10961125 -1.6583598547461487 -0.48955570088319666 0.6400800000000001 4.295656849804978 1.727385837131815
17791 10961125 -1.6493927150269247 -0.5326222627585366 0.6400800000000001 4.295656849804978 1.727385837131815
17792 10961125 -1.6404255753077008 -0.5756888246338765 0.6400800000000001 4.295656849804978 1.727385837131815
17793 10961125 -1.6286323439425663 -0.614597122673996 0.6400800000000001 4.295656849804978 1.727385837131815
17794 10961125 -1.6097654178754048 -0.6560523785551695 0.6553200000000001 4.295656849804978 1.727385837131815
17795 10961125 -1.5908984918082434 -0.6975076344363431 0.67056 4.295656849804978 1.727385837131815
17796 10961125 -1.5657932186927341 -0.7366407515397568 0.67056 4.295656849804978 1.727385837131815
17797 10961125 -1.5406879455772249 -0.7757738686431707 0.67056 4.295656849804978 1.727385837131815
17798 10961125 -1.5155826724617156 -0.8149069857465844 0.67056 4.295656849804978 1.727385837131815
17799 10961125 -1.4922831780059551 -0.8523197854725415 0.67056 4.295656849804978 1.727385837131815
17800 10961125 -1.4566861774208841 -0.8874444432604628 0.67056 4.295656849804978 1.727385837131815
17801 10961125 -1.421089176835813 -0.9225691010483841 0.67056 4.295656849804978 1.727385837131815
17802 10961125 -1.385492176250742 -0.9576937588363054 0.67056 4.295656849804978 1.727385837131815
17803 10961125 -1.3434312453271804 -0.9866361865781547 0.67056 4.295656849804978 1.727385837131815
17804 10961125 -1.296980673865388 -1.0075885473854138 0.67056 4.295656849804978 1.727385837131815
17805 10961125 -1.2505301024035953 -1.0285409081926729 0.67056 4.295656849804978 1.727385837131815
17806 10961125 -1.2040795309418029 -1.049493268999932 0.67056 4.295656849804978 1.727385837131815
17807 10961125 -1.1510977904938509 -1.0654142843157406 0.67056 4.295656849804978 1.727385837131815
17808 10961125 -1.0981160500458986 -1.0813352996315493 0.67056 4.295656849804978 1.727385837131815
17809 10961125 -1.0453717229004538 -1.0939066932610968 0.67056 4.295656849804978 1.727385837131815
17810 10961125 -0.9895144423973394 -1.1054698415252775 0.67056 4.295656849804978 1.727385837131815
17811 10961125 -0.9336571618942251 -1.1170329897894584 0.67056 4.295656849804978 1.727385837131815
17812 10961125 -0.8777998813911108 -1.1285961380536391 0.67056 4.295656849804978 1.727385837131815
17813 10961125 -0.8234568023131159 -1.1365478230837271 0.67056 4.295656849804978 1.727385837131815
17814 10961125 -0.7646674040799526 -1.1482892600306265 0.67056 4.295656849804978 1.727385837131815
17815 10961125 -0.7101975457613192 -1.1555805218560724 0.67056 4.295656849804978 1.727385837131815
17816 10961125 -0.6527679492730799 -1.161969331926548 0.67056 4.295656849804978 1.727385837131815
17817 10961125 -0.5953383527848406 -1.168358141997024 0.67056 4.295656849804978 1.727385837131815
17818 10961125 -0.5378398065839816 -1.1745351449863228 0.67056 4.295656849804978 1.727385837131815
17819 10961125 -0.4789885686477007 -1.1813288432027904 0.67056 4.295656849804978 1.727385837131815
17820 10961125 -0.4201373307114198 -1.188122541419258 0.67056 4.295656849804978 1.727385837131815
17821 10961125 -0.3624210258666244 -1.1943106853298042 0.67056 4.295656849804978 1.727385837131815
17822 10961125 -0.304704721021829 -1.2004988292403507 0.67056 4.295656849804978 1.727385837131815
17823 10961125 -0.24538277825106505 -1.2065290624696714 0.6604000000000001 4.295656849804978 1.727385837131815
17824 10961125 -0.1860608354803011 -1.212559295698992 0.65024 4.295656849804978 1.727385837131815
17825 10961125 -0.1267388927095372 -1.2185895289283126 0.6400800000000001 4.295656849804978 1.727385837131815
17826 10961125 -0.06742505871106719 -1.2205660782560213 0.6400800000000001 4.295656849804978 1.727385837131815
17827 10961125 -0.007453102500752207 -1.2239252821157312 0.6400800000000001 4.295656849804978 1.727385837131815
17828 10961125 0.052518853709562774 -1.227284485975441 0.6400800000000001 4.295656849804978 1.727385837131815
17829 10961125 0.1093959964164668 -1.2353562370234383 0.6400800000000001 4.295656849804978 1.727385837131815
17830 10961125 0.16914983631541425 -1.2387011588404895 0.6400800000000001 4.295656849804978 1.727385837131815
17831 10961125 0.2289036762143617 -1.2420460806575409 0.6400800000000001 4.295656849804978 1.727385837131815
17832 10961125 0.28917608401796824 -1.249239786315359 0.6400800000000001 4.295656849804978 1.727385837131815
17833 10961125 0.34747846395172544 -1.2532191099141192 0.6400800000000001 4.295656849804978 1.727385837131815
17834 10961125 0.4070476193526768 -1.2576700477634621 0.6400800000000001 4.295656849804978 1.727385837131815
17835 10961125 0.46661677475362817 -1.2621209856128048 0.6400800000000001 4.295656849804978 1.727385837131815
17836 10961125 0.5230861960391876 -1.263280369931935 0.6400800000000001 4.295656849804978 1.727385837131815
17837 10961125 0.5813080089102286 -1.2672315462328805 0.6400800000000001 4.295656849804978 1.727385837131815
17838 10961125 0.6400523215309437 -1.270126071880247 0.6400800000000001 4.295656849804978 1.727385837131815
17839 10961125 0.6987966341516587 -1.2730205975276132 0.6400800000000001 4.295656849804978 1.727385837131815
17840 10961125 0.758480064378968 -1.2773892374591764 0.6400800000000001 4.295656849804978 1.727385837131815
17841 10961125 0.8181634946062772 -1.2817578773907397 0.6400800000000001 4.295656849804978 1.727385837131815
17842 10961125 0.8764194056731139 -1.285601066771353 0.6400800000000001 4.295656849804978 1.727385837131815
17843 10961125 0.9314916241805938 -1.2910321612550097 0.6400800000000001 4.295656849804978 1.727385837131815
17844 10961125 0.9865638426880737 -1.2964632557386664 0.6400800000000001 4.295656849804978 1.727385837131815
17845 10961125 1.0439575534811565 -1.3029440778132109 0.6400800000000001 4.295656849804978 1.727385837131815
17846 10961125 1.1041489831283173 -1.3101046201537723 0.6400800000000001 4.295656849804978 1.727385837131815
17847 10961125 1.16016039942782 -1.3170089747662783 0.6400800000000001 4.295656849804978 1.727385837131815
17848 10961125 1.216171815727323 -1.3239133293787846 0.6400800000000001 4.295656849804978 1.727385837131815
17849 10961125 1.27234059347579 -1.3270717022426257 0.6400800000000001 4.295656849804978 1.727385837131815
17850 10961125 1.3273608258073903 -1.3326582698467542 0.6400800000000001 4.295656849804978 1.727385837131815
17851 10961125 1.3848232630146966 -1.3389251995204026 0.6400800000000001 4.295656849804978 1.727385837131815
17852 10961125 1.4363669243768222 -1.3469968095395355 0.6400800000000001 4.295656849804978 1.727385837131815
17853 10961125 1.4879105857389479 -1.3550684195586684 0.6400800000000001 4.295656849804978 1.727385837131815
17854 10961125 1.5422757070827835 -1.3626590069096614 0.6096 4.295656849804978 1.727385837131815
17855 10961125 1.594609596105288 -1.3723893611951925 0.6096 4.295656849804978 1.727385837131815
17856 10961125 1.6469434851277927 -1.3821197154807237 0.6096 4.295656849804978 1.727385837131815
17857 10961125 1.7005157723348552 -1.392137045623903 0.6096 4.295656849804978 1.727385837131815
17858 10961125 1.7513183698289798 -1.4024759820166766 0.6096 4.295656849804978 1.727385837131815
17859 10961125 1.8021209673231045 -1.41281491840945 0.6096 4.295656849804978 1.727385837131815
17860 10961125 1.8554741969032493 -1.424862263440325 0.6096 4.295656849804978 1.727385837131815
17861 10961125 1.906604341506733 -1.4341972151594335 0.6096 4.295656849804978 1.727385837131815
17862 10961125 1.9577344861102168 -1.4435321668785424 0.6096 4.295656849804978 1.727385837131815
17863 10961125 2.006592319336053 -1.4557458471061202 0.6096 4.295656849804978 1.727385837131815
17864 10961125 2.055450152561889 -1.4679595273336978 0.6096 4.295656849804978 1.727385837131815
17865 10961125 2.103586679169889 -1.4783017257546829 0.6096 4.295656849804978 1.727385837131815
17866 10961125 2.1512063032275375 -1.4902269239444204 0.59436 4.295656849804978 1.727385837131815
17867 10961125 2.198825927285186 -1.5021521221341578 0.57912 4.295656849804978 1.727385837131815
17868 10961125 2.249990748560095 -1.5113792023157055 0.57912 4.295656849804978 1.727385837131815
17869 10961125 2.2916462339318704 -1.5249778544939492 0.6096 4.295656849804978 1.727385837131815
17870 10961125 2.340673536206813 -1.5320460779834133 0.59436 4.295656849804978 1.727385837131815
17871 10961125 2.389700838481756 -1.5391143014728776 0.57912 4.295656849804978 1.727385837131815
17872 10961125 2.4384923595438055 -1.547448437908295 0.57912 4.295656849804978 1.727385837131815
17873 10961125 2.4866549863589684 -1.5522668445993542 0.57912 4.295656849804978 1.727385837131815
17874 10961125 2.5348176131741313 -1.5570852512904132 0.57912 4.295656849804978 1.727385837131815
17875 10961125 2.5829802399892943 -1.5619036579814725 0.57912 4.295656849804978 1.727385837131815
17876 10961125 2.6289890417741226 -1.5624360815964753 0.57912 4.295656849804978 1.727385837131815
17877 10961125 2.674226570515903 -1.5571676536920402 0.57912 4.295656849804978 1.727385837131815
17878 10961125 2.7194640992576833 -1.5518992257876054 0.57912 4.295656849804978 1.727385837131815
17879 10961125 2.767918987649111 -1.5449353817868365 0.57912 4.295656849804978 1.727385837131815
17880 10961125 2.816627057072645 -1.5358344218598277 0.57912 4.295656849804978 1.727385837131815
17881 10961125 2.863060741051318 -1.522135917362158 0.57912 4.295656849804978 1.727385837131815
17882 10961125 2.9094944250299912 -1.5084374128644884 0.57912 4.295656849804978 1.727385837131815
17883 10961125 2.953653675230526 -1.4901414286763324 0.57912 4.295656849804978 1.727385837131815
17884 10961125 2.997491649244087 -1.4717404058437162 0.57912 4.295656849804978 1.727385837131815
17885 10961125 3.027459281609723 -1.4573788561438017 0.56896 4.295656849804978 1.727385837131815
17886 10961125 3.0574269139753594 -1.443017306443887 0.5588 4.295656849804978 1.727385837131815
17887 10961125 3.0873945463409953 -1.4286557567439724 0.54864 4.295656849804978 1.727385837131815
17888 10961125 3.1481601557709324 -1.3921234889119227 0.54864 4.295656849804978 1.727385837131815
17889 10961125 3.2089257652008696 -1.3555912210798728 0.54864 4.295656849804978 1.727385837131815
17890 10961125 3.2507947687344316 -1.3266175605710027 0.54864 4.295656849804978 1.727385837131815
17891 10961125 3.2878478607357264 -1.2960721822449837 0.54864 4.295656849804978 1.727385837131815
17892 10961125 3.3249009527370212 -1.2655268039189644 0.54864 4.295656849804978 1.727385837131815
17893 10961125 3.357172666080327 -1.2333042381272763 0.54864 4.295656849804978 1.727385837131815
17894 10961125 3.3889739970193737 -1.2011617422856875 0.54864 4.295656849804978 1.727385837131815
17895 10961125 3.417943705906726 -1.166810248121554 0.54864 4.295656849804978 1.727385837131815
17896 10961125 3.4469134147940785 -1.1324587539574207 0.54864 4.295656849804978 1.727385837131815
17897 10961125 3.474656678594858 -1.09642206911325 0.54864 4.295656849804978 1.727385837131815
17898 10961125 3.4954556806097052 -1.0580804720914299 0.5384800000000001 4.295656849804978 1.727385837131815
17899 10961125 3.5162546826245524 -1.0197388750696097 0.52832 4.295656849804978 1.727385837131815
17900 10961125 3.5370536846393996 -0.9813972780477896 0.5181600000000001 4.295656849804978 1.727385837131815
17901 10961125 3.5555620112081754 -0.9410038086489966 0.5181600000000001 4.295656849804978 1.727385837131815
17902 10961125 3.574070337776951 -0.9006103392502035 0.5181600000000001 4.295656849804978 1.727385837131815
17903 10961125 3.589705928871611 -0.8608564513091619 0.5181600000000001 4.295656849804978 1.727385837131815
17904 10961125 3.6031061394841952 -0.8197890994873787 0.5181600000000001 4.295656849804978 1.727385837131815
17905 10961125 3.617126412136919 -0.7768214558880773 0.5181600000000001 4.295656849804978 1.727385837131815
17906 10961125 3.6264847010515764 -0.735895370454068 0.5181600000000001 4.295656849804978 1.727385837131815
17907 10961125 3.6358429899662337 -0.6949692850200588 0.5181600000000001 4.295656849804978 1.727385837131815
17908 10961125 3.6410905413478982 -0.6543956307088076 0.5181600000000001 4.295656849804978 1.727385837131815
17909 10961125 3.6429437786967327 -0.6147001987662529 0.5181600000000001 4.295656849804978 1.727385837131815
17910 10961125 3.644624883285486 -0.5755326415832436 0.5181600000000001 4.295656849804978 1.727385837131815
17911 10961125 3.6443380789770665 -0.5457979679178615 0.5181600000000001 4.295656849804978 1.727385837131815
17912 10961125 3.644051274668647 -0.5160632942524795 0.5181600000000001 4.295656849804978 1.727385837131815
17913 10961125 3.6349128024446724 -0.4567194040377557 0.5181600000000001 4.295656849804978 1.727385837131815
17914 10961125 3.6253224668011503 -0.419714326917932 0.5181600000000001 4.295656849804978 1.727385837131815
17915 10961125 3.6157321311576283 -0.3827092497981083 0.5181600000000001 4.295656849804978 1.727385837131815
17916 10961125 3.599960972473446 -0.34777559671591707 0.5181600000000001 4.295656849804978 1.727385837131815
17917 10961125 3.584871201483017 -0.315108383006282 0.5181600000000001 4.295656849804978 1.727385837131815
17918 10961125 3.569781430492588 -0.282441169296647 0.5181600000000001 4.295656849804978 1.727385837131815
17919 10961125 3.551096079856153 -0.2526304746636482 0.50292 4.295656849804978 1.727385837131815
17920 10961125 3.532410729219718 -0.22281978003064937 0.48768 4.295656849804978 1.727385837131815
17921 10961125 3.5087142568391583 -0.19476118650661592 0.48768 4.295656849804978 1.727385837131815
17922 10961125 3.484235628894507 -0.17182062665297207 0.48768 4.295656849804978 1.727385837131815
17923 10961125 3.4549625029535864 -0.15268868371478775 0.48768 4.295656849804978 1.727385837131815
17924 10961125 3.42516054028934 -0.13653788761805682 0.48768 4.295656849804978 1.727385837131815
17925 10961125 3.3953585776250934 -0.1203870915213259 0.48768 4.295656849804978 1.727385837131815
17926 10961125 3.3646387246749283 -0.10568870529712873 0.48768 4.295656849804978 1.727385837131815
17927 10961125 3.3360615508506974 -0.09367530950043715 0.48768 4.295656849804978 1.727385837131815
17928 10961125 3.3034636101209256 -0.08554767199824473 0.48768 4.295656849804978 1.727385837131815
17929 10961125 3.2708656693911538 -0.07742003449605231 0.48768 4.295656849804978 1.727385837131815
17930 10961125 3.234982259648194 -0.07038090630041674 0.48768 4.295656849804978 1.727385837131815
17931 10961125 3.202101902811596 -0.06502265003869315 0.48768 4.295656849804978 1.727385837131815
17932 10961125 3.1693494463890204 -0.056551972141655 0.48768 4.295656849804978 1.727385837131815
17933 10961125 3.1361368032590717 -0.05085123561600166 0.47244 4.295656849804978 1.727385837131815
17934 10961125 3.102924160129123 -0.04515049909034832 0.45720000000000005 4.295656849804978 1.727385837131815
17935 10961125 3.0693792202884165 -0.039107428838081965 0.45720000000000005 4.295656849804978 1.727385837131815
17936 10961125 3.0358342877962396 -0.03306419898956284 0.45720000000000005 4.295656849804978 1.727385837131815
17937 10961125 2.9987783661887786 -0.031248292658897753 0.45720000000000005 4.295656849804978 1.727385837131815
17938 10961125 2.965891139436709 -0.027814082307920568 0.45720000000000005 4.295656849804978 1.727385837131815
17939 10961125 2.9330039126846392 -0.024379871956943383 0.45720000000000005 4.295656849804978 1.727385837131815
17940 10961125 2.892702200805605 -0.024073879481706834 0.45720000000000005 4.295656849804978 1.727385837131815
17941 10961125 2.8604839294781126 -0.02348602398664465 0.45720000000000005 4.295656849804978 1.727385837131815
17942 10961125 2.8223684321399016 -0.019746229934012594 0.45720000000000005 4.295656849804978 1.727385837131815
17943 10961125 2.7842529348016907 -0.016006435881380537 0.45720000000000005 4.295656849804978 1.727385837131815
17944 10961125 2.755176926437999 -0.014224398704812319 0.45720000000000005 4.295656849804978 1.727385837131815
17945 10961125 2.7275679078748287 -0.013388372663331413 0.45720000000000005 4.295656849804978 1.727385837131815
17946 10961125 2.6999588893116586 -0.012552346621850508 0.45720000000000005 4.295656849804978 1.727385837131815
17947 10961125 2.6453256285001867 -0.010720393901058806 0.45720000000000005 4.295656849804978 1.727385837131815
17948 10961125 2.616457348186927 -0.0066692772309003 0.45720000000000005 4.295656849804978 1.727385837131815
17949 10961125 2.584928121627699 -0.003968775064934427 0.45720000000000005 4.295656849804978 1.727385837131815
17950 10961125 2.5533988950684714 -0.0012682728989685532 0.45720000000000005 4.295656849804978 1.727385837131815
17951 10961125 2.5169242082667904 -0.004195674872001759 0.45720000000000005 4.295656849804978 1.727385837131815
17952 10961125 2.481689176698745 -0.00495764401039181 0.42672000000000004 4.295656849804978 1.727385837131815
17953 10961125 2.4430246107295677 -0.007520183629351168 0.45720000000000005 4.295656849804978 1.727385837131815
17954 10961125 2.4103012626044067 -0.00711597950224932 0.45720000000000005 4.295656849804978 1.727385837131815
17955 10961125 2.378823555686812 -0.004256212175345109 0.44196 4.295656849804978 1.727385837131815
17956 10961125 2.3473458487692165 -0.0013964448484408976 0.42672000000000004 4.295656849804978 1.727385837131815
17957 10961125 2.314656879039954 -0.0008862339816181064 0.42672000000000004 4.295656849804978 1.727385837131815
17958 10961125 2.273779680177585 -0.002608655285390088 0.42672000000000004 4.295656849804978 1.727385837131815
17959 10961125 2.244715124791865 -0.0002442962498346024 0.42672000000000004 4.295656849804978 1.727385837131815
17960 10961125 2.215512672622925 0.001697924902817033 0.42672000000000004 4.295656849804978 1.727385837131815
17961 10961125 2.1819611945862936 -0.0012478394784587732 0.42672000000000004 4.295656849804978 1.727385837131815
17962 10961125 2.1484097165496623 -0.004193603859734579 0.42672000000000004 4.295656849804978 1.727385837131815
17963 10961125 2.118964725184818 -0.004625048416729144 0.42672000000000004 4.295656849804978 1.727385837131815
17964 10961125 2.089475643761711 -0.0024719307659664957 0.42672000000000004 4.295656849804978 1.727385837131815
17965 10961125 2.0578312622801866 0.00015148800376121874 0.42672000000000004 4.295656849804978 1.727385837131815
17966 10961125 2.0218716648317168 -0.0028250355929772264 0.42672000000000004 4.295656849804978 1.727385837131815
17967 10961125 1.9916460832490561 -0.004286063701303897 0.42672000000000004 4.295656849804978 1.727385837131815
17968 10961125 1.9614205016663955 -0.005747091809630567 0.42672000000000004 4.295656849804978 1.727385837131815
17969 10961125 1.9264271693553954 -0.004132247533532418 0.42672000000000004 4.295656849804978 1.727385837131815
17970 10961125 1.8949805632013623 -0.005252557200650959 0.42672000000000004 4.295656849804978 1.727385837131815
17971 10961125 1.8635339570473293 -0.0063728668677695 0.42672000000000004 4.295656849804978 1.727385837131815
17972 10961125 1.8364174866495921 -0.0051104469625553595 0.39624000000000004 4.295656849804978 1.727385837131815
17973 10961125 1.807041080628459 -0.005329472768692972 0.39624000000000004 4.295656849804978 1.727385837131815
17974 10961125 1.772903457508125 -0.009250392274414487 0.39624000000000004 4.295656849804978 1.727385837131815
17975 10961125 1.7405347566729614 -0.008842366319121081 0.39624000000000004 4.295656849804978 1.727385837131815
17976 10961125 1.7093066535299977 -0.008748255587604295 0.39624000000000004 4.295656849804978 1.727385837131815
17977 10961125 1.678078550387034 -0.008654144856087509 0.39624000000000004 4.295656849804978 1.727385837131815
17978 10961125 1.6459320384904115 -0.007383573529374072 0.39624000000000004 4.295656849804978 1.727385837131815
17979 10961125 1.613785526593789 -0.006113002202660636 0.39624000000000004 4.295656849804978 1.727385837131815
17980 10961125 1.5816390146971666 -0.0048424308759471985 0.39624000000000004 4.295656849804978 1.727385837131815
17981 10961125 1.554704113391555 -0.005741135544863815 0.39624000000000004 4.295656849804978 1.727385837131815
17982 10961125 1.5213246006088905 -0.007338497846802877 0.39624000000000004 4.295656849804978 1.727385837131815
17983 10961125 1.4906015389071732 -0.006240234639591065 0.39624000000000004 4.295656849804978 1.727385837131815
17984 10961125 1.4598784772054558 -0.005141971432379253 0.39624000000000004 4.295656849804978 1.727385837131815
17985 10961125 1.4284059276637382 -0.0019879359229354188 0.36576 4.295656849804978 1.727385837131815
17986 10961125 1.3988384680526922 -0.0015198387817784802 0.36576 4.295656849804978 1.727385837131815
17987 10961125 1.3692710084416462 -0.0010517416406215416 0.36576 4.295656849804978 1.727385837131815
17988 10961125 1.3397035488306002 -0.0005836444994646028 0.36576 4.295656849804978 1.727385837131815
17989 10961125 1.3117935385600132 -0.0017471072040279034 0.36576 4.295656849804978 1.727385837131815
17990 10961125 1.2859538722767123 -0.0020096086786648704 0.36576 4.295656849804978 1.727385837131815
17991 10961125 1.2601142059934114 -0.0022721101533018373 0.36576 4.295656849804978 1.727385837131815
17992 10961125 1.2326570221100972 -0.0034079349288904173 0.36576 4.295656849804978 1.727385837131815
17993 10961125 1.205199838226783 -0.004543759704478997 0.36576 4.295656849804978 1.727385837131815
17994 10961125 1.1845619660332187 -0.002474813107670601 0.36576 4.295656849804978 1.727385837131815
17995 10961125 1.1844294590967737 -0.0024822675149593276 0.36576 4.295656849804978 1.727385837131815
17996 10961125 1.1842969521603284 -0.0024897219222480543 0.36576 4.295656849804978 1.727385837131815
17997 10961125 1.1841644452238833 -0.002497176329536781 0.36576 4.295656849804978 1.727385837131815
17998 10961125 1.1840319382874382 -0.0025046307368255076 0.36576 4.295656849804978 1.727385837131815
17999 10961125 1.183899431350993 -0.0025120851441142343 0.36576 4.295656849804978 1.727385837131815
18000 10961125 1.183766924414548 -0.0025195395514029605 0.36576 4.295656849804978 1.727385837131815
18001 10961125 1.1836344174781028 -0.002526993958691687 0.36576 4.295656849804978 1.727385837131815
18002 10961125 1.1835019105416575 -0.002534448365980414 0.36576 4.295656849804978 1.727385837131815
18003 10961125 1.1833694036052125 -0.0025419027732691405 0.36576 4.295656849804978 1.727385837131815
18004 10961125 1.1832368966687674 -0.002549357180557867 0.36576 4.295656849804978 1.727385837131815
18005 10961125 1.1831043897323221 -0.002556811587846594 0.36576 4.295656849804978 1.727385837131815
18006 10961125 1.182971882795877 -0.0025642659951353205 0.36576 4.295656849804978 1.727385837131815
18007 10961125 1.182839375859432 -0.002571720402424047 0.36576 4.295656849804978 1.727385837131815
18008 10961125 1.1827068689229867 -0.002579174809712774 0.36576 4.295656849804978 1.727385837131815
18009 10961125 1.1825743619865416 -0.0025866292170015 0.36576 4.295656849804978 1.727385837131815
18010 10961125 1.1824418550500966 -0.002594083624290227 0.36576 4.295656849804978 1.727385837131815
18011 10961125 1.1823093481136513 -0.0026015380315789535 0.36576 4.295656849804978 1.727385837131815
18012 10961125 1.1821768411772062 -0.00260899243886768 0.36576 4.295656849804978 1.727385837131815
18013 10961125 1.1820443342407612 -0.002616446846156407 0.36576 4.295656849804978 1.727385837131815
18014 10961125 1.1819118273043159 -0.0026239012534451335 0.36576 4.295656849804978 1.727385837131815
18015 10961125 1.1817793203678708 -0.00263135566073386 0.36576 4.295656849804978 1.727385837131815
18016 10961125 1.1816468134314257 -0.002638810068022587 0.36576 4.295656849804978 1.727385837131815
18017 10961125 1.1815143064949807 -0.0026462644753113135 0.36576 4.295656849804978 1.727385837131815
18018 10961125 1.1813817995585354 -0.00265371888260004 0.36576 4.295656849804978 1.727385837131815
18019 10961125 1.1812492926220903 -0.0026611732898887664 0.36576 4.295656849804978 1.727385837131815
18020 10961125 1.1811167856856453 -0.002668627697177493 0.36576 4.295656849804978 1.727385837131815
18021 10961125 1.1809842787492 -0.0026760821044662197 0.36576 4.295656849804978 1.727385837131815
18022 10961125 1.180851771812755 -0.0026835365117549464 0.36576 4.295656849804978 1.727385837131815
18023 10961125 1.1807192648763098 -0.002690990919043673 0.36576 4.295656849804978 1.727385837131815
18024 10961125 1.1805867579398646 -0.0026984453263323997 0.36576 4.295656849804978 1.727385837131815
18025 10961125 1.1804542510034195 -0.0027058997336211264 0.36576 4.295656849804978 1.727385837131815
18026 10961125 1.1803217440669744 -0.002713354140909853 0.36576 4.295656849804978 1.727385837131815
18027 10961125 1.1801892371305291 -0.0027208085481985798 0.36576 4.295656849804978 1.727385837131815
18028 10961125 1.180056730194084 -0.002728262955487306 0.36576 4.295656849804978 1.727385837131815
18029 10961125 1.179924223257639 -0.0027357173627760327 0.36576 4.295656849804978 1.727385837131815
18030 10961125 1.1797917163211937 -0.0027431717700647593 0.36576 4.295656849804978 1.727385837131815
18031 10961125 1.1796592093847487 -0.002750626177353486 0.36576 4.295656849804978 1.727385837131815
18032 10961125 1.1795267024483036 -0.0027580805846422127 0.36576 4.295656849804978 1.727385837131815
18033 10961125 1.1793941955118583 -0.0027655349919309393 0.36576 4.295656849804978 1.727385837131815
18034 10961125 1.1792616885754132 -0.002772989399219666 0.36576 4.295656849804978 1.727385837131815
18035 10961125 1.1791291816389682 -0.0027804438065083927 0.36576 4.295656849804978 1.727385837131815
18036 10961125 1.178996674702523 -0.0027878982137971194 0.36576 4.295656849804978 1.727385837131815
18037 10961125 1.1788641677660778 -0.002795352621085846 0.36576 4.295656849804978 1.727385837131815
18038 10961125 1.1787316608296328 -0.0028028070283745727 0.36576 4.295656849804978 1.727385837131815
18039 10961125 1.1785991538931875 -0.002810261435663299 0.36576 4.295656849804978 1.727385837131815
18040 10961125 1.1784666469567424 -0.0028177158429520256 0.36576 4.295656849804978 1.727385837131815
18041 10961125 1.1783341400202973 -0.0028251702502407523 0.36576 4.295656849804978 1.727385837131815
18042 10961125 1.178201633083852 -0.002832624657529479 0.36576 4.295656849804978 1.727385837131815
18043 10961125 1.178069126147407 -0.0028400790648182056 0.36576 4.295656849804978 1.727385837131815
18044 10961125 1.177936619210962 -0.0028475334721069323 0.36576 4.295656849804978 1.727385837131815
18045 10961125 1.1778041122745166 -0.002854987879395659 0.36576 4.295656849804978 1.727385837131815
18046 10961125 1.1776716053380716 -0.0028624422866843856 0.36576 4.295656849804978 1.727385837131815
18047 10961125 1.1775390984016265 -0.0028698966939731123 0.36576 4.295656849804978 1.727385837131815
18048 10961125 1.1774065914651812 -0.0028773511012618385 0.36576 4.295656849804978 1.727385837131815
18049 10961125 1.1772740845287362 -0.002884805508550565 0.36576 4.295656849804978 1.727385837131815
18050 10961125 1.177141577592291 -0.002892259915839292 0.36576 4.295656849804978 1.727385837131815
18051 10961125 1.1770090706558458 -0.0028997143231280186 0.36576 4.295656849804978 1.727385837131815
18052 10961125 1.1768765637194007 -0.0029071687304167452 0.36576 4.295656849804978 1.727385837131815
18053 10961125 1.1767440567829557 -0.002914623137705472 0.36576 4.295656849804978 1.727385837131815
18054 10961125 1.1766115498465104 -0.0029220775449941986 0.36576 4.295656849804978 1.727385837131815
