8713 11322591 1.688942973173321 4.991673387374711 0.82296 3.1738389325620426 4.048653824440098
8714 11322591 1.6819035063811012 4.953842564060711 0.82296 3.1738389325620426 4.048653824440098
8715 11322591 1.6759956088618522 4.91838744685974 0.82296 3.1738389325620426 4.048653824440098
8716 11322591 1.6681614024309952 4.8819262898012745 0.82296 3.1738389325620426 4.048653824440098
8717 11322591 1.6603271960001384 4.845465132742808 0.82296 3.1738389325620426 4.048653824440098
8718 11322591 1.6536259525488484 4.807582206747968 0.82296 3.1738389325620426 4.048653824440098
8719 11322591 1.645879519816605 4.767587436078732 0.82296 3.1738389325620426 4.048653824440098
8720 11322591 1.639547612442572 4.731920435631769 0.82296 3.1738389325620426 4.048653824440098
8721 11322591 1.63171967563148 4.695749331767386 0.82296 3.1738389325620426 4.048653824440098
8722 11322591 1.6238917388203882 4.659578227903004 0.82296 3.1738389325620426 4.048653824440098
8723 11322591 1.6168354844796582 4.621694529646732 0.82296 3.1738389325620426 4.048653824440098
8724 11322591 1.6109677801675188 4.593557481466499 0.82296 3.1738389325620426 4.048653824440098
8725 11322591 1.6051000758553795 4.565420433286267 0.82296 3.1738389325620426 4.048653824440098
8726 11322591 1.5947019761659116 4.518669124263272 0.82296 3.1738389325620426 4.048653824440098
8727 11322591 1.5843038764764437 4.4719178152402765 0.82296 3.1738389325620426 4.048653824440098
8728 11322591 1.57926114604478 4.430688951318544 0.7924800000000001 3.1738389325620426 4.048653824440098
8729 11322591 1.5752905785871922 4.400208629133569 0.7924800000000001 3.1738389325620426 4.048653824440098
8730 11322591 1.5713200111296046 4.369728306948595 0.7924800000000001 3.1738389325620426 4.048653824440098
8731 11322591 1.5690869767546123 4.319578290091584 0.7924800000000001 3.1738389325620426 4.048653824440098
8732 11322591 1.56685394237962 4.269428273234572 0.7924800000000001 3.1738389325620426 4.048653824440098
8733 11322591 1.567531558400602 4.2291338752978165 0.7924800000000001 3.1738389325620426 4.048653824440098
8734 11322591 1.5685344251847644 4.187389669041128 0.7924800000000001 3.1738389325620426 4.048653824440098
8735 11322591 1.5695372919689268 4.145645462784439 0.7924800000000001 3.1738389325620426 4.048653824440098
8736 11322591 1.5694451857712692 4.103266097279904 0.7924800000000001 3.1738389325620426 4.048653824440098
8737 11322591 1.5706986150429414 4.065003403842484 0.7924800000000001 3.1738389325620426 4.048653824440098
8738 11322591 1.570895805621996 4.02486616506341 0.7924800000000001 3.1738389325620426 4.048653824440098
8739 11322591 1.5710929962010503 3.9847289262843364 0.7924800000000001 3.1738389325620426 4.048653824440098
8740 11322591 1.5692509178777039 3.945141345139682 0.7924800000000001 3.1738389325620426 4.048653824440098
8741 11322591 1.5691939876365484 3.9028674419845477 0.7924800000000001 3.1738389325620426 4.048653824440098
8742 11322591 1.5665717386232165 3.8622497430464273 0.7924800000000001 3.1738389325620426 4.048653824440098
8743 11322591 1.5639494896098847 3.8216320441083065 0.7924800000000001 3.1738389325620426 4.048653824440098
8744 11322591 1.5609479451229678 3.779853196293316 0.7924800000000001 3.1738389325620426 4.048653824440098
8745 11322591 1.5553370098051373 3.7414973779760876 0.77724 3.1738389325620426 4.048653824440098
8746 11322591 1.5497260744873071 3.703141559658859 0.762 3.1738389325620426 4.048653824440098
8747 11322591 1.5424404794365492 3.66346375474676 0.7924800000000001 3.1738389325620426 4.048653824440098
8748 11322591 1.5345926619821706 3.6231518816435133 0.7924800000000001 3.1738389325620426 4.048653824440098
8749 11322591 1.527572795388288 3.585373356103008 0.762 3.1738389325620426 4.048653824440098
8750 11322591 1.5193327021644838 3.547935190403073 0.762 3.1738389325620426 4.048653824440098
8751 11322591 1.5110926089406795 3.510497024703138 0.762 3.1738389325620426 4.048653824440098
8752 11322591 1.5020634699473194 3.4747186802041643 0.77724 3.1738389325620426 4.048653824440098
8753 11322591 1.493034330953959 3.4389403357051904 0.7924800000000001 3.1738389325620426 4.048653824440098
8754 11322591 1.4835740363101406 3.401842525347191 0.7924800000000001 3.1738389325620426 4.048653824440098
8755 11322591 1.4771408456666721 3.365858409010551 0.7924800000000001 3.1738389325620426 4.048653824440098
8756 11322591 1.4716355212008816 3.3403193982871033 0.7924800000000001 3.1738389325620426 4.048653824440098
8757 11322591 1.4661301967350908 3.3147803875636557 0.7924800000000001 3.1738389325620426 4.048653824440098
8758 11322591 1.4575231016606476 3.271328638210052 0.7924800000000001 3.1738389325620426 4.048653824440098
8759 11322591 1.4489160065862043 3.227876888856448 0.7924800000000001 3.1738389325620426 4.048653824440098
8760 11322591 1.4424830362226435 3.191892726224731 0.7924800000000001 3.1738389325620426 4.048653824440098
8761 11322591 1.435843169649845 3.155275207619804 0.7924800000000001 3.1738389325620426 4.048653824440098
8762 11322591 1.4292033030770468 3.118657689014877 0.7924800000000001 3.1738389325620426 4.048653824440098
8763 11322591 1.4221840679268998 3.0808790299670408 0.762 3.1738389325620426 4.048653824440098
8764 11322591 1.4163508047501066 3.0426544044832666 0.762 3.1738389325620426 4.048653824440098
8765 11322591 1.4105175415733133 3.0044297789994925 0.762 3.1738389325620426 4.048653824440098
8766 11322591 1.4030259380998786 2.9641184311032855 0.762 3.1738389325620426 4.048653824440098
8767 11322591 1.3979182624981275 2.92349537366547 0.762 3.1738389325620426 4.048653824440098
8768 11322591 1.3902663949808627 2.8832364164128546 0.762 3.1738389325620426 4.048653824440098
8769 11322591 1.3826145274635981 2.8429774591602395 0.762 3.1738389325620426 4.048653824440098
8770 11322591 1.3743752841441874 2.805539113014973 0.762 3.1738389325620426 4.048653824440098
8771 11322591 1.3661360408247765 2.7681007668697064 0.762 3.1738389325620426 4.048653824440098
8772 11322591 1.3591172915996588 2.730322006401863 0.762 3.1738389325620426 4.048653824440098
8773 11322591 1.352478052976367 2.6937043569784356 0.762 3.1738389325620426 4.048653824440098
8774 11322591 1.345838814353075 2.6570867075550084 0.762 3.1738389325620426 4.048653824440098
8775 11322591 1.3364138011202842 2.6200942835839887 0.762 3.1738389325620426 4.048653824440098
8776 11322591 1.33047496451767 2.584532888316222 0.762 3.1738389325620426 4.048653824440098
8777 11322591 1.321785613339323 2.54951982197678 0.762 3.1738389325620426 4.048653824440098
8778 11322591 1.3148473588371776 2.511714790027112 0.762 3.1738389325620426 4.048653824440098
8779 11322591 1.307148342025458 2.4753850690694903 0.762 3.1738389325620426 4.048653824440098
8780 11322591 1.2994493252137382 2.4390553481118684 0.762 3.1738389325620426 4.048653824440098
8781 11322591 1.2900245063098454 2.402062883053014 0.762 3.1738389325620426 4.048653824440098
8782 11322591 1.2830062167651965 2.364284025450775 0.762 3.1738389325620426 4.048653824440098
8783 11322591 1.2747847394873975 2.326898347857042 0.762 3.1738389325620426 4.048653824440098
8784 11322591 1.2665632622095986 2.2895126702633095 0.762 3.1738389325620426 4.048653824440098
8785 11322591 1.2571040782690321 2.252414621163902 0.762 3.1738389325620426 4.048653824440098
8786 11322591 1.248334786431267 2.217427709829877 0.762 3.1738389325620426 4.048653824440098
8787 11322591 1.2392895851449255 2.1815963338993503 0.762 3.1738389325620426 4.048653824440098
8788 11322591 1.230244383858584 2.1457649579688236 0.762 3.1738389325620426 4.048653824440098
8789 11322591 1.2208197947474264 2.1087724457740884 0.762 3.1738389325620426 4.048653824440098
8790 11322591 1.2126603675859227 2.078006276759062 0.762 3.1738389325620426 4.048653824440098
8791 11322591 1.204500940424419 2.0472401077440354 0.762 3.1738389325620426 4.048653824440098
8792 11322591 1.1963415132629152 2.016473938729009 0.762 3.1738389325620426 4.048653824440098
8793 11322591 1.183982108688876 1.9703639932132804 0.762 3.1738389325620426 4.048653824440098
8794 11322591 1.1716227041148368 1.9242540476975514 0.762 3.1738389325620426 4.048653824440098
8795 11322591 1.1654784864738574 1.8888766808598092 0.762 3.1738389325620426 4.048653824440098
8796 11322591 1.1563749698779922 1.851779274957721 0.762 3.1738389325620426 4.048653824440098
8797 11322591 1.147261038651183 1.81573673328523 0.762 3.1738389325620426 4.048653824440098
8798 11322591 1.1381471074243736 1.7796941916127393 0.762 3.1738389325620426 4.048653824440098
8799 11322591 1.1286537929262848 1.7424905129828985 0.762 3.1738389325620426 4.048653824440098
8800 11322591 1.1223778368788886 1.706980976696098 0.762 3.1738389325620426 4.048653824440098
8801 11322591 1.1161018808314922 1.6714714404092972 0.762 3.1738389325620426 4.048653824440098
8802 11322591 1.1042708996904054 1.6352653024049444 0.762 3.1738389325620426 4.048653824440098
8803 11322591 1.0945017719712875 1.5972171396023933 0.762 3.1738389325620426 4.048653824440098
8804 11322591 1.0847326442521699 1.559168976799842 0.762 3.1738389325620426 4.048653824440098
8805 11322591 1.0752970099674224 1.5221411879606261 0.762 3.1738389325620426 4.048653824440098
8806 11322591 1.0658613756826751 1.4851133991214105 0.762 3.1738389325620426 4.048653824440098
8807 11322591 1.0564257413979277 1.4480856102821946 0.762 3.1738389325620426 4.048653824440098
8808 11322591 1.0470016561339763 1.41109299697183 0.762 3.1738389325620426 4.048653824440098
8809 11322591 1.0377208203259833 1.3739951657370204 0.762 3.1738389325620426 4.048653824440098
8810 11322591 1.0284399845179901 1.3368973345022108 0.762 3.1738389325620426 4.048653824440098
8811 11322591 1.0206100908230171 1.3004352626896751 0.762 3.1738389325620426 4.048653824440098
8812 11322591 1.0127801971280441 1.2639731908771397 0.762 3.1738389325620426 4.048653824440098
8813 11322591 1.0060840670932074 1.2260892017400455 0.762 3.1738389325620426 4.048653824440098
8814 11322591 0.9983600106389385 1.1861461342767192 0.762 3.1738389325620426 4.048653824440098
8815 11322591 0.9906359541846695 1.146203066813393 0.762 3.1738389325620426 4.048653824440098
8816 11322591 0.983550079947617 1.1082127939007047 0.762 3.1738389325620426 4.048653824440098
8817 11322591 0.9740573110943469 1.0710090024609868 0.762 3.1738389325620426 4.048653824440098
8818 11322591 0.9680507480162437 1.047191672160384 0.762 3.1738389325620426 4.048653824440098
8819 11322591 0.9620441849381404 1.0233743418597812 0.762 3.1738389325620426 4.048653824440098
8820 11322591 0.9560376218600372 0.9995570115591783 0.762 3.1738389325620426 4.048653824440098
8821 11322591 0.9386043914834401 0.9298994768593648 0.7924800000000001 3.1738389325620426 4.048653824440098
8822 11322591 0.9299223163207442 0.8951762571830667 0.7924800000000001 3.1738389325620426 4.048653824440098
8823 11322591 0.9212402411580481 0.8604530375067686 0.7924800000000001 3.1738389325620426 4.048653824440098
8824 11322591 0.9131037168250792 0.8267198394893734 0.7924800000000001 3.1738389325620426 4.048653824440098
8825 11322591 0.9049671924921102 0.7929866414719783 0.7924800000000001 3.1738389325620426 4.048653824440098
8826 11322591 0.8980514966195245 0.7589129510239112 0.7924800000000001 3.1738389325620426 4.048653824440098
8827 11322591 0.8911358007469388 0.7248392605758441 0.7924800000000001 3.1738389325620426 4.048653824440098
8828 11322591 0.8849126860233699 0.6894878230501167 0.7924800000000001 3.1738389325620426 4.048653824440098
8829 11322591 0.8793104628393241 0.6560364107002482 0.7924800000000001 3.1738389325620426 4.048653824440098
8830 11322591 0.8718321736994137 0.6209198772589977 0.7924800000000001 3.1738389325620426 4.048653824440098
8831 11322591 0.8643538845595032 0.585803343817747 0.7924800000000001 3.1738389325620426 4.048653824440098
8832 11322591 0.8581309482414795 0.5504518689764901 0.7924800000000001 3.1738389325620426 4.048653824440098
8833 11322591 0.8524944077237996 0.5168948628149352 0.7924800000000001 3.1738389325620426 4.048653824440098
8834 11322591 0.8457750743585895 0.48410056350380687 0.7924800000000001 3.1738389325620426 4.048653824440098
8835 11322591 0.8390557409933793 0.4513062641926785 0.7924800000000001 3.1738389325620426 4.048653824440098
8836 11322591 0.8314020929432765 0.4186420163130974 0.7924800000000001 3.1738389325620426 4.048653824440098
8837 11322591 0.822817935193667 0.38394526543675367 0.7924800000000001 3.1738389325620426 4.048653824440098
8838 11322591 0.8158821981368587 0.34613969489169355 0.7924800000000001 3.1738389325620426 4.048653824440098
8839 11322591 0.8085647194601422 0.3109706549645709 0.7924800000000001 3.1738389325620426 4.048653824440098
8840 11322591 0.8012472407834256 0.27580161503744827 0.7924800000000001 3.1738389325620426 4.048653824440098
8841 11322591 0.7924105137407443 0.24060326795697215 0.7924800000000001 3.1738389325620426 4.048653824440098
8842 11322591 0.7829529805162558 0.20350487810939083 0.82296 3.1738389325620426 4.048653824440098
8843 11322591 0.7755268916381587 0.16854658288133034 0.82296 3.1738389325620426 4.048653824440098
8844 11322591 0.7681008027600615 0.13358828765326983 0.82296 3.1738389325620426 4.048653824440098
8845 11322591 0.7589882747688179 0.09754545384117455 0.82296 3.1738389325620426 4.048653824440098
8846 11322591 0.7498757467775743 0.06150262002907929 0.82296 3.1738389325620426 4.048653824440098
8847 11322591 0.7418669480151504 0.028837625071165315 0.82296 3.1738389325620426 4.048653824440098
8848 11322591 0.7332373460031045 -0.005727413211741639 0.82296 3.1738389325620426 4.048653824440098
8849 11322591 0.7230074727596805 -0.041113081692942255 0.82296 3.1738389325620426 4.048653824440098
8850 11322591 0.7127775995162563 -0.07649875017414287 0.82296 3.1738389325620426 4.048653824440098
8851 11322591 0.702361533409674 -0.10837717619382586 0.82296 3.1738389325620426 4.048653824440098
8852 11322591 0.6920316938270465 -0.13999170548416934 0.82296 3.1738389325620426 4.048653824440098
8853 11322591 0.6817018542444191 -0.17160623477451278 0.82296 3.1738389325620426 4.048653824440098
8854 11322591 0.6705614942345327 -0.20570136617967166 0.82296 3.1738389325620426 4.048653824440098
8855 11322591 0.6594211342246463 -0.23979649758483054 0.82296 3.1738389325620426 4.048653824440098
8856 11322591 0.6452835706386374 -0.278987318899354 0.80772 3.1738389325620426 4.048653824440098
8857 11322591 0.6311460070526285 -0.31817814021387747 0.7924800000000001 3.1738389325620426 4.048653824440098
8858 11322591 0.6237305911823677 -0.34087303388340806 0.7924800000000001 3.1738389325620426 4.048653824440098
8859 11322591 0.6163151753121069 -0.36356792755293865 0.7924800000000001 3.1738389325620426 4.048653824440098
8860 11322591 0.6088997594418462 -0.38626282122246924 0.7924800000000001 3.1738389325620426 4.048653824440098
8861 11322591 0.5845840963114048 -0.46068095219731764 0.7924800000000001 3.1738389325620426 4.048653824440098
8862 11322591 0.5739404263275236 -0.4973333113897952 0.7924800000000001 3.1738389325620426 4.048653824440098
8863 11322591 0.5632967563436424 -0.5339856705822728 0.7924800000000001 3.1738389325620426 4.048653824440098
8864 11322591 0.5518598376599626 -0.5730658584899309 0.7924800000000001 3.1738389325620426 4.048653824440098
8865 11322591 0.5404229189762828 -0.6121460463975891 0.7924800000000001 3.1738389325620426 4.048653824440098
8866 11322591 0.5310003082773735 -0.6491389548446537 0.7924800000000001 3.1738389325620426 4.048653824440098
8867 11322591 0.5250852423601324 -0.6672420877061742 0.7924800000000001 3.1738389325620426 4.048653824440098
8868 11322591 0.5191701764428914 -0.6853452205676948 0.7924800000000001 3.1738389325620426 4.048653824440098
8869 11322591 0.4976176736849083 -0.760549326079443 0.7924800000000001 3.1738389325620426 4.048653824440098
8870 11322591 0.4863738902864454 -0.7949611103058819 0.7924800000000001 3.1738389325620426 4.048653824440098
8871 11322591 0.476916881954878 -0.832059592686729 0.7924800000000001 3.1738389325620426 4.048653824440098
8872 11322591 0.4656064272575173 -0.8708890115704853 0.80772 3.1738389325620426 4.048653824440098
8873 11322591 0.4542959725601565 -0.9097184304542415 0.82296 3.1738389325620426 4.048653824440098
8874 11322591 0.4496019917595505 -0.928162120244014 0.82296 3.1738389325620426 4.048653824440098
8875 11322591 0.4449080109589445 -0.9466058100337865 0.82296 3.1738389325620426 4.048653824440098
8876 11322591 0.4256367033965989 -1.0232561964552727 0.82296 3.1738389325620426 4.048653824440098
8877 11322591 0.41552453410659984 -1.0623603025506818 0.82296 3.1738389325620426 4.048653824440098
8878 11322591 0.40689217522242577 -1.1010133003841744 0.82296 3.1738389325620426 4.048653824440098
8879 11322591 0.3982598163382517 -1.139666298217667 0.82296 3.1738389325620426 4.048653824440098
8880 11322591 0.39124525131814164 -1.177445962596056 0.82296 3.1738389325620426 4.048653824440098
8881 11322591 0.38381688855408763 -1.2164923356927653 0.82296 3.1738389325620426 4.048653824440098
8882 11322591 0.3763885257900336 -1.2555387087894745 0.82296 3.1738389325620426 4.048653824440098
8883 11322591 0.36693187244823966 -1.2926372636162695 0.82296 3.1738389325620426 4.048653824440098
8884 11322591 0.35933118099683004 -1.3322114505406029 0.82296 3.1738389325620426 4.048653824440098
8885 11322591 0.35248304852135676 -1.370162288993938 0.82296 3.1738389325620426 4.048653824440098
8886 11322591 0.3456349160458835 -1.4081131274472731 0.82296 3.1738389325620426 4.048653824440098
8887 11322591 0.3392837742110794 -1.448621279564038 0.80772 3.1738389325620426 4.048653824440098
8888 11322591 0.33293263237627535 -1.489129431680803 0.7924800000000001 3.1738389325620426 4.048653824440098
8889 11322591 0.32600159949188995 -1.530733189226801 0.7924800000000001 3.1738389325620426 4.048653824440098
8890 11322591 0.31907056660750455 -1.5723369467727992 0.7924800000000001 3.1738389325620426 4.048653824440098
8891 11322591 0.31431145879244604 -1.6159938180025706 0.7924800000000001 3.1738389325620426 4.048653824440098
8892 11322591 0.30955235097738754 -1.6596506892323417 0.7924800000000001 3.1738389325620426 4.048653824440098
8893 11322591 0.3068250706197172 -1.7011675585717438 0.7924800000000001 3.1738389325620426 4.048653824440098
8894 11322591 0.30287362663187184 -1.746431767333496 0.7924800000000001 3.1738389325620426 4.048653824440098
8895 11322591 0.2989221826440265 -1.791695976095248 0.7924800000000001 3.1738389325620426 4.048653824440098
8896 11322591 0.29672448013753294 -1.8310492943317587 0.7924800000000001 3.1738389325620426 4.048653824440098
8897 11322591 0.2946006275913598 -1.8715365618441488 0.7924800000000001 3.1738389325620426 4.048653824440098
8898 11322591 0.29247677504518665 -1.9120238293565388 0.7924800000000001 3.1738389325620426 4.048653824440098
8899 11322591 0.2887964247755702 -1.9559162035528195 0.7924800000000001 3.1738389325620426 4.048653824440098
8900 11322591 0.286185356217301 -1.996536300900193 0.80772 3.1738389325620426 4.048653824440098
8901 11322591 0.2835742876590318 -2.0371563982475664 0.82296 3.1738389325620426 4.048653824440098
8902 11322591 0.2817440763522173 -2.0767465023130787 0.82296 3.1738389325620426 4.048653824440098
8903 11322591 0.27864426473237125 -2.119543383006573 0.82296 3.1738389325620426 4.048653824440098
8904 11322591 0.2755444531125252 -2.162340263700067 0.82296 3.1738389325620426 4.048653824440098
8905 11322591 0.2726579836627854 -2.203804911326426 0.82296 3.1738389325620426 4.048653824440098
8906 11322591 0.27076821276164675 -2.247113888747273 0.80772 3.1738389325620426 4.048653824440098
8907 11322591 0.26887844186050813 -2.29042286616812 0.7924800000000001 3.1738389325620426 4.048653824440098
8908 11322591 0.2665120733306763 -2.334919585260632 0.7924800000000001 3.1738389325620426 4.048653824440098
8909 11322591 0.2641457048008444 -2.379416304353144 0.7924800000000001 3.1738389325620426 4.048653824440098
8910 11322591 0.2650784457401941 -2.4222453963892296 0.7924800000000001 3.1738389325620426 4.048653824440098
8911 11322591 0.2660111866795438 -2.4650744884253153 0.7924800000000001 3.1738389325620426 4.048653824440098
8912 11322591 0.26645014471400097 -2.5091441024192163 0.7924800000000001 3.1738389325620426 4.048653824440098
8913 11322591 0.2668891027484581 -2.553213716413117 0.7924800000000001 3.1738389325620426 4.048653824440098
8914 11322591 0.26760368763310133 -2.5972564872795925 0.7924800000000001 3.1738389325620426 4.048653824440098
8915 11322591 0.26831827251774454 -2.641299258146068 0.7924800000000001 3.1738389325620426 4.048653824440098
8916 11322591 0.26828696466027263 -2.6862665402633676 0.7924800000000001 3.1738389325620426 4.048653824440098
8917 11322591 0.2682556568028007 -2.731233822380667 0.7924800000000001 3.1738389325620426 4.048653824440098
8918 11322591 0.2681228293137109 -2.7740650522719235 0.7924800000000001 3.1738389325620426 4.048653824440098
8919 11322591 0.2657925343057068 -2.8184564532974847 0.7924800000000001 3.1738389325620426 4.048653824440098
8920 11322591 0.26346223929770274 -2.862847854323046 0.7924800000000001 3.1738389325620426 4.048653824440098
8921 11322591 0.2629516280392552 -2.905205121892282 0.762 3.1738389325620426 4.048653824440098
8922 11322591 0.2584025100891666 -2.94904686207307 0.762 3.1738389325620426 4.048653824440098
8923 11322591 0.253853392139078 -2.992888602253857 0.762 3.1738389325620426 4.048653824440098
8924 11322591 0.24783680123223695 -3.0357836403989116 0.762 3.1738389325620426 4.048653824440098
8925 11322591 0.24358988330437809 -3.0569433557117316 0.762 3.1738389325620426 4.048653824440098
8926 11322591 0.23934296537651922 -3.078103071024552 0.762 3.1738389325620426 4.048653824440098
8927 11322591 0.22387272338185427 -3.1580973513796615 0.762 3.1738389325620426 4.048653824440098
8928 11322591 0.20932355193112695 -3.198555490693917 0.74676 3.1738389325620426 4.048653824440098
8929 11322591 0.19477438048039963 -3.239013630008172 0.73152 3.1738389325620426 4.048653824440098
8930 11322591 0.17929951522404453 -3.2741459296526374 0.73152 3.1738389325620426 4.048653824440098
8931 11322591 0.16382464996768942 -3.3092782292971026 0.73152 3.1738389325620426 4.048653824440098
8932 11322591 0.14239755882227623 -3.3422324458350383 0.73152 3.1738389325620426 4.048653824440098
8933 11322591 0.11477517483881183 -3.376200228464429 0.73152 3.1738389325620426 4.048653824440098
8934 11322591 0.08979603801984226 -3.4026201137315786 0.73152 3.1738389325620426 4.048653824440098
8935 11322591 0.05935538790316297 -3.4305268770330093 0.73152 3.1738389325620426 4.048653824440098
8936 11322591 0.026469369497584383 -3.452319159101953 0.71628 3.1738389325620426 4.048653824440098
8937 11322591 -0.006416648907994205 -3.4741114411708964 0.7010400000000001 3.1738389325620426 4.048653824440098
8938 11322591 -0.04259937274841635 -3.484779586276654 0.7010400000000001 3.1738389325620426 4.048653824440098
8939 11322591 -0.0787820965888385 -3.4954477313824115 0.7010400000000001 3.1738389325620426 4.048653824440098
8940 11322591 -0.11751191807001077 -3.497865039886143 0.7010400000000001 3.1738389325620426 4.048653824440098
8941 11322591 -0.15624173955118303 -3.500282348389874 0.7010400000000001 3.1738389325620426 4.048653824440098
8942 11322591 -0.19534487895098684 -3.49486692821334 0.7010400000000001 3.1738389325620426 4.048653824440098
8943 11322591 -0.2387395303111759 -3.4910280994293084 0.6858000000000001 3.1738389325620426 4.048653824440098
8944 11322591 -0.28213418167136495 -3.487189270645277 0.67056 3.1738389325620426 4.048653824440098
8945 11322591 -0.32092452302646335 -3.4692580165907376 0.67056 3.1738389325620426 4.048653824440098
8946 11322591 -0.35971486438156175 -3.451326762536198 0.67056 3.1738389325620426 4.048653824440098
8947 11322591 -0.4004243129680365 -3.4304313877120425 0.6553200000000001 3.1738389325620426 4.048653824440098
8948 11322591 -0.44113376155451123 -3.409536012887887 0.6400800000000001 3.1738389325620426 4.048653824440098
8949 11322591 -0.47977033522874 -3.3782188077211415 0.6400800000000001 3.1738389325620426 4.048653824440098
8950 11322591 -0.5184069089029688 -3.346901602554396 0.6400800000000001 3.1738389325620426 4.048653824440098
8951 11322591 -0.5535965771593188 -3.309116356020199 0.6400800000000001 3.1738389325620426 4.048653824440098
8952 11322591 -0.5887862454156687 -3.271331109486002 0.6400800000000001 3.1738389325620426 4.048653824440098
8953 11322591 -0.620552837567306 -3.2282384996533495 0.6096 3.1738389325620426 4.048653824440098
8954 11322591 -0.6458543825966756 -3.177327832553 0.6096 3.1738389325620426 4.048653824440098
8955 11322591 -0.6711559276260453 -3.1264171654526502 0.6096 3.1738389325620426 4.048653824440098
8956 11322591 -0.693154031910671 -3.076819391214937 0.6096 3.1738389325620426 4.048653824440098
8957 11322591 -0.6991607404231496 -3.0371985315429937 0.6096 3.1738389325620426 4.048653824440098
8958 11322591 -0.705167448935628 -2.997577671871051 0.6096 3.1738389325620426 4.048653824440098
8959 11322591 -0.7111741574481065 -2.9579568121991078 0.6096 3.1738389325620426 4.048653824440098
8960 11322591 -0.7010975321110504 -2.835775601671928 0.6096 3.1738389325620426 4.048653824440098
8961 11322591 -0.6902219920156167 -2.776943142199386 0.6096 3.1738389325620426 4.048653824440098
8962 11322591 -0.6740707549804477 -2.719367544488273 0.6096 3.1738389325620426 4.048653824440098
8963 11322591 -0.6524475852069986 -2.6613605094867068 0.6096 3.1738389325620426 4.048653824440098
8964 11322591 -0.6251270854603809 -2.607668852277709 0.6096 3.1738389325620426 4.048653824440098
8965 11322591 -0.5978065857137631 -2.5539771950687116 0.6096 3.1738389325620426 4.048653824440098
8966 11322591 -0.5639909845173453 -2.5035180461393134 0.6096 3.1738389325620426 4.048653824440098
8967 11322591 -0.5301753833209275 -2.4530588972099148 0.6096 3.1738389325620426 4.048653824440098
8968 11322591 -0.49330122070451066 -2.400035960008287 0.6096 3.1738389325620426 4.048653824440098
8969 11322591 -0.45970714806796376 -2.3461746774699956 0.6096 3.1738389325620426 4.048653824440098
8970 11322591 -0.42387316947680964 -2.2949730099587287 0.6096 3.1738389325620426 4.048653824440098
8971 11322591 -0.3880391908856555 -2.2437713424474617 0.6096 3.1738389325620426 4.048653824440098
8972 11322591 -0.3519687887562897 -2.1904855295307972 0.6096 3.1738389325620426 4.048653824440098
8973 11322591 -0.317011913811596 -2.137887204972773 0.59436 3.1738389325620426 4.048653824440098
8974 11322591 -0.2820550388669023 -2.085288880414749 0.57912 3.1738389325620426 4.048653824440098
8975 11322591 -0.24692319659998818 -2.0355515181481003 0.59436 3.1738389325620426 4.048653824440098
8976 11322591 -0.21179135433307406 -1.985814155881452 0.6096 3.1738389325620426 4.048653824440098
8977 11322591 -0.1735683367507268 -1.9354512664536239 0.6096 3.1738389325620426 4.048653824440098
8978 11322591 -0.15673790585179292 -1.908414510117784 0.59436 3.1738389325620426 4.048653824440098
8979 11322591 -0.13990747495285905 -1.881377753781944 0.57912 3.1738389325620426 4.048653824440098
8980 11322591 -0.06425620595589066 -1.7830790061284907 0.57912 3.1738389325620426 4.048653824440098
8981 11322591 -0.02692799857480188 -1.7313719875170634 0.59436 3.1738389325620426 4.048653824440098
8982 11322591 0.010400208806286892 -1.679664968905636 0.6096 3.1738389325620426 4.048653824440098
8983 11322591 0.04985646964457113 -1.6336767829700125 0.59436 3.1738389325620426 4.048653824440098
8984 11322591 0.08931273048285537 -1.587688597034389 0.57912 3.1738389325620426 4.048653824440098
8985 11322591 0.13046463600419356 -1.5433058009521643 0.57912 3.1738389325620426 4.048653824440098
8986 11322591 0.16994201353597438 -1.4986094039429751 0.57912 3.1738389325620426 4.048653824440098
8987 11322591 0.2088258966070587 -1.4497468370961102 0.57912 3.1738389325620426 4.048653824440098
8988 11322591 0.247709779678143 -1.4008842702492452 0.57912 3.1738389325620426 4.048653824440098
8989 11322591 0.26797998937432915 -1.3801699596654307 0.59436 3.1738389325620426 4.048653824440098
8990 11322591 0.2882501990705153 -1.3594556490816163 0.6096 3.1738389325620426 4.048653824440098
8991 11322591 0.3672963288234343 -1.2670544670579285 0.57912 3.1738389325620426 4.048653824440098
8992 11322591 0.4087550871150991 -1.2233554353971263 0.57912 3.1738389325620426 4.048653824440098
8993 11322591 0.45166989803771584 -1.1795478518674951 0.57912 3.1738389325620426 4.048653824440098
8994 11322591 0.4945847089603326 -1.135740268337864 0.57912 3.1738389325620426 4.048653824440098
8995 11322591 0.5341813909538806 -1.096105596723312 0.57912 3.1738389325620426 4.048653824440098
8996 11322591 0.5825016131825429 -1.0604891311383822 0.57912 3.1738389325620426 4.048653824440098
8997 11322591 0.6308218354112052 -1.0248726655534524 0.57912 3.1738389325620426 4.048653824440098
8998 11322591 0.6828040558150286 -0.9981627046060035 0.57912 3.1738389325620426 4.048653824440098
8999 11322591 0.7347862762188518 -0.9714527436585546 0.57912 3.1738389325620426 4.048653824440098
9000 11322591 0.7888267619820812 -0.9514896058065553 0.5638799999999999 3.1738389325620426 4.048653824440098
9001 11322591 0.8428672477453105 -0.931526467954556 0.54864 3.1738389325620426 4.048653824440098
9002 11322591 0.8983117012809578 -0.919498324883996 0.54864 3.1738389325620426 4.048653824440098
9003 11322591 0.9545500334876783 -0.9186323965418272 0.54864 3.1738389325620426 4.048653824440098
9004 11322591 1.0107883656943988 -0.9177664681996583 0.54864 3.1738389325620426 4.048653824440098
9005 11322591 1.0670266979011194 -0.9169005398574895 0.54864 3.1738389325620426 4.048653824440098
9006 11322591 1.119470439251139 -0.9140544334989203 0.54864 3.1738389325620426 4.048653824440098
9007 11322591 1.1721149275124962 -0.9187502597632858 0.54864 3.1738389325620426 4.048653824440098
9008 11322591 1.2228285505607888 -0.9293567501545215 0.54864 3.1738389325620426 4.048653824440098
9009 11322591 1.2735421736090815 -0.939963240545757 0.54864 3.1738389325620426 4.048653824440098
9010 11322591 1.324255796657374 -0.9505697309369926 0.54864 3.1738389325620426 4.048653824440098
9011 11322591 1.3708035039614743 -0.9657727871956624 0.54864 3.1738389325620426 4.048653824440098
9012 11322591 1.421039993260339 -0.9783833537208532 0.54864 3.1738389325620426 4.048653824440098
9013 11322591 1.4712764825592037 -0.9909939202460439 0.54864 3.1738389325620426 4.048653824440098
9014 11322591 1.5200625731903232 -1.0034221134313024 0.54864 3.1738389325620426 4.048653824440098
9015 11322591 1.5688486638214427 -1.015850306616561 0.54864 3.1738389325620426 4.048653824440098
9016 11322591 1.6187120936120571 -1.0293307161472665 0.54864 3.1738389325620426 4.048653824440098
9017 11322591 1.6668606411276754 -1.043710812063936 0.54864 3.1738389325620426 4.048653824440098
9018 11322591 1.7150091886432937 -1.0580909079806056 0.54864 3.1738389325620426 4.048653824440098
9019 11322591 1.7671081817683216 -1.0728843229517375 0.54864 3.1738389325620426 4.048653824440098
9020 11322591 1.817327993369799 -1.0855448448099907 0.54864 3.1738389325620426 4.048653824440098
9021 11322591 1.8675478049712766 -1.0982053666682439 0.54864 3.1738389325620426 4.048653824440098
9022 11322591 1.9169006262819834 -1.1129768380012086 0.54864 3.1738389325620426 4.048653824440098
9023 11322591 1.9662534475926903 -1.1277483093341734 0.54864 3.1738389325620426 4.048653824440098
9024 11322591 2.0166576808307735 -1.1392995319937633 0.5181600000000001 3.1738389325620426 4.048653824440098
9025 11322591 2.068334776089803 -1.1510321336253184 0.5181600000000001 3.1738389325620426 4.048653824440098
9026 11322591 2.1200118713488325 -1.1627647352568735 0.5181600000000001 3.1738389325620426 4.048653824440098
9027 11322591 2.172823968184786 -1.1751009411698212 0.5181600000000001 3.1738389325620426 4.048653824440098
9028 11322591 2.2244495223088188 -1.1869907466752485 0.5181600000000001 3.1738389325620426 4.048653824440098
9029 11322591 2.2760750764328517 -1.1988805521806756 0.5181600000000001 3.1738389325620426 4.048653824440098
9030 11322591 2.326410688078677 -1.2106406912636178 0.5181600000000001 3.1738389325620426 4.048653824440098
9031 11322591 2.3800501104219878 -1.2204417506470566 0.48768 3.1738389325620426 4.048653824440098
9032 11322591 2.431660900189282 -1.2282949836371366 0.48768 3.1738389325620426 4.048653824440098
9033 11322591 2.4832716899565765 -1.2361482166272164 0.48768 3.1738389325620426 4.048653824440098
9034 11322591 2.535881806458991 -1.2409392341347933 0.48768 3.1738389325620426 4.048653824440098
9035 11322591 2.5884919229614054 -1.2457302516423703 0.48768 3.1738389325620426 4.048653824440098
9036 11322591 2.6394523304062654 -1.247412266523659 0.48768 3.1738389325620426 4.048653824440098
9037 11322591 2.690412659739704 -1.2490939150093965 0.48768 3.1738389325620426 4.048653824440098
9038 11322591 2.7429924172519033 -1.2458134870317694 0.48768 3.1738389325620426 4.048653824440098
9039 11322591 2.7936831704534963 -1.236075260974134 0.48768 3.1738389325620426 4.048653824440098
9040 11322591 2.8443739236550893 -1.2263370349164984 0.48768 3.1738389325620426 4.048653824440098
9041 11322591 2.892555361279741 -1.2120413125840053 0.48768 3.1738389325620426 4.048653824440098
9042 11322591 2.9373458318022525 -1.1904473606783208 0.48768 3.1738389325620426 4.048653824440098
9043 11322591 2.982136302324764 -1.1688534087726363 0.48768 3.1738389325620426 4.048653824440098
9044 11322591 3.0246443247876957 -1.147448780661019 0.48768 3.1738389325620426 4.048653824440098
9045 11322591 3.0640714340885684 -1.1177959770477783 0.47244 3.1738389325620426 4.048653824440098
9046 11322591 3.103498543389441 -1.0881431734345375 0.45720000000000005 3.1738389325620426 4.048653824440098
9047 11322591 3.1349596692271495 -1.050517038686642 0.45720000000000005 3.1738389325620426 4.048653824440098
9048 11322591 3.161341410370632 -1.0115836276116073 0.45720000000000005 3.1738389325620426 4.048653824440098
9049 11322591 3.186956062148921 -0.9698299384571956 0.45720000000000005 3.1738389325620426 4.048653824440098
9050 11322591 3.21257071392721 -0.928076249302784 0.45720000000000005 3.1738389325620426 4.048653824440098
9051 11322591 3.2341712555170252 -0.8874656166162843 0.45720000000000005 3.1738389325620426 4.048653824440098
9052 11322591 3.2492786930462536 -0.8411731515545562 0.45720000000000005 3.1738389325620426 4.048653824440098
9053 11322591 3.264386130575482 -0.7948806864928281 0.45720000000000005 3.1738389325620426 4.048653824440098
9054 11322591 3.2746881588333374 -0.7505243846522507 0.45720000000000005 3.1738389325620426 4.048653824440098
9055 11322591 3.284990187091193 -0.7061680828116734 0.45720000000000005 3.1738389325620426 4.048653824440098
9056 11322591 3.291016748478561 -0.6591315172184984 0.45720000000000005 3.1738389325620426 4.048653824440098
9057 11322591 3.297043309865929 -0.6120949516253235 0.45720000000000005 3.1738389325620426 4.048653824440098
9058 11322591 3.297078665851512 -0.5657314089321731 0.44196 3.1738389325620426 4.048653824440098
9059 11322591 3.2971140218370953 -0.5193678662390228 0.42672000000000004 3.1738389325620426 4.048653824440098
9060 11322591 3.2944866528315213 -0.47844322785675 0.42672000000000004 3.1738389325620426 4.048653824440098
9061 11322591 3.2894519808719114 -0.4367329057231457 0.42672000000000004 3.1738389325620426 4.048653824440098
9062 11322591 3.281931102547759 -0.3917580316055437 0.42672000000000004 3.1738389325620426 4.048653824440098
9063 11322591 3.2686510392474015 -0.3535476979026719 0.42672000000000004 3.1738389325620426 4.048653824440098
9064 11322591 3.255370975947044 -0.3153373641998001 0.42672000000000004 3.1738389325620426 4.048653824440098
9065 11322591 3.2339242842581557 -0.28310579512021494 0.42672000000000004 3.1738389325620426 4.048653824440098
9066 11322591 3.2098881576775433 -0.2479262868463231 0.42672000000000004 3.1738389325620426 4.048653824440098
9067 11322591 3.186162939739491 -0.2213171086155095 0.42672000000000004 3.1738389325620426 4.048653824440098
9068 11322591 3.162437721801439 -0.1947079303846959 0.42672000000000004 3.1738389325620426 4.048653824440098
9069 11322591 3.1410807168418033 -0.16764496020436123 0.42672000000000004 3.1738389325620426 4.048653824440098
9070 11322591 3.1127883309129674 -0.13843498599633433 0.42672000000000004 3.1738389325620426 4.048653824440098
9071 11322591 3.0838944137684754 -0.11895773403460183 0.42672000000000004 3.1738389325620426 4.048653824440098
9072 11322591 3.0550004966239834 -0.09948048207286933 0.42672000000000004 3.1738389325620426 4.048653824440098
9073 11322591 3.023389781839911 -0.07934981950238759 0.39624000000000004 3.1738389325620426 4.048653824440098
9074 11322591 2.9935416885673565 -0.06470060410529124 0.39624000000000004 3.1738389325620426 4.048653824440098
9075 11322591 2.9770817181200853 -0.05664092258820633 0.39624000000000004 3.1738389325620426 4.048653824440098
9076 11322591 2.960621747672814 -0.04858124107112141 0.39624000000000004 3.1738389325620426 4.048653824440098
9077 11322591 2.895878985176319 -0.02277456190992297 0.39624000000000004 3.1738389325620426 4.048653824440098
9078 11322591 2.8619313106230577 -0.019052199321830304 0.39624000000000004 3.1738389325620426 4.048653824440098
9079 11322591 2.82843440845377 -0.009460666307964494 0.39624000000000004 3.1738389325620426 4.048653824440098
9080 11322591 2.794937506284483 0.00013086670590131688 0.39624000000000004 3.1738389325620426 4.048653824440098
9081 11322591 2.7601791455907607 0.00925833873797502 0.39624000000000004 3.1738389325620426 4.048653824440098
9082 11322591 2.724394125101174 0.00844121003898049 0.39624000000000004 3.1738389325620426 4.048653824440098
9083 11322591 2.691695862587383 0.011639757263014056 0.39624000000000004 3.1738389325620426 4.048653824440098
9084 11322591 2.6589976000735924 0.014838304487047621 0.39624000000000004 3.1738389325620426 4.048653824440098
9085 11322591 2.62339580455946 0.013903498456961233 0.381 3.1738389325620426 4.048653824440098
9086 11322591 2.5877940090453273 0.012968692426874845 0.36576 3.1738389325620426 4.048653824440098
9087 11322591 2.5544642098247854 0.014913796823585818 0.36576 3.1738389325620426 4.048653824440098
9088 11322591 2.521134410604243 0.01685890122029679 0.36576 3.1738389325620426 4.048653824440098
9089 11322591 2.489099510052765 0.01773894614035007 0.36576 3.1738389325620426 4.048653824440098
9090 11322591 2.456174892875505 0.008279098029569082 0.36576 3.1738389325620426 4.048653824440098
9091 11322591 2.42107877910741 0.00957480596372659 0.36576 3.1738389325620426 4.048653824440098
9092 11322591 2.3887249430736164 0.01383040358000287 0.36576 3.1738389325620426 4.048653824440098
9093 11322591 2.356371107039823 0.01808600119627915 0.36576 3.1738389325620426 4.048653824440098
9094 11322591 2.340238855211343 0.018447032048880124 0.36576 3.1738389325620426 4.048653824440098
9095 11322591 2.3241066033828623 0.0188080629014811 0.36576 3.1738389325620426 4.048653824440098
9096 11322591 2.2584863229425443 0.017454788697653573 0.36576 3.1738389325620426 4.048653824440098
9097 11322591 2.226336419362048 0.018256657773219137 0.36576 3.1738389325620426 4.048653824440098
9098 11322591 2.1907656426370443 0.013341799003585064 0.36576 3.1738389325620426 4.048653824440098
9099 11322591 2.1551948659120406 0.008426940233950991 0.36576 3.1738389325620426 4.048653824440098
9100 11322591 2.120272662463747 0.00481925429940927 0.35052 3.1738389325620426 4.048653824440098
9101 11322591 2.0853504590154532 0.001211568364867549 0.33528 3.1738389325620426 4.048653824440098
9102 11322591 2.0477196652253924 0.002226971369305303 0.33528 3.1738389325620426 4.048653824440098
9103 11322591 2.0100888714353315 0.0032423743737430566 0.33528 3.1738389325620426 4.048653824440098
9104 11322591 1.9716071752230435 0.0009728855494137989 0.33528 3.4457962915956255 3.092412895851043
9105 11322591 1.9341376230195944 0.003162718049652513 0.33528 3.4457962915956255 3.092412895851043
9106 11322591 1.9097451519834685 0.0027955087594882153 0.33528 3.4457962915956255 3.092412895851043
9107 11322591 1.8853526809473427 0.002428299469323917 0.33528 3.4457962915956255 3.092412895851043
9108 11322591 1.8609602099112168 0.0020610901791596192 0.33528 3.4457962915956255 3.092412895851043
9109 11322591 1.786980138277937 0.0012222876854508513 0.3048 3.4457962915956255 3.092412895851043
9110 11322591 1.7511324677487858 0.002941816695108096 0.3048 3.4457962915956255 3.092412895851043
9111 11322591 1.7152847972196348 0.004661345704765341 0.3048 3.4457962915956255 3.092412895851043
9112 11322591 1.676938834348118 0.008248602058467391 0.3048 3.4457962915956255 3.092412895851043
9113 11322591 1.6385928714766012 0.011835858412169442 0.3048 3.4457962915956255 3.092412895851043
9114 11322591 1.601201364800713 0.01154856706009702 0.3048 3.4457962915956255 3.092412895851043
9115 11322591 1.5650526115875123 0.009628975758235528 0.3048 3.4457962915956255 3.092412895851043
9116 11322591 1.5289038583743118 0.0077093844563740355 0.3048 3.4457962915956255 3.092412895851043
9117 11322591 1.4922973437599252 0.007107878833833521 0.3048 3.4457962915956255 3.092412895851043
9118 11322591 1.4556908291455388 0.006506373211293007 0.3048 3.4457962915956255 3.092412895851043
9119 11322591 1.420087249091535 0.0055775978990483255 0.3048 3.4457962915956255 3.092412895851043
9120 11322591 1.384483669037531 0.004648822586803644 0.3048 3.4457962915956255 3.092412895851043
9121 11322591 1.3508594894217267 0.005702322654588636 0.28956000000000004 3.4457962915956255 3.092412895851043
9122 11322591 1.3172353098059224 0.006755822722373628 0.27432 3.4457962915956255 3.092412895851043
9123 11322591 1.300946623283993 0.005826635683122555 0.27432 3.4457962915956255 3.092412895851043
9124 11322591 1.2846579367620636 0.004897448643871483 0.27432 3.4457962915956255 3.092412895851043
9125 11322591 1.2344408229370571 0.004771319649700012 0.27432 3.4457962915956255 3.092412895851043
9126 11322591 1.1842237091120507 0.004645190655528542 0.27432 3.4457962915956255 3.092412895851043
9127 11322591 1.1521822909125894 0.006467572045084774 0.27432 3.4457962915956255 3.092412895851043
9128 11322591 1.1201408727131283 0.008289953434641006 0.27432 3.4457962915956255 3.092412895851043
9129 11322591 1.089696292805812 0.00684552098906914 0.27432 3.4457962915956255 3.092412895851043
9130 11322591 1.0592517128984957 0.005401088543497273 0.27432 3.4457962915956255 3.092412895851043
9131 11322591 1.0306941222110244 0.00497595884354482 0.27432 3.4457962915956255 3.092412895851043
9132 11322591 1.0021365315235529 0.0045508291435923665 0.27432 3.4457962915956255 3.092412895851043
9133 11322591 0.9754205472697784 0.005685513038977491 0.27432 3.4457962915956255 3.092412895851043
9134 11322591 0.948704563016004 0.006820196934362616 0.27432 3.4457962915956255 3.092412895851043
9135 11322591 0.9199824576472991 0.008610457662338727 0.27432 3.4457962915956255 3.092412895851043
9136 11322591 0.8968865966134849 0.005875604794245398 0.27432 3.4457962915956255 3.092412895851043
9137 11322591 0.8705671463186004 0.008224604447258754 0.27432 3.4457962915956255 3.092412895851043
9138 11322591 0.8442476960237161 0.01057360410027211 0.27432 3.4457962915956255 3.092412895851043
9139 11322591 0.8237406914459569 0.004890225475742305 0.27432 3.4457962915956255 3.092412895851043
9140 11322591 0.800225127193569 0.007666851228868815 0.27432 3.4457962915956255 3.092412895851043
9141 11322591 0.776709562941181 0.010443476981995325 0.27432 3.4457962915956255 3.092412895851043
9142 11322591 0.7515272007874583 0.008390781720665333 0.27432 3.4457962915956255 3.092412895851043
9143 11322591 0.732273667996553 0.007087998210279521 0.27432 3.4457962915956255 3.092412895851043
9144 11322591 0.7130201352056478 0.005785214699893709 0.27432 3.4457962915956255 3.092412895851043
9145 11322591 0.6989709188532776 0.007182517298106705 0.27432 3.4457962915956255 3.092412895851043
9146 11322591 0.6849217025009072 0.008579819896319701 0.27432 3.4457962915956255 3.092412895851043
9147 11322591 0.670872486148537 0.009977122494532698 0.27432 3.4457962915956255 3.092412895851043
9148 11322591 0.6428927293376552 0.008605173480245032 0.27432 3.4457962915956255 3.092412895851043
9149 11322591 0.6352109121593588 0.00955757340368403 0.27432 3.4457962915956255 3.092412895851043
9150 11322591 0.6275290949810622 0.010509973327123029 0.27432 3.4457962915956255 3.092412895851043
9151 11322591 0.6198472778027658 0.011462373250562027 0.27432 3.4457962915956255 3.092412895851043
9152 11322591 0.6055342590998158 0.008428683008300006 0.27432 3.4457962915956255 3.092412895851043
9153 11322591 0.5999080921555604 0.012954150977680393 0.27432 3.4457962915956255 3.092412895851043
9154 11322591 0.5942819252113049 0.01747961894706078 0.27432 3.4457962915956255 3.092412895851043
9155 11322591 0.5905020871322613 0.022219577557662816 0.27432 3.4457962915956255 3.092412895851043
9156 11322591 0.5867222490532176 0.026959536168264853 0.27432 3.4457962915956255 3.092412895851043
9157 11322591 0.5854359533061387 0.03117676411723954 0.27432 3.4457962915956255 3.092412895851043
9158 11322591 0.5841496575590599 0.03539399206621423 0.27432 3.4457962915956255 3.092412895851043
9159 11322591 0.5844636803060698 0.04043181212142708 0.27432 3.4457962915956255 3.092412895851043
9160 11322591 0.5847777030530796 0.045469632176639935 0.27432 3.4457962915956255 3.092412895851043
9161 11322591 0.5846124253979289 0.053117461005247585 0.27432 3.4457962915956255 3.092412895851043
9162 11322591 0.5836538220735654 0.058337479285045776 0.27432 3.4457962915956255 3.092412895851043
9163 11322591 0.5838988682129516 0.0631641841407356 0.27432 3.4457962915956255 3.092412895851043
9164 11322591 0.5841439143523377 0.06799088899642543 0.27432 3.4457962915956255 3.092412895851043
9165 11322591 0.587877756795974 0.06874018550314487 0.27432 3.4457962915956255 3.092412895851043
9166 11322591 0.5916115992396104 0.0694894820098643 0.27432 3.4457962915956255 3.092412895851043
9167 11322591 0.5953454416832467 0.07023877851658374 0.27432 3.4457962915956255 3.092412895851043
9168 11322591 0.5990792841268829 0.07098807502330318 0.27432 3.4457962915956255 3.092412895851043
9169 11322591 0.6028131265705192 0.07173737153002262 0.27432 3.4457962915956255 3.092412895851043
9170 11322591 0.6065469690141556 0.07248666803674204 0.27432 3.4457962915956255 3.092412895851043
9171 11322591 0.6102808114577919 0.07323596454346148 0.27432 3.4457962915956255 3.092412895851043
9172 11322591 0.6140146539014282 0.07398526105018093 0.27432 3.4457962915956255 3.092412895851043
9173 11322591 0.6177484963450646 0.07473455755690035 0.27432 3.4457962915956255 3.092412895851043
9174 11322591 0.6214823387887008 0.07548385406361979 0.27432 3.4457962915956255 3.092412895851043
9175 11322591 0.6252161812323371 0.07623315057033923 0.27432 3.4457962915956255 3.092412895851043
9176 11322591 0.6289500236759734 0.07698244707705867 0.27432 3.4457962915956255 3.092412895851043
9177 11322591 0.6326838661196098 0.0777317435837781 0.27432 3.4457962915956255 3.092412895851043
9178 11322591 0.6364177085632461 0.07848104009049754 0.27432 3.4457962915956255 3.092412895851043
9179 11322591 0.6425635840211953 0.07826417222670856 0.27432 3.4457962915956255 3.092412895851043
9180 11322591 0.6487094594791446 0.07804730436291958 0.27432 3.4457962915956255 3.092412895851043
9181 11322591 0.6548553349370938 0.0778304364991306 0.27432 3.4457962915956255 3.092412895851043
9182 11322591 0.6627325348381199 0.07747622301433334 0.27432 3.4457962915956255 3.092412895851043
9183 11322591 0.6697158007251872 0.07764777499840719 0.27432 3.4457962915956255 3.092412895851043
9184 11322591 0.6766990666122545 0.07781932698248106 0.27432 3.4457962915956255 3.092412895851043
9185 11322591 0.6850351977729157 0.07778248840936813 0.27432 3.4457962915956255 3.092412895851043
9186 11322591 0.6954576408280468 0.0770639497518902 0.27432 3.4457962915956255 3.092412895851043
9187 11322591 0.7034038121495554 0.0769209007776582 0.27432 3.4457962915956255 3.092412895851043
9188 11322591 0.7113499834710639 0.07677785180342621 0.27432 3.4457962915956255 3.092412895851043
9189 11322591 0.718293114664035 0.07696256123552947 0.27432 3.4457962915956255 3.092412895851043
9190 11322591 0.7252362458570062 0.07714727066763272 0.27432 3.4457962915956255 3.092412895851043
9191 11322591 0.7334002611062131 0.07699148617091696 0.27432 3.4457962915956255 3.092412895851043
9192 11322591 0.7415642763554202 0.0768357016742012 0.27432 3.4457962915956255 3.092412895851043
9193 11322591 0.7470686593203545 0.07737371212358016 0.27432 3.4457962915956255 3.092412895851043
9194 11322591 0.7527454926722154 0.07843951523560277 0.27432 3.4457962915956255 3.092412895851043
9195 11322591 0.757887722657419 0.0778691802314283 0.27432 3.4457962915956255 3.092412895851043
9196 11322591 0.7630299526426225 0.07729884522725383 0.27432 3.4457962915956255 3.092412895851043
9197 11322591 0.7662305146726018 0.07894010888442045 0.27432 3.4457962915956255 3.092412895851043
9198 11322591 0.7672326208256927 0.0823776998278561 0.27432 3.4457962915956255 3.092412895851043
9199 11322591 0.7682347269787834 0.08581529077129176 0.27432 3.4457962915956255 3.092412895851043
9200 11322591 0.7692368331318742 0.08925288171472741 0.27432 3.4457962915956255 3.092412895851043
9201 11322591 0.770238939284965 0.09269047265816306 0.27432 3.4457962915956255 3.092412895851043
9202 11322591 0.7712410454380557 0.09612806360159871 0.27432 3.4457962915956255 3.092412895851043
9203 11322591 0.7722431515911465 0.09956565454503437 0.27432 3.4457962915956255 3.092412895851043
9204 11322591 0.7732452577442372 0.10300324548847002 0.27432 3.4457962915956255 3.092412895851043
9205 11322591 0.7742473638973281 0.10644083643190567 0.27432 3.4457962915956255 3.092412895851043
9206 11322591 0.7752494700504189 0.10987842737534133 0.27432 3.4457962915956255 3.092412895851043
9207 11322591 0.7762515762035096 0.11331601831877697 0.27432 3.4457962915956255 3.092412895851043
9208 11322591 0.7772536823566004 0.11675360926221262 0.27432 3.4457962915956255 3.092412895851043
9209 11322591 0.7782557885096912 0.12019120020564827 0.27432 3.4457962915956255 3.092412895851043
9210 11322591 0.779257894662782 0.12362879114908393 0.27432 3.4457962915956255 3.092412895851043
9211 11322591 0.7802600008158728 0.12706638209251958 0.27432 3.4457962915956255 3.092412895851043
9212 11322591 0.7812621069689636 0.13050397303595523 0.27432 3.4457962915956255 3.092412895851043
9213 11322591 0.7822642131220543 0.1339415639793909 0.27432 3.4457962915956255 3.092412895851043
9214 11322591 0.7832663192751451 0.13737915492282654 0.27432 3.4457962915956255 3.092412895851043
9215 11322591 0.7842684254282358 0.1408167458662622 0.27432 3.4457962915956255 3.092412895851043
9216 11322591 0.7852705315813266 0.14425433680969785 0.27432 3.4457962915956255 3.092412895851043
9217 11322591 0.7862726377344175 0.1476919277531335 0.27432 3.4457962915956255 3.092412895851043
9218 11322591 0.7872747438875082 0.15112951869656915 0.27432 3.4457962915956255 3.092412895851043
9219 11322591 0.788276850040599 0.1545671096400048 0.27432 3.4457962915956255 3.092412895851043
9220 11322591 0.7873181880536569 0.15978709094864244 0.27432 3.4457962915956255 3.092412895851043
9221 11322591 0.7863595260667149 0.1650070722572801 0.27432 3.4457962915956255 3.092412895851043
9222 11322591 0.7854008640797728 0.17022705356591772 0.27432 3.4457962915956255 3.092412895851043
9223 11322591 0.786849461231173 0.1746604774828133 0.27432 3.4457962915956255 3.092412895851043
9224 11322591 0.7871289241026855 0.17959273721533123 0.27432 3.4457962915956255 3.092412895851043
9225 11322591 0.7874083869741981 0.18452499694784916 0.27432 3.4457962915956255 3.092412895851043
9226 11322591 0.7881017388877889 0.19072394845623702 0.27432 3.4457962915956255 3.092412895851043
9227 11322591 0.7887950908013796 0.19692289996462486 0.27432 3.4457962915956255 3.092412895851043
