14336 10518504 1.028780547942939 -0.14060624362752513 0.31242000000000003 -3.9120055756403715 1.278169490544445
14337 10518504 1.0303668912020671 -0.13575052029182738 0.31242000000000003 -3.9120055756403715 1.278169490544445
14338 10518504 1.0341149810250714 -0.13524207761776413 0.31242000000000003 -3.9120055756403715 1.278169490544445
14339 10518504 1.0378630708480754 -0.13473363494370086 0.31242000000000003 -3.9120055756403715 1.278169490544445
14340 10518504 1.0416111606710796 -0.1342251922696376 0.31242000000000003 -3.9120055756403715 1.278169490544445
14341 10518504 1.0453592504940838 -0.13371674959557436 0.31242000000000003 -3.9120055756403715 1.278169490544445
14342 10518504 1.049107340317088 -0.13320830692151112 0.31242000000000003 -3.9120055756403715 1.278169490544445
14343 10518504 1.052855430140092 -0.13269986424744784 0.31242000000000003 -3.9120055756403715 1.278169490544445
14344 10518504 1.0566035199630963 -0.1321914215733846 0.31242000000000003 -3.9120055756403715 1.278169490544445
14345 10518504 1.0603516097861005 -0.13168297889932135 0.31242000000000003 -3.9120055756403715 1.278169490544445
14346 10518504 1.0640996996091046 -0.1311745362252581 0.31242000000000003 -3.9120055756403715 1.278169490544445
14347 10518504 1.0678477894321088 -0.13066609355119482 0.31242000000000003 -3.9120055756403715 1.278169490544445
14348 10518504 1.071595879255113 -0.13015765087713158 0.31242000000000003 -3.9120055756403715 1.278169490544445
14349 10518504 1.0753439690781172 -0.12964920820306833 0.31242000000000003 -3.9120055756403715 1.278169490544445
14350 10518504 1.0790920589011213 -0.12914076552900505 0.31242000000000003 -3.9120055756403715 1.278169490544445
14351 10518504 1.0828401487241255 -0.1286323228549418 0.31242000000000003 -3.9120055756403715 1.278169490544445
14352 10518504 1.0865882385471297 -0.12812388018087856 0.31242000000000003 -3.9120055756403715 1.278169490544445
14353 10518504 1.090336328370134 -0.1276154375068153 0.31242000000000003 -3.9120055756403715 1.278169490544445
14354 10518504 1.094084418193138 -0.12710699483275203 0.31242000000000003 -3.9120055756403715 1.278169490544445
14355 10518504 1.0978325080161422 -0.1265985521586888 0.31242000000000003 -3.9120055756403715 1.278169490544445
14356 10518504 1.0986440872152252 -0.12193950026276351 0.31280100000000005 -3.9120055756403715 1.278169490544445
14357 10518504 1.0994556664143085 -0.11728044836683822 0.313182 -3.9120055756403715 1.278169490544445
14358 10518504 1.1002672456133915 -0.11262139647091295 0.31356300000000004 -3.9120055756403715 1.278169490544445
14359 10518504 1.1010788248124745 -0.10796234457498766 0.313944 -3.9120055756403715 1.278169490544445
14360 10518504 1.1018904040115576 -0.10330329267906238 0.314325 -3.9120055756403715 1.278169490544445
14361 10518504 1.1027019832106408 -0.0986442407831371 0.31470600000000004 -3.9120055756403715 1.278169490544445
14362 10518504 1.1035135624097239 -0.09398518888721183 0.315087 -3.9120055756403715 1.278169490544445
14363 10518504 1.104325141608807 -0.08932613699128654 0.315468 -3.9120055756403715 1.278169490544445
14364 10518504 1.1051367208078902 -0.08466708509536125 0.315849 -3.9120055756403715 1.278169490544445
14365 10518504 1.1059483000069732 -0.08000803319943597 0.31623 -3.9120055756403715 1.278169490544445
14366 10518504 1.1074447779607222 -0.07345022521056149 0.31726909090909095 -3.9120055756403715 1.278169490544445
14367 10518504 1.108941255914471 -0.06689241722168703 0.3183081818181818 -4.583840876437653 0.6518684078088888
14368 10518504 1.1104377338682199 -0.060334609232812544 0.31934727272727276 -4.583840876437653 0.6518684078088888
14369 10518504 1.1119342118219688 -0.05377680124393807 0.32038636363636364 -4.583840876437653 0.6518684078088888
14370 10518504 1.1134306897757176 -0.047218993255063596 0.32142545454545457 -4.583840876437653 0.6518684078088888
14371 10518504 1.1149271677294665 -0.040661185266189115 0.32246454545454545 -4.583840876437653 0.6518684078088888
14372 10518504 1.1164236456832153 -0.03410337727731464 0.3235036363636364 -4.583840876437653 0.6518684078088888
14373 10518504 1.1179201236369642 -0.027545569288440166 0.32454272727272726 -4.583840876437653 0.6518684078088888
14374 10518504 1.1194166015907132 -0.020987761299565692 0.3255818181818182 -4.583840876437653 0.6518684078088888
14375 10518504 1.120913079544462 -0.014429953310691218 0.3266209090909091 -4.583840876437653 0.6518684078088888
14376 10518504 1.122409557498211 -0.007872145321816737 0.32766 -4.583840876437653 0.6518684078088888
14377 10518504 1.130639521308618 -0.004427443503637586 0.32766 -4.583840876437653 0.6518684078088888
14378 10518504 1.1388694851190253 -0.0009827416854584353 0.32766 -4.583840876437653 0.6518684078088888
14379 10518504 1.153702624524662 -0.0011116484607829828 0.329565 -4.583840876437653 0.6518684078088888
14380 10518504 1.1685357639302987 -0.0012405552361075302 0.33147000000000004 -4.583840876437653 0.6518684078088888
14381 10518504 1.1833689033359354 -0.0013694620114320776 0.33337500000000003 -4.583840876437653 0.6518684078088888
14382 10518504 1.198202042741572 -0.001498368786756625 0.33528 -4.583840876437653 0.6518684078088888
14383 10518504 1.221603069454479 -0.0014518885484790661 0.33782 -4.583840876437653 0.6518684078088888
14384 10518504 1.2450040961673858 -0.0014054083102015072 0.34036000000000005 -4.583840876437653 0.6518684078088888
14385 10518504 1.2684051228802928 -0.0013589280719239483 0.34290000000000004 -4.583840876437653 0.6518684078088888
14386 10518504 1.294866908904282 -0.0046291650398094936 0.34290000000000004 -4.583840876437653 0.6518684078088888
14387 10518504 1.3227092740620465 -0.002041769710322633 0.34290000000000004 -4.583840876437653 0.6518684078088888
14388 10518504 1.344630971089634 -0.004529708933215776 0.35052000000000005 -4.583840876437653 0.6518684078088888
14389 10518504 1.373481315540631 -0.0032059934162612103 0.35814000000000007 -4.583840876437653 0.6518684078088888
14390 10518504 1.3847656849882 -0.0012845016132526088 0.35814000000000007 -4.583840876437653 0.6518684078088888
14391 10518504 1.4445600298603365 -0.004460805460401854 0.36576 -4.583840876437653 0.6518684078088888
14392 10518504 1.4672352145021894 -0.0036897634752835334 0.36576 -4.583840876437653 0.6518684078088888
14393 10518504 1.489910399144042 -0.002918721490165213 0.36576 -4.583840876437653 0.6518684078088888
14394 10518504 1.5114195048173649 -0.005037758633750847 0.36576 -4.583840876437653 0.6518684078088888
14395 10518504 1.5565409274433013 -0.0028363919002467874 0.36576 -4.583840876437653 0.6518684078088888
14396 10518504 1.5878892255274901 -0.0033792003744985283 0.37338 -4.583840876437653 0.6518684078088888
14397 10518504 1.6299935467122526 -0.0029372968974679045 0.37719 -4.583840876437653 0.6518684078088888
14398 10518504 1.6618346514030837 -0.0036699066860842837 0.379095 -4.583840876437653 0.6518684078088888
14399 10518504 1.6936757560939149 -0.004402516474700663 0.381 -4.583840876437653 0.6518684078088888
14400 10518504 1.7326940477029904 -0.0059311144178851305 0.38862 -4.583840876437653 0.6518684078088888
14401 10518504 1.770254808163736 -0.009203108837286839 0.38862 -4.583840876437653 0.6518684078088888
14402 10518504 1.8030478782884558 -0.009399139576930005 0.38862 -4.583840876437653 0.6518684078088888
14403 10518504 1.8421474858833724 -0.009318224957175492 0.39624000000000004 -4.583840876437653 0.6518684078088888
14404 10518504 1.8702292629393584 -0.007624864226737776 0.39624000000000004 -4.583840876437653 0.6518684078088888
14405 10518504 1.9264212928355273 -0.012307828133559379 0.39624000000000004 -4.583840876437653 0.6518684078088888
14406 10518504 1.9632857817648208 -0.010912263375594616 0.40386 -4.583840876437653 0.6518684078088888
14407 10518504 1.9791472870457778 -0.013463622775091957 0.40386 -4.583840876437653 0.6518684078088888
14408 10518504 1.9950087923267348 -0.0160149821745893 0.40386 -4.583840876437653 0.6518684078088888
14409 10518504 2.0171144047473826 -0.01739279454047321 0.41148 -4.583840876437653 0.6518684078088888
14410 10518504 2.084299128255573 -0.026482074055638544 0.41148 -4.583840876437653 0.6518684078088888
14411 10518504 2.1171952962684446 -0.026359959854559634 0.41148 -4.583840876437653 0.6518684078088888
14412 10518504 2.150327069442586 -0.03367432081782898 0.41910000000000003 -4.583840876437653 0.6518684078088888
14413 10518504 2.188539657499115 -0.039026164452098916 0.41910000000000003 -4.583840876437653 0.6518684078088888
14414 10518504 2.231030576979026 -0.04215338796959192 0.41910000000000003 -4.583840876437653 0.6518684078088888
14415 10518504 2.2670522745098185 -0.048775360239657645 0.41910000000000003 -4.583840876437653 0.6518684078088888
14416 10518504 2.3084153387081656 -0.058075753938618 0.42672000000000004 -4.583840876437653 0.6518684078088888
14417 10518504 2.343401928998269 -0.06949939543470326 0.42672000000000004 -4.583840876437653 0.6518684078088888
14418 10518504 2.382600085289101 -0.07563925900496568 0.43434000000000006 -4.583840876437653 0.6518684078088888
14419 10518504 2.4363640398495314 -0.09319329914349914 0.43434000000000006 -4.583840876437653 0.6518684078088888
14420 10518504 2.4756840317960354 -0.10603106852762731 0.43434000000000006 -4.583840876437653 0.6518684078088888
14421 10518504 2.5101893899261754 -0.11729668521343864 0.44196 -4.583840876437653 0.6518684078088888
14422 10518504 2.5322568103685534 -0.12450131680792331 0.44196 -4.583840876437653 0.6518684078088888
14423 10518504 2.5543242308109315 -0.13170594840240799 0.44196 -4.583840876437653 0.6518684078088888
14424 10518504 2.5917725524090063 -0.14918874660747275 0.44958000000000004 -4.583840876437653 0.6518684078088888
14425 10518504 2.632624757996549 -0.16930119096374394 0.44958000000000004 -4.583840876437653 0.6518684078088888
14426 10518504 2.669160400123902 -0.1861348542893953 0.45212 -4.583840876437653 0.6518684078088888
14427 10518504 2.705696042251255 -0.20296851761504664 0.45466000000000006 -4.583840876437653 0.6518684078088888
14428 10518504 2.7422316843786083 -0.219802180940698 0.45720000000000005 -4.583840876437653 0.6518684078088888
14429 10518504 2.7784163789618663 -0.24224485416884248 0.46482000000000007 -4.583840876437653 0.6518684078088888
14430 10518504 2.8102074027340125 -0.259105947676424 0.46482000000000007 -4.583840876437653 0.6518684078088888
14431 10518504 2.841998426506158 -0.2759670411840055 0.46482000000000007 -4.583840876437653 0.6518684078088888
14432 10518504 2.8925001305397045 -0.30623651365170135 0.47243999999999997 -4.583840876437653 0.6518684078088888
14433 10518504 2.9319152599010545 -0.33510619255843177 0.47243999999999997 -4.583840876437653 0.6518684078088888
14434 10518504 2.9745135421279216 -0.3623860504793076 0.47243999999999997 -4.583840876437653 0.6518684078088888
14435 10518504 3.0171118243547888 -0.38966590840018345 0.47243999999999997 -4.583840876437653 0.6518684078088888
14436 10518504 3.045857734449645 -0.40973707378755825 0.47624999999999995 -4.583840876437653 0.6518684078088888
14437 10518504 3.074603644544501 -0.42980823917493305 0.48006 -4.583840876437653 0.6518684078088888
14438 10518504 3.1115479056252773 -0.45763616617367014 0.4826 -4.583840876437653 0.6518684078088888
14439 10518504 3.148492166706053 -0.4854640931724073 0.48514 -4.583840876437653 0.6518684078088888
14440 10518504 3.1854364277868292 -0.5132920201711444 0.48768 -4.583840876437653 0.6518684078088888
14441 10518504 3.2039483809452562 -0.5245904198957991 0.48768 -4.583840876437653 0.6518684078088888
14442 10518504 3.258357611621153 -0.5646591374639336 0.48768 -4.583840876437653 0.6518684078088888
14443 10518504 3.2795839788256815 -0.5823333979359372 0.48768 -4.583840876437653 0.6518684078088888
14444 10518504 3.3403888510996405 -0.6289273958440066 0.4953 -4.583840876437653 0.6518684078088888
14445 10518504 3.3535560074070894 -0.6440880584835413 0.4953 -4.583840876437653 0.6518684078088888
14446 10518504 3.410314743137838 -0.6894775678100787 0.50292 -4.583840876437653 0.6518684078088888
14447 10518504 3.450258403941299 -0.7235386344144004 0.50292 -4.583840876437653 0.6518684078088888
14448 10518504 3.4892295936504842 -0.7537776552659293 0.50292 -4.583840876437653 0.6518684078088888
14449 10518504 3.5281646986594293 -0.7882098374606711 0.50292 -4.583840876437653 0.6518684078088888
14450 10518504 3.5450930592353886 -0.8043636263412604 0.50292 -4.583840876437653 0.6518684078088888
14451 10518504 3.5739198696716947 -0.8289554356074589 0.50673 -4.583840876437653 0.6518684078088888
14452 10518504 3.602746680108001 -0.8535472448736573 0.51054 -4.583840876437653 0.6518684078088888
14453 10518504 3.632159364914002 -0.8763441602466154 0.51054 -4.583840876437653 0.6518684078088888
14454 10518504 3.690874988130866 -0.9249971194114764 0.5181600000000001 -4.583840876437653 0.6518684078088888
14455 10518504 3.7176541280632636 -0.9470217976323618 0.5181600000000001 -4.583840876437653 0.6518684078088888
14456 10518504 3.744433267995661 -0.9690464758532472 0.5181600000000001 -4.583840876437653 0.6518684078088888
14457 10518504 3.785308764135663 -1.0027079100432883 0.52578 -4.583840876437653 0.6518684078088888
14458 10518504 3.8248536850186836 -1.0382710976951044 0.5334 -4.583840876437653 0.6518684078088888
14459 10518504 3.8765965566345386 -1.0810841951753156 0.5334 -4.583840876437653 0.6518684078088888
14460 10518504 3.914975183013146 -1.1104256292587664 0.54102 -4.583840876437653 0.6518684078088888
14461 10518504 3.950405722807603 -1.1433605771997304 0.54102 -4.583840876437653 0.6518684078088888
14462 10518504 3.9954674332101288 -1.179437196303644 0.54102 -4.583840876437653 0.6518684078088888
14463 10518504 4.0388001727845175 -1.2099265883386043 0.54102 -4.583840876437653 0.6518684078088888
14464 10518504 4.079483074185088 -1.244457006389192 0.5448299999999999 -4.583840876437653 0.6518684078088888
14465 10518504 4.120165975585659 -1.2789874244397794 0.54864 -4.583840876437653 0.6518684078088888
14466 10518504 4.161446825940614 -1.3103249297073332 0.54864 -4.583840876437653 0.6518684078088888
14467 10518504 4.195321380317093 -1.339187706499065 0.54864 -4.583840876437653 0.6518684078088888
14468 10518504 4.229195934693571 -1.368050483290797 0.54864 -4.583840876437653 0.6518684078088888
14469 10518504 4.2634217045286125 -1.3939319492771447 0.54864 -4.583840876437653 0.6518684078088888
14470 10518504 4.297647474363654 -1.4198134152634923 0.54864 -4.583840876437653 0.6518684078088888
14471 10518504 4.343043928026962 -1.4586825848229235 0.55626 -4.583840876437653 0.6518684078088888
14472 10518504 4.380312998284108 -1.4903450547167056 0.56388 -4.583840876437653 0.6518684078088888
14473 10518504 4.432141811367663 -1.533997889527096 0.56388 -4.583840876437653 0.6518684078088888
14474 10518504 4.470982887646867 -1.5646538761035063 0.56388 -4.583840876437653 0.6518684078088888
14475 10518504 4.507761200419126 -1.5918334717233964 0.56388 -4.583840876437653 0.6518684078088888
14476 10518504 4.530025113725693 -1.6096069960440709 0.56388 -4.583840876437653 0.6518684078088888
14477 10518504 4.595762174107588 -1.663984678490042 0.5715 -4.583840876437653 0.6518684078088888
14478 10518504 4.633571596531973 -1.6978070980630726 0.5715 -4.583840876437653 0.6518684078088888
14479 10518504 4.6857126023363485 -1.7421430386063903 0.57912 -4.583840876437653 0.6518684078088888
14480 10518504 4.727341252924028 -1.7765093344859648 0.58674 -4.583840876437653 0.6518684078088888
14481 10518504 4.764384589368439 -1.8058759232779522 0.58674 -4.583840876437653 0.6518684078088888
14482 10518504 4.803479673321187 -1.8401162226178227 0.59436 -4.583840876437653 0.6518684078088888
14483 10518504 4.830210386470572 -1.8628489348119923 0.59436 -4.583840876437653 0.6518684078088888
14484 10518504 4.856941099619958 -1.8855816470061622 0.59436 -4.583840876437653 0.6518684078088888
14485 10518504 4.886538290498721 -1.911234404328758 0.59436 -4.583840876437653 0.6518684078088888
14486 10518504 4.916135481377484 -1.9368871616513534 0.59436 -4.583840876437653 0.6518684078088888
14487 10518504 4.960414261917662 -1.9753860340862743 0.6019800000000001 -4.583840876437653 0.6518684078088888
14488 10518504 5.024792969400185 -2.0284973194037303 0.6019800000000001 -4.583840876437653 0.6518684078088888
14489 10518504 5.062571622291203 -2.0624230685407063 0.6019800000000001 -4.583840876437653 0.6518684078088888
14490 10518504 5.101750633946275 -2.090964945611926 0.6019800000000001 -4.583840876437653 0.6518684078088888
14491 10518504 5.132971091886021 -2.1215839572536233 0.6096 -4.583840876437653 0.6518684078088888
14492 10518504 5.171450097288993 -2.156087566722942 0.6096 -4.583840876437653 0.6518684078088888
14493 10518504 5.215101068092803 -2.192160149781954 0.61722 -4.583840876437653 0.6518684078088888
14494 10518504 5.251001643308429 -2.219865647706849 0.61722 -4.583840876437653 0.6518684078088888
