23752 10862580 1.254745046881812 0.008477332292052137 0.381 -2.570776552658184 -0.08556141830814801
23753 10862580 1.3213416000092424 0.00845189133993346 0.38862 -2.570776552658184 -0.08556141830814801
23754 10862580 1.3695696273822695 0.009286889884144667 0.39624000000000004 -2.570776552658184 -0.08556141830814801
23755 10862580 1.4393568775066499 0.013594101878457027 0.40386 -2.570776552658184 -0.08556141830814801
23756 10862580 1.4963581777350607 0.01682120265680684 0.40386 -2.570776552658184 -0.08556141830814801
23757 10862580 1.5404897457815978 0.018031643656876057 0.409575 -2.570776552658184 -0.08556141830814801
23758 10862580 1.5846213138281349 0.019242084656945276 0.41529000000000005 -2.570776552658184 -0.08556141830814801
23759 10862580 1.633304033373098 0.019433805368473712 0.4210050000000001 -2.570776552658184 -0.08556141830814801
23760 10862580 1.6819867529180608 0.019625526080002148 0.42672000000000004 -2.570776552658184 -0.08556141830814801
23761 10862580 1.742244121406055 0.023309610431389377 0.43434000000000006 -2.570776552658184 -0.08556141830814801
23762 10862580 1.7924678610501499 0.026182293574473853 0.44196 -2.570776552658184 -0.08556141830814801
23763 10862580 1.8437227464891637 0.028134420084007378 0.44958000000000004 -2.570776552658184 -0.08556141830814801
23764 10862580 1.9077629458180463 0.031168426673029548 0.44958000000000004 -2.570776552658184 -0.08556141830814801
23765 10862580 1.9862870754091346 0.03776725391484129 0.46482000000000007 -2.570776552658184 -0.08556141830814801
23766 10862580 2.0395791298983 0.035083445947901 0.46482000000000007 -2.570776552658184 -0.08556141830814801
23767 10862580 2.1016155245604624 0.04286209024525553 0.47243999999999997 -2.570776552658184 -0.08556141830814801
23768 10862580 2.152775821923812 0.041809749768749266 0.48006 -2.570776552658184 -0.08556141830814801
23769 10862580 2.2329727495112777 0.04809836514956348 0.48768 -2.570776552658184 -0.08556141830814801
23770 10862580 2.287010228724266 0.04634104875247616 0.4953 -2.570776552658184 -0.08556141830814801
23771 10862580 2.3500425804261544 0.05309544497727395 0.50292 -2.570776552658184 -0.08556141830814801
23772 10862580 2.407006857110119 0.05622427404472405 0.51054 -2.570776552658184 -0.08556141830814801
23773 10862580 2.440040174492961 0.05677013498089353 0.5181600000000001 -2.570776552658184 -0.08556141830814801
23774 10862580 2.531416038735961 0.06466859030342911 0.52578 -2.570776552658184 -0.08556141830814801
23775 10862580 2.5586242905262018 0.06478040584103181 0.52578 -2.570776552658184 -0.08556141830814801
23776 10862580 2.6230326805508506 0.07330717864612288 0.5334 -2.570776552658184 -0.08556141830814801
23777 10862580 2.6795373126676356 0.07612071349971514 0.54864 -2.570776552658184 -0.08556141830814801
23778 10862580 2.713402697332389 0.07867407313497912 0.54864 -2.570776552658184 -0.08556141830814801
23779 10862580 2.7472680819971425 0.08122743277024311 0.54864 -2.570776552658184 -0.08556141830814801
23780 10862580 2.808794721732446 0.08473873209829239 0.56388 -2.570776552658184 -0.08556141830814801
23781 10862580 2.8872116412260045 0.09103078582135424 0.5715 -2.570776552658184 -0.08556141830814801
23782 10862580 2.941758215357762 0.09927483046873284 0.57912 -2.570776552658184 -0.08556141830814801
23783 10862580 3.0009596315834575 0.10763518436733041 0.58674 -2.570776552658184 -0.08556141830814801
23784 10862580 3.049814010818003 0.10769180503581752 0.59436 -2.570776552658184 -0.08556141830814801
23785 10862580 3.106618596629798 0.11578393543391016 0.59436 -2.570776552658184 -0.08556141830814801
23786 10862580 3.1858856962425524 0.12740846324430385 0.6019800000000001 -2.570776552658184 -0.08556141830814801
23787 10862580 3.241116996086035 0.1320432880943507 0.6096 -2.570776552658184 -0.08556141830814801
23788 10862580 3.3043770099156475 0.1422350784087015 0.6096 -2.570776552658184 -0.08556141830814801
23789 10862580 3.3585911229601937 0.1532770446125796 0.61722 -2.570776552658184 -0.08556141830814801
23790 10862580 3.4147888360893752 0.16495691151516886 0.61722 -2.570776552658184 -0.08556141830814801
23791 10862580 3.4718920680997396 0.17669204689984883 0.6248400000000001 -2.570776552658184 -0.08556141830814801
23792 10862580 3.531540990741508 0.18969940029681395 0.6248400000000001 -2.570776552658184 -0.08556141830814801
23793 10862580 3.5984062121264877 0.21203350439979626 0.6248400000000001 -2.570776552658184 -0.08556141830814801
23794 10862580 3.6676201865025027 0.23231663167827818 0.63246 -2.570776552658184 -0.08556141830814801
23795 10862580 3.7189254417501894 0.2529543330019088 0.63246 -2.570776552658184 -0.08556141830814801
23796 10862580 3.770230696997876 0.27359203432553936 0.63246 -2.570776552658184 -0.08556141830814801
23797 10862580 3.8414806447858707 0.30909854602714804 0.6400800000000001 -2.570776552658184 -0.08556141830814801
23798 10862580 3.90027462822181 0.3358206427380166 0.6400800000000001 -2.570776552658184 -0.08556141830814801
23799 10862580 3.960078517814175 0.36536746036479373 0.6477 -2.570776552658184 -0.08556141830814801
23800 10862580 4.011193408458021 0.39821703976749356 0.6477 -2.570776552658184 -0.08556141830814801
23801 10862580 4.077202829620616 0.435902276456514 0.65532 -2.570776552658184 -0.08556141830814801
23802 10862580 4.1325252987710535 0.47076702668833736 0.6629400000000001 -2.570776552658184 -0.08556141830814801
23803 10862580 4.187857427965186 0.5029422153106314 0.6629400000000001 -2.570776552658184 -0.08556141830814801
23804 10862580 4.268516517721903 0.5637665832694174 0.67056 -2.570776552658184 -0.08556141830814801
23805 10862580 4.326436839711074 0.6161239257127529 0.6781800000000001 -2.570776552658184 -0.08556141830814801
23806 10862580 4.380239152010108 0.6653863043317729 0.6858000000000001 -2.570776552658184 -0.08556141830814801
23807 10862580 4.434041464309142 0.7146486829507929 0.69342 -2.570776552658184 -0.08556141830814801
23808 10862580 4.4686818490429605 0.7541598730475614 0.69723 -2.570776552658184 -0.08556141830814801
23809 10862580 4.503322233776778 0.7936710631443299 0.7010400000000001 -2.570776552658184 -0.08556141830814801
23810 10862580 4.555625188944793 0.851132581627721 0.7124700000000002 -2.570776552658184 -0.08556141830814801
23811 10862580 4.605725526465838 0.9187160802780685 0.7181850000000001 -2.570776552658184 -0.08556141830814801
23812 10862580 4.655825863986883 0.986299578928416 0.7239000000000001 -2.570776552658184 -0.08556141830814801
23813 10862580 4.687753115950852 1.044801804530288 0.7315200000000001 -2.570776552658184 -0.08556141830814801
23814 10862580 4.719680367914822 1.10330403013216 0.73914 -2.570776552658184 -0.08556141830814801
23815 10862580 4.751607619878791 1.1618062557340318 0.74676 -2.570776552658184 -0.08556141830814801
23816 10862580 4.781682918365407 1.2473311924802102 0.75565 -2.570776552658184 -0.08556141830814801
23817 10862580 4.811758216852024 1.3328561292263883 0.76454 -2.570776552658184 -0.08556141830814801
23818 10862580 4.84183351533864 1.4183810659725666 0.7734300000000001 -2.570776552658184 -0.08556141830814801
23819 10862580 4.838619300754737 1.5023243867135903 0.7806690000000001 -2.570776552658184 -0.08556141830814801
23820 10862580 4.835405086170835 1.5862677074546139 0.787908 -2.570776552658184 -0.08556141830814801
23821 10862580 4.832190871586931 1.6702110281956375 0.795147 -2.570776552658184 -0.08556141830814801
23822 10862580 4.828976657003029 1.7541543489366611 0.802386 -2.570776552658184 -0.08556141830814801
23823 10862580 4.825762442419126 1.8380976696776847 0.809625 -2.570776552658184 -0.08556141830814801
23824 10862580 4.822548227835224 1.9220409904187084 0.816864 -2.570776552658184 -0.08556141830814801
23825 10862580 4.819334013251321 2.005984311159732 0.824103 -2.570776552658184 -0.08556141830814801
23826 10862580 4.816119798667418 2.0899276319007556 0.831342 -2.570776552658184 -0.08556141830814801
23827 10862580 4.8129055840835155 2.173870952641779 0.838581 -2.570776552658184 -0.08556141830814801
23828 10862580 4.809691369499613 2.257814273382803 0.84582 -2.570776552658184 -0.08556141830814801
23829 10862580 4.798295063162005 2.292254029475036 0.8496300000000001 -2.570776552658184 -0.08556141830814801
23830 10862580 4.786898756824398 2.326693785567269 0.8534400000000001 -2.570776552658184 -0.08556141830814801
23831 10862580 4.730455994324353 2.4549717629661516 0.86487 -2.570776552658184 -0.08556141830814801
23832 10862580 4.699246404551278 2.512668829232772 0.870585 -2.570776552658184 -0.08556141830814801
23833 10862580 4.668036814778205 2.5703658954993918 0.8763000000000001 -2.570776552658184 -0.08556141830814801
23834 10862580 4.62274591947176 2.6342061305244426 0.88392 -2.570776552658184 -0.08556141830814801
23835 10862580 4.565004434586206 2.7091186638529776 0.8915400000000001 -2.570776552658184 -0.08556141830814801
23836 10862580 4.509599631681246 2.779765108248791 0.8991600000000001 -2.570776552658184 -0.08556141830814801
23837 10862580 4.439045258038873 2.8518519605017163 0.9144000000000001 -2.570776552658184 -0.08556141830814801
23838 10862580 4.417028651707174 2.869784043226149 0.9144000000000001 -2.570776552658184 -0.08556141830814801
23839 10862580 4.299434425364292 2.9679718062662213 0.9296400000000001 -2.570776552658184 -0.08556141830814801
23840 10862580 4.232031149600354 3.0170721268727343 0.93726 -2.570776552658184 -0.08556141830814801
23841 10862580 4.194238681128935 3.042140266642266 0.94107 -2.570776552658184 -0.08556141830814801
23842 10862580 4.156446212657516 3.0672084064117975 0.9448799999999999 -2.570776552658184 -0.08556141830814801
23843 10862580 4.063622215684455 3.1126555372785263 0.95504 -2.570776552658184 -0.08556141830814801
23844 10862580 3.9707982187113933 3.158102668145255 0.9652 -2.570776552658184 -0.08556141830814801
23845 10862580 3.8779742217383317 3.203549799011984 0.97536 -2.570776552658184 -0.08556141830814801
23846 10862580 3.7985967032939376 3.227449106902342 0.981075 -2.570776552658184 -0.08556141830814801
23847 10862580 3.719219184849544 3.2513484147927008 0.9867900000000001 -2.570776552658184 -0.08556141830814801
23848 10862580 3.6398416664051503 3.2752477226830594 0.992505 -2.570776552658184 -0.08556141830814801
23849 10862580 3.560464147960756 3.2991470305734176 0.99822 -2.570776552658184 -0.08556141830814801
23850 10862580 3.501718291626731 3.3103256555466634 1.00203 -2.570776552658184 -0.08556141830814801
23851 10862580 3.442972435292706 3.321504280519909 1.00584 -2.570776552658184 -0.08556141830814801
23852 10862580 3.3507131800684142 3.3379608140721686 1.01346 -2.570776552658184 -0.08556141830814801
23853 10862580 3.281138164563015 3.343973939691818 1.02108 -2.570776552658184 -0.08556141830814801
23854 10862580 3.164489572136003 3.360219507980236 1.0287 -2.570776552658184 -0.08556141830814801
23855 10862580 3.0778721824611717 3.3667765343922826 1.0363200000000001 -2.570776552658184 -0.08556141830814801
23856 10862580 2.985484119286781 3.3801256980206142 1.04394 -2.570776552658184 -0.08556141830814801
23857 10862580 2.891052835100517 3.38993774964972 1.05918 -2.570776552658184 -0.08556141830814801
23858 10862580 2.8239067102429543 3.395512745848295 1.0668000000000002 -2.570776552658184 -0.08556141830814801
23859 10862580 2.7567605853853916 3.40108774204687 1.0744200000000002 -2.570776552658184 -0.08556141830814801
23860 10862580 2.664986995699058 3.409801024522201 1.08204 -2.570776552658184 -0.08556141830814801
23861 10862580 2.590209198131094 3.4172864513755834 1.08966 -2.570776552658184 -0.08556141830814801
23862 10862580 2.4758475885062365 3.4285904724332044 1.09728 -2.570776552658184 -0.08556141830814801
23863 10862580 2.3852406630821994 3.435173787802029 1.11252 -2.570776552658184 -0.08556141830814801
23864 10862580 2.291944217487636 3.4460247750821162 1.1201400000000001 -2.570776552658184 -0.08556141830814801
23865 10862580 2.2509360053298453 3.446570715679585 1.12776 -2.570776552658184 -0.08556141830814801
23866 10862580 2.149043913606077 3.458011939558809 1.143 -2.570776552658184 -0.08556141830814801
23867 10862580 2.032451892948674 3.474724660602451 1.1506200000000002 -2.570776552658184 -0.08556141830814801
23868 10862580 1.9529189663275 3.4842375393126956 1.1658600000000001 -2.570776552658184 -0.08556141830814801
23869 10862580 1.905938912197576 3.4904168013956838 1.17348 -2.570776552658184 -0.08556141830814801
23870 10862580 1.858958858067652 3.4965960634786715 1.1811 -2.570776552658184 -0.08556141830814801
23871 10862580 1.7284174481231132 3.512731242611508 1.1963400000000002 -2.570776552658184 -0.08556141830814801
23872 10862580 1.681097585858308 3.5173288440169244 1.2039600000000001 -2.570776552658184 -0.08556141830814801
23873 10862580 1.5673124073743812 3.5331319605327267 1.2192 -2.570776552658184 -0.08556141830814801
23874 10862580 1.4875791013781299 3.537691782348099 1.23444 -2.570776552658184 -0.08556141830814801
23875 10862580 1.409467003818099 3.5472136418748645 1.2420600000000002 -2.570776552658184 -0.08556141830814801
23876 10862580 1.3261416478204204 3.558440170579815 1.2572999999999999 -2.570776552658184 -0.08556141830814801
23877 10862580 1.2587188741297395 3.5640028082787762 1.26492 -2.570776552658184 -0.08556141830814801
23878 10862580 1.1831332498945617 3.567677628642878 1.27254 -2.570776552658184 -0.08556141830814801
23879 10862580 1.0636235237808433 3.579284489089078 1.28778 -2.570776552658184 -0.08556141830814801
23880 10862580 0.9779553063465133 3.5866075298482376 1.2954 -2.570776552658184 -0.08556141830814801
23881 10862580 0.9025789894118809 3.5933712593040235 1.31064 -2.570776552658184 -0.08556141830814801
23882 10862580 0.8366823293522092 3.6008923816897505 1.31826 -2.570776552658184 -0.08556141830814801
23883 10862580 0.7462669053873674 3.6067323050335234 1.3335 -2.570776552658184 -0.08556141830814801
23884 10862580 0.6459854378456897 3.6149809284898815 1.34112 -2.570776552658184 -0.08556141830814801
23885 10862580 0.5914983422627228 3.622104187171444 1.3487400000000003 -2.570776552658184 -0.08556141830814801
23886 10862580 0.5370112466797559 3.629227445853006 1.3563600000000002 -2.570776552658184 -0.08556141830814801
23887 10862580 0.45687528449531634 3.6339300004825876 1.3716000000000002 -2.570776552658184 -0.08556141830814801
23888 10862580 0.37172970804224326 3.647748845115673 1.3792200000000001 -2.570776552658184 -0.08556141830814801
23889 10862580 0.2862127296839162 3.657717742559239 1.38684 -2.570776552658184 -0.08556141830814801
23890 10862580 0.2077330853515571 3.667489570686526 1.39446 -2.570776552658184 -0.08556141830814801
23891 10862580 0.1299173512096231 3.6765778100824287 1.4020800000000002 -2.570776552658184 -0.08556141830814801
23892 10862580 0.09868950023847112 3.6815317555703397 1.4097 -2.570776552658184 -0.08556141830814801
23893 10862580 -0.025122423393758253 3.700638854880506 1.42494 -2.570776552658184 -0.08556141830814801
23894 10862580 -0.0872461491430403 3.71020601652115 1.4325600000000003 -2.570776552658184 -0.08556141830814801
23895 10862580 -0.1697705483624088 3.721187922061762 1.44018 -2.570776552658184 -0.08556141830814801
23896 10862580 -0.2379439008002413 3.7326180749170974 1.4478000000000002 -2.570776552658184 -0.08556141830814801
23897 10862580 -0.332602066510681 3.747219786950017 1.4554200000000002 -2.570776552658184 -0.08556141830814801
23898 10862580 -0.41127055340590335 3.7618505995911815 1.46304 -2.570776552658184 -0.08556141830814801
23899 10862580 -0.4943208305616553 3.773943006969676 1.47066 -2.570776552658184 -0.08556141830814801
23900 10862580 -0.5610627387996765 3.784324200910867 1.47828 -2.570776552658184 -0.08556141830814801
23901 10862580 -0.6278046470376977 3.7947053948520577 1.4859 -2.570776552658184 -0.08556141830814801
23902 10862580 -0.7080267365533137 3.8045899181564855 1.49352 -2.570776552658184 -0.08556141830814801
23903 10862580 -0.8025813348887116 3.819514578579507 1.5011400000000001 -2.570776552658184 -0.08556141830814801
23904 10862580 -0.839741787126379 3.828049259790972 1.50876 -2.570776552658184 -0.08556141830814801
23905 10862580 -0.9610017938816531 3.8441179406726533 1.524 -2.570776552658184 -0.08556141830814801
23906 10862580 -1.040823017538283 3.8538750559837704 1.5316200000000002 -2.570776552658184 -0.08556141830814801
23907 10862580 -1.1097905473808354 3.8628861098204337 1.53924 -2.570776552658184 -0.08556141830814801
23908 10862580 -1.1988770658826626 3.8782470202031143 1.5468600000000001 -2.570776552658184 -0.08556141830814801
23909 10862580 -1.2711508137935013 3.883667679454815 1.55448 -2.570776552658184 -0.08556141830814801
23910 10862580 -1.3392028698290008 3.891680325092023 1.5621 -2.570776552658184 -0.08556141830814801
23911 10862580 -1.4111022145787364 3.90258838369871 1.56972 -2.570776552658184 -0.08556141830814801
23912 10862580 -1.5284504395109229 3.921125669574343 1.5773400000000002 -2.570776552658184 -0.08556141830814801
23913 10862580 -1.6087420403978727 3.9308093491025455 1.5849600000000001 -2.570776552658184 -0.08556141830814801
23914 10862580 -1.6815986297808385 3.9377101228728404 1.59258 -2.570776552658184 -0.08556141830814801
23915 10862580 -1.7409896199029045 3.946689816858396 1.6002 -2.570776552658184 -0.08556141830814801
23916 10862580 -1.8003806100249704 3.955669510843952 1.6078200000000002 -2.570776552658184 -0.08556141830814801
23917 10862580 -1.8798358566899716 3.965199335305219 1.61544 -2.570776552658184 -0.08556141830814801
23918 10862580 -1.9880095002394331 3.979222366501499 1.6230600000000002 -2.570776552658184 -0.08556141830814801
23919 10862580 -2.025009164550367 3.9801156699988387 1.6306800000000001 -2.570776552658184 -0.08556141830814801
23920 10862580 -2.160262820955504 3.9982144422049877 1.64592 -2.570776552658184 -0.08556141830814801
23921 10862580 -2.1998215169141924 4.004853930927318 1.6535400000000002 -2.570776552658184 -0.08556141830814801
