38038 10561439 0.7868749394463158 0.19965319228630085 0.01778 1.5869194662810213 2.024326912220049
38039 10561439 0.7867412036669255 0.1996968898935898 0.03556 1.5869194662810213 2.024326912220049
38040 10561439 0.7866074678875351 0.19974058750087872 0.05334 1.5869194662810213 2.024326912220049
38041 10561439 0.7864737321081448 0.19978428510816768 0.07112 1.5869194662810213 2.024326912220049
38042 10561439 0.7863399963287544 0.1998279827154566 0.0889 1.5869194662810213 2.024326912220049
38043 10561439 0.786206260549364 0.19987168032274555 0.10668 1.5869194662810213 2.024326912220049
38044 10561439 0.7860725247699738 0.19991537793003447 0.12446 1.5869194662810213 2.024326912220049
38045 10561439 0.7859387889905834 0.1999590755373234 0.14224 1.5869194662810213 2.024326912220049
38046 10561439 0.7858050532111931 0.20000277314461234 0.16002 1.5869194662810213 2.024326912220049
38047 10561439 0.7856713174318027 0.20004647075190127 0.1778 1.5869194662810213 2.024326912220049
38048 10561439 0.7855375816524124 0.20009016835919022 0.19558 1.5869194662810213 2.024326912220049
38049 10561439 0.785403845873022 0.20013386596647914 0.21336000000000002 1.5869194662810213 2.024326912220049
38050 10561439 0.7856625249401855 0.20092554851965586 0.22352000000000002 1.5869194662810213 2.024326912220049
38051 10561439 0.7859212040073489 0.20171723107283254 0.23368000000000003 1.5869194662810213 2.024326912220049
38052 10561439 0.7861798830745124 0.20250891362600926 0.24384 1.5869194662810213 2.024326912220049
38053 10561439 0.7864385621416758 0.20330059617918597 0.254 1.5869194662810213 2.024326912220049
38054 10561439 0.7866972412088392 0.20409227873236266 0.26416 1.5869194662810213 2.024326912220049
38055 10561439 0.7869559202760027 0.20488396128553937 0.27432 1.5869194662810213 2.024326912220049
38056 10561439 0.7879990587381701 0.2045431204467127 0.286512 1.5869194662810213 2.024326912220049
38057 10561439 0.7890421972003375 0.20420227960788598 0.298704 1.5869194662810213 2.024326912220049
38058 10561439 0.790085335662505 0.2038614387690593 0.310896 1.5869194662810213 2.024326912220049
38059 10561439 0.7911284741246725 0.20352059793023258 0.32308800000000004 1.5869194662810213 2.024326912220049
38060 10561439 0.7921716125868399 0.2031797570914059 0.33528 1.5869194662810213 2.024326912220049
38061 10561439 0.7921829426911166 0.20234328636378016 0.33684307692307697 1.5869194662810213 2.024326912220049
38062 10561439 0.7921942727953932 0.20150681563615438 0.33840615384615386 1.5869194662810213 2.024326912220049
38063 10561439 0.7922056028996699 0.20067034490852864 0.3399692307692308 1.5869194662810213 2.024326912220049
38064 10561439 0.7922169330039466 0.1998338741809029 0.3415323076923077 1.5869194662810213 2.024326912220049
38065 10561439 0.7922282631082233 0.19899740345327716 0.34309538461538464 1.5869194662810213 2.024326912220049
38066 10561439 0.7922395932124999 0.19816093272565138 0.3446584615384616 1.5869194662810213 2.024326912220049
38067 10561439 0.7922509233167766 0.19732446199802564 0.34622153846153847 1.5869194662810213 2.024326912220049
38068 10561439 0.7922622534210533 0.1964879912703999 0.3477846153846154 1.5869194662810213 2.024326912220049
38069 10561439 0.79227358352533 0.19565152054277415 0.34934769230769236 1.5869194662810213 2.024326912220049
38070 10561439 0.7922849136296066 0.19481504981514838 0.35091076923076925 1.5869194662810213 2.024326912220049
38071 10561439 0.7922962437338833 0.19397857908752264 0.3524738461538462 1.5869194662810213 2.024326912220049
38072 10561439 0.79230757383816 0.1931421083598969 0.3540369230769231 1.5869194662810213 2.024326912220049
38073 10561439 0.7923189039424366 0.19230563763227115 0.3556 1.5869194662810213 2.024326912220049
38074 10561439 0.7923302340467133 0.19146916690464538 0.35716307692307697 1.5869194662810213 2.024326912220049
38075 10561439 0.79234156415099 0.19063269617701964 0.35872615384615386 1.5869194662810213 2.024326912220049
38076 10561439 0.7923528942552667 0.1897962254493939 0.3602892307692308 1.5869194662810213 2.024326912220049
38077 10561439 0.7923642243595433 0.18895975472176815 0.3618523076923077 1.5869194662810213 2.024326912220049
38078 10561439 0.79237555446382 0.18812328399414238 0.36341538461538464 1.5869194662810213 2.024326912220049
38079 10561439 0.7923868845680967 0.18728681326651664 0.3649784615384616 1.5869194662810213 2.024326912220049
38080 10561439 0.7923982146723733 0.1864503425388909 0.3665415384615385 1.5869194662810213 2.024326912220049
38081 10561439 0.7924095447766499 0.18561387181126515 0.3681046153846154 1.5869194662810213 2.024326912220049
38082 10561439 0.7924208748809266 0.18477740108363938 0.36966769230769236 1.5869194662810213 2.024326912220049
38083 10561439 0.7924322049852033 0.18394093035601364 0.37123076923076925 1.5869194662810213 2.024326912220049
38084 10561439 0.79244353508948 0.1831044596283879 0.3727938461538462 1.5869194662810213 2.024326912220049
38085 10561439 0.7924548651937566 0.18226798890076212 0.3743569230769231 1.5869194662810213 2.024326912220049
38086 10561439 0.7924661952980333 0.18143151817313638 0.37592000000000003 1.5869194662810213 2.024326912220049
38087 10561439 0.79247752540231 0.18059504744551064 0.377483076923077 1.5869194662810213 2.024326912220049
38088 10561439 0.7924888555065867 0.1797585767178849 0.37904615384615387 1.5869194662810213 2.024326912220049
38089 10561439 0.7925001856108633 0.17892210599025915 0.3806092307692308 1.5869194662810213 2.024326912220049
38090 10561439 0.79251151571514 0.17808563526263338 0.3821723076923077 1.5869194662810213 2.024326912220049
38091 10561439 0.7925228458194167 0.17724916453500764 0.38373538461538464 1.5869194662810213 2.024326912220049
38092 10561439 0.7925341759236934 0.1764126938073819 0.3852984615384616 1.5869194662810213 2.024326912220049
38093 10561439 0.79254550602797 0.17557622307975612 0.3868615384615385 1.5869194662810213 2.024326912220049
38094 10561439 0.7925568361322467 0.17473975235213038 0.3884246153846154 1.5869194662810213 2.024326912220049
38095 10561439 0.7925681662365234 0.17390328162450464 0.38998769230769237 1.5869194662810213 2.024326912220049
38096 10561439 0.7925794963408 0.1730668108968789 0.39155076923076926 1.5869194662810213 2.024326912220049
38097 10561439 0.7925908264450767 0.17223034016925315 0.3931138461538462 1.5869194662810213 2.024326912220049
38098 10561439 0.7926021565493534 0.17139386944162738 0.39467692307692315 1.5869194662810213 2.024326912220049
38099 10561439 0.7926134866536301 0.17055739871400163 0.39624000000000004 1.5869194662810213 2.024326912220049
38100 10561439 0.7952425985406585 0.16891606418805963 0.39624000000000004 1.5869194662810213 2.024326912220049
38101 10561439 0.797871710427687 0.16727472966211762 0.39624000000000004 1.5869194662810213 2.024326912220049
38102 10561439 0.8005008223147154 0.16563339513617562 0.39624000000000004 1.5869194662810213 2.024326912220049
38103 10561439 0.803129934201744 0.16399206061023358 0.39624000000000004 1.5869194662810213 2.024326912220049
38104 10561439 0.8057590460887724 0.16235072608429157 0.39624000000000004 1.5869194662810213 2.024326912220049
38105 10561439 0.8083881579758009 0.16070939155834957 0.39624000000000004 1.5869194662810213 2.024326912220049
38106 10561439 0.8110172698628293 0.15906805703240756 0.39624000000000004 1.5869194662810213 2.024326912220049
38107 10561439 0.8136463817498578 0.15742672250646556 0.39624000000000004 1.5869194662810213 2.024326912220049
38108 10561439 0.8162754936368862 0.15578538798052355 0.39624000000000004 1.5869194662810213 2.024326912220049
38109 10561439 0.8189046055239148 0.15414405345458154 0.39624000000000004 1.5869194662810213 2.024326912220049
38110 10561439 0.8215337174109432 0.15250271892863954 0.39624000000000004 1.5869194662810213 2.024326912220049
38111 10561439 0.8241628292979717 0.15086138440269753 0.39624000000000004 1.5869194662810213 2.024326912220049
38112 10561439 0.8267919411850001 0.1492200498767555 0.39624000000000004 1.5869194662810213 2.024326912220049
38113 10561439 0.8294210530720285 0.1475787153508135 0.39624000000000004 1.5869194662810213 2.024326912220049
38114 10561439 0.832050164959057 0.14593738082487148 0.39624000000000004 1.5869194662810213 2.024326912220049
38115 10561439 0.8346792768460854 0.14429604629892948 0.39624000000000004 1.5869194662810213 2.024326912220049
38116 10561439 0.837308388733114 0.14265471177298747 0.39624000000000004 1.5869194662810213 2.024326912220049
38117 10561439 0.8399375006201424 0.14101337724704546 0.39624000000000004 1.5869194662810213 2.024326912220049
38118 10561439 0.8425666125071709 0.13937204272110346 0.39624000000000004 1.5869194662810213 2.024326912220049
38119 10561439 0.8451957243941993 0.13773070819516142 0.39624000000000004 1.5869194662810213 2.024326912220049
38120 10561439 0.8478248362812278 0.13608937366921942 0.39624000000000004 1.5869194662810213 2.024326912220049
38121 10561439 0.8504539481682563 0.1344480391432774 0.39624000000000004 1.5869194662810213 2.024326912220049
38122 10561439 0.8530830600552848 0.1328067046173354 0.39624000000000004 1.5869194662810213 2.024326912220049
38123 10561439 0.8557121719423132 0.1311653700913934 0.39624000000000004 1.4535478973884914 2.722966213451334
38124 10561439 0.8583412838293417 0.1295240355654514 0.39624000000000004 1.4535478973884914 2.722966213451334
38125 10561439 0.8609703957163701 0.12788270103950938 0.39624000000000004 1.4535478973884914 2.722966213451334
38126 10561439 0.8635995076033987 0.12624136651356738 0.39624000000000004 1.4535478973884914 2.722966213451334
38127 10561439 0.8662286194904271 0.12460003198762536 0.39624000000000004 1.4535478973884914 2.722966213451334
38128 10561439 0.8688577313774555 0.12295869746168335 0.39624000000000004 1.4535478973884914 2.722966213451334
38129 10561439 0.871486843264484 0.12131736293574133 0.39624000000000004 1.4535478973884914 2.722966213451334
38130 10561439 0.8741159551515124 0.11967602840979932 0.39624000000000004 1.4535478973884914 2.722966213451334
38131 10561439 0.8767450670385409 0.11803469388385732 0.39624000000000004 1.4535478973884914 2.722966213451334
38132 10561439 0.8793741789255693 0.11639335935791531 0.39624000000000004 1.4535478973884914 2.722966213451334
38133 10561439 0.8820032908125979 0.1147520248319733 0.39624000000000004 1.4535478973884914 2.722966213451334
38134 10561439 0.8846324026996263 0.11311069030603128 0.39624000000000004 1.4535478973884914 2.722966213451334
38135 10561439 0.8872615145866548 0.11146935578008928 0.39624000000000004 1.4535478973884914 2.722966213451334
38136 10561439 0.8898906264736832 0.10982802125414727 0.39624000000000004 1.4535478973884914 2.722966213451334
38137 10561439 0.8925197383607117 0.10818668672820525 0.39624000000000004 1.4535478973884914 2.722966213451334
38138 10561439 0.8951488502477402 0.10654535220226324 0.39624000000000004 1.4535478973884914 2.722966213451334
38139 10561439 0.8977779621347687 0.10490401767632124 0.39624000000000004 1.4535478973884914 2.722966213451334
38140 10561439 0.9004070740217971 0.10326268315037923 0.39624000000000004 1.4535478973884914 2.722966213451334
38141 10561439 0.9030361859088256 0.10162134862443722 0.39624000000000004 1.4535478973884914 2.722966213451334
38142 10561439 0.905665297795854 0.0999800140984952 0.39624000000000004 1.4535478973884914 2.722966213451334
38143 10561439 0.9082944096828824 0.0983386795725532 0.39624000000000004 1.4535478973884914 2.722966213451334
38144 10561439 0.910923521569911 0.09669734504661119 0.39624000000000004 1.4535478973884914 2.722966213451334
38145 10561439 0.9135526334569394 0.09505601052066917 0.39624000000000004 1.4535478973884914 2.722966213451334
38146 10561439 0.9161817453439679 0.09341467599472716 0.39624000000000004 1.4535478973884914 2.722966213451334
38147 10561439 0.9188108572309963 0.09177334146878516 0.39624000000000004 1.4535478973884914 2.722966213451334
38148 10561439 0.9214399691180248 0.09013200694284315 0.39624000000000004 1.4535478973884914 2.722966213451334
38149 10561439 0.9240690810050532 0.08849067241690114 0.39624000000000004 1.4535478973884914 2.722966213451334
38150 10561439 0.9266981928920818 0.08684933789095912 0.39624000000000004 1.4535478973884914 2.722966213451334
38151 10561439 0.9293273047791102 0.08520800336501712 0.39624000000000004 1.4535478973884914 2.722966213451334
38152 10561439 0.9319564166661387 0.08356666883907511 0.39624000000000004 1.4535478973884914 2.722966213451334
38153 10561439 0.9345855285531671 0.08192533431313309 0.39624000000000004 1.4535478973884914 2.722966213451334
38154 10561439 0.9372146404401955 0.08028399978719108 0.39624000000000004 1.4535478973884914 2.722966213451334
38155 10561439 0.9398437523272241 0.07864266526124908 0.39624000000000004 1.4535478973884914 2.722966213451334
38156 10561439 0.9430203516577387 0.07912355510602578 0.39624000000000004 1.4535478973884914 2.722966213451334
38157 10561439 0.9483752304428876 0.0792043049394571 0.39624000000000004 1.4535478973884914 2.722966213451334
38158 10561439 0.9537301092280366 0.0792850547728884 0.39624000000000004 1.4535478973884914 2.722966213451334
38159 10561439 0.9590849880131855 0.07936580460631971 0.39624000000000004 1.4535478973884914 2.722966213451334
38160 10561439 0.9678868417128483 0.07966779977094418 0.39624000000000004 1.4535478973884914 2.722966213451334
38161 10561439 0.976688695412511 0.07996979493556866 0.39624000000000004 1.4535478973884914 2.722966213451334
38162 10561439 0.9854905491121738 0.08027179010019313 0.39624000000000004 1.4535478973884914 2.722966213451334
38163 10561439 0.9942924028118365 0.08057378526481761 0.39624000000000004 1.4535478973884914 2.722966213451334
38164 10561439 1.0030942565114993 0.08087578042944207 0.39624000000000004 1.4535478973884914 2.722966213451334
38165 10561439 1.0100740044166467 0.08088190520524419 0.39624000000000004 1.4535478973884914 2.722966213451334
38166 10561439 1.0170537523217942 0.08088802998104631 0.39624000000000004 1.4535478973884914 2.722966213451334
38167 10561439 1.0240335002269416 0.08089415475684843 0.39624000000000004 1.4535478973884914 2.722966213451334
38168 10561439 1.0310132481320888 0.08090027953265055 0.39624000000000004 1.4535478973884914 2.722966213451334
38169 10561439 1.0379929960372363 0.08090640430845267 0.39624000000000004 1.4535478973884914 2.722966213451334
38170 10561439 1.0449727439423837 0.0809125290842548 0.39624000000000004 1.4535478973884914 2.722966213451334
38171 10561439 1.0519524918475311 0.08091865386005691 0.39624000000000004 1.4535478973884914 2.722966213451334
38172 10561439 1.0614781740566908 0.07745611904004386 0.39624000000000004 1.4535478973884914 2.722966213451334
38173 10561439 1.0668100380570842 0.07746658547837898 0.39624000000000004 1.4535478973884914 2.722966213451334
38174 10561439 1.0721419020574776 0.07747705191671408 0.39624000000000004 1.4535478973884914 2.722966213451334
38175 10561439 1.077473766057871 0.0774875183550492 0.39624000000000004 1.4535478973884914 2.722966213451334
38176 10561439 1.085872771478505 0.0773721607478586 0.39624000000000004 1.4535478973884914 2.722966213451334
38177 10561439 1.094271776899139 0.07725680314066799 0.39624000000000004 1.4535478973884914 2.722966213451334
38178 10561439 1.1058884778404732 0.07883565487734398 0.39624000000000004 1.4535478973884914 2.722966213451334
38179 10561439 1.1084963706935067 0.07798367093725206 0.39624000000000004 1.4535478973884914 2.722966213451334
38180 10561439 1.1111042635465402 0.07713168699716014 0.39624000000000004 1.4535478973884914 2.722966213451334
38181 10561439 1.1187870438612442 0.07754241438825445 0.39624000000000004 1.4535478973884914 2.722966213451334
38182 10561439 1.126469824175948 0.07795314177934876 0.39624000000000004 1.4535478973884914 2.722966213451334
38183 10561439 1.1354786082675696 0.08038402505437028 0.39624000000000004 1.4535478973884914 2.722966213451334
38184 10561439 1.144487392359191 0.08281490832939181 0.39624000000000004 1.4535478973884914 2.722966213451334
38185 10561439 1.1513080316056636 0.08058668081706465 0.39624000000000004 1.4535478973884914 2.722966213451334
38186 10561439 1.1578164937698 0.08046108650265364 0.39624000000000004 1.4535478973884914 2.722966213451334
38187 10561439 1.1643249559339361 0.08033549218824262 0.39624000000000004 1.4535478973884914 2.722966213451334
38188 10561439 1.1708334180980724 0.08020989787383162 0.39624000000000004 1.4535478973884914 2.722966213451334
38189 10561439 1.1773418802622087 0.08008430355942062 0.39624000000000004 1.4535478973884914 2.722966213451334
38190 10561439 1.1850747326492779 0.08022564207843216 0.39624000000000004 1.4535478973884914 2.722966213451334
38191 10561439 1.1928075850363469 0.08036698059744371 0.39624000000000004 1.4535478973884914 2.722966213451334
38192 10561439 1.200540437423416 0.08050831911645526 0.39624000000000004 1.4535478973884914 2.722966213451334
38193 10561439 1.2082732898104853 0.0806496576354668 0.39624000000000004 1.4535478973884914 2.722966213451334
38194 10561439 1.2160061421975543 0.08079099615447835 0.39624000000000004 1.4535478973884914 2.722966213451334
38195 10561439 1.2237389945846235 0.0809323346734899 0.39624000000000004 1.4535478973884914 2.722966213451334
38196 10561439 1.2314718469716928 0.08107367319250144 0.39624000000000004 1.4535478973884914 2.722966213451334
38197 10561439 1.2392046993587618 0.08121501171151299 0.39624000000000004 1.4535478973884914 2.722966213451334
38198 10561439 1.246937551745831 0.08135635023052454 0.39624000000000004 1.4535478973884914 2.722966213451334
38199 10561439 1.251259389243078 0.08017816711671527 0.39624000000000004 1.4535478973884914 2.722966213451334
38200 10561439 1.255581226740325 0.07899998400290602 0.39624000000000004 1.4535478973884914 2.722966213451334
38201 10561439 1.263897112029193 0.07897039320556207 0.39624000000000004 1.4535478973884914 2.722966213451334
38202 10561439 1.2722129973180614 0.0789408024082181 0.39624000000000004 1.4535478973884914 2.722966213451334
38203 10561439 1.2805288826069297 0.07891121161087415 0.39624000000000004 1.4535478973884914 2.722966213451334
38204 10561439 1.2888447678957977 0.0788816208135302 0.39624000000000004 1.4535478973884914 2.722966213451334
38205 10561439 1.296425899556637 0.07843786996569072 0.39624000000000004 1.4535478973884914 2.722966213451334
38206 10561439 1.304007031217476 0.07799411911785123 0.39624000000000004 1.4535478973884914 2.722966213451334
38207 10561439 1.311588162878315 0.07755036827001173 0.39624000000000004 1.4535478973884914 2.722966213451334
38208 10561439 1.3191692945391542 0.07710661742217224 0.39624000000000004 1.4535478973884914 2.722966213451334
38209 10561439 1.3267504261999934 0.07666286657433276 0.39624000000000004 1.4535478973884914 2.722966213451334
38210 10561439 1.3330472218296665 0.0769090629713266 0.39624000000000004 1.4535478973884914 2.722966213451334
38211 10561439 1.3393440174593396 0.07715525936832045 0.39624000000000004 1.4535478973884914 2.722966213451334
38212 10561439 1.3456408130890127 0.07740145576531429 0.39624000000000004 1.4535478973884914 2.722966213451334
38213 10561439 1.351937608718686 0.07764765216230812 0.39624000000000004 1.4535478973884914 2.722966213451334
38214 10561439 1.3582344043483592 0.07789384855930197 0.39624000000000004 1.4535478973884914 2.722966213451334
38215 10561439 1.3645311999780323 0.07814004495629581 0.39624000000000004 1.4535478973884914 2.722966213451334
38216 10561439 1.3708279956077054 0.07838624135328966 0.39624000000000004 1.4535478973884914 2.722966213451334
38217 10561439 1.373917668505473 0.07778586398765157 0.39624000000000004 1.4535478973884914 2.722966213451334
38218 10561439 1.3770073414032407 0.07718548662201348 0.39624000000000004 1.4535478973884914 2.722966213451334
38219 10561439 1.3820777907702815 0.08020216341305256 0.39624000000000004 1.4535478973884914 2.722966213451334
38220 10561439 1.3865998547966725 0.08090572805503261 0.39624000000000004 1.4535478973884914 2.722966213451334
38221 10561439 1.3911219188230635 0.08160929269701266 0.39624000000000004 1.4535478973884914 2.722966213451334
38222 10561439 1.3956439828494545 0.08231285733899271 0.39624000000000004 1.4535478973884914 2.722966213451334
38223 10561439 1.398850221963702 0.0817068695734807 0.39624000000000004 1.4535478973884914 2.722966213451334
38224 10561439 1.4020564610779496 0.08110088180796866 0.39624000000000004 1.4535478973884914 2.722966213451334
38225 10561439 1.4052627001921971 0.08049489404245665 0.39624000000000004 1.4535478973884914 2.722966213451334
38226 10561439 1.4084689393064447 0.07988890627694462 0.39624000000000004 1.4535478973884914 2.722966213451334
38227 10561439 1.411675178420692 0.0792829185114326 0.39624000000000004 1.4535478973884914 2.722966213451334
38228 10561439 1.4148814175349396 0.07867693074592057 0.39624000000000004 1.4535478973884914 2.722966213451334
38229 10561439 1.4180876566491871 0.07807094298040855 0.39624000000000004 1.4535478973884914 2.722966213451334
38230 10561439 1.4212938957634347 0.07746495521489652 0.39624000000000004 1.4535478973884914 2.722966213451334
38231 10561439 1.4245001348776822 0.0768589674493845 0.39624000000000004 1.4535478973884914 2.722966213451334
38232 10561439 1.4246505902754327 0.0768098213354391 0.39624000000000004 1.4535478973884914 2.722966213451334
38233 10561439 1.424801045673183 0.0767606752214937 0.39624000000000004 1.4535478973884914 2.722966213451334
38234 10561439 1.4249515010709335 0.0767115291075483 0.39624000000000004 1.4535478973884914 2.722966213451334
38235 10561439 1.425101956468684 0.0766623829936029 0.39624000000000004 1.4535478973884914 2.722966213451334
38236 10561439 1.4252524118664343 0.07661323687965749 0.39624000000000004 1.4535478973884914 2.722966213451334
38237 10561439 1.4254028672641847 0.07656409076571209 0.39624000000000004 1.4535478973884914 2.722966213451334
38238 10561439 1.425553322661935 0.0765149446517667 0.39624000000000004 1.4535478973884914 2.722966213451334
38239 10561439 1.4257037780596855 0.07646579853782129 0.39624000000000004 1.4535478973884914 2.722966213451334
38240 10561439 1.425854233457436 0.07641665242387588 0.39624000000000004 1.4535478973884914 2.722966213451334
38241 10561439 1.4260046888551863 0.07636750630993049 0.39624000000000004 1.4535478973884914 2.722966213451334
38242 10561439 1.4261551442529368 0.07631836019598509 0.39624000000000004 1.4535478973884914 2.722966213451334
38243 10561439 1.426305599650687 0.07626921408203968 0.39624000000000004 1.4535478973884914 2.722966213451334
38244 10561439 1.4264560550484375 0.07622006796809427 0.39624000000000004 1.4535478973884914 2.722966213451334
38245 10561439 1.426606510446188 0.07617092185414888 0.39624000000000004 1.4535478973884914 2.722966213451334
38246 10561439 1.4267569658439383 0.07612177574020348 0.39624000000000004 1.4535478973884914 2.722966213451334
38247 10561439 1.4269074212416888 0.07607262962625808 0.39624000000000004 1.4535478973884914 2.722966213451334
38248 10561439 1.4270578766394393 0.07602348351231267 0.39624000000000004 1.4535478973884914 2.722966213451334
38249 10561439 1.4272083320371896 0.07597433739836727 0.39624000000000004 1.4535478973884914 2.722966213451334
38250 10561439 1.42735878743494 0.07592519128442188 0.39624000000000004 1.4535478973884914 2.722966213451334
38251 10561439 1.4275092428326905 0.07587604517047647 0.39624000000000004 1.4535478973884914 2.722966213451334
38252 10561439 1.4276596982304408 0.07582689905653106 0.39624000000000004 1.4535478973884914 2.722966213451334
38253 10561439 1.4278101536281913 0.07577775294258567 0.39624000000000004 1.4535478973884914 2.722966213451334
38254 10561439 1.4279606090259416 0.07572860682864027 0.39624000000000004 1.4535478973884914 2.722966213451334
38255 10561439 1.428111064423692 0.07567946071469486 0.39624000000000004 1.4535478973884914 2.722966213451334
38256 10561439 1.4282615198214426 0.07563031460074945 0.39624000000000004 1.4535478973884914 2.722966213451334
38257 10561439 1.4284119752191928 0.07558116848680406 0.39624000000000004 1.4535478973884914 2.722966213451334
38258 10561439 1.4285624306169433 0.07553202237285866 0.39624000000000004 1.4535478973884914 2.722966213451334
38259 10561439 1.4287128860146936 0.07548287625891326 0.39624000000000004 1.4535478973884914 2.722966213451334
38260 10561439 1.428863341412444 0.07543373014496785 0.39624000000000004 1.4535478973884914 2.722966213451334
38261 10561439 1.4290137968101946 0.07538458403102245 0.39624000000000004 1.4535478973884914 2.722966213451334
38262 10561439 1.4291642522079449 0.07533543791707706 0.39624000000000004 1.4535478973884914 2.722966213451334
38263 10561439 1.4293147076056953 0.07528629180313165 0.39624000000000004 1.4535478973884914 2.722966213451334
38264 10561439 1.429360301918583 0.07525234214555038 0.39634808510638303 1.4535478973884914 2.722966213451334
38265 10561439 1.4294058962314704 0.07521839248796912 0.39645617021276597 1.4535478973884914 2.722966213451334
38266 10561439 1.429451490544358 0.07518444283038785 0.39656425531914896 1.4535478973884914 2.722966213451334
38267 10561439 1.4294970848572457 0.07515049317280657 0.39667234042553196 1.4535478973884914 2.722966213451334
38268 10561439 1.4295426791701333 0.07511654351522531 0.39678042553191495 1.4535478973884914 2.722966213451334
38269 10561439 1.4295882734830208 0.07508259385764404 0.3968885106382979 1.4535478973884914 2.722966213451334
38270 10561439 1.4296338677959084 0.07504864420006277 0.3969965957446809 1.4535478973884914 2.722966213451334
38271 10561439 1.429679462108796 0.07501469454248151 0.3971046808510639 1.4535478973884914 2.722966213451334
38272 10561439 1.4297250564216837 0.07498074488490024 0.39721276595744687 1.4535478973884914 2.722966213451334
38273 10561439 1.429770650734571 0.07494679522731897 0.3973208510638298 1.4535478973884914 2.722966213451334
38274 10561439 1.4298162450474587 0.07491284556973771 0.3974289361702128 1.4535478973884914 2.722966213451334
38275 10561439 1.4298618393603464 0.07487889591215643 0.3975370212765958 1.4535478973884914 2.722966213451334
38276 10561439 1.429907433673234 0.07484494625457516 0.3976451063829788 1.4535478973884914 2.722966213451334
38277 10561439 1.4299530279861214 0.07481099659699389 0.3977531914893617 1.4535478973884914 2.722966213451334
38278 10561439 1.429998622299009 0.07477704693941263 0.3978612765957447 1.4535478973884914 2.722966213451334
38279 10561439 1.4300442166118967 0.07474309728183136 0.3979693617021277 1.4535478973884914 2.722966213451334
38280 10561439 1.4300898109247842 0.07470914762425009 0.39807744680851065 1.4535478973884914 2.722966213451334
38281 10561439 1.4301354052376718 0.07467519796666883 0.39818553191489364 1.4535478973884914 2.722966213451334
38282 10561439 1.4301809995505594 0.07464124830908755 0.39829361702127664 1.4535478973884914 2.722966213451334
38283 10561439 1.430226593863447 0.07460729865150628 0.39840170212765963 1.4535478973884914 2.722966213451334
38284 10561439 1.4302721881763345 0.07457334899392502 0.39850978723404257 1.4535478973884914 2.722966213451334
38285 10561439 1.4303177824892221 0.07453939933634375 0.39861787234042556 1.4535478973884914 2.722966213451334
38286 10561439 1.4303633768021098 0.07450544967876248 0.39872595744680855 1.4535478973884914 2.722966213451334
38287 10561439 1.4304089711149974 0.07447150002118122 0.39883404255319155 1.4535478973884914 2.722966213451334
38288 10561439 1.4304545654278848 0.07443755036359995 0.3989421276595745 1.4535478973884914 2.722966213451334
38289 10561439 1.4305001597407725 0.07440360070601867 0.3990502127659575 1.4535478973884914 2.722966213451334
38290 10561439 1.4305457540536601 0.07436965104843742 0.3991582978723405 1.4535478973884914 2.722966213451334
38291 10561439 1.4305913483665478 0.07433570139085614 0.39926638297872347 1.4535478973884914 2.722966213451334
38292 10561439 1.4306369426794352 0.07430175173327487 0.3993744680851064 1.4535478973884914 2.722966213451334
38293 10561439 1.4306825369923228 0.07426780207569361 0.3994825531914894 1.4535478973884914 2.722966213451334
38294 10561439 1.4307281313052105 0.07423385241811234 0.3995906382978724 1.4535478973884914 2.722966213451334
38295 10561439 1.430773725618098 0.07419990276053107 0.39969872340425533 1.4535478973884914 2.722966213451334
38296 10561439 1.4308193199309855 0.07416595310294981 0.3998068085106383 1.4535478973884914 2.722966213451334
38297 10561439 1.4308649142438732 0.07413200344536854 0.3999148936170213 1.4535478973884914 2.722966213451334
38298 10561439 1.4309105085567608 0.07409805378778726 0.4000229787234043 1.4535478973884914 2.722966213451334
38299 10561439 1.4309561028696482 0.074064104130206 0.40013106382978725 1.4535478973884914 2.722966213451334
38300 10561439 1.431001697182536 0.07403015447262473 0.40023914893617024 1.4535478973884914 2.722966213451334
38301 10561439 1.4310472914954235 0.07399620481504346 0.40034723404255323 1.4535478973884914 2.722966213451334
38302 10561439 1.4310928858083112 0.07396225515746219 0.40045531914893623 1.4535478973884914 2.722966213451334
38303 10561439 1.4311384801211986 0.07392830549988093 0.40056340425531917 1.5869194662810213 2.024326912220049
38304 10561439 1.4311840744340862 0.07389435584229966 0.40067148936170216 1.5869194662810213 2.024326912220049
38305 10561439 1.4312296687469739 0.07386040618471838 0.40077957446808515 1.5869194662810213 2.024326912220049
38306 10561439 1.4312752630598615 0.07382645652713712 0.40088765957446815 1.5869194662810213 2.024326912220049
38307 10561439 1.431320857372749 0.07379250686955585 0.4009957446808511 1.5869194662810213 2.024326912220049
38308 10561439 1.4313664516856366 0.07375855721197458 0.4011038297872341 1.5869194662810213 2.024326912220049
38309 10561439 1.4314120459985242 0.07372460755439332 0.40121191489361707 1.5869194662810213 2.024326912220049
38310 10561439 1.4314576403114119 0.07369065789681205 0.40132 1.5869194662810213 2.024326912220049
38311 10561439 1.4315032346242993 0.07365670823923078 0.401428085106383 1.5869194662810213 2.024326912220049
38312 10561439 1.431548828937187 0.07362275858164952 0.401536170212766 1.5869194662810213 2.024326912220049
38313 10561439 1.4315944232500746 0.07358880892406824 0.401644255319149 1.5869194662810213 2.024326912220049
38314 10561439 1.431640017562962 0.07355485926648697 0.40175234042553193 1.5869194662810213 2.024326912220049
38315 10561439 1.4316856118758496 0.07352090960890571 0.4018604255319149 1.5869194662810213 2.024326912220049
38316 10561439 1.4317312061887373 0.07348695995132444 0.4019685106382979 1.5869194662810213 2.024326912220049
38317 10561439 1.431776800501625 0.07345301029374317 0.4020765957446809 1.5869194662810213 2.024326912220049
38318 10561439 1.4318223948145123 0.07341906063616191 0.40218468085106385 1.5869194662810213 2.024326912220049
38319 10561439 1.4318679891274 0.07338511097858064 0.40229276595744684 1.5869194662810213 2.024326912220049
38320 10561439 1.4319135834402876 0.07335116132099936 0.40240085106382983 1.5869194662810213 2.024326912220049
38321 10561439 1.4319591777531753 0.0733172116634181 0.4025089361702128 1.5869194662810213 2.024326912220049
38322 10561439 1.4320047720660627 0.07328326200583683 0.40261702127659577 1.5869194662810213 2.024326912220049
38323 10561439 1.4320503663789503 0.07324931234825556 0.40272510638297876 1.5869194662810213 2.024326912220049
