5946 11064515 1.3708279956077054 0.07838624135328966 0.36576 0.0 0.0
5947 11064515 1.371871798583466 0.07886304559001153 0.36576 0.0 0.0
5948 11064515 1.3820777907702815 0.08020216341305256 0.36576 0.0 0.0
5949 11064515 1.3880678064208603 0.07882961755102744 0.36576 0.0 0.0
5950 11064515 1.394057822071439 0.07745707168900232 0.36576 0.0 0.0
5951 11064515 1.3956439828494545 0.08231285733899271 0.36576 0.0 0.0
5952 11064515 1.3980387007318307 0.08012872443820471 0.36576 0.0 0.0
5953 11064515 1.408069057137948 0.07685228285151557 0.36576 0.0 0.0
5954 11064515 1.4148709926468177 0.08000432862153964 0.36576 0.0 0.0
5955 11064515 1.4180807067237726 0.07895587489748793 0.36576 0.0 0.0
5956 11064515 1.4212904208007273 0.07790742117343621 0.36576 0.0 0.0
5957 11064515 1.4245001348776822 0.0768589674493845 0.36576 0.0 0.0
5958 11064515 1.4234688987838426 0.07777994039215864 0.36576 0.0 0.0
5959 11064515 1.4224376626900028 0.07870091333493279 0.36576 0.0 0.0
5960 11064515 1.4293147076056953 0.07528629180313165 0.36576 0.0 0.0
5961 11064515 1.4320668067039901 0.07555556251339196 0.36576 0.0 0.0
5962 11064515 1.434129281410699 0.07371361944947163 0.36576 0.0 0.0
5963 11064515 1.430549632458523 0.07091089041818041 0.36576 0.0 0.0
5964 11064515 1.4297472031715304 0.0711730028852041 0.36576 0.0 0.0
5965 11064515 1.4289447738845378 0.07143511535222781 0.36576 0.0 0.0
5966 11064515 1.428142344597545 0.0716972278192515 0.36576 0.0 0.0
5967 11064515 1.4273399153105524 0.0719593402862752 0.36576 0.0 0.0
5968 11064515 1.4265374860235598 0.0722214527532989 0.36576 0.0 0.0
5969 11064515 1.4257350567365672 0.0724835652203226 0.36576 0.0 0.0
5970 11064515 1.4261337592366432 0.07207295193659702 0.36576 0.0 0.0
5971 11064515 1.4265324617367192 0.07166233865287143 0.36576 0.0 0.0
5972 11064515 1.426931164236795 0.07125172536914585 0.36576 0.0 0.0
5973 11064515 1.427329866736871 0.07084111208542027 0.36576 0.0 0.0
5974 11064515 1.427728569236947 0.07043049880169469 0.36576 0.0 0.0
5975 11064515 1.4282635222508566 0.07025575730852837 0.36576 0.0 0.0
5976 11064515 1.4287984752647664 0.07008101581536205 0.36576 0.0 0.0
5977 11064515 1.429333428278676 0.06990627432219575 0.36576 0.0 0.0
5978 11064515 1.4298683812925859 0.06973153282902943 0.36576 0.0 0.0
5979 11064515 1.4304033343064955 0.06955679133586311 0.36576 0.0 0.0
5980 11064515 1.4309382873204053 0.06938204984269679 0.36576 0.0 0.0
5981 11064515 1.431473240334315 0.06920730834953048 0.36576 0.0 0.0
5982 11064515 1.4320081933482247 0.06903256685636416 0.36576 0.0 0.0
5983 11064515 1.4325431463621343 0.06885782536319784 0.36576 0.0 0.0
5984 11064515 1.4329196587108968 0.0690509503647041 0.36576 0.0 0.0
5985 11064515 1.433296171059659 0.06924407536621034 0.36576 0.0 0.0
5986 11064515 1.4336726834084215 0.0694372003677166 0.36576 0.0 0.0
5987 11064515 1.4340491957571837 0.06963032536922285 0.36576 0.0 0.0
5988 11064515 1.4344257081059462 0.0698234503707291 0.36576 0.0 0.0
5989 11064515 1.4348022204547086 0.07001657537223535 0.36576 0.0 0.0
5990 11064515 1.4351787328034709 0.07020970037374161 0.36576 0.0 0.0
5991 11064515 1.4355552451522333 0.07040282537524785 0.36576 0.0 0.0
5992 11064515 1.4359317575009956 0.0705959503767541 0.36576 0.0 0.0
5993 11064515 1.436308269849758 0.07078907537826035 0.36576 0.0 0.0
5994 11064515 1.4366847821985202 0.0709822003797666 0.36576 0.0 0.0
5995 11064515 1.4370612945472827 0.07117532538127286 0.36576 0.0 0.0
5996 11064515 1.4374378068960452 0.0713684503827791 0.36576 0.0 0.0
5997 11064515 1.4378143192448074 0.07156157538428536 0.36576 0.0 0.0
5998 11064515 1.4381908315935699 0.07175470038579161 0.36576 0.0 0.0
5999 11064515 1.438567343942332 0.07194782538729785 0.36576 0.0 0.0
6000 11064515 1.4389438562910946 0.07214095038880411 0.36576 0.0 0.0
6001 11064515 1.4377746940779352 0.07263967897769327 0.36576 0.0 0.0
6002 11064515 1.4366055318647761 0.07313840756658244 0.36576 0.0 0.0
6003 11064515 1.4354363696516168 0.07363713615547161 0.36576 0.0 0.0
6004 11064515 1.4342672074384577 0.07413586474436078 0.36576 0.0 0.0
6005 11064515 1.4330980452252984 0.07463459333324994 0.36576 0.0 0.0
6006 11064515 1.431928883012139 0.0751333219221391 0.36576 0.0 0.0
6007 11064515 1.43075972079898 0.07563205051102827 0.36576 0.0 0.0
6008 11064515 1.4295905585858206 0.07613077909991744 0.36576 0.0 0.0
6009 11064515 1.4284213963726615 0.07662950768880661 0.36576 0.0 0.0
6010 11064515 1.4272522341595022 0.07712823627769577 0.36576 0.0 0.0
6011 11064515 1.4273731367639506 0.07714882452480926 0.36576 0.0 0.0
6012 11064515 1.427494039368399 0.07716941277192275 0.36576 0.0 0.0
6013 11064515 1.4276149419728474 0.07719000101903624 0.36576 0.0 0.0
6014 11064515 1.4277358445772959 0.07721058926614972 0.36576 0.0 0.0
6015 11064515 1.4278567471817443 0.07723117751326321 0.36576 0.0 0.0
6016 11064515 1.4279776497861927 0.0772517657603767 0.36576 0.0 0.0
6017 11064515 1.428098552390641 0.07727235400749019 0.36576 0.0 0.0
6018 11064515 1.4282194549950895 0.07729294225460367 0.36576 0.0 0.0
6019 11064515 1.4283403575995377 0.07731353050171716 0.36576 0.0 0.0
6020 11064515 1.4284612602039861 0.07733411874883066 0.36576 0.0 0.0
6021 11064515 1.4285821628084345 0.07735470699594414 0.36576 0.0 0.0
6022 11064515 1.428703065412883 0.07737529524305763 0.36576 0.0 0.0
6023 11064515 1.4288239680173314 0.07739588349017111 0.36576 0.0 0.0
6024 11064515 1.4289448706217798 0.07741647173728461 0.36576 0.0 0.0
6025 11064515 1.4290657732262282 0.0774370599843981 0.36576 0.0 0.0
6026 11064515 1.4291866758306766 0.07745764823151158 0.36576 0.0 0.0
6027 11064515 1.429307578435125 0.07747823647862506 0.36576 0.0 0.0
6028 11064515 1.4294284810395734 0.07749882472573856 0.36576 0.0 0.0
6029 11064515 1.4295493836440218 0.07751941297285204 0.36576 0.0 0.0
6030 11064515 1.4296702862484703 0.07754000121996553 0.36576 0.0 0.0
6031 11064515 1.4297911888529187 0.07756058946707901 0.36576 0.0 0.0
6032 11064515 1.429912091457367 0.07758117771419251 0.36576 0.0 0.0
6033 11064515 1.4300329940618155 0.077601765961306 0.36576 0.0 0.0
6034 11064515 1.430153896666264 0.07762235420841948 0.36576 0.0 0.0
6035 11064515 1.4302747992707123 0.07764294245553297 0.36576 0.0 0.0
6036 11064515 1.4303957018751607 0.07766353070264646 0.36576 0.0 0.0
6037 11064515 1.430516604479609 0.07768411894975995 0.36576 0.0 0.0
6038 11064515 1.4306375070840573 0.07770470719687343 0.36576 0.0 0.0
6039 11064515 1.4307584096885058 0.07772529544398692 0.36576 0.0 0.0
6040 11064515 1.4308793122929542 0.07774588369110041 0.36576 0.0 0.0
6041 11064515 1.4310002148974026 0.0777664719382139 0.36576 0.0 0.0
6042 11064515 1.431121117501851 0.07778706018532738 0.36576 0.0 0.0
6043 11064515 1.4312420201062994 0.07780764843244087 0.36576 0.0 0.0
6044 11064515 1.4313629227107478 0.07782823667955437 0.36576 0.0 0.0
6045 11064515 1.4314838253151962 0.07784882492666785 0.36576 0.0 0.0
6046 11064515 1.4316047279196447 0.07786941317378133 0.36576 0.0 0.0
6047 11064515 1.431725630524093 0.07789000142089483 0.36576 0.0 0.0
6048 11064515 1.4318465331285415 0.07791058966800832 0.36576 0.0 0.0
6049 11064515 1.43196743573299 0.0779311779151218 0.36576 0.0 0.0
6050 11064515 1.4320883383374383 0.07795176616223529 0.36576 0.0 0.0
6051 11064515 1.4322092409418867 0.07797235440934878 0.36576 0.0 0.0
6052 11064515 1.4323301435463351 0.07799294265646227 0.36576 0.0 0.0
6053 11064515 1.4324510461507836 0.07801353090357575 0.36576 0.0 0.0
6054 11064515 1.4325719487552317 0.07803411915068924 0.36576 0.0 0.0
6055 11064515 1.4326928513596802 0.07805470739780274 0.36576 0.0 0.0
6056 11064515 1.4328137539641286 0.07807529564491622 0.36576 0.0 0.0
6057 11064515 1.432934656568577 0.0780958838920297 0.36576 0.0 0.0
6058 11064515 1.4330555591730254 0.07811647213914319 0.36576 0.0 0.0
6059 11064515 1.4331764617774738 0.07813706038625669 0.36576 0.0 0.0
6060 11064515 1.4332973643819222 0.07815764863337017 0.36576 0.0 0.0
6061 11064515 1.4334182669863706 0.07817823688048366 0.36576 0.0 0.0
6062 11064515 1.433539169590819 0.07819882512759714 0.36576 0.0 0.0
6063 11064515 1.4336600721952675 0.07821941337471064 0.36576 0.0 0.0
6064 11064515 1.433780974799716 0.07824000162182412 0.36576 0.0 0.0
6065 11064515 1.4339018774041643 0.07826058986893761 0.36576 0.0 0.0
6066 11064515 1.4340227800086127 0.07828117811605109 0.36576 0.0 0.0
6067 11064515 1.4341436826130611 0.07830176636316459 0.36576 0.0 0.0
6068 11064515 1.4342645852175095 0.07832235461027807 0.36576 0.0 0.0
6069 11064515 1.434385487821958 0.07834294285739156 0.36576 0.0 0.0
6070 11064515 1.4345063904264064 0.07836353110450504 0.36576 0.0 0.0
