14060 11100408 -4.0210612194723865 0.11957249067950823 0.5715 1.118398304226389 3.423004878685325
14061 11100408 -3.933356544066762 0.10686484907334001 0.5715 1.118398304226389 3.423004878685325
14062 11100408 -3.876082986961941 0.09862953850423004 0.56388 1.118398304226389 3.423004878685325
14063 11100408 -3.8028109007999484 0.09041509474777185 0.56388 1.118398304226389 3.423004878685325
14064 11100408 -3.7294118096007196 0.0828609064264981 0.55626 1.118398304226389 3.423004878685325
14065 11100408 -3.6577781330389136 0.07588540284554254 0.54864 1.118398304226389 3.423004878685325
14066 11100408 -3.581426914291824 0.07192334593820612 0.54102 1.118398304226389 3.423004878685325
14067 11100408 -3.511489672990697 0.06573830423051405 0.5334 1.118398304226389 3.423004878685325
14068 11100408 -3.439594333339505 0.057393945787738015 0.52578 1.118398304226389 3.423004878685325
14069 11100408 -3.366205692521368 0.05089844530559903 0.5181600000000001 1.118398304226389 3.423004878685325
14070 11100408 -3.26363696321234 0.048056248347916414 0.51054 1.118398304226389 3.423004878685325
14071 11100408 -3.1912104387575875 0.042695311465311775 0.50292 1.118398304226389 3.423004878685325
14072 11100408 -3.1205483051444087 0.03873047575952801 0.50292 1.118398304226389 3.423004878685325
14073 11100408 -3.061686315669629 0.03535662419005656 0.4953 1.118398304226389 3.423004878685325
14074 11100408 -2.9803191603742336 0.03560132334874119 0.48768 1.118398304226389 3.423004878685325
14075 11100408 -2.9119265763751896 0.03284857748931888 0.48006 1.118398304226389 3.423004878685325
14076 11100408 -2.841679444492401 0.027620027576665457 0.48006 1.118398304226389 3.423004878685325
14077 11100408 -2.769083837711543 0.029569029246533235 0.47243999999999997 1.118398304226389 3.423004878685325
14078 11100408 -2.7018984207304833 0.024759483533027676 0.46482000000000007 1.118398304226389 3.423004878685325
14079 11100408 -2.620486577275445 0.024876508631856614 0.45720000000000005 1.118398304226389 3.423004878685325
14080 11100408 -2.549134860848178 0.02302822427401749 0.45720000000000005 1.118398304226389 3.423004878685325
14081 11100408 -2.5010894616529704 0.023256610123152416 0.45339000000000007 1.118398304226389 3.423004878685325
14082 11100408 -2.4530440624577627 0.023484995972287342 0.44958000000000004 1.118398304226389 3.423004878685325
14083 11100408 -2.3604914306904323 0.023990630371346827 0.44196 1.118398304226389 3.423004878685325
14084 11100408 -2.3051336185930387 0.023492745654453667 0.43815000000000004 1.118398304226389 3.423004878685325
14085 11100408 -2.249775806495645 0.022994860937560507 0.43434000000000006 1.118398304226389 3.423004878685325
14086 11100408 -2.182989649945725 0.020774210229125706 0.42672000000000004 1.118398304226389 3.423004878685325
14087 11100408 -2.129310558433869 0.019220055753258775 0.41910000000000003 1.118398304226389 3.423004878685325
14088 11100408 -2.0636033073462308 0.016418689225363242 0.41910000000000003 1.118398304226389 3.423004878685325
14089 11100408 -1.9986806964433794 0.019366077006403 0.41148 1.118398304226389 3.423004878685325
14090 11100408 -1.90867563504191 0.014810009915158323 0.40386 1.118398304226389 3.423004878685325
14091 11100408 -1.8252022086033464 0.014728357781696205 0.39624000000000004 1.118398304226389 3.423004878685325
14092 11100408 -1.776200259459087 0.015173962068135788 0.38862 1.118398304226389 3.423004878685325
14093 11100408 -1.702637332371389 0.013311277453684517 0.38862 1.118398304226389 3.423004878685325
14094 11100408 -1.6309379485553552 0.01661553700150073 0.381 1.118398304226389 3.423004878685325
14095 11100408 -1.5644032393589355 0.016351925775025727 0.37338 1.118398304226389 3.423004878685325
14096 11100408 -1.5098192679695603 0.014856648032652159 0.37338 1.118398304226389 3.423004878685325
14097 11100408 -1.4522497185577292 0.017058823945025087 0.36576 1.118398304226389 3.423004878685325
14098 11100408 -1.381496165208213 0.016118011716184516 0.35814000000000007 1.118398304226389 3.423004878685325
14099 11100408 -1.3216577030894558 0.01711175488752456 0.35814000000000007 1.118398304226389 3.423004878685325
14100 11100408 -1.2321894124259545 0.016361129160100324 0.35052000000000005 1.118398304226389 3.423004878685325
14101 11100408 -1.1934220118351357 0.012679791653898959 0.34290000000000004 1.118398304226389 3.423004878685325
14102 11100408 -1.1221168392781788 0.013430350838898847 0.34290000000000004 1.118398304226389 3.423004878685325
14103 11100408 -1.0289027559634938 0.00947097429407237 0.33528 1.118398304226389 3.423004878685325
14104 11100408 -0.995383289980128 0.00984342378295508 0.33528 1.118398304226389 3.423004878685325
14105 11100408 -0.9007303926999903 0.011373734012726205 0.32766 1.118398304226389 3.423004878685325
14106 11100408 -0.8628538012735596 0.011490424192442478 0.32766 1.118398304226389 3.423004878685325
14107 11100408 -0.7602805908203962 0.01008222340697254 0.32004000000000005 1.118398304226389 3.423004878685325
14108 11100408 -0.7114989300001513 0.010139207842558645 0.31242000000000003 1.118398304226389 3.423004878685325
14109 11100408 -0.6463426590459118 0.009749981616606035 0.31242000000000003 1.118398304226389 3.423004878685325
14110 11100408 -0.5828990721065448 0.005481556066737198 0.31242000000000003 1.118398304226389 3.423004878685325
14111 11100408 -0.519507618074077 0.00648821194706431 0.3048 1.118398304226389 3.423004878685325
14112 11100408 -0.48871793054953416 0.006937492965391007 0.30099 1.118398304226389 3.423004878685325
14113 11100408 -0.45792824302499135 0.007386773983717704 0.29718 1.118398304226389 3.423004878685325
14114 11100408 -0.39680640393008204 0.009603716508352761 0.29718 1.118398304226389 3.423004878685325
14115 11100408 -0.3321211188084985 0.009137429869898489 0.28956 1.118398304226389 3.423004878685325
14116 11100408 -0.24188807846594207 0.00803142377544716 0.28956 1.118398304226389 3.423004878685325
14117 11100408 -0.17040413006655242 0.006629278675238187 0.28194 1.118398304226389 3.423004878685325
14118 11100408 -0.12074086268575046 0.006401799007663661 0.28194 1.118398304226389 3.423004878685325
14119 11100408 -0.05727266416899868 0.004933660968266168 0.28194 1.118398304226389 3.423004878685325
14120 11100408 0.01405497165635905 0.008491211637350449 0.27432 1.118398304226389 3.423004878685325
14121 11100408 0.0788412515730803 0.006710207636162868 0.2667 0.36214911544938283 2.5465782646875845
14122 11100408 0.1101543937803976 0.00360262483489171 0.2667 0.36214911544938283 2.5465782646875845
14123 11100408 0.1722932070234614 0.003505505571986367 0.25908000000000003 0.36214911544938283 2.5465782646875845
14124 11100408 0.23560327994725017 0.005362690424144889 0.25908000000000003 0.36214911544938283 2.5465782646875845
14125 11100408 0.29336967297632355 0.001671842069053825 0.25908000000000003 0.36214911544938283 2.5465782646875845
14126 11100408 0.3881557917562357 0.003641555771548205 0.25908000000000003 0.36214911544938283 2.5465782646875845
14127 11100408 0.4406610652495189 0.002605753006364425 0.25908000000000003 0.36214911544938283 2.5465782646875845
14128 11100408 0.49967105453342947 0.005169301941519697 0.25908000000000003 0.36214911544938283 2.5465782646875845
14129 11100408 0.5522105566501512 0.0042400756514007 0.25908000000000003 0.36214911544938283 2.5465782646875845
14130 11100408 0.6047500587668729 0.0033108493612817036 0.25908000000000003 0.36214911544938283 2.5465782646875845
14131 11100408 0.6405472996805552 0.0014272783366839764 0.25908000000000003 0.36214911544938283 2.5465782646875845
14132 11100408 0.6406061107810388 0.001427593552233369 0.25908509964306964 0.36214911544938283 2.5465782646875845
14133 11100408 0.6406649218815222 0.0014279087677827617 0.25909019928613924 0.36214911544938283 2.5465782646875845
14134 11100408 0.6407237329820058 0.0014282239833321544 0.25909529892920885 0.36214911544938283 2.5465782646875845
14135 11100408 0.6407825440824894 0.001428539198881547 0.25910039857227846 0.36214911544938283 2.5465782646875845
14136 11100408 0.6408413551829728 0.0014288544144309397 0.25910549821534806 0.36214911544938283 2.5465782646875845
14137 11100408 0.6409001662834564 0.0014291696299803323 0.25911059785841767 0.36214911544938283 2.5465782646875845
14138 11100408 0.6409589773839398 0.001429484845529725 0.2591156975014872 0.36214911544938283 2.5465782646875845
14139 11100408 0.6410177884844234 0.0014298000610791176 0.2591207971445568 0.36214911544938283 2.5465782646875845
14140 11100408 0.6410765995849069 0.0014301152766285103 0.25912589678762643 0.36214911544938283 2.5465782646875845
14141 11100408 0.6411354106853904 0.001430430492177903 0.25913099643069604 0.36214911544938283 2.5465782646875845
14142 11100408 0.6411942217858739 0.0014307457077272956 0.25913609607376564 0.36214911544938283 2.5465782646875845
14143 11100408 0.6412530328863575 0.0014310609232766882 0.25914119571683525 0.36214911544938283 2.5465782646875845
14144 11100408 0.6413118439868409 0.0014313761388260809 0.25914629535990485 0.36214911544938283 2.5465782646875845
14145 11100408 0.6413706550873245 0.0014316913543754735 0.25915139500297446 0.36214911544938283 2.5465782646875845
14146 11100408 0.641429466187808 0.0014320065699248664 0.25915649464604407 0.36214911544938283 2.5465782646875845
14147 11100408 0.6414882772882915 0.001432321785474259 0.2591615942891137 0.36214911544938283 2.5465782646875845
14148 11100408 0.641547088388775 0.0014326370010236517 0.2591666939321833 0.36214911544938283 2.5465782646875845
14149 11100408 0.6416058994892586 0.0014329522165730444 0.2591717935752529 0.36214911544938283 2.5465782646875845
14150 11100408 0.6416647105897421 0.001433267432122437 0.25917689321832243 0.36214911544938283 2.5465782646875845
14151 11100408 0.6417235216902256 0.0014335826476718297 0.25918199286139204 0.36214911544938283 2.5465782646875845
14152 11100408 0.6417823327907091 0.0014338978632212223 0.25918709250446165 0.36214911544938283 2.5465782646875845
14153 11100408 0.6418411438911926 0.001434213078770615 0.25919219214753125 0.36214911544938283 2.5465782646875845
14154 11100408 0.6418999549916762 0.0014345282943200076 0.25919729179060086 0.36214911544938283 2.5465782646875845
14155 11100408 0.6419587660921596 0.0014348435098694003 0.25920239143367046 0.36214911544938283 2.5465782646875845
14156 11100408 0.6420175771926432 0.001435158725418793 0.25920749107674007 0.36214911544938283 2.5465782646875845
14157 11100408 0.6420763882931267 0.0014354739409681856 0.2592125907198097 0.36214911544938283 2.5465782646875845
14158 11100408 0.6421351993936102 0.0014357891565175782 0.2592176903628793 0.36214911544938283 2.5465782646875845
14159 11100408 0.6421940104940937 0.0014361043720669709 0.2592227900059489 0.36214911544938283 2.5465782646875845
14160 11100408 0.6422528215945773 0.0014364195876163635 0.2592278896490185 0.36214911544938283 2.5465782646875845
14161 11100408 0.6423116326950608 0.0014367348031657562 0.2592329892920881 0.36214911544938283 2.5465782646875845
14162 11100408 0.6423704437955443 0.0014370500187151488 0.25923808893515765 0.36214911544938283 2.5465782646875845
14163 11100408 0.6424292548960279 0.0014373652342645415 0.25924318857822726 0.36214911544938283 2.5465782646875845
14164 11100408 0.6424880659965113 0.0014376804498139341 0.25924828822129686 0.36214911544938283 2.5465782646875845
14165 11100408 0.6425468770969949 0.0014379956653633268 0.25925338786436647 0.36214911544938283 2.5465782646875845
14166 11100408 0.6426056881974783 0.0014383108809127194 0.2592584875074361 0.36214911544938283 2.5465782646875845
14167 11100408 0.6426644992979619 0.001438626096462112 0.2592635871505057 0.36214911544938283 2.5465782646875845
14168 11100408 0.6427233103984454 0.0014389413120115047 0.2592686867935753 0.36214911544938283 2.5465782646875845
14169 11100408 0.6427821214989289 0.0014392565275608974 0.2592737864366449 0.36214911544938283 2.5465782646875845
14170 11100408 0.6428409325994124 0.00143957174311029 0.2592788860797145 0.36214911544938283 2.5465782646875845
14171 11100408 0.642899743699896 0.0014398869586596827 0.2592839857227841 0.36214911544938283 2.5465782646875845
14172 11100408 0.6429585548003794 0.0014402021742090754 0.2592890853658537 0.36214911544938283 2.5465782646875845
14173 11100408 0.643017365900863 0.001440517389758468 0.2592941850089233 0.36214911544938283 2.5465782646875845
14174 11100408 0.6430761770013466 0.0014408326053078609 0.25929928465199287 0.36214911544938283 2.5465782646875845
14175 11100408 0.64313498810183 0.0014411478208572535 0.2593043842950625 0.36214911544938283 2.5465782646875845
14176 11100408 0.6431937992023136 0.0014414630364066462 0.2593094839381321 0.36214911544938283 2.5465782646875845
14177 11100408 0.643252610302797 0.0014417782519560388 0.2593145835812017 0.36214911544938283 2.5465782646875845
14178 11100408 0.6433114214032806 0.0014420934675054315 0.2593196832242713 0.36214911544938283 2.5465782646875845
14179 11100408 0.6433702325037641 0.0014424086830548241 0.2593247828673409 0.36214911544938283 2.5465782646875845
14180 11100408 0.6434290436042476 0.0014427238986042168 0.2593298825104105 0.36214911544938283 2.5465782646875845
14181 11100408 0.6434878547047311 0.0014430391141536094 0.2593349821534801 0.36214911544938283 2.5465782646875845
14182 11100408 0.6435466658052147 0.001443354329703002 0.2593400817965497 0.36214911544938283 2.5465782646875845
14183 11100408 0.6436054769056981 0.0014436695452523947 0.2593451814396193 0.36214911544938283 2.5465782646875845
14184 11100408 0.6436642880061817 0.0014439847608017874 0.2593502810826889 0.36214911544938283 2.5465782646875845
14185 11100408 0.6437230991066653 0.00144429997635118 0.25935538072575853 0.36214911544938283 2.5465782646875845
14186 11100408 0.6437819102071487 0.0014446151919005727 0.2593604803688281 0.36214911544938283 2.5465782646875845
14187 11100408 0.6438407213076323 0.0014449304074499653 0.2593655800118977 0.36214911544938283 2.5465782646875845
14188 11100408 0.6438995324081158 0.001445245622999358 0.2593706796549673 0.36214911544938283 2.5465782646875845
14189 11100408 0.6439583435085993 0.0014455608385487506 0.2593757792980369 0.36214911544938283 2.5465782646875845
14190 11100408 0.6440171546090828 0.0014458760540981433 0.2593808789411065 0.36214911544938283 2.5465782646875845
14191 11100408 0.6440759657095663 0.001446191269647536 0.2593859785841761 0.36214911544938283 2.5465782646875845
