41598 11322591 -0.40314757496531806 -4.5878675793568355 0.8534400000000001 -0.9780013939100929 0.31954237263611124
41599 11322591 -0.3988804849566632 -4.534003580486857 0.8534400000000001 -0.9780013939100929 0.31954237263611124
41600 11322591 -0.3938790670660346 -4.4806130801156865 0.8534400000000001 -0.9780013939100929 0.31954237263611124
41601 11322591 -0.388877649175406 -4.427222579744517 0.8534400000000001 -0.9780013939100929 0.31954237263611124
41602 11322591 -0.38454097491391526 -4.373147571737393 0.8534400000000001 -0.9780013939100929 0.31954237263611124
41603 11322591 -0.37954888567800293 -4.317066987680902 0.8534400000000001 -0.9780013939100929 0.31954237263611124
41604 11322591 -0.37764441082452593 -4.290293726493614 0.8534400000000001 -0.9780013939100929 0.31954237263611124
41605 11322591 -0.37573993597104893 -4.263520465306325 0.8534400000000001 -0.9780013939100929 0.31954237263611124
41606 11322591 -0.36847820760176386 -4.158063348916964 0.8534400000000001 -0.9780013939100929 0.31954237263611124
41607 11322591 -0.3649683163376136 -4.106521890776436 0.8534400000000001 -0.9780013939100929 0.31954237263611124
41608 11322591 -0.3611009898780886 -4.05252702678019 0.8534400000000001 -0.9780013939100929 0.31954237263611124
41609 11322591 -0.357136126536737 -3.9989144627010464 0.8534400000000001 -0.9780013939100929 0.31954237263611124
41610 11322591 -0.3531712631953854 -3.9453018986219024 0.8534400000000001 -0.9780013939100929 0.31954237263611124
41611 11322591 -0.35151685521671605 -3.890467105024794 0.8534400000000001 -0.9780013939100929 0.31954237263611124
41612 11322591 -0.3498624472380467 -3.8356323114276853 0.8534400000000001 -0.9780013939100929 0.31954237263611124
41613 11322591 -0.3467071034711324 -3.7840916666007653 0.8534400000000001 -0.9780013939100929 0.31954237263611124
41614 11322591 -0.3412328368029023 -3.7306216357041895 0.8534400000000001 -0.9780013939100929 0.31954237263611124
41615 11322591 -0.33575857013467214 -3.6771516048076136 0.8534400000000001 -0.9780013939100929 0.31954237263611124
41616 11322591 -0.33483769413766074 -3.6226611261196036 0.8534400000000001 -0.9780013939100929 0.31954237263611124
41617 11322591 -0.327330997778436 -3.5670512599150266 0.8534400000000001 -0.9780013939100929 0.31954237263611124
41618 11322591 -0.32144512939623415 -3.516402625793612 0.8534400000000001 -0.9780013939100929 0.31954237263611124
41619 11322591 -0.3120469264609468 -3.4631631222221317 0.8534400000000001 -0.9780013939100929 0.31954237263611124
41620 11322591 -0.3026487235256594 -3.4099236186506516 0.8534400000000001 -0.9780013939100929 0.31954237263611124
41621 11322591 -0.2910482171435175 -3.3572868323327345 0.8686800000000001 -0.9780013939100929 0.31954237263611124
41622 11322591 -0.27944771076137553 -3.304650046014817 0.88392 -0.9780013939100929 0.31954237263611124
41623 11322591 -0.26827226487494515 -3.2530426271975887 0.88392 -0.9780013939100929 0.31954237263611124
41624 11322591 -0.2556403714670029 -3.20214472295467 0.88392 -0.9780013939100929 0.31954237263611124
41625 11322591 -0.24300847805906067 -3.1512468187117517 0.88392 -0.9780013939100929 0.31954237263611124
41626 11322591 -0.22669496745533801 -3.1013181716029274 0.88392 -0.9780013939100929 0.31954237263611124
41627 11322591 -0.21199655272519902 -3.0481748022304007 0.88392 -0.9780013939100929 0.31954237263611124
41628 11322591 -0.19822931779047104 -2.997881488803169 0.88392 -0.9780013939100929 0.31954237263611124
41629 11322591 -0.18191576896800332 -2.947952840369535 0.88392 -0.9780013939100929 0.31954237263611124
41630 11322591 -0.16804499364446746 -2.8973428655675475 0.88392 -0.9780013939100929 0.31954237263611124
41631 11322591 -0.1541742183209316 -2.8467328907655594 0.88392 -0.9780013939100929 0.31954237263611124
41632 11322591 -0.138584913240686 -2.799020946648223 0.88392 -0.9780013939100929 0.31954237263611124
41633 11322591 -0.12314779012965033 -2.7476960645264414 0.88392 -0.9780013939100929 0.31954237263611124
41634 11322591 -0.10771066701861465 -2.69637118240466 0.88392 -0.9780013939100929 0.31954237263611124
41635 11322591 -0.09139705894209593 -2.646442526109896 0.88392 -0.9780013939100929 0.31954237263611124
41636 11322591 -0.07587671174356458 -2.598941686498448 0.88392 -0.9780013939100929 0.31954237263611124
41637 11322591 -0.0604222866990734 -2.5475640253568654 0.88392 -0.9780013939100929 0.31954237263611124
41638 11322591 -0.04496786165458222 -2.496186364215283 0.88392 -0.9780013939100929 0.31954237263611124
41639 11322591 -0.029547888560044755 -2.444914262929832 0.88392 -0.9780013939100929 0.31954237263611124
41640 11322591 -0.01412791546550729 -2.393642161644381 0.88392 -0.9780013939100929 0.31954237263611124
41641 11322591 -0.0001878889691135921 -2.3428211088974256 0.88392 -0.9780013939100929 0.31954237263611124
41642 11322591 0.01598782061766557 -2.293314670234435 0.88392 -0.9780013939100929 0.31954237263611124
41643 11322591 0.029893411377212575 -2.2425991826122886 0.88392 -0.9780013939100929 0.31954237263611124
41644 11322591 0.04686240661253083 -2.1906649200600405 0.88392 -0.9780013939100929 0.31954237263611124
41645 11322591 0.060165031996962604 -2.1485922903712136 0.88392 -0.9780013939100929 0.31954237263611124
41646 11322591 0.07346765738139438 -2.106519660682386 0.88392 -0.9780013939100929 0.31954237263611124
41647 11322591 0.08677028276582616 -2.064447030993559 0.88392 -0.9780013939100929 0.31954237263611124
41648 11322591 0.11039897872692173 -1.988052256961531 0.88392 -0.9780013939100929 0.31954237263611124
41649 11322591 0.12729901906573682 -1.9363290934717392 0.88392 -0.9780013939100929 0.31954237263611124
41650 11322591 0.13547312089551644 -1.9113119694435734 0.88392 -0.9780013939100929 0.31954237263611124
41651 11322591 0.14364722272529606 -1.8862948454154078 0.88392 -0.9780013939100929 0.31954237263611124
41652 11322591 0.17499425186972983 -1.7811123691232398 0.88392 -0.9780013939100929 0.31954237263611124
41653 11322591 0.19163564420465173 -1.7301808737749824 0.88392 -0.9780013939100929 0.31954237263611124
41654 11322591 0.20827703653957363 -1.6792493784267253 0.88392 -0.9780013939100929 0.31954237263611124
41655 11322591 0.22048804605962335 -1.6252931260907213 0.88392 -0.9780013939100929 0.31954237263611124
41656 11322591 0.2349690205708026 -1.5725458653808153 0.88392 -0.9780013939100929 0.31954237263611124
41657 11322591 0.25040656440645237 -1.521221002968108 0.8686800000000001 -0.9780013939100929 0.31954237263611124
41658 11322591 0.26584410824210214 -1.4698961405554005 0.8534400000000001 -0.9780013939100929 0.31954237263611124
41659 11322591 0.280118888513217 -1.416964664025454 0.8534400000000001 -0.9780013939100929 0.31954237263611124
41660 11322591 0.2948527088034242 -1.3637158618564449 0.8534400000000001 -0.9780013939100929 0.31954237263611124
41661 11322591 0.30906923171772155 -1.3120504315495412 0.8534400000000001 -0.9780013939100929 0.31954237263611124
41662 11322591 0.3232857546320189 -1.2603850012426376 0.8534400000000001 -0.9780013939100929 0.31954237263611124
41663 11322591 0.33788174412276306 -1.2075584512049746 0.8534400000000001 -0.9780013939100929 0.31954237263611124
41664 11322591 0.3524777336135072 -1.1547319011673116 0.8534400000000001 -0.9780013939100929 0.31954237263611124
41665 11322591 0.3647005804497627 -1.1010131025202452 0.8534400000000001 -0.9780013939100929 0.31954237263611124
41666 11322591 0.3780928736928068 -1.047793230767776 0.8534400000000001 -0.9780013939100929 0.31954237263611124
41667 11322591 0.3914851669358509 -0.9945733590153066 0.8534400000000001 -0.9780013939100929 0.31954237263611124
41668 11322591 0.40575371848256464 -0.9427496464124507 0.8534400000000001 -0.9780013939100929 0.31954237263611124
41669 11322591 0.4200222700292784 -0.8909259338095947 0.8534400000000001 -0.9780013939100929 0.31954237263611124
41670 11322591 0.4346185375150631 -0.8380994349516193 0.8534400000000001 -0.9780013939100929 0.31954237263611124
41671 11322591 0.44896281290230844 -0.7849569379394955 0.8534400000000001 -0.9780013939100929 0.31954237263611124
41672 11322591 0.46352466679442206 -0.7322360098813969 0.8534400000000001 -0.9780013939100929 0.31954237263611124
41673 11322591 0.4756332526356824 -0.6785966459363635 0.8534400000000001 -0.9780013939100929 0.31954237263611124
41674 11322591 0.48844592932253605 -0.626472431580078 0.8534400000000001 -0.9780013939100929 0.31954237263611124
41675 11322591 0.5012586060093898 -0.5743482172237927 0.8534400000000001 -0.9780013939100929 0.31954237263611124
41676 11322591 0.5135511211492694 -0.5204184460893256 0.8534400000000001 -0.9780013939100929 0.31954237263611124
41677 11322591 0.52570574618318 -0.4669109200323879 0.8534400000000001 -0.9780013939100929 0.31954237263611124
41678 11322591 0.53806739165181 -0.4127700653171096 0.8534400000000001 -0.9780013939100929 0.31954237263611124
41679 11322591 0.5489840013332191 -0.3589748184147066 0.8534400000000001 -0.9780013939100929 0.31954237263611124
41680 11322591 0.5599006110146283 -0.30517957151230357 0.8534400000000001 -0.9780013939100929 0.31954237263611124
41681 11322591 0.5661841814113681 -0.2519733325191361 0.8534400000000001 -0.9780013939100929 0.31954237263611124
41682 11322591 0.5731232412133151 -0.19676153416689515 0.8534400000000001 -0.9780013939100929 0.31954237263611124
41683 11322591 0.5757869282492163 -0.13968538508508874 0.8534400000000001 -0.9780013939100929 0.31954237263611124
41684 11322591 0.5798126059333122 -0.08591651243303731 0.8534400000000001 -0.9780013939100929 0.31954237263611124
41685 11322591 0.583838283617408 -0.03214763978098589 0.8534400000000001 -0.9780013939100929 0.31954237263611124
41686 11322591 0.5877498555938192 0.021950630697682716 0.8534400000000001 -0.9780013939100929 0.31954237263611124
41687 11322591 0.588567474281822 0.07799458129090786 0.8534400000000001 -0.9780013939100929 0.31954237263611124
41688 11322591 0.5893850929698248 0.134038531884133 0.8534400000000001 -0.9780013939100929 0.31954237263611124
41689 11322591 0.5899819513085647 0.1864161832703099 0.8534400000000001 -0.9780013939100929 0.31954237263611124
41690 11322591 0.5918538157158494 0.24106428477721809 0.8534400000000001 -0.9780013939100929 0.31954237263611124
41691 11322591 0.5902043705634425 0.2941760557920176 0.8534400000000001 -0.9780013939100929 0.31954237263611124
41692 11322591 0.5915952443617046 0.3489814162554664 0.8534400000000001 -0.9780013939100929 0.31954237263611124
41693 11322591 0.5934677764463181 0.40362941869675306 0.8534400000000001 -0.9780013939100929 0.31954237263611124
41694 11322591 0.5929425002101295 0.45637398860202744 0.8534400000000001 -0.9780013939100929 0.31954237263611124
41695 11322591 0.5924172239739409 0.5091185585073018 0.8534400000000001 -0.9780013939100929 0.31954237263611124
41696 11322591 0.5942904187078596 0.56376646330058 0.8534400000000001 -0.9780013939100929 0.31954237263611124
41697 11322591 0.5934702768992461 0.6194113965213658 0.8534400000000001 -0.9780013939100929 0.31954237263611124
41698 11322591 0.5919028664116568 0.6724967113771284 0.8534400000000001 -0.9780013939100929 0.31954237263611124
41699 11322591 0.5903354559240676 0.725582026232891 0.8534400000000001 -0.9780013939100929 0.31954237263611124
41700 11322591 0.5886079439065779 0.7787197374636586 0.8534400000000001 -0.9780013939100929 0.31954237263611124
41701 11322591 0.5876740891404337 0.8342852058965915 0.8534400000000001 -0.9780013939100929 0.31954237263611124
41702 11322591 0.5873512808981111 0.8869639752335643 0.8534400000000001 -0.9780013939100929 0.31954237263611124
41703 11322591 0.5870284726557884 0.9396427445705372 0.8534400000000001 -0.9780013939100929 0.31954237263611124
41704 11322591 0.5853019370572188 0.9927803329587913 0.8534400000000001 -0.9780013939100929 0.31954237263611124
41705 11322591 0.5871771948175619 1.0474279421255597 0.8534400000000001 -0.9780013939100929 0.31954237263611124
41706 11322591 0.5858652343245945 1.1018321192926706 0.8534400000000001 -0.9780013939100929 0.31954237263611124
41707 11322591 0.584553273831627 1.1562362964597814 0.8534400000000001 -0.9780013939100929 0.31954237263611124
41708 11322591 0.584588471309179 1.2101418771379744 0.8534400000000001 -0.9780013939100929 0.31954237263611124
41709 11322591 0.584623668786731 1.2640474578161676 0.8534400000000001 -0.9780013939100929 0.31954237263611124
41710 11322591 0.5831394054987418 1.3171061811196094 0.8534400000000001 -0.9780013939100929 0.31954237263611124
41711 11322591 0.5816551422107525 1.370164904423051 0.8534400000000001 -0.9780013939100929 0.31954237263611124
41712 11322591 0.5803228978065452 1.4258611187152646 0.8534400000000001 -0.9780013939100929 0.31954237263611124
41713 11322591 0.5805309682292072 1.4794767668055688 0.8534400000000001 -0.9780013939100929 0.31954237263611124
41714 11322591 0.5807390386518692 1.5330924148958731 0.8534400000000001 -0.9780013939100929 0.31954237263611124
41715 11322591 0.57947655327627 1.5889996399920336 0.8534400000000001 -0.9780013939100929 0.31954237263611124
41716 11322591 0.5781540900423798 1.6420057498583447 0.8534400000000001 -0.9780013939100929 0.31954237263611124
41717 11322591 0.5764653708776385 1.6952484738753508 0.8382000000000001 -0.9780013939100929 0.31954237263611124
41718 11322591 0.5747766517128972 1.748491197892357 0.82296 -0.9780013939100929 0.31954237263611124
41719 11322591 0.5710827251833144 1.802389401638854 0.82296 -0.9780013939100929 0.31954237263611124
41720 11322591 0.568553699282613 1.857133673414546 0.82296 -0.9780013939100929 0.31954237263611124
41721 11322591 0.5660246733819116 1.911877945190238 0.82296 -0.9780013939100929 0.31954237263611124
41722 11322591 0.5647037164562907 1.964883872568295 0.82296 -0.9780013939100929 0.31954237263611124
41723 11322591 0.5632363264121596 2.020157513002108 0.82296 -0.9780013939100929 0.31954237263611124
41724 11322591 0.5630450942218992 2.073086374228382 0.82296 -0.9780013939100929 0.31954237263611124
41725 11322591 0.5628538620316387 2.126015235454656 0.82296 -0.9780013939100929 0.31954237263611124
41726 11322591 0.5617426046798762 2.1812894486735814 0.82296 -0.9780013939100929 0.31954237263611124
41727 11322591 0.563519464126986 2.235619668433919 0.82296 -0.9780013939100929 0.31954237263611124
41728 11322591 0.5684966331326854 2.291590965295807 0.82296 -0.9780013939100929 0.31954237263611124
41729 11322591 0.5727797223269913 2.346796108979527 0.80772 -0.9780013939100929 0.31954237263611124
41730 11322591 0.5770628115212971 2.402001252663247 0.7924800000000001 -0.9780013939100929 0.31954237263611124
41731 11322591 0.58490849006267 2.454523090616573 0.7924800000000001 -0.9780013939100929 0.31954237263611124
41732 11322591 0.5927541686040428 2.5070449285698992 0.7924800000000001 -0.9780013939100929 0.31954237263611124
41733 11322591 0.6048256279052457 2.5608141937446467 0.7924800000000001 -0.9780013939100929 0.31954237263611124
41734 11322591 0.6168970872064488 2.614583458919394 0.7924800000000001 -0.9780013939100929 0.31954237263611124
41735 11322591 0.6332173112151049 2.6645104094997345 0.7924800000000001 -0.9780013939100929 0.31954237263611124
41736 11322591 0.6553267242370255 2.714764801253763 0.7924800000000001 -0.9780013939100929 0.31954237263611124
41737 11322591 0.6772487504967828 2.7614586558858756 0.7924800000000001 -0.9780013939100929 0.31954237263611124
41738 11322591 0.6991707767565399 2.8081525105179876 0.7924800000000001 -0.9780013939100929 0.31954237263611124
41739 11322591 0.7256861711557065 2.8520597651008712 0.77724 -0.9780013939100929 0.31954237263611124
41740 11322591 0.7522015655548732 2.895967019683755 0.762 -0.9780013939100929 0.31954237263611124
41741 11322591 0.7762197511592317 2.925852907902895 0.762 -0.9780013939100929 0.31954237263611124
41742 11322591 0.8002379367635903 2.9557387961220356 0.762 -0.9780013939100929 0.31954237263611124
41743 11322591 0.8426753460765954 3.000692286643085 0.762 -0.9780013939100929 0.31954237263611124
41744 11322591 0.8851127553896007 3.0456457771641348 0.762 -0.9780013939100929 0.31954237263611124
41745 11322591 0.904918912429377 3.0606105396066936 0.762 -0.9780013939100929 0.31954237263611124
41746 11322591 0.9247250694691533 3.0755753020492524 0.762 -0.9780013939100929 0.31954237263611124
41747 11322591 1.004859533298236 3.1295294117436567 0.762 -0.9780013939100929 0.31954237263611124
41748 11322591 1.0450953729250207 3.1537644293667237 0.762 -0.9780013939100929 0.31954237263611124
41749 11322591 1.0896828431964976 3.174474330300258 0.73152 -0.9780013939100929 0.31954237263611124
41750 11322591 1.1328951519719386 3.1904349845563607 0.73152 -0.9780013939100929 0.31954237263611124
41751 11322591 1.1761074607473798 3.2063956388124635 0.73152 -0.9780013939100929 0.31954237263611124
41752 11322591 1.2225336604506276 3.2161657710405085 0.73152 -0.9780013939100929 0.31954237263611124
41753 11322591 1.2689598601538754 3.2259359032685535 0.73152 -0.9780013939100929 0.31954237263611124
41754 11322591 1.316704485665346 3.230777560220039 0.73152 -0.9780013939100929 0.31954237263611124
41755 11322591 1.362724157823577 3.230341719078702 0.73152 -0.9780013939100929 0.31954237263611124
41756 11322591 1.4057511197403674 3.2288980597843313 0.73152 -0.9780013939100929 0.31954237263611124
41757 11322591 1.453857961523364 3.218551154684469 0.73152 -0.9780013939100929 0.31954237263611124
41758 11322591 1.4865417966548016 3.21289420329287 0.71628 -0.9780013939100929 0.31954237263611124
41759 11322591 1.519225631786239 3.2072372519012715 0.7010400000000001 -0.9780013939100929 0.31954237263611124
41760 11322591 1.5698840927037168 3.1867696443153823 0.7010400000000001 -0.9780013939100929 0.31954237263611124
41761 11322591 1.6205425536211944 3.1663020367294927 0.7010400000000001 -0.9780013939100929 0.31954237263611124
41762 11322591 1.6600085963484503 3.1458121968976043 0.7010400000000001 -0.9780013939100929 0.31954237263611124
41763 11322591 1.6973708335725535 3.118883540185156 0.7010400000000001 -0.9780013939100929 0.31954237263611124
41764 11322591 1.7302617801102773 3.0904955498916795 0.7010400000000001 -0.9780013939100929 0.31954237263611124
41765 11322591 1.7631527266480012 3.0621075595982026 0.7010400000000001 -0.9780013939100929 0.31954237263611124
41766 11322591 1.792150416557031 3.0313120056417078 0.7010400000000001 -0.9780013939100929 0.31954237263611124
41767 11322591 1.8211481064660608 3.000516451685213 0.7010400000000001 -0.9780013939100929 0.31954237263611124
41768 11322591 1.8482231967555096 2.966552470693346 0.67056 -0.9780013939100929 0.31954237263611124
41769 11322591 1.8717670906390773 2.9312890984636093 0.67056 -0.9780013939100929 0.31954237263611124
41770 11322591 1.8953109845226452 2.896025726233873 0.67056 -0.9780013939100929 0.31954237263611124
41771 11322591 1.914377342567941 2.858603882651992 0.67056 -0.9780013939100929 0.31954237263611124
41772 11322591 1.9334437006132366 2.821182039070111 0.67056 -0.9780013939100929 0.31954237263611124
41773 11322591 1.9530992693636418 2.782165976199006 0.67056 -0.9780013939100929 0.31954237263611124
41774 11322591 1.969991122276087 2.7414827692354717 0.67056 -0.9780013939100929 0.31954237263611124
41775 11322591 1.9828815716009025 2.699419909168864 0.67056 -0.9780013939100929 0.31954237263611124
41776 11322591 1.9967123575545727 2.65751724891596 0.6400800000000001 -0.9780013939100929 0.31954237263611124
41777 11322591 2.005562011174753 2.6144965772008866 0.6400800000000001 -0.9780013939100929 0.31954237263611124
41778 11322591 2.0144116647949337 2.571475905485813 0.6400800000000001 -0.9780013939100929 0.31954237263611124
41779 11322591 2.019749455305262 2.529661001036776 0.6400800000000001 -0.9780013939100929 0.31954237263611124
41780 11322591 2.0202195282789748 2.4855810912003853 0.6400800000000001 -0.9780013939100929 0.31954237263611124
41781 11322591 2.0206896012526876 2.4415011813639946 0.6400800000000001 -0.9780013939100929 0.31954237263611124
41782 11322591 2.0175502352887342 2.398600432402075 0.6400800000000001 -0.9780013939100929 0.31954237263611124
41783 11322591 2.014410869324781 2.355699683440155 0.6400800000000001 -0.9780013939100929 0.31954237263611124
41784 11322591 2.0059132572608127 2.313381089603945 0.6400800000000001 -0.9780013939100929 0.31954237263611124
41785 11322591 1.9946643478470483 2.2707930196415047 0.6400800000000001 -0.9780013939100929 0.31954237263611124
41786 11322591 1.983415438433284 2.2282049496790646 0.6400800000000001 -0.9780013939100929 0.31954237263611124
41787 11322591 1.9673189473773987 2.1870836216551477 0.6248400000000001 -0.9780013939100929 0.31954237263611124
41788 11322591 1.9512224563215133 2.145962293631231 0.6096 -0.9780013939100929 0.31954237263611124
41789 11322591 1.9331676178193582 2.1069994342483827 0.6096 -0.9780013939100929 0.31954237263611124
41790 11322591 1.9076860094605719 2.0697617534202655 0.6096 -0.9780013939100929 0.31954237263611124
41791 11322591 1.881033266263702 2.0305701739855433 0.6096 -0.9780013939100929 0.31954237263611124
41792 11322591 1.852298177215591 1.9961477856637104 0.6096 -0.9780013939100929 0.31954237263611124
41793 11322591 1.8235630881674803 1.9617253973418776 0.6096 -0.9780013939100929 0.31954237263611124
41794 11322591 1.7913218546797391 1.92961675680894 0.6096 -0.9780013939100929 0.31954237263611124
41795 11322591 1.759080621191998 1.8975081162760024 0.6096 -0.9780013939100929 0.31954237263611124
41796 11322591 1.7224867657668192 1.8697421717658753 0.6096 -0.9780013939100929 0.31954237263611124
41797 11322591 1.6853317459878587 1.8429774901302203 0.6096 -0.9780013939100929 0.31954237263611124
41798 11322591 1.6481767262088984 1.816212808494565 0.6096 -0.9780013939100929 0.31954237263611124
41799 11322591 1.6113227030478603 1.7930883859425868 0.6096 -0.9780013939100929 0.31954237263611124
41800 11322591 1.5711905575149676 1.7708014082791426 0.6096 -0.9780013939100929 0.31954237263611124
41801 11322591 1.5306622479589587 1.7543684992098176 0.6096 -0.9780013939100929 0.31954237263611124
41802 11322591 1.485960498514155 1.737663812605944 0.6096 -0.9780013939100929 0.31954237263611124
41803 11322591 1.4412587490693514 1.7209591260020705 0.6096 -0.9780013939100929 0.31954237263611124
41804 11322591 1.397898730886686 1.7051014531574107 0.6096 -0.9780013939100929 0.31954237263611124
41805 11322591 1.3588638961664121 1.692971181040121 0.6096 -0.9780013939100929 0.31954237263611124
41806 11322591 1.3135079420358098 1.68255605691553 0.6096 -0.9780013939100929 0.31954237263611124
41807 11322591 1.2681519879052072 1.672140932790939 0.6096 -0.9780013939100929 0.31954237263611124
41808 11322591 1.2221161467909325 1.6644016871023066 0.6096 -0.9780013939100929 0.31954237263611124
41809 11322591 1.1762526065621464 1.65719052457587 0.6096 -0.9780013939100929 0.31954237263611124
41810 11322591 1.1292709195457373 1.6498193772162533 0.6096 -0.9780013939100929 0.31954237263611124
41811 11322591 1.082289232529328 1.6424482298566367 0.6096 -0.9780013939100929 0.31954237263611124
41812 11322591 1.0367116355198829 1.6350275422869416 0.6096 -0.9780013939100929 0.31954237263611124
41813 11322591 0.991433879964721 1.6296120308730924 0.6096 -0.9780013939100929 0.31954237263611124
41814 11322591 0.9450215376976203 1.6248013214411805 0.6096 -0.9780013939100929 0.31954237263611124
41815 11322591 0.8986091954305198 1.6199906120092686 0.6096 -0.9780013939100929 0.31954237263611124
41816 11322591 0.8517866839288137 1.6180014136618976 0.6096 -0.9780013939100929 0.31954237263611124
41817 11322591 0.8046643693912772 1.6144165723945285 0.6096 -0.9780013939100929 0.31954237263611124
41818 11322591 0.7575420548537405 1.6108317311271592 0.6096 -0.9780013939100929 0.31954237263611124
41819 11322591 0.7141480626491231 1.6098257811512453 0.6096 -0.9780013939100929 0.31954237263611124
41820 11322591 0.668511208045804 1.6073918666334022 0.6096 -0.9780013939100929 0.31954237263611124
41821 11322591 0.6228743534424848 1.6049579521155592 0.6096 -0.9780013939100929 0.31954237263611124
41822 11322591 0.5752232184829451 1.6004372501029236 0.6096 -0.9780013939100929 0.31954237263611124
41823 11322591 0.5278823903222836 1.5968670159704152 0.6096 -0.9780013939100929 0.31954237263611124
41824 11322591 0.4805415621616219 1.5932967818379071 0.6096 -0.9780013939100929 0.31954237263611124
41825 11322591 0.44152014003694334 1.593628336209012 0.6096 -0.9780013939100929 0.31954237263611124
41826 11322591 0.40249871791226477 1.5939598905801171 0.6096 -0.9780013939100929 0.31954237263611124
41827 11322591 0.3634772957875862 1.594291444951222 0.6096 -0.9780013939100929 0.31954237263611124
41828 11322591 0.2919614688446788 1.5950027893543672 0.6096 -0.9780013939100929 0.31954237263611124
41829 11322591 0.24460701694254655 1.5954694061775103 0.6096 -0.9780013939100929 0.31954237263611124
41830 11322591 0.19725256504041433 1.5959360230006532 0.6096 -0.9780013939100929 0.31954237263611124
41831 11322591 0.14947098218071697 1.599171444364134 0.6096 -0.9780013939100929 0.31954237263611124
41832 11322591 0.10199988527186543 1.6033573230620344 0.6096 -0.9780013939100929 0.31954237263611124
41833 11322591 0.05452878836301389 1.6075432017599347 0.6096 -0.9780013939100929 0.31954237263611124
41834 11322591 0.006712560583081784 1.6106740350035804 0.6096 -0.9780013939100929 0.31954237263611124
41835 11322591 -0.04159969392512086 1.616362595604922 0.6096 -0.9780013939100929 0.31954237263611124
41836 11322591 -0.08991194843332351 1.6220511562062632 0.6096 -0.9780013939100929 0.31954237263611124
41837 11322591 -0.13624439626387086 1.6297216894105453 0.6096 -0.9780013939100929 0.31954237263611124
41838 11322591 -0.18563928286675302 1.6361739377698064 0.6096 -0.9780013939100929 0.31954237263611124
41839 11322591 -0.23085487991794174 1.6377550323191157 0.6096 -0.9780013939100929 0.31954237263611124
41840 11322591 -0.2802153112476802 1.6443134933159225 0.6096 -0.9780013939100929 0.31954237263611124
41841 11322591 -0.32548898047785835 1.6504708663518264 0.6096 -0.9780013939100929 0.31954237263611124
41842 11322591 -0.3707626497080365 1.6566282393877303 0.6096 -0.9780013939100929 0.31954237263611124
41843 11322591 -0.4203992257802567 1.662343275767807 0.6096 -0.9780013939100929 0.31954237263611124
41844 11322591 -0.46745652542299954 1.6677995824836565 0.6096 -0.9780013939100929 0.31954237263611124
41845 11322591 -0.5145138250657424 1.673255889199506 0.6096 -0.9780013939100929 0.31954237263611124
41846 11322591 -0.5600226402197844 1.679374801516678 0.59436 -0.9780013939100929 0.31954237263611124
41847 11322591 -0.6055314553738265 1.6854937138338504 0.57912 -0.9780013939100929 0.31954237263611124
41848 11322591 -0.6526578540361083 1.6907399989607472 0.57912 -0.9780013939100929 0.31954237263611124
41849 11322591 -0.6996462079609158 1.6964087948810473 0.57912 -0.9780013939100929 0.31954237263611124
41850 11322591 -0.744412927014026 1.7047981970738868 0.57912 -0.9780013939100929 0.31954237263611124
41851 11322591 -0.7891796460671361 1.7131875992667263 0.57912 -0.9780013939100929 0.31954237263611124
41852 11322591 -0.8327388289493851 1.7198388801498925 0.57912 -0.9780013939100929 0.31954237263611124
41853 11322591 -0.8790256310489628 1.727382506108128 0.57912 -0.9780013939100929 0.31954237263611124
41854 11322591 -0.922665037748347 1.7340605798698345 0.57912 -0.9780013939100929 0.31954237263611124
41855 11322591 -0.9565907888645545 1.7382630504213599 0.57912 -0.9780013939100929 0.31954237263611124
41856 11322591 -0.9905165399807621 1.7424655209728854 0.57912 -0.9780013939100929 0.31954237263611124
41857 11322591 -1.0584371265067771 1.7506599436620824 0.57912 -0.9780013939100929 0.31954237263611124
41858 11322591 -1.1037783785420647 1.7532221991336738 0.57912 -0.9780013939100929 0.31954237263611124
41859 11322591 -1.1461260667821838 1.7567918258403754 0.57912 -0.9780013939100929 0.31954237263611124
41860 11322591 -1.1677725903708172 1.7564530003889747 0.57912 -0.9780013939100929 0.31954237263611124
41861 11322591 -1.1894191139594505 1.7561141749375742 0.57912 -0.9780013939100929 0.31954237263611124
41862 11322591 -1.277994729331142 1.750035739426709 0.57912 -0.9780013939100929 0.31954237263611124
41863 11322591 -1.3184293938325624 1.7431659689383106 0.57912 -0.9780013939100929 0.31954237263611124
41864 11322591 -1.3603142915317743 1.731863490774618 0.57912 -0.9780013939100929 0.31954237263611124
41865 11322591 -1.3969187747568947 1.7258442707842614 0.54864 -0.9780013939100929 0.31954237263611124
41866 11322591 -1.4351762455245722 1.704592509951008 0.54864 -0.9780013939100929 0.31954237263611124
41867 11322591 -1.4734337162922497 1.6833407491177543 0.54864 -0.9780013939100929 0.31954237263611124
41868 11322591 -1.509907754462372 1.6627909986218936 0.54864 -0.9780013939100929 0.31954237263611124
41869 11322591 -1.5430360358124835 1.636181108958423 0.54864 -0.9780013939100929 0.31954237263611124
41870 11322591 -1.576164317162595 1.6095712192949525 0.54864 -0.9780013939100929 0.31954237263611124
41871 11322591 -1.6025387783264007 1.5791745962380566 0.54864 -0.9780013939100929 0.31954237263611124
41872 11322591 -1.6289132394902064 1.5487779731811606 0.54864 -0.9780013939100929 0.31954237263611124
41873 11322591 -1.6510400114173513 1.5137201974471914 0.54864 -0.9780013939100929 0.31954237263611124
41874 11322591 -1.6725108214183864 1.4806678266158733 0.54864 -0.9780013939100929 0.31954237263611124
41875 11322591 -1.693197801402046 1.4418674853180062 0.54864 -0.9780013939100929 0.31954237263611124
41876 11322591 -1.7056975335006015 1.4036602086026049 0.54864 -0.9780013939100929 0.31954237263611124
41877 11322591 -1.7190950354591028 1.3627087654859487 0.54864 -0.9780013939100929 0.31954237263611124
41878 11322591 -1.7316638250599954 1.3242904038133747 0.5181600000000001 -0.9780013939100929 0.31954237263611124
41879 11322591 -1.7362868745537334 1.2857262258344113 0.5181600000000001 -0.9780013939100929 0.31954237263611124
41880 11322591 -1.7417040232115861 1.2447344980095834 0.5181600000000001 -0.9780013939100929 0.31954237263611124
41881 11322591 -1.746874264047175 1.2039541137233718 0.5181600000000001 -0.9780013939100929 0.31954237263611124
41882 11322591 -1.752044504882764 1.1631737294371602 0.5181600000000001 -0.9780013939100929 0.31954237263611124
41883 11322591 -1.7555733616378646 1.1189937814848014 0.5181600000000001 -0.9780013939100929 0.31954237263611124
41884 11322591 -1.7591022183929652 1.0748138335324429 0.5181600000000001 -0.9780013939100929 0.31954237263611124
41885 11322591 -1.7627334756223936 1.031134777722425 0.5181600000000001 -0.9780013939100929 0.31954237263611124
41886 11322591 -1.7656293705242787 0.9932324923600673 0.5181600000000001 -0.9780013939100929 0.31954237263611124
41887 11322591 -1.7685252654261638 0.9553302069977095 0.5181600000000001 -0.9780013939100929 0.31954237263611124
41888 11322591 -1.769279016662749 0.9155587576254374 0.5181600000000001 -0.9780013939100929 0.31954237263611124
41889 11322591 -1.7700327678993342 0.8757873082531652 0.5181600000000001 -0.9780013939100929 0.31954237263611124
41890 11322591 -1.7748866022414445 0.8446597425169106 0.5181600000000001 -0.9780013939100929 0.31954237263611124
41891 11322591 -1.7764800823733224 0.8072077574260962 0.5181600000000001 -0.9780013939100929 0.31954237263611124
41892 11322591 -1.777029983635179 0.7886931251411237 0.50292 -0.9780013939100929 0.31954237263611124
41893 11322591 -1.7775798848970357 0.7701784928561511 0.48768 -0.9780013939100929 0.31954237263611124
41894 11322591 -1.780906428601926 0.6932171382818082 0.48768 -0.9780013939100929 0.31954237263611124
41895 11322591 -1.781532741987952 0.6587203664383606 0.48768 -0.9780013939100929 0.31954237263611124
41896 11322591 -1.783091198642943 0.6213738494467537 0.48768 -0.9780013939100929 0.31954237263611124
41897 11322591 -1.7808745026479234 0.5860639211252099 0.48768 -0.9780013939100929 0.31954237263611124
41898 11322591 -1.7813065002836244 0.5508025946498499 0.48768 -0.9780013939100929 0.31954237263611124
41899 11322591 -1.7788347615553335 0.5176292489496334 0.48768 -0.9780013939100929 0.31954237263611124
41900 11322591 -1.7754075276609105 0.48262445519488584 0.48768 -0.9780013939100929 0.31954237263611124
41901 11322591 -1.7719802937664875 0.4476196614401383 0.48768 -0.9780013939100929 0.31954237263611124
41902 11322591 -1.7637057365274653 0.414534466484099 0.48768 -0.9780013939100929 0.31954237263611124
41903 11322591 -1.758135831929028 0.38268457351993446 0.48768 -0.9780013939100929 0.31954237263611124
41904 11322591 -1.7438167955829769 0.3504263984085081 0.48768 -0.9780013939100929 0.31954237263611124
41905 11322591 -1.7319476277575843 0.32154015169748984 0.48768 -0.9780013939100929 0.31954237263611124
41906 11322591 -1.717235379470736 0.29184081535109063 0.48768 -0.9780013939100929 0.31954237263611124
41907 11322591 -1.7095684530700277 0.2779410771910998 0.48768 -0.9780013939100929 0.31954237263611124
41908 11322591 -1.7019015266693194 0.26404133903110893 0.48768 -0.9780013939100929 0.31954237263611124
41909 11322591 -1.6825721810652354 0.2403096303837353 0.48768 -0.9780013939100929 0.31954237263611124
41910 11322591 -1.6381450038682106 0.1928291062903835 0.45720000000000005 -0.9780013939100929 0.31954237263611124
41911 11322591 -1.6192164436776577 0.16922879296469925 0.45720000000000005 -0.9780013939100929 0.31954237263611124
41912 11322591 -1.593151812519771 0.14843539755408428 0.45720000000000005 -0.9780013939100929 0.31954237263611124
41913 11322591 -1.5689503766101038 0.13280825469214394 0.45720000000000005 -0.9780013939100929 0.31954237263611124
41914 11322591 -1.543877388203205 0.1171298377838372 0.45720000000000005 -0.9780013939100929 0.31954237263611124
41915 11322591 -1.5148523616016485 0.10267104764913912 0.45720000000000005 -0.9780013939100929 0.31954237263611124
41916 11322591 -1.485827335000092 0.08821225751444103 0.45720000000000005 -0.9780013939100929 0.31954237263611124
41917 11322591 -1.4593387542464702 0.07686159417784541 0.45720000000000005 -0.9780013939100929 0.31954237263611124
41918 11322591 -1.4301303298231136 0.06730878030097906 0.45720000000000005 -0.9780013939100929 0.31954237263611124
41919 11322591 -1.4007613795862126 0.05770360062551247 0.45720000000000005 -0.9780013939100929 0.31954237263611124
41920 11322591 -1.369544072968746 0.0499477210679449 0.44196 -0.9780013939100929 0.31954237263611124
41921 11322591 -1.3383267663512795 0.04219184151037733 0.42672000000000004 -0.9780013939100929 0.31954237263611124
41922 11322591 -1.3080032976355065 0.03496224095940456 0.42672000000000004 -0.9780013939100929 0.31954237263611124
41923 11322591 -1.2776798289197335 0.02773264040843179 0.42672000000000004 -0.9780013939100929 0.31954237263611124
41924 11322591 -1.2470905108728887 0.0224025322449469 0.42672000000000004 -0.9780013939100929 0.31954237263611124
41925 11322591 -1.2157427096425997 0.018577136325500204 0.42672000000000004 -0.9780013939100929 0.31954237263611124
41926 11322591 -1.1843949084123107 0.01475174040605351 0.42672000000000004 -0.9780013939100929 0.31954237263611124
41927 11322591 -1.1528512358198306 0.011797187735563236 0.42672000000000004 -0.9780013939100929 0.31954237263611124
41928 11322591 -1.1221962050160903 0.014274157703404095 0.42672000000000004 -0.9780013939100929 0.31954237263611124
41929 11322591 -1.0907440406440227 0.011583461048137428 0.39624000000000004 -0.9780013939100929 0.31954237263611124
41930 11322591 -1.0588104316739921 0.008735466684113152 0.39624000000000004 -0.9780013939100929 0.31954237263611124
41931 11322591 -1.027450628979102 0.005491063671762303 0.39624000000000004 -0.9780013939100929 0.31954237263611124
41932 11322591 -0.9950554263383173 0.0054132983268646295 0.39624000000000004 -0.9780013939100929 0.31954237263611124
41933 11322591 -0.964148654621207 0.007574894886992228 0.39624000000000004 -0.9780013939100929 0.31954237263611124
41934 11322591 -0.9334921552062936 0.006255028315492711 0.39624000000000004 -0.9780013939100929 0.31954237263611124
41935 11322591 -0.9028356557913801 0.004935161743993194 0.39624000000000004 -0.9780013939100929 0.31954237263611124
41936 11322591 -0.871713300996844 0.005040494166115905 0.39624000000000004 -0.9780013939100929 0.31954237263611124
41937 11322591 -0.8405909462023078 0.005145826588238617 0.39624000000000004 -0.9780013939100929 0.31954237263611124
41938 11322591 -0.8120140201396976 0.005616321022838905 0.39624000000000004 -0.9780013939100929 0.31954237263611124
41939 11322591 -0.7834370940770874 0.006086815457439193 0.39624000000000004 -0.9780013939100929 0.31954237263611124
41940 11322591 -0.7539801980695385 0.007438206972540486 0.38608000000000003 -0.9780013939100929 0.31954237263611124
41941 11322591 -0.7245233020619896 0.008789598487641779 0.37592 -0.9780013939100929 0.31954237263611124
41942 11322591 -0.6950664060544407 0.010140990002743072 0.36576 -0.9780013939100929 0.31954237263611124
41943 11322591 -0.6656872084278855 0.010349660787563858 0.36576 -0.9780013939100929 0.31954237263611124
41944 11322591 -0.6371859575028729 0.009910858857070132 0.36576 -0.9780013939100929 0.31954237263611124
41945 11322591 -0.6086847065778602 0.009472056926576405 0.36576 -0.9780013939100929 0.31954237263611124
41946 11322591 -0.5764970774208946 0.008762891230814945 0.36576 -0.9780013939100929 0.31954237263611124
41947 11322591 -0.5473724475312717 0.0068354567658661936 0.36576 -0.9780013939100929 0.31954237263611124
41948 11322591 -0.5182478176416487 0.004908022300917442 0.36576 -0.9780013939100929 0.31954237263611124
41949 11322591 -0.4899818159446211 0.004429842705166442 0.36576 -0.9780013939100929 0.31954237263611124
41950 11322591 -0.46171581424759345 0.003951663109415443 0.36576 -0.9780013939100929 0.31954237263611124
41951 11322591 -0.43318259912744783 0.007008103604718013 0.36576 -0.9780013939100929 0.31954237263611124
41952 11322591 -0.40337919655314014 0.007429587616131134 0.33528 -0.9780013939100929 0.31954237263611124
41953 11322591 -0.3759261689484217 0.008269028824750363 0.33528 -0.9780013939100929 0.31954237263611124
41954 11322591 -0.3472635195796334 0.009005275039640798 0.33528 -0.9780013939100929 0.31954237263611124
41955 11322591 -0.31860087021084516 0.009741521254531232 0.33528 -0.9780013939100929 0.31954237263611124
41956 11322591 -0.28863712458212887 0.01011102419747803 0.33528 -0.9780013939100929 0.31954237263611124
41957 11322591 -0.26160953114297747 0.00992165817245344 0.33528 -0.9780013939100929 0.31954237263611124
41958 11322591 -0.23458193770382607 0.00973229214742885 0.33528 -0.9780013939100929 0.31954237263611124
41959 11322591 -0.2047442751100661 0.010260162818905988 0.33528 -0.9780013939100929 0.31954237263611124
41960 11322591 -0.17807904087152882 0.008962802116378538 0.33528 -0.9780013939100929 0.31954237263611124
41961 11322591 -0.15141380663299153 0.007665441413851087 0.33528 -0.9780013939100929 0.31954237263611124
41962 11322591 -0.1235365855626206 0.008717602037373512 0.33528 -0.9780013939100929 0.31954237263611124
41963 11322591 -0.0964919024132696 0.00858164189579258 0.33528 -0.9780013939100929 0.31954237263611124
41964 11322591 -0.06944721926391861 0.008445681754211648 0.33528 -0.9780013939100929 0.31954237263611124
41965 11322591 -0.043951250039969136 0.007647800230875107 0.33528 -0.9780013939100929 0.31954237263611124
41966 11322591 -0.01845528081601966 0.006849918707538566 0.33528 -0.9780013939100929 0.31954237263611124
41967 11322591 0.007385647286365815 0.007107766141482716 0.33528 -0.9780013939100929 0.31954237263611124
41968 11322591 0.03322657538875129 0.007365613575426866 0.33528 -0.9780013939100929 0.31954237263611124
41969 11322591 0.05753605273017359 0.007014277289149551 0.33528 -0.9780013939100929 0.31954237263611124
41970 11322591 0.0818455300715959 0.006662941002872236 0.33528 -0.9780013939100929 0.31954237263611124
41971 11322591 0.10352979812811802 0.007111341088972087 0.33528 -0.9780013939100929 0.31954237263611124
41972 11322591 0.12521406618464015 0.007559741175071938 0.33528 -0.9780013939100929 0.31954237263611124
41973 11322591 0.14651881584275367 0.006847166854693873 0.33528 -0.9780013939100929 0.31954237263611124
41974 11322591 0.1678235655008672 0.006134592534315808 0.33528 -0.9780013939100929 0.31954237263611124
41975 11322591 0.18555405668218394 0.006035372421083568 0.33528 -0.9780013939100929 0.31954237263611124
41976 11322591 0.2032845478635007 0.005936152307851328 0.33528 -0.9780013939100929 0.31954237263611124
41977 11322591 0.22101503904481745 0.005836932194619088 0.33528 -0.9780013939100929 0.31954237263611124
41978 11322591 0.2387455302261342 0.005737712081386848 0.33528 -0.9780013939100929 0.31954237263611124
41979 11322591 0.2546555094243216 0.0055033906223471984 0.33528 -0.9780013939100929 0.31954237263611124
41980 11322591 0.27056548862250895 0.005269069163307549 0.33528 -0.9780013939100929 0.31954237263611124
41981 11322591 0.28687067585682224 0.0046135664511281205 0.33528 -0.9780013939100929 0.31954237263611124
41982 11322591 0.3014184809494453 0.004921878795874153 0.33528 -0.9780013939100929 0.31954237263611124
41983 11322591 0.3159662860420683 0.005230191140620187 0.33528 -0.9780013939100929 0.31954237263611124
41984 11322591 0.3305140911346913 0.00553850348536622 0.33528 -0.9780013939100929 0.31954237263611124
41985 11322591 0.3442059366476577 0.006126620115514107 0.33528 -0.9780013939100929 0.31954237263611124
41986 11322591 0.357897782160624 0.006714736745661994 0.33528 -0.9780013939100929 0.31954237263611124
41987 11322591 0.3715896276735904 0.007302853375809881 0.33528 -0.9780013939100929 0.31954237263611124
41988 11322591 0.38325464498948386 0.006762013378962049 0.33528 -0.9780013939100929 0.31954237263611124
41989 11322591 0.3949196623053773 0.006221173382114216 0.33528 -0.9780013939100929 0.31954237263611124
41990 11322591 0.40658467962127076 0.005680333385266384 0.33528 -0.9780013939100929 0.31954237263611124
41991 11322591 0.41780067755634076 0.007389181633607106 0.33528 -0.9780013939100929 0.31954237263611124
41992 11322591 0.4312170090919685 0.0076780307548248855 0.33528 -0.9780013939100929 0.31954237263611124
41993 11322591 0.4415600967907099 0.007802935608127068 0.33528 -0.9780013939100929 0.31954237263611124
41994 11322591 0.4519031844894514 0.007927840461429251 0.33528 -0.9780013939100929 0.31954237263611124
41995 11322591 0.4622462721881928 0.008052745314731432 0.33528 -0.9780013939100929 0.31954237263611124
41996 11322591 0.4725893598869343 0.008177650168033615 0.33528 -0.9780013939100929 0.31954237263611124
41997 11322591 0.4829324475856757 0.008302555021335797 0.33528 -0.9780013939100929 0.31954237263611124
41998 11322591 0.49375625972499626 0.007452611653972263 0.33528 -0.9780013939100929 0.31954237263611124
41999 11322591 0.5026847193434131 0.0071441666502000635 0.33528 -0.9780013939100929 0.31954237263611124
42000 11322591 0.51161317896183 0.006835721646427863 0.33528 -0.9780013939100929 0.31954237263611124
42001 11322591 0.5205416385802468 0.006527276642655663 0.33528 -0.9780013939100929 0.31954237263611124
42002 11322591 0.5291432962677349 0.008389607913801667 0.33528 -0.9780013939100929 0.31954237263611124
42003 11322591 0.5369625051581771 0.007178031216994597 0.33528 -0.9780013939100929 0.31954237263611124
42004 11322591 0.5447817140486193 0.005966454520187528 0.33528 -0.9780013939100929 0.31954237263611124
42005 11322591 0.5506958716689382 0.0073050723139285595 0.33528 -0.9780013939100929 0.31954237263611124
42006 11322591 0.5566100292892572 0.008643690107669591 0.33528 -0.9780013939100929 0.31954237263611124
42007 11322591 0.5625241869095761 0.009982307901410623 0.33528 -0.9780013939100929 0.31954237263611124
42008 11322591 0.5653281614387484 0.010409580160607883 0.33528 -0.9780013939100929 0.31954237263611124
42009 11322591 0.5681321359679208 0.010836852419805143 0.33528 -0.9780013939100929 0.31954237263611124
42010 11322591 0.5699337673406605 0.011833915286078857 0.33528 -0.9780013939100929 0.31954237263611124
42011 11322591 0.5717353987134002 0.012830978152352571 0.33528 -0.9780013939100929 0.31954237263611124
42012 11322591 0.5735370300861398 0.013828041018626287 0.33528 -0.9780013939100929 0.31954237263611124
42013 11322591 0.5753386614588795 0.0148251038849 0.33528 -0.9780013939100929 0.31954237263611124
42014 11322591 0.5771402928316192 0.015822166751173716 0.33528 -0.9780013939100929 0.31954237263611124
42015 11322591 0.5789419242043589 0.01681922961744743 0.33528 -0.9780013939100929 0.31954237263611124
42016 11322591 0.5807435555770986 0.017816292483721144 0.33528 -0.9780013939100929 0.31954237263611124
42017 11322591 0.5825451869498383 0.018813355349994856 0.33528 -0.9780013939100929 0.31954237263611124
42018 11322591 0.5843468183225778 0.019810418216268572 0.33528 -0.9780013939100929 0.31954237263611124
42019 11322591 0.5861484496953175 0.020807481082542288 0.33528 -0.9780013939100929 0.31954237263611124
42020 11322591 0.5879500810680572 0.021804543948816 0.33528 -0.9780013939100929 0.31954237263611124
42021 11322591 0.5897517124407969 0.022801606815089717 0.33528 -1.0186313058750338 0.14485964617975297
42022 11322591 0.5915533438135366 0.023798669681363432 0.33528 -1.0186313058750338 0.14485964617975297
42023 11322591 0.5933549751862763 0.024795732547637145 0.33528 -1.0186313058750338 0.14485964617975297
42024 11322591 0.5951566065590159 0.025792795413910857 0.33528 -1.0186313058750338 0.14485964617975297
42025 11322591 0.5969582379317556 0.026789858280184573 0.33528 -1.0186313058750338 0.14485964617975297
42026 11322591 0.5987598693044953 0.02778692114645829 0.33528 -1.0186313058750338 0.14485964617975297
42027 11322591 0.600561500677235 0.028783984012732 0.33528 -1.0186313058750338 0.14485964617975297
42028 11322591 0.6023631320499747 0.029781046879005717 0.33528 -1.0186313058750338 0.14485964617975297
42029 11322591 0.6041647634227143 0.03077810974527943 0.33528 -1.0186313058750338 0.14485964617975297
42030 11322591 0.605966394795454 0.031775172611553146 0.33528 -1.0186313058750338 0.14485964617975297
42031 11322591 0.6077680261681937 0.03277223547782686 0.33528 -1.0186313058750338 0.14485964617975297
42032 11322591 0.6095696575409334 0.03376929834410057 0.33528 -1.0186313058750338 0.14485964617975297
42033 11322591 0.6113712889136731 0.03476636121037429 0.33528 -1.0186313058750338 0.14485964617975297
42034 11322591 0.6131729202864128 0.035763424076648 0.33528 -1.0186313058750338 0.14485964617975297
42035 11322591 0.6149745516591524 0.03676048694292172 0.33528 -1.0186313058750338 0.14485964617975297
42036 11322591 0.6167761830318921 0.037757549809195434 0.33528 -1.0186313058750338 0.14485964617975297
42037 11322591 0.6185778144046318 0.03875461267546915 0.33528 -1.0186313058750338 0.14485964617975297
42038 11322591 0.6203794457773715 0.03975167554174286 0.33528 -1.0186313058750338 0.14485964617975297
42039 11322591 0.6221810771501112 0.04074873840801657 0.33528 -1.0186313058750338 0.14485964617975297
42040 11322591 0.6239827085228509 0.041745801274290284 0.33528 -1.0186313058750338 0.14485964617975297
42041 11322591 0.6257843398955905 0.042742864140564 0.33528 -1.0186313058750338 0.14485964617975297
42042 11322591 0.6275859712683302 0.043739927006837716 0.33528 -1.0186313058750338 0.14485964617975297
42043 11322591 0.6293876026410699 0.044736989873111435 0.33528 -1.0186313058750338 0.14485964617975297
42044 11322591 0.6311892340138096 0.04573405273938515 0.33528 -1.0186313058750338 0.14485964617975297
42045 11322591 0.6329908653865493 0.04673111560565886 0.33528 -1.0186313058750338 0.14485964617975297
42046 11322591 0.6347924967592888 0.04772817847193257 0.33528 -1.0186313058750338 0.14485964617975297
42047 11322591 0.6365941281320285 0.04872524133820629 0.33528 -1.0186313058750338 0.14485964617975297
42048 11322591 0.6383957595047682 0.049722304204480004 0.33528 -1.0186313058750338 0.14485964617975297
42049 11322591 0.6401973908775079 0.05071936707075372 0.33528 -1.0186313058750338 0.14485964617975297
42050 11322591 0.6419990222502476 0.051716429937027436 0.33528 -1.0186313058750338 0.14485964617975297
42051 11322591 0.6438006536229873 0.05271349280330115 0.33528 -1.0186313058750338 0.14485964617975297
42052 11322591 0.645602284995727 0.05371055566957486 0.33528 -1.0186313058750338 0.14485964617975297
42053 11322591 0.6474039163684666 0.05470761853584857 0.33528 -1.0186313058750338 0.14485964617975297
42054 11322591 0.6492055477412063 0.05570468140212229 0.33528 -1.0186313058750338 0.14485964617975297
42055 11322591 0.651007179113946 0.056701744268396005 0.33528 -1.0186313058750338 0.14485964617975297
42056 11322591 0.6528088104866857 0.05769880713466972 0.33528 -1.0186313058750338 0.14485964617975297
42057 11322591 0.6546104418594254 0.05869587000094344 0.33528 -1.0186313058750338 0.14485964617975297
42058 11322591 0.656412073232165 0.05969293286721715 0.33528 -1.0186313058750338 0.14485964617975297
42059 11322591 0.6582137046049047 0.06068999573349086 0.33528 -1.0186313058750338 0.14485964617975297
42060 11322591 0.6600153359776444 0.061687058599764574 0.33528 -1.0186313058750338 0.14485964617975297
42061 11322591 0.6618169673503841 0.0626841214660383 0.33528 -1.0186313058750338 0.14485964617975297
42062 11322591 0.6636185987231238 0.06368118433231201 0.33528 -1.0186313058750338 0.14485964617975297
42063 11322591 0.6654202300958634 0.06467824719858573 0.33528 -1.0186313058750338 0.14485964617975297
42064 11322591 0.6672218614686031 0.06567531006485944 0.33528 -1.0186313058750338 0.14485964617975297
42065 11322591 0.6690234928413428 0.06667237293113315 0.33528 -1.0186313058750338 0.14485964617975297
42066 11322591 0.6708251242140825 0.06766943579740686 0.33528 -1.0186313058750338 0.14485964617975297
42067 11322591 0.6726267555868222 0.06866649866368058 0.33528 -1.0186313058750338 0.14485964617975297
42068 11322591 0.6744283869595619 0.06966356152995429 0.33528 -1.0186313058750338 0.14485964617975297
42069 11322591 0.6762300183323016 0.070660624396228 0.33528 -1.0186313058750338 0.14485964617975297
