46604 11322591 0.7238721159200907 0.07759300170143352 0.33528 -1.0875893105342198 1.7468616743210381
46605 11322591 0.716819883728209 0.07721028135951807 0.33528 -1.0875893105342198 1.7468616743210381
46606 11322591 0.7099829276498658 0.07825653095116156 0.33528 -1.0875893105342198 1.7468616743210381
46607 11322591 0.7031459715715226 0.07930278054280505 0.33528 -1.0875893105342198 1.7468616743210381
46608 11322591 0.6963090154931795 0.08034903013444854 0.33528 -1.0875893105342198 1.7468616743210381
46609 11322591 0.6894720594148362 0.08139527972609202 0.33528 -1.0875893105342198 1.7468616743210381
46610 11322591 0.682635103336493 0.08244152931773552 0.33528 -1.0875893105342198 1.7468616743210381
46611 11322591 0.6757981472581498 0.083487778909379 0.33528 -1.0875893105342198 1.7468616743210381
46612 11322591 0.6665884687642976 0.0811230306340187 0.33528 -1.0875893105342198 1.7468616743210381
46613 11322591 0.6593666160627769 0.0834828278474899 0.33528 -1.0875893105342198 1.7468616743210381
46614 11322591 0.6506961087810101 0.08140922907931356 0.33528 -1.0875893105342198 1.7468616743210381
46615 11322591 0.6428189094849784 0.08176345603303987 0.33528 -1.0875893105342198 1.7468616743210381
46616 11322591 0.6344477958960533 0.0811497563644437 0.33528 -1.0875893105342198 1.7468616743210381
46617 11322591 0.6260766823071281 0.08053605669584751 0.33528 -1.0875893105342198 1.7468616743210381
46618 11322591 0.6177055687182029 0.07992235702725134 0.33528 -1.0875893105342198 1.7468616743210381
46619 11322591 0.6135202475038577 0.07988803736496547 0.33528 -1.0875893105342198 1.7468616743210381
46620 11322591 0.6093349262895126 0.07985371770267959 0.33528 -1.0875893105342198 1.7468616743210381
46621 11322591 0.5902074232413741 0.078393300632266 0.33528 -1.0875893105342198 1.7468616743210381
46622 11322591 0.582267568263773 0.0792353879986457 0.33528 -1.0875893105342198 1.7468616743210381
46623 11322591 0.5743277132861718 0.08007747536502538 0.33528 -1.0875893105342198 1.7468616743210381
46624 11322591 0.5663878583085706 0.08091956273140508 0.33528 -1.0875893105342198 1.7468616743210381
46625 11322591 0.5584480033309696 0.08176165009778477 0.33528 -1.0875893105342198 1.7468616743210381
46626 11322591 0.550105120261615 0.08069096796595537 0.33528 -1.0875893105342198 1.7468616743210381
46627 11322591 0.5417622371922602 0.07962028583412599 0.33528 -1.0875893105342198 1.7468616743210381
46628 11322591 0.533747034576052 0.07955240696105732 0.33528 -1.0875893105342198 1.7468616743210381
46629 11322591 0.5250764526059131 0.07747896048409832 0.33528 -1.0875893105342198 1.7468616743210381
46630 11322591 0.5167290147156841 0.07775332672992433 0.33528 -1.0875893105342198 1.7468616743210381
46631 11322591 0.5083815768254552 0.07802769297575035 0.33528 -1.0875893105342198 1.7468616743210381
46632 11322591 0.5007630416159599 0.079173756230074 0.33528 -1.0875893105342198 1.7468616743210381
46633 11322591 0.4931445064064646 0.08031981948439766 0.33528 -1.0875893105342198 1.7468616743210381
46634 11322591 0.4851292893049223 0.08025199551766797 0.33528 -1.0875893105342198 1.7468616743210381
46635 11322591 0.4764586802905182 0.0781786081008706 0.33528 -1.0875893105342198 1.7468616743210381
46636 11322591 0.46851395158131576 0.07787358841502394 0.33528 -1.0875893105342198 1.7468616743210381
46637 11322591 0.4605692228721133 0.07756856872917726 0.33528 -1.0875893105342198 1.7468616743210381
46638 11322591 0.4526244941629109 0.0772635490433306 0.33528 -1.0875893105342198 1.7468616743210381
46639 11322591 0.44067063393047307 0.07737299644732486 0.33528 -1.0875893105342198 1.7468616743210381
46640 11322591 0.4366494414074079 0.08137414236316351 0.33528 -1.0875893105342198 1.7468616743210381
46641 11322591 0.4274758191383125 0.08102291385123121 0.33528 -1.0875893105342198 1.7468616743210381
46642 11322591 0.41830219686921716 0.08067168533929893 0.33528 -1.0875893105342198 1.7468616743210381
46643 11322591 0.40912857460012175 0.08032045682736663 0.33528 -1.0875893105342198 1.7468616743210381
46644 11322591 0.4008958456603732 0.08067428784668426 0.33528 -1.0875893105342198 1.7468616743210381
46645 11322591 0.39263912887780666 0.07986768509390903 0.33528 -1.0875893105342198 1.7468616743210381
46646 11322591 0.38438241209524016 0.07906108234113378 0.33528 -1.0875893105342198 1.7468616743210381
46647 11322591 0.37612569531267365 0.07825447958835854 0.33528 -1.0875893105342198 1.7468616743210381
46648 11322591 0.3681764212347448 0.07929458200674645 0.33528 -1.0875893105342198 1.7468616743210381
46649 11322591 0.360227147156816 0.08033468442513438 0.33528 -1.0875893105342198 1.7468616743210381
46650 11322591 0.35227787307888714 0.08137478684352228 0.33528 -1.0875893105342198 1.7468616743210381
46651 11322591 0.3435974189161007 0.08117404083145445 0.33528 -1.0875893105342198 1.7468616743210381
46652 11322591 0.33491696475331423 0.08097329481938662 0.33528 -1.0875893105342198 1.7468616743210381
46653 11322591 0.3262365105905277 0.08077254880731877 0.33528 -1.0875893105342198 1.7468616743210381
46654 11322591 0.31755605642774126 0.08057180279525093 0.33528 -1.0875893105342198 1.7468616743210381
46655 11322591 0.3088756022649548 0.0803710567831831 0.33528 -1.0875893105342198 1.7468616743210381
46656 11322591 0.3012960368818406 0.080277881671631 0.33528 -1.0875893105342198 1.7468616743210381
46657 11322591 0.2937164714987264 0.08018470656007891 0.33528 -1.0875893105342198 1.7468616743210381
46658 11322591 0.2815038201426038 0.07950275285887232 0.33528 -1.0875893105342198 1.7468616743210381
46659 11322591 0.2710812513423644 0.08022190046909636 0.33528 -1.0875893105342198 1.7468616743210381
46660 11322591 0.2625915025700575 0.07960841947429141 0.33528 -1.0875893105342198 1.7468616743210381
46661 11322591 0.2541017537977506 0.07899493847948645 0.33528 -1.0875893105342198 1.7468616743210381
46662 11322591 0.24561200502544367 0.0783814574846815 0.33528 -1.0875893105342198 1.7468616743210381
46663 11322591 0.23532741341883523 0.07952287931543972 0.33528 -1.0875893105342198 1.7468616743210381
46664 11322591 0.2277088371766781 0.08066923678424025 0.33528 -1.0875893105342198 1.7468616743210381
46665 11322591 0.220090260934521 0.08181559425304077 0.33528 -1.0875893105342198 1.7468616743210381
46666 11322591 0.21186497829525006 0.08201143059070953 0.33528 -1.0875893105342198 1.7468616743210381
46667 11322591 0.20363969565597909 0.08220726692837829 0.33528 -1.0875893105342198 1.7468616743210381
46668 11322591 0.19541441301670814 0.08240310326604705 0.33528 -1.0875893105342198 1.7468616743210381
46669 11322591 0.19025486426831784 0.08292107313084279 0.33528 -1.0875893105342198 1.7468616743210381
46670 11322591 0.18509531551992753 0.08343904299563853 0.33528 -1.0875893105342198 1.7468616743210381
46671 11322591 0.16600193952285525 0.08208532221732748 0.33528 -1.0875893105342198 1.7468616743210381
46672 10760855 0.7831173787909216 0.08849316406609369 0.3048 -1.0875893105342198 1.7468616743210381
46672 11322591 0.15973843583590597 0.07922555074401985 0.33528 -1.0875893105342198 1.7468616743210381
46673 10760855 0.780439819901315 0.08165744197860661 0.3048 -1.0875893105342198 1.7468616743210381
46673 11322591 0.15132189974999688 0.07928923212734534 0.33528 -1.0875893105342198 1.7468616743210381
46674 10760855 0.7766360256458057 0.08523684233773857 0.3048 -1.0875893105342198 1.7468616743210381
46674 11322591 0.14369883109600767 0.08178068738935129 0.33528 -1.0875893105342198 1.7468616743210381
46675 11322591 0.1349270746608855 0.08211626854502244 0.33528 -1.0875893105342198 1.7468616743210381
46675 10760855 0.7748228235748154 0.08349274832375231 0.3048 -1.0875893105342198 1.7468616743210381
46676 11322591 0.1261553182257633 0.08245184970069358 0.33528 -1.0875893105342198 1.7468616743210381
46676 10760855 0.7684906861174747 0.08042133051123733 0.3048 -1.0875893105342198 1.7468616743210381
46677 11322591 0.11738356179064113 0.08278743085636472 0.33528 -1.0875893105342198 1.7468616743210381
46677 10760855 0.7636761169005861 0.08199445813442993 0.3048 -1.0875893105342198 1.7468616743210381
46678 11322591 0.1092366202957038 0.0829967111396024 0.33528 -1.0875893105342198 1.7468616743210381
46678 10760855 0.7603150684145861 0.08040563418390262 0.3048 -1.0875893105342198 1.7468616743210381
46679 11322591 0.10108967880076647 0.08320599142284008 0.33528 -1.0875893105342198 1.7468616743210381
46679 10760855 0.7569540199285859 0.0788168102333753 0.3048 -1.0875893105342198 1.7468616743210381
46680 10760855 0.7522355279475115 0.07878138596898089 0.3048 -1.0875893105342198 1.7468616743210381
46680 11322591 0.09460789854697205 0.07995028412290037 0.33528 -1.0875893105342198 1.7468616743210381
46681 11322591 0.08657756321910777 0.08019936707158093 0.33528 -1.0875893105342198 1.7468616743210381
46681 10760855 0.7475170359664371 0.07874596170458648 0.3048 -1.0875893105342198 1.7468616743210381
46682 10760855 0.744424342035927 0.07920155922485822 0.3048 -1.0875893105342198 1.7468616743210381
46682 11322591 0.0785472278912435 0.08044845002026149 0.33528 -1.0875893105342198 1.7468616743210381
46683 10760855 0.7413316481054169 0.07965715674512996 0.3048 -1.0875893105342198 1.7468616743210381
46683 11322591 0.07051689256337923 0.08069753296894205 0.33528 -1.0875893105342198 1.7468616743210381
46684 10760855 0.7382389541749067 0.08011275426540171 0.3048 -1.0875893105342198 1.7468616743210381
46684 11322591 0.06113741502405273 0.08107604829898155 0.33528 -1.0875893105342198 1.7468616743210381
46685 11322591 0.051757937484726235 0.08145456362902104 0.33528 -1.0875893105342198 1.7468616743210381
46685 10760855 0.7351462602443966 0.08056835178567345 0.3048 -1.0875893105342198 1.7468616743210381
46686 10760855 0.7300107198935258 0.08224637902705625 0.3048 -1.0875893105342198 1.7468616743210381
46686 11322591 0.046863126176937886 0.08305440844691461 0.33528 -1.0875893105342198 1.7468616743210381
46687 11322591 0.03855005909268083 0.08343488724087775 0.33528 -1.0875893105342198 1.7468616743210381
46687 10760855 0.7268446375215043 0.08071068982549005 0.3048 -1.0875893105342198 1.7468616743210381
46688 11322591 0.033045487987829136 0.08289742499240527 0.33528 -1.0875893105342198 1.7468616743210381
46688 10760855 0.7236785551494826 0.07917500062392385 0.3048 -1.0875893105342198 1.7468616743210381
46689 10760855 0.7212712701148148 0.07996157976015741 0.3048 -1.0875893105342198 1.7468616743210381
46689 11322591 0.029089559492071704 0.08302210438149041 0.33528 -1.0875893105342198 1.7468616743210381
46690 10760855 0.718863985080147 0.08074815889639098 0.3048 -1.0875893105342198 1.7468616743210381
46690 11322591 0.02513363099631427 0.08314678377057555 0.33528 -1.0875893105342198 1.7468616743210381
46691 10760855 0.7151932117548052 0.07902689910192508 0.3048 -1.0875893105342198 1.7468616743210381
46691 11322591 0.02541096746896585 0.08252148914438377 0.33528 -1.0875893105342198 1.7468616743210381
46692 10760855 0.7115224384294634 0.07730563930745918 0.3048 -1.0875893105342198 1.7468616743210381
46692 11322591 0.025688303941617426 0.081896194518192 0.33528 -1.0875893105342198 1.7468616743210381
46693 10760855 0.7083127245567507 0.07835441812941976 0.3048 -1.0875893105342198 1.7468616743210381
46693 11322591 0.025965640414269006 0.0812708998920002 0.33528 -1.0875893105342198 1.7468616743210381
46694 10760855 0.7051030106840379 0.07940319695138034 0.3048 -1.0875893105342198 1.7468616743210381
46694 11322591 0.026242976886920583 0.08064560526580843 0.33528 -1.0875893105342198 1.7468616743210381
46695 11322591 0.02652031335957216 0.08002031063961665 0.33528 -1.0875893105342198 1.7468616743210381
46695 10760855 0.7018932968113252 0.08045197577334093 0.3048 -1.0875893105342198 1.7468616743210381
46696 11322591 0.026797649832223738 0.07939501601342487 0.33528 -1.0875893105342198 1.7468616743210381
46696 10760855 0.6954576408280468 0.0770639497518902 0.3048 -1.0875893105342198 1.7468616743210381
46697 11322591 0.027074986304875315 0.0787697213872331 0.33528 -1.0875893105342198 1.7468616743210381
46697 10760855 0.6890290842406736 0.08185153741094 0.3048 -1.0875893105342198 1.7468616743210381
46698 11322591 0.027352322777526895 0.0781444267610413 0.33528 -1.0875893105342198 1.7468616743210381
46698 10760855 0.6850260705776366 0.08047250532417961 0.3048 -1.0875893105342198 1.7468616743210381
46699 10760855 0.6738103238857034 0.07876324082950671 0.3048 -1.0875893105342198 1.7468616743210381
46699 11322591 0.027629659250178473 0.07751913213484952 0.33528 -1.0875893105342198 1.7468616743210381
46700 10760855 0.66940976607578 0.07910297692462709 0.3048 -1.0875893105342198 1.7468616743210381
46700 11322591 0.02790699572283005 0.07689383750865775 0.33528 -1.0875893105342198 1.7468616743210381
46701 10760855 0.6650092082658565 0.07944271301974748 0.3048 -1.0875893105342198 1.7468616743210381
46701 11322591 0.028184332195481627 0.07626854288246597 0.33528 -1.0875893105342198 1.7468616743210381
46702 11322591 0.028461668668133207 0.07564324825627419 0.33528 -1.0875893105342198 1.7468616743210381
46702 10760855 0.6606086504559332 0.07978244911486786 0.3048 -1.0875893105342198 1.7468616743210381
46703 10760855 0.6562080926460098 0.08012218520998825 0.3048 -1.0875893105342198 1.7468616743210381
46703 11322591 0.028739005140784785 0.0750179536300824 0.33528 -1.0875893105342198 1.7468616743210381
46704 11322591 0.029016341613436362 0.07439265900389062 0.33528 -1.0875893105342198 1.7468616743210381
46704 10760855 0.6518075348360863 0.08046192130510862 0.3048 -1.0875893105342198 1.7468616743210381
46705 11322591 0.02929367808608794 0.07376736437769885 0.33528 -1.0875893105342198 1.7468616743210381
46705 10760855 0.6433181694459024 0.08012052133766842 0.3048 -1.0875893105342198 1.7468616743210381
46706 11322591 0.02957101455873952 0.07314206975150707 0.33528 -1.0875893105342198 1.7468616743210381
46706 10760855 0.6348288040557184 0.07977912137022822 0.3048 -1.0875893105342198 1.7468616743210381
46707 11322591 0.029848351031391097 0.07251677512531529 0.33528 -1.0875893105342198 1.7468616743210381
46707 10760855 0.6263394386655344 0.07943772140278801 0.3048 -1.0875893105342198 1.7468616743210381
46708 11322591 0.030125687504042674 0.0718914804991235 0.33528 -1.0875893105342198 1.7468616743210381
46708 10760855 0.6178500732753505 0.07909632143534782 0.3048 -1.0875893105342198 1.7468616743210381
46709 10760855 0.6093607078851665 0.07875492146790762 0.3048 -1.0875893105342198 1.7468616743210381
46709 11322591 0.03040302397669425 0.07126618587293172 0.33528 -1.0875893105342198 1.7468616743210381
46710 11322591 0.030680360449345828 0.07064089124673995 0.33528 -1.0875893105342198 1.7468616743210381
46710 10760855 0.6008713424949825 0.07841352150046742 0.3048 -1.0875893105342198 1.7468616743210381
46711 11322591 0.03095769692199741 0.07001559662054817 0.33528 -1.0875893105342198 1.7468616743210381
46711 10760855 0.6023636206742421 0.08026245493771346 0.3048 -1.0875893105342198 1.7468616743210381
46712 11322591 0.031235033394648986 0.06939030199435639 0.33528 -1.0875893105342198 1.7468616743210381
46712 10760855 0.5948050166606244 0.08000638772985755 0.3048 -1.0875893105342198 1.7468616743210381
46713 10760855 0.5872464126470066 0.07975032052200164 0.3048 -1.0875893105342198 1.7468616743210381
46713 11322591 0.03151236986730056 0.0687650073681646 0.33528 -1.0875893105342198 1.7468616743210381
46714 11322591 0.031789706339952144 0.06813971274197282 0.33528 -1.0875893105342198 1.7468616743210381
46714 10760855 0.5796878086333888 0.07949425331414572 0.3048 -1.0875893105342198 1.7468616743210381
46715 11322591 0.03206704281260372 0.06751441811578104 0.33528 -1.0875893105342198 1.7468616743210381
46715 10760855 0.572129204619771 0.07923818610628981 0.3048 -1.0875893105342198 1.7468616743210381
46716 11322591 0.0323443792852553 0.06688912348958927 0.33528 -1.0875893105342198 1.7468616743210381
46716 10760855 0.5645706006061533 0.0789821188984339 0.3048 -1.0875893105342198 1.7468616743210381
46717 11322591 0.03262171575790687 0.06626382886339749 0.33528 -1.0875893105342198 1.7468616743210381
46717 10760855 0.5570119965925355 0.07872605169057799 0.3048 -1.0875893105342198 1.7468616743210381
46718 10760855 0.5453604606147548 0.07704253835242543 0.3048 -1.0875893105342198 1.7468616743210381
46718 11322591 0.03289905223055845 0.0656385342372057 0.33528 -1.0875893105342198 1.7468616743210381
46719 10760855 0.5407228968776427 0.0777985945169529 0.3048 -1.0875893105342198 1.7468616743210381
46719 11322591 0.03317638870321003 0.06501323961101392 0.33528 -1.0875893105342198 1.7468616743210381
46720 10760855 0.5360853331405306 0.07855465068148036 0.3048 -1.0875893105342198 1.7468616743210381
46720 11322591 0.03345372517586161 0.06438794498482214 0.33528 -1.0875893105342198 1.7468616743210381
46721 11322591 0.03373106164851319 0.06376265035863037 0.33528 -1.0875893105342198 1.7468616743210381
46721 10760855 0.5237475437281074 0.07884784475105941 0.3048 -1.0875893105342198 1.7468616743210381
46722 10760855 0.5164225641794911 0.07871800742092276 0.3048 -1.0875893105342198 1.7468616743210381
46722 11322591 0.03400839812116477 0.06313735573243859 0.33528 -1.0875893105342198 1.7468616743210381
46723 11322591 0.03428573459381634 0.0625120611062468 0.33528 -1.0875893105342198 1.7468616743210381
46723 10760855 0.5090975846308747 0.07858817009078611 0.3048 -1.0875893105342198 1.7468616743210381
46724 11322591 0.03456307106646792 0.06188676648005502 0.33528 -1.0875893105342198 1.7468616743210381
46724 10760855 0.5017726050822584 0.07845833276064945 0.3048 -1.0875893105342198 1.7468616743210381
46725 10760855 0.4944476255336421 0.0783284954305128 0.3048 -1.0875893105342198 1.7468616743210381
46725 11322591 0.034840407539119496 0.06126147185386324 0.33528 -1.0875893105342198 1.7468616743210381
46726 11322591 0.035117744011771077 0.060636177227671464 0.33528 -1.0875893105342198 1.7468616743210381
46726 10760855 0.48712264598502575 0.07819865810037616 0.3048 -1.0875893105342198 1.7468616743210381
46727 10760855 0.4805960091049801 0.07901714058048342 0.3048 -1.0875893105342198 1.7468616743210381
46727 11322591 0.03539508048442265 0.06001088260147968 0.33528 -1.0875893105342198 1.7468616743210381
46728 11322591 0.03567241695707423 0.059385587975287896 0.33528 -1.0875893105342198 1.7468616743210381
46728 10760855 0.47406937222493445 0.07983562306059071 0.3048 -1.0875893105342198 1.7468616743210381
46729 10760855 0.46754273534488877 0.08065410554069799 0.3048 -1.0875893105342198 1.7468616743210381
46729 11322591 0.03594975342972581 0.05876029334909612 0.33528 -1.0875893105342198 1.7468616743210381
46730 10760855 0.46101609846484315 0.08147258802080526 0.3048 -1.0875893105342198 1.7468616743210381
46730 11322591 0.036227089902377385 0.05813499872290434 0.33528 -1.0875893105342198 1.7468616743210381
46731 11322591 0.036504426375028966 0.05750970409671256 0.33528 -1.0875893105342198 1.7468616743210381
46731 10760855 0.45226596699881894 0.08024301378311996 0.3048 -1.0875893105342198 1.7468616743210381
46732 10760855 0.4446991671833227 0.08154746786839709 0.3048 -1.0875893105342198 1.7468616743210381
46732 11322591 0.036781762847680546 0.05688440947052078 0.33528 -1.0875893105342198 1.7468616743210381
46733 10760855 0.4382633481468047 0.07815967195238434 0.3048 -1.0875893105342198 1.7468616743210381
46733 11322591 0.03705909932033212 0.056259114844328995 0.33528 -1.0875893105342198 1.7468616743210381
46734 11322591 0.0373364357929837 0.05563382021813722 0.33528 -1.0875893105342198 1.7468616743210381
46734 10760855 0.42910073529460835 0.07729857378060248 0.3048 -1.0875893105342198 1.7468616743210381
46735 10760855 0.42311628065649354 0.07855327116829006 0.3048 -1.0875893105342198 1.7468616743210381
46735 11322591 0.03761377226563528 0.05500852559194544 0.33528 -1.0875893105342198 1.7468616743210381
46736 11322591 0.037891108738286855 0.05438323096575366 0.33528 -1.0875893105342198 1.7468616743210381
46736 10760855 0.4171318260183787 0.07980796855597763 0.3048 -1.0875893105342198 1.7468616743210381
46737 10760855 0.4093661181611361 0.07989235398660996 0.3048 -1.0875893105342198 1.7468616743210381
46737 11322591 0.038168445210938436 0.05375793633956188 0.33528 -1.0875893105342198 1.7468616743210381
46738 10760855 0.4016004103038935 0.07997673941724229 0.3048 -1.0875893105342198 1.7468616743210381
46738 11322591 0.03844578168359001 0.05313264171337009 0.33528 -1.0875893105342198 1.7468616743210381
46739 10760855 0.3938347024466508 0.08006112484787462 0.3048 -1.0875893105342198 1.7468616743210381
46739 11322591 0.03872311815624159 0.052507347087178316 0.33528 -1.0875893105342198 1.7468616743210381
46740 10760855 0.3860689945894082 0.08014551027850694 0.3048 -1.0875893105342198 1.7468616743210381
46740 11322591 0.039000454628893164 0.05188205246098654 0.33528 -1.0875893105342198 1.7468616743210381
46741 11322591 0.039277791101544744 0.051256757834794754 0.33528 -1.0875893105342198 1.7468616743210381
46741 10760855 0.380853211115632 0.08185001537111475 0.3048 -1.0875893105342198 1.7468616743210381
46742 11322591 0.039555127574196325 0.05063146320860298 0.33528 -1.0875893105342198 1.7468616743210381
46742 10760855 0.3740506329290234 0.07869894887032075 0.3048 -1.0875893105342198 1.7468616743210381
46743 10760855 0.3682420546012434 0.07791011977266626 0.3048 -1.0875893105342198 1.7468616743210381
46743 11322591 0.0398324640468479 0.05000616858241119 0.33528 -1.0875893105342198 1.7468616743210381
46744 10760855 0.36243347627346334 0.07712129067501178 0.3048 -1.0875893105342198 1.7468616743210381
46744 11322591 0.04010980051949948 0.049380873956219415 0.33528 -1.0875893105342198 1.7468616743210381
46745 10760855 0.35514864288386677 0.07747694857369306 0.3048 -1.0875893105342198 1.7468616743210381
46745 11322591 0.04038713699215106 0.04875557933002764 0.33528 -1.0875893105342198 1.7468616743210381
46746 11322591 0.040664473464802633 0.04813028470383585 0.33528 -1.0875893105342198 1.7468616743210381
46746 10760855 0.34786380949427026 0.07783260647237433 0.3048 -1.0875893105342198 1.7468616743210381
46747 10760855 0.3405789761046737 0.07818826437105561 0.3048 -1.0875893105342198 1.7468616743210381
46747 11322591 0.04094180993745421 0.047504990077644076 0.33528 -1.0875893105342198 1.7468616743210381
46748 10760855 0.3352188368636504 0.07877169187334532 0.3048 -1.0875893105342198 1.7468616743210381
46748 11322591 0.041219146410105795 0.04687969545145229 0.33528 -1.0875893105342198 1.7468616743210381
46749 11322591 0.04149648288275737 0.046254400825260514 0.33528 -1.0875893105342198 1.7468616743210381
46749 10760855 0.32985869762262704 0.07935511937563504 0.3048 -1.0875893105342198 1.7468616743210381
46750 11322591 0.04177381935540894 0.045629106199068736 0.33528 -1.0875893105342198 1.7468616743210381
46750 10760855 0.3244985583816037 0.07993854687792476 0.3048 -1.0875893105342198 1.7468616743210381
46751 10760855 0.3191384191405804 0.08052197438021447 0.3048 -1.0875893105342198 1.7468616743210381
46752 10760855 0.3121095557529727 0.08075507785083164 0.3048 -1.0875893105342198 1.7468616743210381
46753 10760855 0.30508069236536506 0.0809881813214488 0.3048 -1.0875893105342198 1.7468616743210381
46754 10760855 0.2980518289777574 0.08122128479206597 0.3048 -1.0875893105342198 1.7468616743210381
46755 10760855 0.2868013455386461 0.07940707380041354 0.3048 -1.0875893105342198 1.7468616743210381
46756 10760855 0.2831023026611655 0.07827937340157462 0.3048 -1.0875893105342198 1.7468616743210381
46757 10760855 0.27940325978368485 0.0771516730027357 0.3048 -1.0875893105342198 1.7468616743210381
46758 10760855 0.27223657059228856 0.07715726599595023 0.3048 -1.0875893105342198 1.7468616743210381
46759 10760855 0.2650698814008923 0.07716285898916474 0.3048 -1.0875893105342198 1.7468616743210381
46760 10760855 0.25790319220949603 0.07716845198237926 0.3048 -1.0875893105342198 1.7468616743210381
46761 10760855 0.25073650301809974 0.07717404497559377 0.3048 -1.0875893105342198 1.7468616743210381
46762 10760855 0.24356981382670348 0.07717963796880829 0.3048 -1.0875893105342198 1.7468616743210381
46763 10760855 0.23640312463530722 0.0771852309620228 0.3048 -1.0875893105342198 1.7468616743210381
46764 10760855 0.22923643544391092 0.07719082395523733 0.3048 -1.0875893105342198 1.7468616743210381
46765 10760855 0.2268291495971666 0.07797757176487136 0.3048 -1.0875893105342198 1.7468616743210381
46766 10760855 0.22054369601953902 0.07822093497120985 0.3048 -1.0875893105342198 1.7468616743210381
46767 10760855 0.2142582424419114 0.07846429817754834 0.3048 -1.0875893105342198 1.7468616743210381
46768 10760855 0.20797278886428383 0.07870766138388684 0.3048 -1.0875893105342198 1.7468616743210381
46769 10760855 0.20168733528665625 0.07895102459022534 0.3048 -1.0875893105342198 1.7468616743210381
46770 10760855 0.19540188170902864 0.07919438779656382 0.3048 -1.0875893105342198 1.7468616743210381
46771 10760855 0.18911642813140106 0.07943775100290232 0.3048 -1.0875893105342198 1.7468616743210381
46772 10760855 0.18389650414130726 0.07977100782438394 0.3048 -1.0875893105342198 1.7468616743210381
46773 10760855 0.17867658015121346 0.08010426464586556 0.3048 -1.0875893105342198 1.7468616743210381
46774 10760855 0.17345665616111966 0.08043752146734719 0.3048 -1.0875893105342198 1.7468616743210381
46775 10760855 0.16823673217102586 0.08077077828882881 0.3048 -1.0875893105342198 1.7468616743210381
46776 10760855 0.16293407512302063 0.08030743824864653 0.3048 -1.0875893105342198 1.7468616743210381
46776 11175047 4.356693595957531 -3.3639092016771683 1.0363200000000001 -1.0875893105342198 1.7468616743210381
46777 10760855 0.1576314180750154 0.07984409820846425 0.3048 -1.0875893105342198 1.7468616743210381
46777 11175047 4.272007144817807 -3.3389811191852266 1.0363200000000001 -1.0875893105342198 1.7468616743210381
46778 11175047 4.1889156390088935 -3.311885535810739 1.0363200000000001 -1.0875893105342198 1.7468616743210381
46778 10760855 0.15232876102701015 0.07938075816828197 0.3048 -1.0875893105342198 1.7468616743210381
46779 10760855 0.14702610397900492 0.07891741812809969 0.3048 -1.0875893105342198 1.7468616743210381
46779 11175047 4.098977041855629 -3.2853592627236194 1.0363200000000001 -1.0875893105342198 1.7468616743210381
46780 10760855 0.1417234469309997 0.0784540780879174 0.3048 -1.0875893105342198 1.7468616743210381
46780 11175047 4.0074802252733175 -3.2527168936642763 1.0363200000000001 -1.0875893105342198 1.7468616743210381
46781 11175047 3.933598420807213 -3.2314248603944997 1.0363200000000001 -1.0875893105342198 1.7468616743210381
46781 10760855 0.13778925847606383 0.07728646275264549 0.3048 -1.0875893105342198 1.7468616743210381
46782 10760855 0.13385507002112795 0.07611884741737357 0.3048 -1.0875893105342198 1.7468616743210381
46782 11175047 3.848501177228857 -3.2036706936995043 1.0363200000000001 -1.0875893105342198 1.7468616743210381
46783 10760855 0.12904049840129195 0.07769241074119063 0.3048 -1.0875893105342198 1.7468616743210381
46783 11175047 3.768221066144788 -3.1774865751105215 1.0363200000000001 -1.0875893105342198 1.7468616743210381
46784 11175047 3.672802188934499 -3.148699636388413 1.0363200000000001 -1.0875893105342198 1.7468616743210381
46784 10760855 0.12422592678145594 0.07926597406500768 0.3048 -1.0875893105342198 1.7468616743210381
46785 10760855 0.11897010987009267 0.07903658851637092 0.3048 -1.0875893105342198 1.7468616743210381
46785 11175047 3.5835779432647534 -3.1172596299099387 1.00584 -1.0875893105342198 1.7468616743210381
46786 10760855 0.11371429295872941 0.07880720296773415 0.3048 -1.0875893105342198 1.7468616743210381
46786 11175047 3.501749059838666 -3.095823325046213 1.00584 -1.0875893105342198 1.7468616743210381
46787 10760855 0.10845847604736614 0.07857781741909739 0.3048 -1.0875893105342198 1.7468616743210381
46787 11175047 3.407881022707599 -3.0622819641599124 1.00584 -1.0875893105342198 1.7468616743210381
46788 11175047 3.330010873808681 -3.036878511051411 1.00584 -1.0875893105342198 1.7468616743210381
46788 10760855 0.10447529677416804 0.07816615627374852 0.3048 -1.0875893105342198 1.7468616743210381
46789 10760855 0.10049211750096994 0.07775449512839967 0.3048 -1.0875893105342198 1.7468616743210381
46789 11175047 3.246463250233563 -3.0125420884580802 1.00584 -1.0875893105342198 1.7468616743210381
46790 10760855 0.09650893822777185 0.07734283398305081 0.3048 -1.0875893105342198 1.7468616743210381
46790 11175047 3.1710019851652236 -2.9879225926520117 1.00584 -1.0875893105342198 1.7468616743210381
46791 11175047 3.07954384586814 -2.9551625970920603 1.00584 -1.0875893105342198 1.7468616743210381
46791 10760855 0.09168312283379232 0.07915375712907319 0.3048 -1.0875893105342198 1.7468616743210381
46792 10760855 0.08751496524106159 0.07917252522839278 0.3048 -1.0875893105342198 1.7468616743210381
46792 11175047 3.0349607669278336 -2.942076130945234 1.00584 -1.0875893105342198 1.7468616743210381
46793 10760855 0.08334680764833086 0.07919129332771238 0.3048 -1.0875893105342198 1.7468616743210381
46793 11175047 2.990377687987527 -2.9289896647984075 1.00584 -1.0875893105342198 1.7468616743210381
46794 11175047 2.874778930960198 -2.8912701600647086 1.00584 -1.0875893105342198 1.7468616743210381
46794 10760855 0.07907016928668031 0.07969337320812227 0.3048 -1.0875893105342198 1.7468616743210381
46795 10760855 0.07479353092502977 0.08019545308853217 0.3048 -1.0875893105342198 1.7468616743210381
46795 11175047 2.7989280071822202 -2.869205784824402 1.00584 -1.0875893105342198 1.7468616743210381
46796 10760855 0.07051689256337923 0.08069753296894205 0.3048 -1.0875893105342198 1.7468616743210381
46796 11175047 2.709409563197423 -2.8373070145517647 1.00584 -1.0875893105342198 1.7468616743210381
46797 11175047 2.629133627903406 -2.8111099129517316 1.00584 -1.0875893105342198 1.7468616743210381
46797 10760855 0.06771286033401092 0.08027045864033283 0.3048 -1.0875893105342198 1.7468616743210381
46798 11175047 2.5440414624958176 -2.783339986304107 1.00584 -1.0875893105342198 1.7468616743210381
46798 10760855 0.0649088281046426 0.0798433843117236 0.3048 -1.0875893105342198 1.7468616743210381
46799 11175047 2.4794198063110224 -2.762249874054199 1.00584 -1.0875893105342198 1.7468616743210381
46799 10760855 0.06210479587527429 0.07941630998311436 0.3048 -1.0875893105342198 1.7468616743210381
46800 11175047 2.3578134325288715 -2.725247018315958 1.00584 -1.0875893105342198 1.7468616743210381
46800 10760855 0.059300763645905974 0.07898923565450514 0.3048 -1.0875893105342198 1.7468616743210381
46801 10760855 0.057310741535848767 0.07963966294971218 0.3048 -1.0875893105342198 1.7468616743210381
46801 11175047 2.3088458556011524 -2.709264450668696 1.00584 -1.0875893105342198 1.7468616743210381
46802 10760855 0.05532071942579155 0.08029009024491923 0.3048 -1.0875893105342198 1.7468616743210381
46802 11175047 2.2168959918904516 -2.6818217775849624 0.97536 -1.0875893105342198 1.7468616743210381
46803 10760855 0.053330697315734345 0.0809405175401263 0.3048 -1.0875893105342198 1.7468616743210381
46803 11175047 2.1423569252550756 -2.654921174099155 0.97536 -1.0875893105342198 1.7468616743210381
46804 10760855 0.05134067520567713 0.08159094483533334 0.3048 -1.0875893105342198 1.7468616743210381
46804 11175047 2.051531542023141 -2.6278431855154474 0.97536 -1.0875893105342198 1.7468616743210381
46805 10760855 0.04935065309561992 0.08224137213054039 0.3048 -1.0875893105342198 1.7468616743210381
46805 11175047 1.9597087326251323 -2.600555130068035 0.97536 -1.0875893105342198 1.7468616743210381
46806 10760855 0.04857440368697208 0.07986639523556778 0.3048 -1.0875893105342198 1.7468616743210381
46806 11175047 1.8810409576302771 -2.5748736055078107 0.97536 -1.0875893105342198 1.7468616743210381
46807 11175047 1.7758734270010796 -2.53785276584747 0.97536 -1.0875893105342198 1.7468616743210381
46807 10760855 0.047798154278324234 0.07749141834059517 0.3048 -1.0875893105342198 1.7468616743210381
46808 11322591 0.057859334769200466 0.009362017879945478 0.33528 -1.0875893105342198 1.7468616743210381
46808 11175047 1.6907845630385983 -2.510072530499896 0.97536 -1.0875893105342198 1.7468616743210381
46808 10760855 0.048627696382504415 0.08165985224231964 0.3048 -1.0875893105342198 1.7468616743210381
46809 11322591 0.07742317545236677 0.010795430677497636 0.33528 -1.0875893105342198 1.7468616743210381
46809 11175047 1.6016924011727376 -2.4836708874968276 0.97536 -1.0875893105342198 1.7468616743210381
46809 10760855 0.046226363276043125 0.08065331335723373 0.3048 -1.0875893105342198 1.7468616743210381
46810 10760855 0.043825030169581836 0.07964677447214781 0.3048 -1.0875893105342198 1.7468616743210381
46810 11175047 1.5092517945726582 -2.456641962763146 0.97536 -1.0875893105342198 1.7468616743210381
46810 11322591 0.0963033932493586 0.010816720685674894 0.33528 -1.0875893105342198 1.7468616743210381
46811 11175047 1.4695650050756335 -2.4405291904197495 0.97536 -1.0875893105342198 1.7468616743210381
46811 11322591 0.11518361104635044 0.010838010693852151 0.33528 -1.0875893105342198 1.7468616743210381
46811 10760855 0.041423697063120546 0.0786402355870619 0.3048 -1.0875893105342198 1.7468616743210381
46812 10760855 0.04050522261427761 0.07854745982949754 0.3048 -1.0875893105342198 1.7468616743210381
46812 11322591 0.1382893520474321 0.010880339974362205 0.33528 -1.0875893105342198 1.7468616743210381
46812 11175047 1.3438926319753053 -2.402646755793501 0.97536 -1.0875893105342198 1.7468616743210381
46813 11322591 0.16139509304851374 0.010922669254872258 0.33528 -1.0875893105342198 1.7468616743210381
46813 10760855 0.03958674816543468 0.07845468407193318 0.3048 -1.0875893105342198 1.7468616743210381
46813 11175047 1.2636216509164102 -2.376434090466661 0.97536 -1.0875893105342198 1.7468616743210381
46814 11322591 0.18499125182259024 0.008117734340235494 0.33528 -1.0875893105342198 1.7468616743210381
46814 10760855 0.03866827371659174 0.07836190831436883 0.3048 -1.0875893105342198 1.7468616743210381
46814 11175047 1.183350968626296 -2.3502205102374 0.97536 -1.0875893105342198 1.7468616743210381
46815 11322591 0.19398305969227458 0.010085870445954687 0.33528 -1.0875893105342198 1.7468616743210381
46815 10760855 0.0377497992677488 0.07826913255680447 0.3048 -1.0875893105342198 1.7468616743210381
46815 11175047 1.0982643716069203 -2.322433116308587 0.9448799999999999 -1.0875893105342198 1.7468616743210381
46816 10760855 0.03683132481890587 0.07817635679924011 0.3048 -1.0875893105342198 1.7468616743210381
46816 11175047 1.03345612109991 -2.303953904020026 0.9448799999999999 -1.0875893105342198 1.7468616743210381
46816 11322591 0.2233139768340254 0.008794996225864252 0.33528 -1.0875893105342198 1.7468616743210381
46817 11322591 0.2526448939757762 0.007504122005773819 0.33528 -1.0875893105342198 1.7468616743210381
46817 11175047 0.9686478705928998 -2.285474691731465 0.9448799999999999 -1.0875893105342198 1.7468616743210381
46817 10760855 0.035912850370062935 0.07808358104167575 0.3048 -1.0875893105342198 1.7468616743210381
46818 11322591 0.281975811117527 0.0062132477856833845 0.33528 -1.0875893105342198 1.7468616743210381
46818 10760855 0.03499437592122 0.07799080528411138 0.3048 -1.0875893105342198 1.7468616743210381
46818 11175047 0.8358017162989008 -2.2420853183840506 0.9448799999999999 -1.0875893105342198 1.7468616743210381
46819 11322591 0.3095547966463421 0.007714896223101009 0.33528 -1.0875893105342198 1.7468616743210381
46819 10760855 0.03407590147237707 0.07789802952654702 0.3048 -1.0875893105342198 1.7468616743210381
46819 11175047 0.7956671408047806 -2.228976090193836 0.9448799999999999 -1.0875893105342198 1.7468616743210381
46820 11322591 0.3437642602943248 0.008218684140867913 0.33528 -1.0875893105342198 1.7468616743210381
46820 10760855 0.03315742702353413 0.07780525376898267 0.3048 -1.0875893105342198 1.7468616743210381
46820 11175047 0.7555325653106605 -2.215866862003621 0.9448799999999999 -1.0875893105342198 1.7468616743210381
46821 11322591 0.3779737239423074 0.00872247205863482 0.33528 -1.3594866381677748 2.1835770929012974
46821 10760855 0.0322389525746912 0.07771247801141831 0.3048 -1.3594866381677748 2.1835770929012974
46821 11175047 0.6677857272015535 -2.1894244462942964 0.9448799999999999 -1.3594866381677748 2.1835770929012974
46822 10760855 0.03132047812584826 0.07761970225385395 0.3048 -1.3594866381677748 2.1835770929012974
46822 11322591 0.41218318759029005 0.009226259976401724 0.33528 -1.3594866381677748 2.1835770929012974
46822 11175047 0.5847077825762906 -2.162286345355502 0.9448799999999999 -1.3594866381677748 2.1835770929012974
46823 11175047 0.4718507204065425 -2.125418910755342 0.9448799999999999 -1.3594866381677748 2.1835770929012974
46823 10760855 0.030575227830628646 0.07771724723189835 0.3048 -1.3594866381677748 2.1835770929012974
46823 11322591 0.44639265123827265 0.009730047894168628 0.33528 -1.3594866381677748 2.1835770929012974
46824 10760855 0.02982997753540903 0.07781479220994277 0.3048 -1.3594866381677748 2.1835770929012974
46824 11175047 0.4304455598800531 -2.1096727578972696 0.9448799999999999 -1.3594866381677748 2.1835770929012974
46824 11322591 0.4806021148862553 0.010233835811935533 0.33528 -1.3594866381677748 2.1835770929012974
46825 11175047 0.3395695106015335 -2.0822035699255927 0.9448799999999999 -1.3594866381677748 2.1835770929012974
46825 10760855 0.029084727240189415 0.07791233718798718 0.3048 -1.3594866381677748 2.1835770929012974
46825 11322591 0.514811578534238 0.010737623729702439 0.33528 -1.3594866381677748 2.1835770929012974
46826 11322591 0.5490210421822206 0.011241411647469344 0.33528 -1.3594866381677748 2.1835770929012974
46826 10760855 0.0283394769449698 0.07800988216603158 0.3048 -1.3594866381677748 2.1835770929012974
46826 11175047 0.25641256367306464 -2.0550353725550248 0.9448799999999999 -1.3594866381677748 2.1835770929012974
46827 11322591 0.5832305058302032 0.011745199565236248 0.33528 -1.3594866381677748 2.1835770929012974
46827 10760855 0.027594226649750184 0.07810742714407598 0.3048 -1.3594866381677748 2.1835770929012974
46827 11175047 0.14277525470053354 -2.0208278443625294 0.9448799999999999 -1.3594866381677748 2.1835770929012974
46828 11322591 0.6174399694781859 0.012248987483003154 0.33528 -1.3594866381677748 2.1835770929012974
46828 11175047 0.07982551641317925 -1.9973390328034866 0.9448799999999999 -1.3594866381677748 2.1835770929012974
46828 10760855 0.026848976354530568 0.0782049721221204 0.3048 -1.3594866381677748 2.1835770929012974
46829 11322591 0.6552453763329631 0.012162662393458173 0.33528 -1.3594866381677748 2.1835770929012974
46829 10760855 0.026103726059310953 0.07830251710016481 0.3048 -1.3594866381677748 2.1835770929012974
46829 11175047 -0.002105793674490375 -1.9734886084609078 0.9448799999999999 -1.3594866381677748 2.1835770929012974
46830 11322591 0.6928722685282089 0.011258737623892776 0.33528 -1.3594866381677748 2.1835770929012974
46830 10760855 0.025358475764091337 0.07840006207820921 0.3048 -1.3594866381677748 2.1835770929012974
46830 11175047 -0.08750890277197221 -1.9455819783240347 0.9448799999999999 -1.3594866381677748 2.1835770929012974
46831 10760855 0.02416978760793742 0.07728647298318506 0.3048 -1.3594866381677748 2.1835770929012974
46831 11175047 -0.1578217348153459 -1.9226054415622926 0.9448799999999999 -1.3594866381677748 2.1835770929012974
46831 11322591 0.7304991607234548 0.010354812854327378 0.33528 -1.3594866381677748 2.1835770929012974
46832 11175047 -0.2878517102031122 -1.8801127363161994 0.9144000000000001 -1.3594866381677748 2.1835770929012974
46832 11322591 0.7759162973072548 0.008015645770781538 0.33528 -1.3594866381677748 2.1835770929012974
46832 10760855 0.022981099451783504 0.0761728838881609 0.3048 -1.3594866381677748 2.1835770929012974
46833 11322591 0.8175942866642354 0.00691849088400454 0.34036 -1.3594866381677748 2.1835770929012974
46833 11175047 -0.3681167354599233 -1.8538814729122848 0.9144000000000001 -1.3594866381677748 2.1835770929012974
46833 10760855 0.021792411295629588 0.07505929479313675 0.3048 -1.3594866381677748 2.1835770929012974
46834 11175047 -0.46030846596077923 -1.8260878108968626 0.9144000000000001 -1.3594866381677748 2.1835770929012974
46834 10760855 0.02060372313947567 0.0739457056981126 0.3048 -1.3594866381677748 2.1835770929012974
46834 11322591 0.8592722760212159 0.005821335997227542 0.34544 -1.3594866381677748 2.1835770929012974
46835 10760855 0.019415034983321755 0.07283211660308844 0.3048 -1.3594866381677748 2.1835770929012974
46835 11175047 -0.49482219868059585 -1.8148076345364286 0.9144000000000001 -1.3594866381677748 2.1835770929012974
46835 11322591 0.9009502653781964 0.0047241811104505455 0.35052 -1.3594866381677748 2.1835770929012974
46836 11322591 0.9426282547351771 0.0036270262236735478 0.35559999999999997 -1.3594866381677748 2.1835770929012974
46836 10760855 0.01822634682716784 0.07171852750806429 0.3048 -1.3594866381677748 2.1835770929012974
46836 11175047 -0.6153473850921853 -1.7785691599812146 0.9144000000000001 -1.3594866381677748 2.1835770929012974
46837 11175047 -0.6554793190263953 -1.7654516619390057 0.9144000000000001 -1.3594866381677748 2.1835770929012974
46837 10760855 0.017037658671013922 0.07060493841304014 0.3048 -1.3594866381677748 2.1835770929012974
46837 11322591 0.9843062440921577 0.00252987133689655 0.36068 -1.3594866381677748 2.1835770929012974
46838 11322591 1.0259842334491382 0.0014327164501195533 0.36576 -1.3594866381677748 2.1835770929012974
46838 11175047 -0.6956112529606053 -1.7523341638967969 0.9144000000000001 -1.3594866381677748 2.1835770929012974
46838 10760855 0.013702729927731583 0.07262960433831331 0.3048 -1.3594866381677748 2.1835770929012974
46839 10760855 0.012838213260550199 0.07190937366951218 0.3048 -1.3594866381677748 2.1835770929012974
46839 11322591 1.0499261320972333 0.0013213769074188475 0.36576 -1.3594866381677748 2.1835770929012974
46839 11175047 -0.8360722648176546 -1.7064206051126072 0.9144000000000001 -1.3594866381677748 2.1835770929012974
46840 11175047 -0.9470895189414581 -1.672349399147897 0.9144000000000001 -1.3594866381677748 2.1835770929012974
46840 10760855 0.011973696593368813 0.07118914300071104 0.3048 -1.3594866381677748 2.1835770929012974
46840 11322591 1.0981467172864698 -0.0005880968233928432 0.36576 -1.3594866381677748 2.1835770929012974
46841 11322591 1.1463673024757064 -0.002497570554204534 0.36576 -1.3594866381677748 2.1835770929012974
46841 11175047 -1.0301613637100457 -1.6451922482106274 0.9144000000000001 -1.3594866381677748 2.1835770929012974
46841 10760855 0.011109179926187429 0.07046891233190991 0.3048 -1.3594866381677748 2.1835770929012974
46842 11175047 -1.083207961935139 -1.6267399930616624 0.9144000000000001 -1.3594866381677748 2.1835770929012974
46842 11322591 1.179747340120536 -0.0009019700582440643 0.36576 -1.3594866381677748 2.1835770929012974
46842 10760855 0.010244663259006045 0.06974868166310878 0.3048 -1.3594866381677748 2.1835770929012974
46843 11322591 1.2306337036044337 -0.002805430714967902 0.36576 -1.3594866381677748 2.1835770929012974
46843 11175047 -1.1362545601602319 -1.6082877379126976 0.9144000000000001 -1.3594866381677748 2.1835770929012974
46843 10760855 0.009380146591824661 0.06902845099430764 0.3048 -1.3594866381677748 2.1835770929012974
46844 10760855 0.008515629924643275 0.06830822032550651 0.3048 -1.3594866381677748 2.1835770929012974
46844 11322591 1.2656748603667223 -0.002920276394079782 0.36576 -1.3594866381677748 2.1835770929012974
46844 11175047 -1.206738133760074 -1.5874636478919535 0.9144000000000001 -1.3594866381677748 2.1835770929012974
46845 10760855 0.007651113257461891 0.06758798965670539 0.3048 -1.3594866381677748 2.1835770929012974
46845 11175047 -1.2815284288202207 -1.560790978213342 0.9144000000000001 -1.3594866381677748 2.1835770929012974
46845 11322591 1.3007160171290109 -0.0030351220731916623 0.36576 -1.3594866381677748 2.1835770929012974
46846 11322591 1.325679583649797 -0.0013765102432966025 0.36576 -1.3594866381677748 2.1835770929012974
46846 11175047 -1.3683848713382767 -1.5346118563788231 0.9144000000000001 -1.3594866381677748 2.1835770929012974
46846 10760855 0.0067865965902805065 0.06686775898790424 0.3048 -1.3594866381677748 2.1835770929012974
46847 11175047 -1.4573004736559179 -1.5033185163056422 0.9144000000000001 -1.3594866381677748 2.1835770929012974
46847 11322591 1.3708326302340086 -0.0031585608096580398 0.36576 -1.3594866381677748 2.1835770929012974
46847 10760855 0.005922079923099122 0.06614752831910312 0.3048 -1.3594866381677748 2.1835770929012974
46848 11322591 1.3907541650301307 -0.004700918032189055 0.36576 -1.3594866381677748 2.1835770929012974
46848 10760855 0.005057563255917738 0.06542729765030199 0.3048 -1.3594866381677748 2.1835770929012974
46848 11175047 -1.5494534604309818 -1.475405046231424 0.9144000000000001 -1.3594866381677748 2.1835770929012974
46849 10760855 0.004193046588736354 0.06470706698150085 0.3048 -1.3594866381677748 2.1835770929012974
46849 11175047 -1.638809891873872 -1.4498068063272964 0.9144000000000001 -1.3594866381677748 2.1835770929012974
46849 11322591 1.4106756998262528 -0.006243275254720071 0.36576 -1.3594866381677748 2.1835770929012974
46850 11175047 -1.7238856102676212 -1.4219853164148994 0.9144000000000001 -1.3594866381677748 2.1835770929012974
46850 11322591 1.4950102642047187 -0.006336873992526276 0.39624000000000004 -1.3594866381677748 2.1835770929012974
46850 10760855 0.003328529921554968 0.06398683631269972 0.3048 -1.3594866381677748 2.1835770929012974
46851 11322591 1.5369627411267153 -0.009759456215063023 0.39624000000000004 -1.3594866381677748 2.1835770929012974
46851 11175047 -1.8145791663181494 -1.3923254264005718 0.9144000000000001 -1.3594866381677748 2.1835770929012974
46851 10760855 0.003122565785333505 0.06041292763394892 0.3048 -1.3594866381677748 2.1835770929012974
46852 10760855 0.002916601649112042 0.05683901895519811 0.3048 -1.3594866381677748 2.1835770929012974
46852 11175047 -1.8892567182674516 -1.369654908358209 0.9144000000000001 -1.3594866381677748 2.1835770929012974
46852 11322591 1.577162967711769 -0.010389835008828105 0.39624000000000004 -1.3594866381677748 2.1835770929012974
46853 10760855 0.002710637512890579 0.053265110276447314 0.3048 -1.3594866381677748 2.1835770929012974
46853 11322591 1.6201371964431222 -0.012042865211016218 0.39624000000000004 -1.3594866381677748 2.1835770929012974
46853 11175047 -1.9675897079043752 -1.3440353917906438 0.9144000000000001 -1.3594866381677748 2.1835770929012974
46854 11175047 -2.0802731398445875 -1.3071795588640622 0.88392 -1.3594866381677748 2.1835770929012974
46854 10760855 0.0025046733766691163 0.049691201597696515 0.3048 -1.3594866381677748 2.1835770929012974
46854 11322591 1.6631458496797564 -0.013590072867138925 0.39624000000000004 -1.3594866381677748 2.1835770929012974
46855 11322591 1.7021327893264742 -0.011136606004343796 0.39624000000000004 -1.3594866381677748 2.1835770929012974
46855 10760855 0.0022987092404476534 0.046117292918945715 0.3048 -1.3594866381677748 2.1835770929012974
46855 11175047 -2.1315852151679753 -1.2940180490140072 0.88392 -1.3594866381677748 2.1835770929012974
46856 11322591 1.7439471377860616 -0.014980209909497222 0.42672000000000004 -1.3594866381677748 2.1835770929012974
46856 10760855 0.00209274510422619 0.04254338424019491 0.3048 -1.3594866381677748 2.1835770929012974
46856 11175047 -2.191578272698733 -1.2743943022516155 0.88392 -1.3594866381677748 2.1835770929012974
46857 11322591 1.7817397716227534 -0.014823199166910966 0.42672000000000004 -1.3594866381677748 2.1835770929012974
46857 11175047 -2.251571330229491 -1.254770555489224 0.88392 -1.3594866381677748 2.1835770929012974
46857 10760855 0.0005057250895606491 0.037687883319866416 0.3048 -1.3594866381677748 2.1835770929012974
46858 10760855 -0.001081294925104892 0.032832382399537924 0.3048 -1.3594866381677748 2.1835770929012974
46858 11322591 1.8223064116455028 -0.015688786752514755 0.42672000000000004 -1.3594866381677748 2.1835770929012974
46858 11175047 -2.3712623447707193 -1.2138061501622688 0.88392 -1.3594866381677748 2.1835770929012974
46859 11322591 1.8611756685483472 -0.01699270895895061 0.42672000000000004 -1.3594866381677748 2.1835770929012974
46859 11175047 -2.437078272269621 -1.1940570990149193 0.88392 -1.3594866381677748 2.1835770929012974
46859 10760855 -0.0013215442113208465 0.028564801444518777 0.3048 -1.3594866381677748 2.1835770929012974
46860 10760855 -0.001561793497536801 0.024297220489499633 0.3048 -1.3594866381677748 2.1835770929012974
46860 11322591 1.9000449254511913 -0.018296631165386462 0.42672000000000004 -1.3594866381677748 2.1835770929012974
46860 11175047 -2.502894199768523 -1.17430804786757 0.88392 -1.3594866381677748 2.1835770929012974
46861 10760855 -0.0018020427837527552 0.02002963953448049 0.3048 -1.3594866381677748 2.1835770929012974
46861 11322591 1.9371823423095624 -0.02014448809867192 0.42672000000000004 -1.3594866381677748 2.1835770929012974
46861 11175047 -2.5874486376058625 -1.144892953929874 0.88392 -1.3594866381677748 2.1835770929012974
46862 10760855 -0.00204229206996871 0.015762058579461342 0.3048 -1.3594866381677748 2.1835770929012974
46862 11175047 -2.665012992191607 -1.1212689559577778 0.88392 -1.3594866381677748 2.1835770929012974
46862 11322591 1.9745657970456276 -0.022598111396691392 0.42672000000000004 -1.3594866381677748 2.1835770929012974
46863 11175047 -2.78218720068839 -1.0829314469148978 0.88392 -1.3594866381677748 2.1835770929012974
46863 10760855 -0.002282541356184664 0.011494477624442195 0.3048 -1.3594866381677748 2.1835770929012974
46863 11322591 2.011949251781693 -0.025051734694710864 0.42672000000000004 -1.3594866381677748 2.1835770929012974
46864 10760855 0.004455055161512856 0.011019434510018841 0.3048 -1.3594866381677748 2.1835770929012974
46864 11322591 2.0522522796586387 -0.025362729238100512 0.45720000000000005 -1.3594866381677748 2.1835770929012974
46864 11175047 -2.853096989342342 -1.057977219891138 0.88392 -1.3594866381677748 2.1835770929012974
46865 11175047 -2.933352643979682 -1.031716718721826 0.88392 -1.3594866381677748 2.1835770929012974
46865 11322591 2.0892861310494872 -0.02752647939215927 0.45720000000000005 -1.3594866381677748 2.1835770929012974
46865 10760855 0.011192651679210377 0.010544391395595489 0.3048 -1.3594866381677748 2.1835770929012974
46866 11322591 2.1268245839968456 -0.02950436028991177 0.45720000000000005 -1.3594866381677748 2.1835770929012974
46866 11175047 -3.014910194833538 -1.0105208346085768 0.88392 -1.3594866381677748 2.1835770929012974
46866 10760855 0.017930248196907896 0.010069348281172135 0.3048 -1.3594866381677748 2.1835770929012974
46867 11175047 -3.105616807669243 -0.9770992994663635 0.88392 -1.3594866381677748 2.1835770929012974
46867 11322591 2.1553909115586225 -0.03135591490509952 0.45720000000000005 -1.3594866381677748 2.1835770929012974
46867 10760855 0.024667844714605418 0.00959430516674878 0.3048 -1.3594866381677748 2.1835770929012974
46868 10760855 0.03140544123230294 0.009119262052325428 0.3048 -1.3594866381677748 2.1835770929012974
46868 11175047 -3.184266448746861 -0.9513611967185781 0.88392 -1.3594866381677748 2.1835770929012974
46868 11322591 2.1839572391203994 -0.033207469520287275 0.45720000000000005 -1.3594866381677748 2.1835770929012974
46869 11322591 2.2323186314282184 -0.036440761324276955 0.45720000000000005 -1.3594866381677748 2.1835770929012974
46869 11175047 -3.2673297881455774 -0.9241776547810826 0.88392 -1.3594866381677748 2.1835770929012974
46869 10760855 0.038143037750000455 0.008644218937902074 0.3048 -1.3594866381677748 2.1835770929012974
46870 10760855 0.04488063426769798 0.00816917582347872 0.3048 -1.3594866381677748 2.1835770929012974
46870 11322591 2.280680023736037 -0.039674053128266634 0.45720000000000005 -1.3594866381677748 2.1835770929012974
46870 11175047 -3.3455775681583484 -0.898569074043505 0.88392 -1.3594866381677748 2.1835770929012974
46871 10760855 0.0516182307853955 0.007694132709055368 0.3048 -1.3594866381677748 2.1835770929012974
46871 11175047 -3.4357646801795134 -0.8727909163395741 0.88392 -1.3594866381677748 2.1835770929012974
46871 11322591 2.3196949759117658 -0.04528720287494939 0.45720000000000005 -1.3594866381677748 2.1835770929012974
46872 10760855 0.05835582730309302 0.0072190895946320135 0.3048 -1.3594866381677748 2.1835770929012974
46872 11175047 -3.5513296885537446 -0.8349659417952257 0.88392 -1.3594866381677748 2.1835770929012974
46872 11322591 2.357544536662926 -0.044678661933234304 0.45720000000000005 -1.3594866381677748 2.1835770929012974
46873 11175047 -3.62163355206269 -0.8135899833286281 0.88392 -1.3594866381677748 2.1835770929012974
46873 10760855 0.06509342382079054 0.00674404648020866 0.3048 -1.3594866381677748 2.1835770929012974
46873 11322591 2.396376343458315 -0.0497643255523296 0.45720000000000005 -1.3594866381677748 2.1835770929012974
46874 10760855 0.07183102033848807 0.006269003365785307 0.3048 -1.3594866381677748 2.1835770929012974
46874 11175047 -3.705096529737018 -0.786269933213443 0.8534400000000001 -1.3594866381677748 2.1835770929012974
46874 11322591 2.4345694058422875 -0.04973483539212545 0.48768 -1.3594866381677748 2.1835770929012974
46875 11175047 -3.7481910673727086 -0.7713452301150139 0.8534400000000001 -1.3594866381677748 2.1835770929012974
46875 10760855 0.07856861685618557 0.005793960251361953 0.3048 -1.3594866381677748 2.1835770929012974
46875 11322591 2.4711424832068287 -0.05466672060580027 0.48768 -1.3594866381677748 2.1835770929012974
46876 11175047 -3.791285605008399 -0.7564205270165848 0.8534400000000001 -1.3594866381677748 2.1835770929012974
46876 10760855 0.0853062133738831 0.0053189171369386 0.3048 -1.3594866381677748 2.1835770929012974
46876 11322591 2.503132429283988 -0.05459751749517919 0.48768 -1.3594866381677748 2.1835770929012974
46877 11175047 -3.8811702492409594 -0.7286318901289625 0.8534400000000001 -1.3594866381677748 2.1835770929012974
46877 11322591 2.5412564271540634 -0.054778583943406095 0.48768 -1.3594866381677748 2.1835770929012974
46877 10760855 0.09204380989158062 0.004843874022515246 0.3048 -1.3594866381677748 2.1835770929012974
46878 10760855 0.09878140640927814 0.004368830908091892 0.3048 -1.3594866381677748 2.1835770929012974
46878 11322591 2.5780017668384607 -0.05918208696236346 0.48768 -1.3594866381677748 2.1835770929012974
46878 11175047 -3.9643112128807623 -0.7014138544246015 0.8534400000000001 -1.3594866381677748 2.1835770929012974
46879 11175047 -4.057403030150864 -0.6709368965374235 0.8534400000000001 -1.3594866381677748 2.1835770929012974
46879 10760855 0.10551900292697566 0.003893787793668539 0.3048 -1.3594866381677748 2.1835770929012974
46879 11322591 2.611938530615043 -0.06266839654857942 0.50292 -1.3594866381677748 2.1835770929012974
46880 11322591 2.6458752943916255 -0.06615470613479538 0.5181600000000001 -1.3594866381677748 2.1835770929012974
46880 10760855 0.11225659944467319 0.0034187446792451857 0.3048 -1.3594866381677748 2.1835770929012974
46881 10760855 0.11899419596237071 0.0029437015648218316 0.3048 -1.3594866381677748 2.1835770929012974
46881 11322591 2.680868068199635 -0.06776599250998236 0.5181600000000001 -1.3594866381677748 2.1835770929012974
46882 10760855 0.12573179248006822 0.0024686584503984792 0.3048 -1.3594866381677748 2.1835770929012974
46882 11322591 2.714759003867849 -0.07112012649269109 0.5181600000000001 -1.3594866381677748 2.1835770929012974
46883 10760855 0.13246938899776575 0.001993615335975125 0.3048 -1.3594866381677748 2.1835770929012974
46883 11322591 2.7503217202474746 -0.07805711327123058 0.5181600000000001 -1.3594866381677748 2.1835770929012974
46884 11322591 2.781597519799254 -0.08289355426531345 0.5181600000000001 -1.3594866381677748 2.1835770929012974
46884 10760855 0.13920698551546326 0.001518572221551771 0.3048 -1.3594866381677748 2.1835770929012974
46885 10760855 0.1459445820331608 0.0010435291071284186 0.3048 -1.3594866381677748 2.1835770929012974
46885 11322591 2.815548962062637 -0.0904138831734781 0.5181600000000001 -1.3594866381677748 2.1835770929012974
46886 11322591 2.8495004043260197 -0.09793421208164274 0.5181600000000001 -1.3594866381677748 2.1835770929012974
46886 10760855 0.1526821785508583 0.0005684859927050645 0.3048 -1.3594866381677748 2.1835770929012974
46887 11322591 2.8808628606095334 -0.10168866871479548 0.5181600000000001 -1.3594866381677748 2.1835770929012974
46887 10760855 0.17981408607670948 0.0020601239285668775 0.3048 -1.3594866381677748 2.1835770929012974
46888 10760855 0.2069459936025607 0.003551761864428691 0.3048 -1.3594866381677748 2.1835770929012974
46888 11322591 2.912225316893047 -0.10544312534794822 0.5181600000000001 -1.3594866381677748 2.1835770929012974
46889 11322591 2.9446570780531127 -0.11381022061500232 0.54864 -1.3594866381677748 2.1835770929012974
46889 10760855 0.23407790112841187 0.0050433998002905045 0.3048 -1.3594866381677748 2.1835770929012974
46890 11322591 2.971587539626878 -0.11835649847015163 0.54864 -1.3594866381677748 2.1835770929012974
46890 10760855 0.25596053425175425 0.004387707357765553 0.303276 -1.3594866381677748 2.1835770929012974
46891 10760855 0.27784316737509657 0.0037320149152406 0.301752 -1.3594866381677748 2.1835770929012974
46891 11322591 2.998518001200643 -0.12290277632530096 0.54864 -1.3594866381677748 2.1835770929012974
46892 11322591 3.025448462774408 -0.12744905418045027 0.54864 -1.3594866381677748 2.1835770929012974
46892 10760855 0.29972580049843894 0.003076322472715648 0.300228 -1.3594866381677748 2.1835770929012974
46893 11322591 3.077519148383752 -0.1393054980895029 0.54864 -1.3594866381677748 2.1835770929012974
46893 10760855 0.32160843362178126 0.002420630030190696 0.298704 -1.3594866381677748 2.1835770929012974
46894 10760855 0.34349106674512364 0.0017649375876657436 0.29718 -1.3594866381677748 2.1835770929012974
46894 11322591 3.109824983680527 -0.14751387960199155 0.54864 -1.3594866381677748 2.1835770929012974
46895 11322591 3.1428480930535687 -0.1546127624531357 0.54864 -1.3594866381677748 2.1835770929012974
46895 10760855 0.3881557917562357 0.003641555771548205 0.29718 -1.3594866381677748 2.1835770929012974
46896 10760855 0.42182192243848793 0.003388022572686347 0.29718 -1.3594866381677748 2.1835770929012974
46896 11322591 3.1758712024266105 -0.16171164530427987 0.54864 -1.3594866381677748 2.1835770929012974
46897 10760855 0.45881425301812806 0.003883978984256529 0.30076588235294116 -1.3594866381677748 2.1835770929012974
46897 11322591 3.210270762090846 -0.16785767531497553 0.54864 -1.3594866381677748 2.1835770929012974
46898 10760855 0.4958065835977682 0.0043799353958267105 0.3043517647058824 -1.3594866381677748 2.1835770929012974
46898 11322591 3.2446703217550814 -0.1740037053256712 0.54864 -1.3594866381677748 2.1835770929012974
46899 10760855 0.5327989141774083 0.004875891807396892 0.30793764705882354 -1.3594866381677748 2.1835770929012974
46899 11322591 3.27745773948217 -0.18236846122441178 0.57912 -1.3594866381677748 2.1835770929012974
46900 10760855 0.5697912447570485 0.005371848218967074 0.3115235294117647 -1.3594866381677748 2.1835770929012974
46900 11322591 3.3107397763878588 -0.18785730900136074 0.57912 -1.3594866381677748 2.1835770929012974
46901 10760855 0.6067835753366886 0.005867804630537255 0.3151094117647059 -1.3594866381677748 2.1835770929012974
46901 11322591 3.3446287560284307 -0.19475099587593747 0.57912 -1.3594866381677748 2.1835770929012974
46902 11322591 3.378517735669003 -0.20164468275051423 0.57912 -1.3594866381677748 2.1835770929012974
46902 10760855 0.6437759059163287 0.006363761042107436 0.3186952941176471 -1.3594866381677748 2.1835770929012974
46903 11322591 3.412406715309575 -0.20853836962509095 0.57912 -1.3594866381677748 2.1835770929012974
46903 10760855 0.6807682364959688 0.006859717453677618 0.32228117647058824 -1.3594866381677748 2.1835770929012974
46904 11322591 3.445470723718386 -0.21442267262128542 0.57912 -1.3594866381677748 2.1835770929012974
46904 10760855 0.717760567075609 0.0073556738652478 0.32586705882352945 -1.3594866381677748 2.1835770929012974
46905 11322591 3.4790162162017584 -0.22046394779550696 0.57912 -1.3594866381677748 2.1835770929012974
46905 10760855 0.7547528976552491 0.00785163027681798 0.3294529411764706 -1.3594866381677748 2.1835770929012974
46906 10760855 0.7917452282348892 0.008347586688388163 0.33303882352941183 -1.3594866381677748 2.1835770929012974
46906 11322591 3.513760372669341 -0.22555279260238711 0.57912 -1.3594866381677748 2.1835770929012974
46907 11322591 3.548504529136924 -0.23064163740926727 0.57912 -1.3594866381677748 2.1835770929012974
46907 10760855 0.8287375588145294 0.008843543099958344 0.336624705882353 -1.3594866381677748 2.1835770929012974
46908 10760855 0.8657298893941695 0.009339499511528526 0.34021058823529415 -1.3594866381677748 2.1835770929012974
46908 11322591 3.5828768515697567 -0.2341487242978155 0.57912 -1.3594866381677748 2.1835770929012974
46909 10760855 0.9027222199738096 0.009835455923098708 0.34379647058823537 -1.3594866381677748 2.1835770929012974
46909 11322591 3.618592718133953 -0.2335383782063533 0.57912 -1.3594866381677748 2.1835770929012974
46910 11322591 3.6563033446354742 -0.23334517096403076 0.57912 -1.3594866381677748 2.1835770929012974
46910 10760855 0.9397145505534498 0.010331412334668888 0.34738235294117653 -1.3594866381677748 2.1835770929012974
46911 10760855 0.9767068811330899 0.010827368746239071 0.3509682352941177 -1.3594866381677748 2.1835770929012974
46911 11322591 3.6942335375899766 -0.2294853429768299 0.59436 -1.3594866381677748 2.1835770929012974
46912 10760855 1.01369921171273 0.011323325157809252 0.3545541176470589 -1.3594866381677748 2.1835770929012974
46912 11322591 3.732163730544479 -0.22562551498962904 0.6096 -1.3594866381677748 2.1835770929012974
46913 10760855 1.0506915422923702 0.011819281569379433 0.35814000000000007 -1.3594866381677748 2.1835770929012974
46913 11322591 3.7699239461282783 -0.21738791446287567 0.6096 -1.3594866381677748 2.1835770929012974
46914 10760855 1.085926170973266 0.014561335542380684 0.36195000000000005 -1.3594866381677748 2.1835770929012974
46914 11322591 3.807576536741614 -0.20607785182474067 0.6096 -1.3594866381677748 2.1835770929012974
46915 10760855 1.121160799654162 0.017303389515381934 0.36576000000000003 -1.3594866381677748 2.1835770929012974
46915 11322591 3.8452291273549495 -0.19476778918660567 0.6096 -1.3594866381677748 2.1835770929012974
46916 10760855 1.156395428335058 0.020045443488383184 0.36957000000000007 -1.3594866381677748 2.1835770929012974
46916 11322591 3.8850902187925627 -0.18008970282850414 0.6096 -1.3594866381677748 2.1835770929012974
46917 10760855 1.1916300570159537 0.022787497461384434 0.37338000000000005 -1.3594866381677748 2.1835770929012974
46917 11322591 3.9205553453557513 -0.1626921431809746 0.6096 -1.3594866381677748 2.1835770929012974
46918 10760855 1.2268646856968495 0.025529551434385685 0.37719 -1.3594866381677748 2.1835770929012974
46918 11322591 3.95602047191894 -0.14529458353344507 0.6096 -1.3594866381677748 2.1835770929012974
46919 11322591 3.9930528194431556 -0.122684446484047 0.6400800000000001 -1.3594866381677748 2.1835770929012974
46919 10760855 1.2620993143777455 0.028271605407386935 0.381 -1.3594866381677748 2.1835770929012974
46920 10760855 1.2858732768835324 0.03127281626587177 0.38481000000000004 -1.3594866381677748 2.1835770929012974
46920 11322591 4.02912355339435 -0.09648973727222301 0.6400800000000001 -1.3594866381677748 2.1835770929012974
46921 11322591 4.061157612807874 -0.07178135550601542 0.6400800000000001 -1.3594866381677748 2.1835770929012974
46921 10760855 1.3096472393893195 0.03427402712435661 0.38862 -1.3594866381677748 2.1835770929012974
46922 11322591 4.093535185936551 -0.04765221790407517 0.6400800000000001 -1.3594866381677748 2.1835770929012974
46922 10760855 1.3334212018951064 0.03727523798284144 0.39243000000000006 -1.3594866381677748 2.1835770929012974
46923 10760855 1.390553963892895 0.03981600738795342 0.39624000000000004 -1.3594866381677748 2.1835770929012974
46923 11322591 4.124309218804757 -0.01972912695247167 0.6400800000000001 -1.3594866381677748 2.1835770929012974
46924 10760855 1.403993560689258 0.041267144950632925 0.39624000000000004 -1.3594866381677748 2.1835770929012974
46924 11322591 4.155668628327761 0.009988823897574134 0.6400800000000001 -1.3594866381677748 2.1835770929012974
46925 10760855 1.4322935596719781 0.042946077406221014 0.40005 -1.3594866381677748 2.1835770929012974
46925 11322591 4.1855043633469124 0.042656966701886095 0.6400800000000001 -1.3594866381677748 2.1835770929012974
46926 11322591 4.214204039282409 0.07347640248200246 0.6400800000000001 -1.3594866381677748 2.1835770929012974
46926 10760855 1.4605935586546983 0.0446250098618091 0.40386 -1.3594866381677748 2.1835770929012974
46927 11322591 4.24322045328212 0.10798890983878187 0.6553200000000001 -1.3594866381677748 2.1835770929012974
46927 10760855 1.5011635332807902 0.04784537165047542 0.41148 -1.3594866381677748 2.1835770929012974
46928 11322591 4.272236867281832 0.14250141719556128 0.67056 -1.3594866381677748 2.1835770929012974
46928 10760855 1.5351290243361657 0.051237172441569084 0.41148 -1.3594866381677748 2.1835770929012974
46929 10760855 1.5792752891563915 0.05317296729198592 0.41910000000000003 -1.3594866381677748 2.1835770929012974
46929 11322591 4.300664258599546 0.18065205863714992 0.67056 -1.3594866381677748 2.1835770929012974
46930 10760855 1.6133334016181347 0.057936715391330856 0.41910000000000003 -1.3594866381677748 2.1835770929012974
46930 11322591 4.323519269994303 0.2180508655011358 0.67056 -1.3594866381677748 2.1835770929012974
46931 10760855 1.6505284903119857 0.056535803434021925 0.41910000000000003 -1.3594866381677748 2.1835770929012974
46931 11322591 4.350158351855581 0.2572522304882331 0.67056 -1.3594866381677748 2.1835770929012974
46932 10760855 1.6752376309878634 0.05605891985263314 0.42672000000000004 -1.3594866381677748 2.1835770929012974
46932 11322591 4.3727965751027025 0.2975252528552895 0.67056 -1.3594866381677748 2.1835770929012974
46933 11322591 4.395434798349825 0.33779827522234596 0.67056 -1.3594866381677748 2.1835770929012974
46933 10760855 1.7157821205516397 0.056484935699414096 0.42672000000000004 -1.3594866381677748 2.1835770929012974
46934 10760855 1.7414660198555958 0.05627401328386877 0.43434000000000006 -1.3594866381677748 2.1835770929012974
46934 11322591 4.430340346816178 0.40397262740688944 0.67056 -1.3594866381677748 2.1835770929012974
46935 11322591 4.452892346727566 0.4567724949748909 0.67056 -1.3594866381677748 2.1835770929012974
46935 10760855 1.7811045432861232 0.05664579253382826 0.43434000000000006 -1.3594866381677748 2.1835770929012974
46936 10760855 1.8100480928286689 0.060977965260234857 0.44196 -1.3594866381677748 2.1835770929012974
46936 11322591 4.470738764410825 0.498550428819584 0.67056 -1.3594866381677748 2.1835770929012974
46937 10760855 1.8434489156206357 0.0612844532364393 0.44196 -1.3594866381677748 2.1835770929012974
46937 11322591 4.488585182094084 0.5403283626642771 0.67056 -1.3594866381677748 2.1835770929012974
46938 11322591 4.5104595123577615 0.5907795133313033 0.7010400000000001 -1.3594866381677748 2.1835770929012974
46938 10760855 1.8767117932327926 0.061168847358581774 0.44196 -1.3594866381677748 2.1835770929012974
46939 10760855 1.9076487696932674 0.06344847959344771 0.44958000000000004 -1.3594866381677748 2.1835770929012974
46939 11322591 4.52525393109082 0.6274206075185739 0.7010400000000001 -1.3594866381677748 2.1835770929012974
46940 11322591 4.540048349823878 0.6640617017058444 0.7010400000000001 -1.3594866381677748 2.1835770929012974
46940 10760855 1.935695763071979 0.06503652737463647 0.44958000000000004 -1.3594866381677748 2.1835770929012974
46941 11322591 4.55554715497759 0.7115699541529868 0.7010400000000001 -1.3594866381677748 2.1835770929012974
46941 10760855 1.9728904189716718 0.06363730549795635 0.45720000000000005 -1.3594866381677748 2.1835770929012974
46942 11322591 4.575205674597103 0.7555017823996996 0.7010400000000001 -1.3594866381677748 2.1835770929012974
46942 10760855 2.0042148277670098 0.06275343497157568 0.46482000000000007 -1.3594866381677748 2.1835770929012974
46943 10760855 2.0398092013003915 0.06841911467261028 0.46482000000000007 -1.3594866381677748 2.1835770929012974
46943 11322591 4.595384638592138 0.809192678244996 0.7010400000000001 -1.3594866381677748 2.1835770929012974
46944 10760855 2.071868162361305 0.06869748678578616 0.46482000000000007 -1.3594866381677748 2.1835770929012974
46944 11322591 4.613087666504703 0.8634576917406974 0.7010400000000001 -1.3594866381677748 2.1835770929012974
46945 11322591 4.628586427511527 0.910965976067211 0.7010400000000001 -1.3594866381677748 2.1835770929012974
46945 10760855 2.100545003531724 0.06949632743732839 0.47243999999999997 -1.3594866381677748 2.1835770929012974
46946 10760855 2.123471691638085 0.0703622948138248 0.47243999999999997 -1.3594866381677748 2.1835770929012974
46946 11322591 4.6403999286096145 0.9471778497365048 0.7010400000000001 -1.3594866381677748 2.1835770929012974
46947 10760855 2.1463983797444453 0.07122826219032122 0.47243999999999997 -1.3594866381677748 2.1835770929012974
46947 11322591 4.652213429707702 0.9833897234057986 0.7010400000000001 -1.3594866381677748 2.1835770929012974
46948 11322591 4.674462766439094 1.051590519703402 0.73152 -1.3594866381677748 2.1835770929012974
46948 10760855 2.19467364768217 0.0768424389433284 0.48006 -1.3594866381677748 2.1835770929012974
46949 11322591 4.680804014860371 1.079191539284909 0.73152 -1.3594866381677748 2.1835770929012974
46949 10760855 2.2253470387023904 0.08008555754695465 0.48387 -1.3594866381677748 2.1835770929012974
46950 10760855 2.2560204297226107 0.0833286761505809 0.48768 -1.3594866381677748 2.1835770929012974
46950 11322591 4.693275918166394 1.1255847236192777 0.73152 -1.3594866381677748 2.1835770929012974
46951 11322591 4.704228974193037 1.1719477700602285 0.73152 -1.3594866381677748 2.1835770929012974
46951 10760855 2.2899059597032796 0.0892029442029457 0.48768 -1.3594866381677748 2.1835770929012974
46952 11322591 4.71518203021968 1.2183108165011793 0.73152 -1.3594866381677748 2.1835770929012974
46952 10760855 2.326843963718928 0.09898706933055704 0.4953 -1.3594866381677748 2.1835770929012974
46953 11322591 4.725890220904098 1.2677324141412607 0.73152 -1.3594866381677748 2.1835770929012974
46953 10760855 2.3497117993636882 0.10647315725996379 0.4953 -1.3594866381677748 2.1835770929012974
46954 10760855 2.3872259077228786 0.12074218857266358 0.50292 -1.3594866381677748 2.1835770929012974
46954 11322591 4.73890201631251 1.316052070063269 0.73152 -1.3594866381677748 2.1835770929012974
46955 11322591 4.747601372987621 1.3595876694613978 0.73152 -1.3594866381677748 2.1835770929012974
46955 10760855 2.4107528989463383 0.1367746448418458 0.50292 -1.3594866381677748 2.1835770929012974
46956 10760855 2.442331011494584 0.15625298150620429 0.50292 -1.3594866381677748 2.1835770929012974
46956 11322591 4.756300729662732 1.4031232688595265 0.73152 -1.3594866381677748 2.1835770929012974
46957 11322591 4.767610175739175 1.4622776163035782 0.73152 -1.3594866381677748 2.1835770929012974
46957 10760855 2.4789842738170775 0.1869244410713434 0.51054 -1.3594866381677748 2.1835770929012974
46958 10760855 2.5065392164768237 0.20876789075879285 0.51054 -1.3594866381677748 2.1835770929012974
46958 11322591 4.775888812531353 1.5121414390401615 0.73152 -1.3594866381677748 2.1835770929012974
46959 11322591 4.786574328595263 1.5612200520171817 0.73152 -1.3594866381677748 2.1835770929012974
46959 10760855 2.532689071376538 0.23854656620077666 0.51054 -1.3594866381677748 2.1835770929012974
46960 10760855 2.569212052848104 0.28105948663106495 0.51054 -1.3594866381677748 2.1835770929012974
46960 11322591 4.794887592912898 1.6111894100757476 0.762 -1.3594866381677748 2.1835770929012974
46961 11322591 4.806450759206649 1.6724804325970934 0.762 -1.3594866381677748 2.1835770929012974
46961 10760855 2.591593568532411 0.3169749795162803 0.5181600000000001 -1.3594866381677748 2.1835770929012974
46962 11322591 4.811435481745471 1.7136068396829074 0.762 -1.3594866381677748 2.1835770929012974
46962 10760855 2.610031929719292 0.35441154184969226 0.5181600000000001 -1.3594866381677748 2.1835770929012974
46963 10760855 2.626082380257495 0.38725408627720903 0.5181600000000001 -1.3594866381677748 2.1835770929012974
46963 11322591 4.822947953283996 1.7652191532184756 0.762 -1.3594866381677748 2.1835770929012974
46964 10760855 2.635974256501304 0.417551436613138 0.52197 -1.3594866381677748 2.1835770929012974
46964 11322591 4.837082481172477 1.8330303871873412 0.762 -1.3594866381677748 2.1835770929012974
46965 10760855 2.645866132745113 0.44784878694906693 0.52578 -1.3594866381677748 2.1835770929012974
46965 11322591 4.845361820744379 1.8828940641080885 0.762 -1.3594866381677748 2.1835770929012974
46966 11322591 4.853641261327385 1.9327577203620219 0.762 -1.3594866381677748 2.1835770929012974
46966 10760855 2.6601352515571306 0.49155298249581614 0.52578 -1.3594866381677748 2.1835770929012974
46967 10760855 2.6679357190154738 0.5317618526951885 0.52578 -1.3594866381677748 2.1835770929012974
46967 11322591 4.861330871467133 1.9726512861145273 0.762 -1.3594866381677748 2.1835770929012974
46968 11322591 4.867697148982481 2.013385437377969 0.762 -1.3594866381677748 2.1835770929012974
46968 10760855 2.673771995518484 0.58335936127085 0.5334 -1.3594866381677748 2.1835770929012974
46969 10760855 2.6795061308880324 0.6362752465630895 0.5334 -1.3594866381677748 2.1835770929012974
46969 11322591 4.87406342649783 2.0541195886414108 0.762 -1.3594866381677748 2.1835770929012974
46970 10760855 2.68387247932415 0.6839136037072845 0.5334 -1.3594866381677748 2.1835770929012974
46970 11322591 4.884025562581028 2.1096836920471222 0.77724 -1.3594866381677748 2.1835770929012974
46971 11322591 4.893987698664227 2.165247795452834 0.7924800000000001 -1.3594866381677748 2.1835770929012974
46971 10760855 2.693406241644463 0.7267107071210465 0.54102 -1.3594866381677748 2.1835770929012974
46972 10760855 2.697909548207458 0.7731361859105305 0.54102 -1.3594866381677748 2.1835770929012974
46972 11322591 4.902857761089994 2.225081381047855 0.7924800000000001 -1.3594866381677748 2.1835770929012974
46973 11322591 4.910547803613694 2.264974856682655 0.7924800000000001 -1.3594866381677748 2.1835770929012974
46973 10760855 2.70255084792264 0.8199839041373066 0.54864 -1.3594866381677748 2.1835770929012974
46974 11322591 4.9188280076161845 2.3148383562935364 0.7924800000000001 -1.3594866381677748 2.1835770929012974
46974 10760855 2.7031308143210278 0.8625503603720746 0.54864 -1.3594866381677748 2.1835770929012974
46975 11322591 4.930317130361335 2.384330500744656 0.7924800000000001 -1.3594866381677748 2.1835770929012974
46975 10760855 2.7095302252521707 0.9147818673006235 0.54864 -1.3594866381677748 2.1835770929012974
46976 10760855 2.7089521105976675 0.989150905552446 0.54864 -1.3594866381677748 2.1835770929012974
46976 11322591 4.938276712513887 2.4342986357191845 0.7924800000000001 -1.3594866381677748 2.1835770929012974
46977 10760855 2.7099470654188282 1.018030900047679 0.54864 -1.3594866381677748 2.1835770929012974
46977 11322591 4.941725771307129 2.4530312488150936 0.7924800000000001 -1.3594866381677748 2.1835770929012974
46978 10760855 2.7086868124219796 1.0835108563202824 0.55626 -1.3594866381677748 2.1835770929012974
46978 11322591 4.953524352983697 2.521838420146055 0.7924800000000001 -1.3594866381677748 2.1835770929012974
46979 10760855 2.7058963335607085 1.1089541129934992 0.5600700000000001 -1.3594866381677748 2.1835770929012974
46979 11322591 4.958980618035464 2.563044800849808 0.7924800000000001 -1.3594866381677748 2.1835770929012974
46980 10760855 2.7031058546994373 1.1343973696667162 0.56388 -1.3594866381677748 2.1835770929012974
46980 11322591 4.964855013918881 2.6136933030503617 0.7924800000000001 -1.3594866381677748 2.1835770929012974
46981 10760855 2.691034242041946 1.1980338882874786 0.5715 -1.3594866381677748 2.1835770929012974
46981 11322591 4.976184111782139 2.6824200860660357 0.7924800000000001 -1.3594866381677748 2.1835770929012974
46982 10760855 2.683799389529116 1.2438532448575443 0.5715 -1.3594866381677748 2.1835770929012974
46982 11322591 4.979476831441394 2.7176741516883176 0.80772 -1.3594866381677748 2.1835770929012974
46983 10760855 2.6718889178478555 1.2916666693511227 0.5715 -1.3594866381677748 2.1835770929012974
46983 11322591 4.982769551100649 2.7529282173105996 0.82296 -1.3594866381677748 2.1835770929012974
46984 10760855 2.6549582262231217 1.3404185390462457 0.57912 -1.3594866381677748 2.1835770929012974
46984 11322591 4.98864444389132 2.803576624967405 0.82296 -1.3594866381677748 2.1835770929012974
46985 11322591 5.001000064715822 2.8822479849618454 0.82296 -1.3594866381677748 2.1835770929012974
46985 10760855 2.6364517013978492 1.3816245078649174 0.57912 -1.3594866381677748 2.1835770929012974
46986 10760855 2.6148742609083735 1.4243006768545694 0.57912 -1.3594866381677748 2.1835770929012974
46986 11322591 5.000349255048556 2.8825887737710776 0.822998958300048 -1.3594866381677748 2.1835770929012974
46987 10760855 2.5899596138946883 1.4649126058688107 0.58674 -1.3594866381677748 2.1835770929012974
46987 11322591 4.9996984453812905 2.8829295625803097 0.8230379166000958 -1.3594866381677748 2.1835770929012974
46988 11322591 4.9990476357140246 2.883270351389542 0.8230768749001438 -1.3594866381677748 2.1835770929012974
46988 10760855 2.563751029604723 1.5069986528954418 0.58674 -1.3594866381677748 2.1835770929012974
46989 11322591 4.998396826046759 2.883611140198774 0.8231158332001918 -1.3594866381677748 2.1835770929012974
46989 10760855 2.5474957795580404 1.5224703269892415 0.58674 -1.3594866381677748 2.1835770929012974
46990 10760855 2.5106013238850666 1.5617379508052676 0.58674 -1.3594866381677748 2.1835770929012974
46990 11322591 4.997746016379493 2.8839519290080062 0.8231547915002396 -1.3594866381677748 2.1835770929012974
46991 10760855 2.4552367282390795 1.6124115331916442 0.59436 -1.3594866381677748 2.1835770929012974
46991 11322591 4.997095206712228 2.8842927178172384 0.8231937498002876 -1.3594866381677748 2.1835770929012974
46992 10760855 2.4221504672848013 1.6388708783123476 0.59436 -1.3594866381677748 2.1835770929012974
46992 11322591 4.996444397044962 2.8846335066264706 0.8232327081003356 -1.3594866381677748 2.1835770929012974
46993 11322591 4.995793587377696 2.8849742954357027 0.8232716664003835 -1.3594866381677748 2.1835770929012974
46993 10760855 2.383078773048247 1.6633132552940155 0.59436 -1.3594866381677748 2.1835770929012974
46994 11322591 4.99514277771043 2.885315084244935 0.8233106247004314 -1.3594866381677748 2.1835770929012974
46994 10760855 2.3325504253623905 1.6961704951115737 0.6019800000000001 -1.3594866381677748 2.1835770929012974
46995 11322591 4.994491968043164 2.885655873054167 0.8233495830004793 -1.3594866381677748 2.1835770929012974
46995 10760855 2.289497163815591 1.7154886669912714 0.6019800000000001 -1.3594866381677748 2.1835770929012974
46996 10760855 2.250615701606566 1.7334446035317979 0.6019800000000001 -1.3594866381677748 2.1835770929012974
46996 11322591 4.993841158375898 2.885996661863399 0.8233885413005273 -1.3594866381677748 2.1835770929012974
46997 10760855 2.2205317496893455 1.7432704331308333 0.60579 -1.3594866381677748 2.1835770929012974
46997 11322591 4.993190348708632 2.8863374506726314 0.8234274996005752 -1.3594866381677748 2.1835770929012974
46998 11322591 4.992539539041366 2.8866782394818635 0.8234664579006231 -1.3594866381677748 2.1835770929012974
46998 10760855 2.1904477977721246 1.7530962627298685 0.6096 -1.3594866381677748 2.1835770929012974
46999 11322591 4.9918887293741 2.8870190282910957 0.8235054162006711 -1.3594866381677748 2.1835770929012974
46999 10760855 2.142139495033335 1.7662463372867827 0.61341 -1.3594866381677748 2.1835770929012974
47000 10760855 2.1073822019657102 1.773656331496475 0.6153150000000001 -1.3594866381677748 2.1835770929012974
47000 11322591 4.991237919706834 2.887359817100328 0.8235443745007189 -1.3594866381677748 2.1835770929012974
47001 10760855 2.072624908898086 1.7810663257061676 0.61722 -1.3594866381677748 2.1835770929012974
47001 11322591 4.990587110039569 2.88770060590956 0.8235833328007669 -1.3594866381677748 2.1835770929012974
47002 11322591 4.989936300372303 2.888041394718792 0.8236222911008149 -1.3594866381677748 2.1835770929012974
47002 10760855 2.028801951994285 1.7841655357398667 0.6248400000000001 -1.3594866381677748 2.1835770929012974
47003 10760855 1.981140193857627 1.789103068244163 0.6248400000000001 -1.3594866381677748 2.1835770929012974
47003 11322591 4.989285490705037 2.8883821835280243 0.8236612494008628 -1.3594866381677748 2.1835770929012974
47004 11322591 4.988634681037771 2.8887229723372565 0.8237002077009107 -1.3594866381677748 2.1835770929012974
47004 10760855 1.9359758827733564 1.7921736839526534 0.6248400000000001 -1.3594866381677748 2.1835770929012974
47005 11322591 4.987983871370505 2.8890637611464887 0.8237391660009586 -1.3594866381677748 2.1835770929012974
47005 10760855 1.8992821306242942 1.793996283385121 0.63246 -1.3594866381677748 2.1835770929012974
47006 11322591 4.987333061703239 2.889404549955721 0.8237781243010066 -1.3594866381677748 2.1835770929012974
47006 10760855 1.8559980663765263 1.7973877773508176 0.63246 -1.3594866381677748 2.1835770929012974
47007 10760855 1.8138483468437285 1.8001753130388083 0.63246 -1.3594866381677748 2.1835770929012974
47007 11322591 4.9866822520359735 2.889745338764953 0.8238170826010545 -1.3594866381677748 2.1835770929012974
47008 11322591 4.9860314423687075 2.890086127574185 0.8238560409011024 -1.3594866381677748 2.1835770929012974
47008 10760855 1.7696472694272884 1.8037500507594175 0.6400800000000001 -1.3594866381677748 2.1835770929012974
47009 10760855 1.730683167102667 1.8051469011412886 0.6400800000000001 -1.3594866381677748 2.1835770929012974
47009 11322591 4.985380632701442 2.8904269163834173 0.8238949992011504 -1.3594866381677748 2.1835770929012974
47010 10760855 1.6868036338178714 1.8094348677613559 0.6477 -1.3594866381677748 2.1835770929012974
47010 11322591 4.984729823034176 2.8907677051926495 0.8239339575011982 -1.3594866381677748 2.1835770929012974
47011 10760855 1.6443216173192274 1.812565574480681 0.6477 -1.3594866381677748 2.1835770929012974
47011 11322591 4.98407901336691 2.8911084940018816 0.8239729158012462 -1.3594866381677748 2.1835770929012974
47012 11322591 4.983428203699645 2.891449282811114 0.8240118741012942 -1.3594866381677748 2.1835770929012974
47012 10760855 1.5844829767867132 1.8152920743215768 0.65532 -1.3594866381677748 2.1835770929012974
47013 11322591 4.982777394032379 2.891790071620346 0.8240508324013421 -1.3594866381677748 2.1835770929012974
47013 10760855 1.5574771152770075 1.8185074763446425 0.65532 -1.3594866381677748 2.1835770929012974
47014 11322591 4.982126584365113 2.892130860429578 0.82408979070139 -1.3594866381677748 2.1835770929012974
47014 10760855 1.513339563985369 1.8165721351174178 0.6629400000000001 -1.3594866381677748 2.1835770929012974
47015 11322591 4.981475774697847 2.8924716492388103 0.824128749001438 -1.3594866381677748 2.1835770929012974
47015 10760855 1.4701241153955582 1.8201771081467422 0.6629400000000001 -1.3594866381677748 2.1835770929012974
47016 11322591 4.980824965030581 2.8928124380480424 0.8241677073014859 -1.3594866381677748 2.1835770929012974
47016 10760855 1.4300508283359705 1.8249755381106345 0.6667500000000001 -1.3594866381677748 2.1835770929012974
47017 11322591 4.980174155363315 2.8931532268572746 0.8242066656015338 -1.3594866381677748 2.1835770929012974
47017 10760855 1.3899775412763828 1.8297739680745266 0.67056 -1.3594866381677748 2.1835770929012974
47018 10760855 1.360081285424742 1.8314811629086774 0.6743700000000001 -1.3594866381677748 2.1835770929012974
47018 11322591 4.979523345696049 2.8934940156665068 0.8242456239015817 -1.3594866381677748 2.1835770929012974
47019 10760855 1.330185029573101 1.8331883577428283 0.6781800000000001 -1.3594866381677748 2.1835770929012974
47019 11322591 4.978872536028783 2.893834804475739 0.8242845822016297 -1.3594866381677748 2.1835770929012974
47020 11322591 4.978221726361517 2.894175593284971 0.8243235405016776 -1.3594866381677748 2.1835770929012974
47020 10760855 1.2863156535176234 1.8364239387043304 0.6781800000000001 -1.3594866381677748 2.1835770929012974
47021 11322591 4.977570916694251 2.8945163820942033 0.8243624988017255 -1.3594866381677748 2.1835770929012974
47021 10760855 1.2309030765821505 1.8407445669502762 0.6858000000000001 -1.3594866381677748 2.1835770929012974
47022 10760855 1.1884206541693043 1.8438780120957456 0.6858000000000001 -1.3594866381677748 2.1835770929012974
47022 11322591 4.976920107026985 2.8948571709034354 0.8244014571017735 -1.3594866381677748 2.1835770929012974
47023 10760855 1.147167141322001 1.84941401212628 0.69342 -1.3594866381677748 2.1835770929012974
47023 11322591 4.97626929735972 2.8951979597126676 0.8244404154018214 -1.3594866381677748 2.1835770929012974
47024 10760855 1.104292419398117 1.8499890755331927 0.69342 -1.3594866381677748 2.1835770929012974
47024 11322591 4.975618487692454 2.8955387485218997 0.8244793737018693 -1.3594866381677748 2.1835770929012974
47025 10760855 1.0634311148140487 1.8580844498829283 0.7010400000000001 -1.3594866381677748 2.1835770929012974
47025 11322591 4.974967678025188 2.895879537331132 0.8245183320019173 -1.3594866381677748 2.1835770929012974
47026 11322591 4.974316868357922 2.896220326140364 0.8245572903019652 -1.3594866381677748 2.1835770929012974
47026 10760855 1.0209485735119725 1.8612189016572935 0.7010400000000001 -1.3594866381677748 2.1835770929012974
47027 11322591 4.9736660586906565 2.8965611149495962 0.8245962486020131 -1.3594866381677748 2.1835770929012974
47027 10760855 0.9784659955106472 1.8643536086322412 0.7010400000000001 -1.3594866381677748 2.1835770929012974
47028 11322591 4.9730152490233905 2.8969019037588284 0.824635206902061 -1.3594866381677748 2.1835770929012974
47028 10760855 0.9359488848378796 1.867383014611887 0.7086600000000001 -1.3594866381677748 2.1835770929012974
47029 11322591 4.972364439356125 2.8972426925680606 0.824674165202109 -1.3594866381677748 2.1835770929012974
47029 10760855 0.8940871709955494 1.8724182402298744 0.7086600000000001 -1.3594866381677748 2.1835770929012974
47030 11322591 4.971713629688859 2.8975834813772927 0.8247131235021569 -1.3594866381677748 2.1835770929012974
47030 10760855 0.8506642806379491 1.8753936645192095 0.7162800000000001 -1.3594866381677748 2.1835770929012974
47031 11322591 4.971062820021593 2.897924270186525 0.8247520818022048 -1.3594866381677748 2.1835770929012974
47031 10760855 0.8094065355068535 1.876843916722235 0.7162800000000001 -1.3594866381677748 2.1835770929012974
47032 10760855 0.7717716124558177 1.8785123245071944 0.7162800000000001 -1.3594866381677748 2.1835770929012974
47032 11322591 4.970412010354327 2.898265058995757 0.8247910401022528 -1.3594866381677748 2.1835770929012974
47033 11322591 4.969761200687062 2.898605847804989 0.8248299984023008 -1.3594866381677748 2.1835770929012974
47033 10760855 0.7311002523804325 1.8817574756819004 0.7239000000000001 -1.3594866381677748 2.1835770929012974
47034 11322591 4.969110391019796 2.8989466366142214 0.8248689567023486 -1.3594866381677748 2.1835770929012974
47034 10760855 0.697911979741619 1.8820897771401865 0.7239000000000001 -1.3594866381677748 2.1835770929012974
47035 11322591 4.96845958135253 2.8992874254234535 0.8249079150023966 -1.3594866381677748 2.1835770929012974
47035 10760855 0.6365082653690347 1.88031164273839 0.73152 -1.3594866381677748 2.1835770929012974
47036 10760855 0.5975318080769906 1.8819520609576368 0.73152 -1.3594866381677748 2.1835770929012974
47036 11322591 4.967808771685264 2.8996282142326857 0.8249468733024445 -1.3594866381677748 2.1835770929012974
47037 10760855 0.5796997554090946 1.8824062862517361 0.73152 -1.3594866381677748 2.1835770929012974
47037 11322591 4.967157962017998 2.899969003041918 0.8249858316024924 -1.3594866381677748 2.1835770929012974
47038 10760855 0.5618677027411985 1.8828605115458354 0.73152 -1.3594866381677748 2.1835770929012974
47038 11322591 4.966507152350732 2.90030979185115 0.8250247899025404 -1.3594866381677748 2.1835770929012974
47039 10760855 0.5130532528981147 1.8829268844360763 0.73914 -1.3594866381677748 2.1835770929012974
47039 11322591 4.965856342683466 2.900650580660382 0.8250637482025883 -1.3594866381677748 2.1835770929012974
47040 11322591 4.9652055330162 2.9009913694696143 0.8251027065026362 -1.3594866381677748 2.1835770929012974
47040 10760855 0.45447403188912394 1.885718051878526 0.73914 -1.3594866381677748 2.1835770929012974
47041 11322591 4.964554723348934 2.9013321582788465 0.8251416648026841 -1.3594866381677748 2.1835770929012974
47041 10760855 0.41205988139051897 1.889067267337224 0.74676 -1.3594866381677748 2.1835770929012974
47042 11322591 4.963903913681668 2.9016729470880787 0.8251806231027321 -1.3594866381677748 2.1835770929012974
47042 10760855 0.36834490913168394 1.8873508234457421 0.74676 -1.3594866381677748 2.1835770929012974
47043 11322591 4.963253104014402 2.902013735897311 0.8252195814027801 -1.3594866381677748 2.1835770929012974
47043 10760855 0.33358455022960687 1.8866797594865714 0.74676 -1.3594866381677748 2.1835770929012974
47044 11322591 4.962602294347137 2.902354524706543 0.8252585397028279 -1.3594866381677748 2.1835770929012974
47044 10760855 0.2919336406368458 1.8855741758255158 0.75438 -1.3594866381677748 2.1835770929012974
47045 11322591 4.961951484679871 2.902695313515775 0.8252974980028759 -1.3594866381677748 2.1835770929012974
47045 10760855 0.24789753930248393 1.8839633694106002 0.75438 -1.3594866381677748 2.1835770929012974
47046 10760855 0.19423467603013245 1.885499866714578 0.762 -1.3594866381677748 2.1835770929012974
47047 10760855 0.14357181055488477 1.883719326321258 0.762 -1.3594866381677748 2.1835770929012974
47048 10760855 0.10528222812099974 1.8850208660665242 0.762 -1.3594866381677748 2.1835770929012974
47049 10760855 0.05923168080456631 1.8867568579560638 0.76962 -1.3594866381677748 2.1835770929012974
47050 10760855 0.02040960099357314 1.8834427183999864 0.76962 -1.3594866381677748 2.1835770929012974
47051 10760855 -0.01739029227660316 1.8818975858205347 0.76962 -1.3594866381677748 2.1835770929012974
47052 10760855 -0.06611078688013472 1.8849745701779754 0.77724 -1.3594866381677748 2.1835770929012974
47053 10760855 -0.08586478787716678 1.8843061941502224 0.77724 -1.3594866381677748 2.1835770929012974
47054 10760855 -0.10561878887419884 1.8836378181224693 0.77724 -1.3594866381677748 2.1835770929012974
47055 10760855 -0.16384559722209757 1.8847996391014725 0.78486 -1.3594866381677748 2.1835770929012974
47056 10760855 -0.20509625279466825 1.8835658235256985 0.78486 -1.3594866381677748 2.1835770929012974
47057 10760855 -0.25568911693423035 1.8836343272667766 0.78486 -1.3594866381677748 2.1835770929012974
47058 10760855 -0.29491290551000726 1.880453060704776 0.7924800000000001 -1.3594866381677748 2.1835770929012974
47059 10760855 -0.33989039705120705 1.8786860038606856 0.7924800000000001 -1.3594866381677748 2.1835770929012974
47060 10760855 -0.3769315873429613 1.8794648943438916 0.7924800000000001 -1.3594866381677748 2.1835770929012974
47061 10760855 -0.42334111504909155 1.878750754025127 0.8001 -1.3594866381677748 2.1835770929012974
47062 10760855 -0.45935634063941766 1.8745211000449766 0.8001 -1.3594866381677748 2.1835770929012974
47063 10760855 -0.5079786991736599 1.8738300319903327 0.8001 -1.3594866381677748 2.1835770929012974
47064 10760855 -0.5298505474606323 1.8761920235425469 0.8001 -1.3594866381677748 2.1835770929012974
47065 10760855 -0.5963171202718174 1.8711719753618141 0.80772 -1.3594866381677748 2.1835770929012974
47066 10760855 -0.6375602501460527 1.8672506913020277 0.80772 -1.3594866381677748 2.1835770929012974
47067 10760855 -0.6609295425876736 1.8636767101987635 0.80772 -1.3594866381677748 2.1835770929012974
47068 10760855 -0.7279840333464342 1.866093924046411 0.8153400000000001 -1.3594866381677748 2.1835770929012974
47069 10760855 -0.7717357520119601 1.8642789436525622 0.8153400000000001 -1.3594866381677748 2.1835770929012974
47070 10760855 -0.8141860271956827 1.867529952342082 0.82296 -1.3594866381677748 2.1835770929012974
47071 10760855 -0.863446986310193 1.8703214083770863 0.82296 -1.3594866381677748 2.1835770929012974
47072 10760855 -0.9071351998889905 1.8738609874506886 0.82296 -1.3594866381677748 2.1835770929012974
47073 10760855 -0.9553737638950512 1.878421757174438 0.8305800000000001 -1.3594866381677748 2.1835770929012974
47074 10760855 -0.9969430368272911 1.8897980668771257 0.8305800000000001 -1.3594866381677748 2.1835770929012974
47075 10760855 -1.0487998119968838 1.898230208304956 0.8305800000000001 -1.3594866381677748 2.1835770929012974
47076 10760855 -1.0880770815884344 1.9087405641693878 0.8382000000000001 -1.3594866381677748 2.1835770929012974
47077 10760855 -1.1353886678721705 1.9212949664990366 0.8382000000000001 -1.3594866381677748 2.1835770929012974
47078 10760855 -1.1824056832265828 1.9309491938164982 0.8382000000000001 -1.3594866381677748 2.1835770929012974
47079 10760855 -1.223068920978826 1.9423810686082976 0.84582 -1.3594866381677748 2.1835770929012974
47080 10760855 -1.245129839156838 1.9495975420566785 0.84582 -1.3594866381677748 2.1835770929012974
47081 10760855 -1.26719075733485 1.9568140155050593 0.84582 -1.3594866381677748 2.1835770929012974
47082 10760855 -1.3340080516719934 1.9751663643369228 0.8534400000000001 -1.3594866381677748 2.1835770929012974
47083 10760855 -1.3789318930956134 1.9898624392427429 0.8534400000000001 -1.3594866381677748 2.1835770929012974
47084 10760855 -1.4238556406988836 2.004558800941861 0.8534400000000001 -1.3594866381677748 2.1835770929012974
47085 10760855 -1.4658752735536236 2.012930690326942 0.8534400000000001 -1.3594866381677748 2.1835770929012974
47086 10760855 -1.5138542295700528 2.032132440706507 0.8534400000000001 -1.3594866381677748 2.1835770929012974
47087 10760855 -1.5594146261428194 2.041896994768897 0.8534400000000001 -1.3594866381677748 2.1835770929012974
47088 10760855 -1.610753548009496 2.0603292757696283 0.8534400000000001 -1.3594866381677748 2.1835770929012974
47089 10760855 -1.6673911056384554 2.0772240029902767 0.8534400000000001 -1.3594866381677748 2.1835770929012974
47090 10760855 -1.7179483356415888 2.088273990797872 0.8534400000000001 -1.3594866381677748 2.1835770929012974
47091 10760855 -1.7678997663813194 2.106604096789576 0.8534400000000001 -1.3594866381677748 2.1835770929012974
47092 10760855 -1.8174050196786589 2.1154411449049424 0.8534400000000001 -1.3594866381677748 2.1835770929012974
47093 10760855 -1.8663389383424749 2.1314527448215066 0.8534400000000001 -1.3594866381677748 2.1835770929012974
47094 10760855 -1.9200859010214273 2.149039648343361 0.8534400000000001 -1.3594866381677748 2.1835770929012974
47095 10760855 -1.9658296596844613 2.1585164530727483 0.8534400000000001 -1.3594866381677748 2.1835770929012974
47096 10760855 -2.0492574024151384 2.1858168826925852 0.8534400000000001 -1.3594866381677748 2.1835770929012974
47097 10760855 -2.099710527425912 2.197186239520664 0.86106 -1.3594866381677748 2.1835770929012974
47098 10760855 -2.123987236527006 2.205773501646977 0.86106 -1.3594866381677748 2.1835770929012974
47099 10760855 -2.1482639456281003 2.2143607637732896 0.86106 -1.3594866381677748 2.1835770929012974
47100 10760855 -2.199622740500904 2.2256767311589862 0.86106 -1.3594866381677748 2.1835770929012974
47101 10760855 -2.254973346899951 2.2437912447694464 0.86106 -1.3594866381677748 2.1835770929012974
47102 10760855 -2.3082472431071395 2.254683196779617 0.86106 -1.3594866381677748 2.1835770929012974
47103 10760855 -2.3783534367568384 2.272486769015242 0.86106 -1.3594866381677748 2.1835770929012974
47104 10760855 -2.432179539869467 2.2901038385106895 0.86106 -1.3594866381677748 2.1835770929012974
47105 10760855 -2.4975303825494333 2.30588486665037 0.86106 -1.3594866381677748 2.1835770929012974
47106 10760855 -2.5517865581002805 2.3192035057103655 0.86106 -1.3594866381677748 2.1835770929012974
47107 10760855 -2.602323402249776 2.335745356142359 0.86106 -1.3594866381677748 2.1835770929012974
47108 10760855 -2.6868124245640717 2.3570916267498867 0.8686800000000001 -1.3594866381677748 2.1835770929012974
47109 10760855 -2.740231605668164 2.3702546760713568 0.8686800000000001 -1.3594866381677748 2.1835770929012974
47110 10760855 -2.7899659177935288 2.3865352865225957 0.8686800000000001 -1.3594866381677748 2.1835770929012974
47111 10760855 -2.8573326666054326 2.403213475455694 0.8686800000000001 -1.3594866381677748 2.1835770929012974
47112 10760855 -2.919222375469281 2.4176318976109417 0.8686800000000001 -1.3594866381677748 2.1835770929012974
47113 10760855 -2.9689563527397143 2.433913773145386 0.8686800000000001 -1.3594866381677748 2.1835770929012974
47114 10760855 -3.0259292742960673 2.447074066683099 0.8686800000000001 -1.3594866381677748 2.1835770929012974
47115 10760855 -3.0749299926739084 2.46288299565524 0.8686800000000001 -1.3594866381677748 2.1835770929012974
47116 10760855 -3.1167969264352555 2.4726760356433193 0.8686800000000001 -1.3594866381677748 2.1835770929012974
47117 10760855 -3.1586638601966026 2.4824690756313985 0.8686800000000001 -1.3594866381677748 2.1835770929012974
47118 10760855 -3.249449085156334 2.5092725868738563 0.8686800000000001 -1.3594866381677748 2.1835770929012974
47119 10760855 -3.3051036120367776 2.5221204433469584 0.8686800000000001 -1.3594866381677748 2.1835770929012974
47120 10760855 -3.3538095133694252 2.5354396726914854 0.8686800000000001 -1.3594866381677748 2.1835770929012974
47121 10760855 -3.402515414702073 2.5487589020360124 0.8686800000000001 -1.3594866381677748 2.1835770929012974
47122 10760855 -3.4277830273155345 2.5570328367954103 0.8686800000000001 -1.3594866381677748 2.1835770929012974
