4083 11214820 0.4033494933199908 0.0039336713700243164 0.35052000000000005 1.3744057314893527 -1.5314650184869447
4084 11214820 0.3753693918020093 0.0025627748235587666 0.35052000000000005 1.3744057314893527 -1.5314650184869447
4085 11214820 0.3371780631967183 0.0011994631901722924 0.35052000000000005 1.3744057314893527 -1.5314650184869447
4086 11214820 0.2989867345914272 -0.0001638484432141818 0.35052000000000005 1.3744057314893527 -1.5314650184869447
4087 11214820 0.21551985945572938 -0.00010717717676217431 0.35814000000000007 1.3744057314893527 -1.5314650184869447
4088 11214820 0.15749680345804362 -0.0010050595131795848 0.35814000000000007 1.3744057314893527 -1.5314650184869447
4089 11214820 0.11496901661202796 0.0020290502428991497 0.35814000000000007 1.3744057314893527 -1.5314650184869447
4090 11214820 0.06129397526507485 0.003566220145045512 0.36576 1.3744057314893527 -1.5314650184869447
4091 11214820 -0.02285589284268774 0.009690236143785808 0.37338 1.3744057314893527 -1.5314650184869447
4092 11214820 -0.06373142617819283 0.010987924378998218 0.37719 1.3744057314893527 -1.5314650184869447
4093 11214820 -0.10460695951369792 0.012285612614210628 0.381 1.3744057314893527 -1.5314650184869447
4094 11214820 -0.15506844823170646 0.014146842431737458 0.38481 1.3744057314893527 -1.5314650184869447
4095 11214820 -0.205529936949715 0.016008072249264288 0.38862 1.3744057314893527 -1.5314650184869447
4096 11214820 -0.2593089953126122 0.017231010085012405 0.39624000000000004 1.3744057314893527 -1.5314650184869447
4097 11214820 -0.338178700597632 0.017777079591866002 0.40386 1.3744057314893527 -1.5314650184869447
4098 11214820 -0.36824760739347706 0.01545599956989993 0.41148 1.3744057314893527 -1.5314650184869447
4099 11214820 -0.44966297980403125 0.01636804870319966 0.41910000000000003 1.3744057314893527 -1.5314650184869447
4100 11214820 -0.4732546818016051 0.018238906053021503 0.42291 1.3744057314893527 -1.5314650184869447
4101 11214820 -0.496846383799179 0.020109763402843345 0.42672000000000004 1.3744057314893527 -1.5314650184869447
4102 11214820 -0.5443831420201624 0.014620624771828322 0.42672000000000004 1.3744057314893527 -1.5314650184869447
4103 11214820 -0.5997677222006204 0.01637081799156151 0.43434000000000006 1.3744057314893527 -1.5314650184869447
4104 11214820 -0.6838497276770343 0.011848104148668576 0.43434000000000006 1.3744057314893527 -1.5314650184869447
4105 11214820 -0.7577938811355551 0.00845133632607073 0.44196 1.3744057314893527 -1.5314650184869447
4106 11214820 -0.8020138171551572 0.006318950731238254 0.44196 1.3744057314893527 -1.5314650184869447
4107 11214820 -0.888874958905489 -0.0012653366529332966 0.44958000000000004 1.3744057314893527 -1.5314650184869447
4108 11214820 -0.9441739938942064 -0.0046814305699658665 0.44958000000000004 1.3744057314893527 -1.5314650184869447
4109 11214820 -0.973855549940291 -0.008528938939311975 0.44958000000000004 1.3744057314893527 -1.5314650184869447
4110 11214820 -1.0154874904501339 -0.00817647232418181 0.45339000000000007 1.3744057314893527 -1.5314650184869447
4111 11214820 -1.0571194309599767 -0.007824005709051646 0.45720000000000005 1.3744057314893527 -1.5314650184869447
4112 11214820 -1.1425131976365541 -0.014717059102051705 0.46482000000000007 1.3744057314893527 -1.5314650184869447
4113 11214820 -1.2141310763672923 -0.018052496163286885 0.47243999999999997 1.3744057314893527 -1.5314650184869447
4114 11214820 -1.2481946624502702 -0.022802739363976948 0.47243999999999997 1.3744057314893527 -1.5314650184869447
4115 11214820 -1.3477436720375973 -0.03277576714763311 0.48006 1.3744057314893527 -1.5314650184869447
4116 11214820 -1.3767355743345127 -0.03451063221715159 0.48768 1.3744057314893527 -1.5314650184869447
4117 11214820 -1.467327064041524 -0.042621369166424145 0.48768 1.3744057314893527 -1.5314650184869447
4118 11214820 -1.5243362395970037 -0.04582471943645375 0.4953 1.3744057314893527 -1.5314650184869447
4119 11214820 -1.5869457837844958 -0.05257051393201398 0.4953 1.3744057314893527 -1.5314650184869447
4120 11214820 -1.6386228287052094 -0.055764474497899924 0.50292 1.3744057314893527 -1.5314650184869447
4121 11214820 -1.7098870726382016 -0.05909436630656709 0.51054 1.3744057314893527 -1.5314650184869447
4122 11214820 -1.7383145761183867 -0.06317402591730661 0.51054 1.3744057314893527 -1.5314650184869447
4123 11214820 -1.7667420795985718 -0.06725368552804614 0.51054 1.3744057314893527 -1.5314650184869447
4124 11214820 -1.850061273255516 -0.07213065903864016 0.5181600000000001 1.3744057314893527 -1.5314650184869447
4125 11214820 -1.9175819243884173 -0.0803053236593875 0.52578 1.3744057314893527 -1.5314650184869447
4126 11214820 -1.979770284893423 -0.08847117350673808 0.5334 1.3744057314893527 -1.5314650184869447
4127 11214820 -2.0486732565765715 -0.09163581515740496 0.5334 1.3744057314893527 -1.5314650184869447
4128 11214820 -2.1132918462533983 -0.0985382927038704 0.54102 1.3744057314893527 -1.5314650184869447
4129 11214820 -2.146901483264726 -0.10080440323414888 0.5448299999999999 1.3744057314893527 -1.5314650184869447
4130 11214820 -2.180511120276054 -0.10307051376442736 0.54864 1.3744057314893527 -1.5314650184869447
4131 11214820 -2.261477391916336 -0.1143214498275327 0.54864 1.3744057314893527 -1.5314650184869447
4132 11214820 -2.32292585840681 -0.11641736752561185 0.55626 1.3744057314893527 -1.5314650184869447
4133 11214820 -2.4095100284890796 -0.1258288438924561 0.55626 1.3744057314893527 -1.5314650184869447
4134 11214820 -2.4728908179430036 -0.1321987776685485 0.56388 1.3744057314893527 -1.5314650184869447
4135 11214820 -2.5291006518395074 -0.13565665046271716 0.56388 1.3744057314893527 -1.5314650184869447
4136 11214820 -2.5945143973025457 -0.14416469773460364 0.5715 1.3744057314893527 -1.5314650184869447
4137 11214820 -2.6838740670387837 -0.1525483069582533 0.57912 1.3744057314893527 -1.5314650184869447
4138 11214820 -2.71604849739548 -0.15720964889852365 0.58293 1.3744057314893527 -1.5314650184869447
4139 11214820 -2.7482229277521766 -0.161870990838794 0.58674 1.3744057314893527 -1.5314650184869447
4140 11214820 -2.81910343553751 -0.1667188905287981 0.58674 1.3744057314893527 -1.5314650184869447
4141 11214820 -2.875997053769317 -0.17497493388394783 0.59436 1.3744057314893527 -1.5314650184869447
4142 11214820 -2.9095137030314637 -0.17966374078179395 0.6019800000000001 1.3744057314893527 -1.5314650184869447
4143 11214820 -3.0059032275907116 -0.1864444088534473 0.6096 1.3744057314893527 -1.5314650184869447
4144 11214820 -3.0578767070989255 -0.1850922835867134 0.61722 1.3744057314893527 -1.5314650184869447
4145 11214820 -3.122811771211242 -0.18533998572919078 0.61722 1.3744057314893527 -1.5314650184869447
4146 11214820 -3.2089217983609473 -0.17970832209255252 0.6248400000000001 1.3744057314893527 -1.5314650184869447
4147 11214820 -3.2671605897384586 -0.17198084322430832 0.63246 1.3744057314893527 -1.5314650184869447
4148 11214820 -3.325318080234891 -0.16346157506770856 0.6400800000000001 1.3744057314893527 -1.5314650184869447
4149 11214820 -3.3512740873999194 -0.1567184346990125 0.6400800000000001 1.3744057314893527 -1.5314650184869447
4150 11214820 -3.377230094564948 -0.14997529433031645 0.6400800000000001 1.3744057314893527 -1.5314650184869447
4151 11214820 -3.437645859740001 -0.13206921610024117 0.6477 1.3744057314893527 -1.5314650184869447
4152 11214820 -3.5106846383036308 -0.10278599589492635 0.6477 1.3744057314893527 -1.5314650184869447
4153 11214820 -3.5644988944059133 -0.07991194007219807 0.65532 1.3744057314893527 -1.5314650184869447
4154 11214820 -3.648284211276488 -0.03460639332980878 0.6629400000000001 1.3744057314893527 -1.5314650184869447
4155 11214820 -3.671129233364205 -0.017546116012074592 0.67056 1.3744057314893527 -1.5314650184869447
4156 11214820 -3.7434262876995 0.03299735982015348 0.6781800000000001 1.3744057314893527 -1.5314650184869447
4157 11214820 -3.7930317131491718 0.07143881264341054 0.6858000000000001 1.3744057314893527 -1.5314650184869447
4158 11214820 -3.8094951085011046 0.08763738924571182 0.6858000000000001 1.3744057314893527 -1.5314650184869447
4159 11214820 -3.8259585038530375 0.1038359658480131 0.6858000000000001 1.3744057314893527 -1.5314650184869447
4160 11214820 -3.881349018797076 0.1544551231308949 0.69342 1.3744057314893527 -1.5314650184869447
4161 11214820 -3.9175154024978625 0.1986638189680506 0.69342 1.3744057314893527 -1.5314650184869447
4162 11214820 -3.95873765099359 0.24371029162068267 0.7010400000000001 1.3744057314893527 -1.5314650184869447
4163 11214820 -3.9886220378151345 0.285395375644253 0.7010400000000001 1.3744057314893527 -1.5314650184869447
4164 11214820 -4.021669342327988 0.3364127641985434 0.7086600000000001 1.3744057314893527 -1.5314650184869447
4165 11214820 -4.05112064828932 0.3756195425911243 0.7086600000000001 1.3744057314893527 -1.5314650184869447
4166 11214820 -4.089443730172782 0.4414524233813214 0.7162800000000001 1.3744057314893527 -1.5314650184869447
4167 11214820 -4.1071566723443915 0.46875322156728216 0.7162800000000001 1.3744057314893527 -1.5314650184869447
