15789 10961435 -4.068265178953442 -0.08266414539117731 0.5715 1.359486638167775 -2.1835770929012974
15790 10961435 -4.070983514295458 -0.08282575418127683 0.57531 1.359486638167775 -2.1835770929012974
15791 10961435 -4.073701849637475 -0.08298736297137635 0.57912 1.359486638167775 -2.1835770929012974
15792 10961435 -3.9741794254038663 -0.08565895016475392 0.56388 1.359486638167775 -2.1835770929012974
15793 10961435 -3.932174339289344 -0.08924572254272892 0.57912 1.359486638167775 -2.1835770929012974
15794 10961435 -3.850019751859901 -0.08634625715459757 0.56388 1.359486638167775 -2.1835770929012974
15795 10961435 -3.836038126588429 -0.08543178806464771 0.54864 1.359486638167775 -2.1835770929012974
15796 10961435 -3.7529287511280325 -0.08015638601315125 0.55626 1.359486638167775 -2.1835770929012974
15797 10961435 -3.7505214112093483 -0.0809444946577044 0.55626 1.359486638167775 -2.1835770929012974
15798 10961435 -3.7052588795421064 -0.07566429787624288 0.54864 1.359486638167775 -2.1835770929012974
15799 10961435 -3.612199759151972 -0.07364469679843003 0.54864 1.359486638167775 -2.1835770929012974
15800 10961435 -3.585189752836304 -0.07255449678310658 0.54864 1.359486638167775 -2.1835770929012974
15801 10961435 -3.572072023492101 -0.07427797076663381 0.54864 1.359486638167775 -2.1835770929012974
15802 10961435 -3.488963742737523 -0.06899948831765426 0.54102 1.359486638167775 -2.1835770929012974
15803 10961435 -3.445152832561698 -0.06815027305529378 0.54102 1.359486638167775 -2.1835770929012974
15804 10961435 -3.44195092658106 -0.06651087752934606 0.5181600000000001 1.359486638167775 -2.1835770929012974
15805 10961435 -3.397603457856874 -0.06741434263145477 0.5181600000000001 1.359486638167775 -2.1835770929012974
15806 10961435 -3.3532559891326876 -0.06831780773356347 0.5181600000000001 1.359486638167775 -2.1835770929012974
15807 10961435 -3.2646196462899644 -0.06215897506250881 0.52578 1.359486638167775 -2.1835770929012974
15808 10961435 -3.267948911417136 -0.056044875674337385 0.5181600000000001 1.359486638167775 -2.1835770929012974
15809 10961435 -3.2210402511707334 -0.05387142631616118 0.5181600000000001 1.359486638167775 -2.1835770929012974
15810 10961435 -3.1708953367773836 -0.049952611953718945 0.5181600000000001 1.359486638167775 -2.1835770929012974
15811 10961435 -3.1289384592987557 -0.05001368280377963 0.5181600000000001 1.359486638167775 -2.1835770929012974
15812 10961435 -3.086981581820128 -0.050074753653840315 0.5181600000000001 1.359486638167775 -2.1835770929012974
15813 10961435 -3.034481537777223 -0.047101029047796034 0.5181600000000001 1.359486638167775 -2.1835770929012974
15814 10961435 -2.9819814937343185 -0.04412730444175175 0.5181600000000001 1.359486638167775 -2.1835770929012974
15815 10961435 -2.9180177575185855 -0.04005558684041857 0.5181600000000001 1.359486638167775 -2.1835770929012974
15816 10961435 -2.871545650875447 -0.037854071908896586 0.5181600000000001 1.359486638167775 -2.1835770929012974
15817 10961435 -2.8520826699026856 -0.03674533793210602 0.5181600000000001 1.359486638167775 -2.1835770929012974
15818 10961435 -2.763333893533816 -0.030500989625148384 0.5181600000000001 1.359486638167775 -2.1835770929012974
15819 10961435 -2.7197540134896334 -0.029805873412927092 0.5181600000000001 1.359486638167775 -2.1835770929012974
15820 10961435 -2.7166559529436407 -0.028482783122834393 0.5181600000000001 1.359486638167775 -2.1835770929012974
15821 10961435 -2.670760257349608 -0.028311519373142163 0.5181600000000001 1.359486638167775 -2.1835770929012974
15822 10961435 -2.6269509889792477 -0.027457265128192937 0.5181600000000001 1.359486638167775 -2.1835770929012974
15823 10961435 -2.5839361090864923 -0.029030227076212306 0.5181600000000001 1.359486638167775 -2.1835770929012974
15824 10961435 -2.5612250347585532 -0.030210424635049832 0.5181600000000001 1.359486638167775 -2.1835770929012974
15825 10961435 -2.538513960430614 -0.03139062219388736 0.5181600000000001 1.359486638167775 -2.1835770929012974
15826 10961435 -2.449475727033028 -0.04054388715932203 0.5181600000000001 1.359486638167775 -2.1835770929012974
15827 10961435 -2.3844741080008056 -0.0493095945791078 0.5181600000000001 1.359486638167775 -2.1835770929012974
15828 10961435 -2.3637651207216184 -0.05117785392715693 0.5181600000000001 1.359486638167775 -2.1835770929012974
15829 10961435 -2.31722335942616 -0.06640529212466764 0.5181600000000001 1.359486638167775 -2.1835770929012974
15830 10961435 -2.274701971526844 -0.07762969698423208 0.52578 1.359486638167775 -2.1835770929012974
15831 10961435 -2.2086629625006386 -0.09164050214098099 0.52578 1.359486638167775 -2.1835770929012974
15832 10961435 -2.188045868943603 -0.10329283981264983 0.5181600000000001 1.359486638167775 -2.1835770929012974
15833 10961435 -2.141839391106095 -0.11139885992567725 0.5181600000000001 1.359486638167775 -2.1835770929012974
15834 10961435 -2.066792277150884 -0.13045837131131058 0.52578 1.359486638167775 -2.1835770929012974
15835 10961435 -2.055148394023954 -0.1369548222584395 0.5181600000000001 1.359486638167775 -2.1835770929012974
15836 10961435 -2.0110134299350184 -0.15139270714002498 0.5181600000000001 1.359486638167775 -2.1835770929012974
15837 10961435 -1.9680279852558 -0.168258415174281 0.52578 1.359486638167775 -2.1835770929012974
15838 10961435 -1.8834311388046594 -0.19043971049798217 0.5181600000000001 1.359486638167775 -2.1835770929012974
15839 10961435 -1.8817460379256954 -0.21108731770574965 0.5181600000000001 1.359486638167775 -2.1835770929012974
15840 10961435 -1.8064126115952794 -0.2211239760850008 0.5181600000000001 1.359486638167775 -2.1835770929012974
15841 10961435 -1.7674025720923936 -0.23493525632069504 0.5181600000000001 1.359486638167775 -2.1835770929012974
15842 10961435 -1.7283925325895078 -0.24874653655638926 0.5181600000000001 1.359486638167775 -2.1835770929012974
15843 10961435 -1.687744739046064 -0.2646120221620122 0.5181600000000001 1.359486638167775 -2.1835770929012974
15844 10961435 -1.6422062769073102 -0.2828164583196145 0.5156200000000001 1.359486638167775 -2.1835770929012974
15845 10961435 -1.5966678147685567 -0.30102089447721686 0.51308 1.359486638167775 -2.1835770929012974
15846 10961435 -1.551129352629803 -0.31922533063481917 0.51054 1.359486638167775 -2.1835770929012974
15847 10961435 -1.5418923797409014 -0.32493357663533995 0.5181600000000001 1.359486638167775 -2.1835770929012974
15848 10961435 -1.4935972396840487 -0.34294833324120866 0.51054 1.359486638167775 -2.1835770929012974
15849 10961435 -1.4102276819770163 -0.37757406530252424 0.51054 1.359486638167775 -2.1835770929012974
15850 10961435 -1.4127153713715506 -0.376760513257718 0.5181600000000001 1.359486638167775 -2.1835770929012974
15851 10961435 -1.3754173408488428 -0.39444935744427556 0.5181600000000001 1.359486638167775 -2.1835770929012974
15852 10961435 -1.3115378113474356 -0.4191361075628013 0.52197 1.359486638167775 -2.1835770929012974
15853 10961435 -1.2476582818460284 -0.443822857681327 0.52578 1.359486638167775 -2.1835770929012974
15854 10961435 -1.2152803965379084 -0.45686396692802966 0.52578 1.359486638167775 -2.1835770929012974
15855 10961435 -1.1829025112297884 -0.4699050761747323 0.52578 1.359486638167775 -2.1835770929012974
15856 10961435 -1.1538301105983542 -0.48015134597442866 0.52324 1.359486638167775 -2.1835770929012974
15857 10961435 -1.1247577099669197 -0.490397615774125 0.5207 1.359486638167775 -2.1835770929012974
15858 10961435 -1.0956853093354855 -0.5006438855738213 0.5181600000000001 1.359486638167775 -2.1835770929012974
15859 10961435 -1.056363041733495 -0.5135013830433687 0.5181600000000001 1.359486638167775 -2.1835770929012974
15860 10961435 -1.016384980538563 -0.5243532006425412 0.5181600000000001 1.359486638167775 -2.1835770929012974
15861 10961435 -0.9287658012766153 -0.5552211377623811 0.5334 1.359486638167775 -2.1835770929012974
15862 10961435 -0.8939235554866347 -0.5643930189289935 0.52578 1.359486638167775 -2.1835770929012974
15863 10961435 -0.8566617203836437 -0.5737716156728302 0.52578 1.359486638167775 -2.1835770929012974
15864 10961435 -0.8552813487422304 -0.569549562917383 0.5181600000000001 1.359486638167775 -2.1835770929012974
15865 10961435 -0.8151649961498983 -0.5799780329005785 0.5181600000000001 1.359486638167775 -2.1835770929012974
15866 10961435 -0.7317999816977492 -0.5994047739229728 0.52578 1.359486638167775 -2.1835770929012974
15867 10961435 -0.7122553644820018 -0.602114084077648 0.52578 1.359486638167775 -2.1835770929012974
15868 10961435 -0.6927107472662544 -0.6048233942323232 0.52578 1.359486638167775 -2.1835770929012974
15869 10961435 -0.6920551155182089 -0.6028179044680698 0.5181600000000001 1.359486638167775 -2.1835770929012974
15870 10961435 -0.6091050226528001 -0.6126440594211641 0.5181600000000001 1.359486638167775 -2.1835770929012974
15871 10961435 -0.5666766633993825 -0.6159990988859674 0.5181600000000001 1.359486638167775 -2.1835770929012974
15872 10961435 -0.5251454577544721 -0.6220982584017611 0.5181600000000001 1.359486638167775 -2.1835770929012974
15873 10961435 -0.4853317020612453 -0.625299121040913 0.5181600000000001 1.359486638167775 -2.1835770929012974
15874 10961435 -0.44412152132735194 -0.6312928718065068 0.5181600000000001 1.359486638167775 -2.1835770929012974
15875 10961435 -0.4019227739771516 -0.6348055638175976 0.5181600000000001 1.359486638167775 -2.1835770929012974
15876 10961435 -0.3624301005178847 -0.6379008060295396 0.5181600000000001 1.359486638167775 -2.1835770929012974
15877 10961435 -0.27207620709398084 -0.6522461306590779 0.5181600000000001 1.359486638167775 -2.1835770929012974
15878 10961435 -0.253774419864343 -0.6533212691256661 0.5181600000000001 1.359486638167775 -2.1835770929012974
15879 10961435 -0.21299856379703452 -0.657652815355289 0.5181600000000001 1.359486638167775 -2.1835770929012974
15880 10961435 -0.17222270772972603 -0.6619843615849119 0.5181600000000001 1.359486638167775 -2.1835770929012974
15881 10961435 -0.19756183784726788 -0.656623184333638 0.5181600000000001 1.359486638167775 -2.1835770929012974
15882 10961435 -0.11081028698280848 -0.6724761524213052 0.5181600000000001 1.359486638167775 -2.1835770929012974
15883 10961435 -0.05592527931468205 -0.6790230169043574 0.5181600000000001 1.359486638167775 -2.1835770929012974
15884 10961435 -0.0010402716465556239 -0.6855698813874095 0.5181600000000001 1.359486638167775 -2.1835770929012974
15885 10961435 0.011478975413387937 -0.6896613661433598 0.5181600000000001 1.359486638167775 -2.1835770929012974
15886 10961435 0.049396584548371925 -0.6970296212471752 0.5181600000000001 1.359486638167775 -2.1835770929012974
15887 10961435 0.09399234382203756 -0.7098511614503783 0.52197 1.359486638167775 -2.1835770929012974
15888 10961435 0.13858810309570319 -0.7226727016535814 0.52578 1.359486638167775 -2.1835770929012974
15889 10961435 0.18682421663892598 -0.7364495790039898 0.52578 1.359486638167775 -2.1835770929012974
15890 10961435 0.23506033018214878 -0.750226456354398 0.52578 1.359486638167775 -2.1835770929012974
15891 10961435 0.2695688456954761 -0.7615030557964709 0.52578 1.359486638167775 -2.1835770929012974
15892 10961435 0.28591504070798357 -0.7696484283321381 0.5181600000000001 1.359486638167775 -2.1835770929012974
15893 10961435 0.32663553345720076 -0.7852911660543771 0.5181600000000001 1.359486638167775 -2.1835770929012974
15894 10961435 0.3664044170420704 -0.8008562134370669 0.5181600000000001 1.359486638167775 -2.1835770929012974
15895 10961435 0.40617330062694 -0.8164212608197566 0.5181600000000001 1.359486638167775 -2.1835770929012974
15896 10961435 0.4416411322934362 -0.832917109831057 0.5181600000000001 1.359486638167775 -2.1835770929012974
15897 10961435 0.48064424219880464 -0.8456611328211877 0.5181600000000001 1.359486638167775 -2.1835770929012974
15898 10961435 0.518359375158139 -0.8628908125871022 0.5181600000000001 1.359486638167775 -2.1835770929012974
15899 10961435 0.5614450120691177 -0.8759166503461795 0.5181600000000001 1.359486638167775 -2.1835770929012974
15900 10961435 0.6045306489800963 -0.8889424881052568 0.5181600000000001 1.359486638167775 -2.1835770929012974
15901 10961435 0.6366322243060598 -0.8994306689688433 0.5181600000000001 1.359486638167775 -2.1835770929012974
15902 10961435 0.6787027502761702 -0.9201851970937299 0.5181600000000001 1.359486638167775 -2.1835770929012974
15903 10961435 0.7559112859777017 -0.9405027924631263 0.5181600000000001 1.359486638167775 -2.1835770929012974
15904 10961435 0.7625360122257911 -0.9452372273215098 0.5181600000000001 1.359486638167775 -2.1835770929012974
15905 10961435 0.8010105509549978 -0.9601430942124723 0.5181600000000001 1.359486638167775 -2.1835770929012974
15906 10961435 0.8413787356945378 -0.9733307157162004 0.5181600000000001 1.359486638167775 -2.1835770929012974
15907 10961435 0.8817469204340778 -0.9865183372199285 0.5181600000000001 1.359486638167775 -2.1835770929012974
15908 10961435 0.9026132382316467 -0.9933348189470468 0.52197 1.359486638167775 -2.1835770929012974
15909 10961435 0.9234795560292157 -1.000151300674165 0.52578 1.359486638167775 -2.1835770929012974
15910 10961435 0.965901925916911 -1.011672815902497 0.5181600000000001 1.359486638167775 -2.1835770929012974
15911 10961435 1.0108009780101688 -1.0237694356337306 0.5181600000000001 1.359486638167775 -2.1835770929012974
15912 10961435 1.0515743871960992 -1.032181628857737 0.5181600000000001 1.359486638167775 -2.1835770929012974
15913 10961435 1.13600691311894 -1.0548544515152047 0.5181600000000001 1.359486638167775 -2.1835770929012974
15914 10961435 1.2149631606338338 -1.0703636435624175 0.52578 1.359486638167775 -2.1835770929012974
15915 10961435 1.1782464394788994 -1.0658475859692222 0.5181600000000001 1.359486638167775 -2.1835770929012974
15916 10961435 1.2615116598538243 -1.0855674223982832 0.5181600000000001 1.359486638167775 -2.1835770929012974
15917 10961435 1.3022852601212431 -1.093978164849513 0.5181600000000001 1.359486638167775 -2.1835770929012974
15918 10961435 1.3820070122463795 -1.0973522955832007 0.5334 1.359486638167775 -2.1835770929012974
15919 10961435 1.405197974717951 -1.1011296913962436 0.52578 1.359486638167775 -2.1835770929012974
15920 10961435 1.4283889371895224 -1.1049070872092868 0.5181600000000001 1.359486638167775 -2.1835770929012974
15921 10961435 1.5106601503208081 -1.1195095922487297 0.5334 1.359486638167775 -2.1835770929012974
15922 10961435 1.552295648020086 -1.125279824080214 0.5334 1.359486638167775 -2.1835770929012974
15923 10961435 1.5547033453292651 -1.1260661186267626 0.5334 1.359486638167775 -2.1835770929012974
15924 10961435 1.595930609781556 -1.124927155847275 0.54864 1.359486638167775 -2.1835770929012974
15925 10961435 1.637492260237762 -1.1295628684151389 0.54864 1.359486638167775 -2.1835770929012974
15926 10961435 1.679053910693968 -1.1341985809830026 0.54864 1.359486638167775 -2.1835770929012974
15927 10961435 1.718902125959994 -1.1372814383481409 0.5181600000000001 1.359486638167775 -2.1835770929012974
15928 10961435 1.7633986496514533 -1.134288650119625 0.5181600000000001 1.359486638167775 -2.1835770929012974
15929 10961435 1.8221741546806427 -1.1283649498244415 0.5334 1.359486638167775 -2.1835770929012974
15930 10961435 1.8446867490914036 -1.1257864204721464 0.5181600000000001 1.359486638167775 -2.1835770929012974
15931 10961435 1.9030200110692836 -1.1296474047904674 0.5181600000000001 1.359486638167775 -2.1835770929012974
15932 10961435 1.939082898456038 -1.106376886295208 0.52197 1.359486638167775 -2.1835770929012974
15933 10961435 1.9751457858427925 -1.0831063677999486 0.52578 1.359486638167775 -2.1835770929012974
15934 10961435 2.011328656213431 -1.059874813186234 0.52197 1.359486638167775 -2.1835770929012974
15935 10961435 2.0475115265840693 -1.0366432585725194 0.5181600000000001 1.359486638167775 -2.1835770929012974
15936 10961435 2.050613640101674 -1.027142415918576 0.5181600000000001 1.359486638167775 -2.1835770929012974
15937 10961435 2.0791602850275686 -1.0015926296675295 0.5143500000000001 1.359486638167775 -2.1835770929012974
15938 10961435 2.107706929953463 -0.9760428434164828 0.51054 1.359486638167775 -2.1835770929012974
15939 10961435 2.1264176325138635 -0.9268966438193044 0.5181600000000001 1.359486638167775 -2.1835770929012974
15940 10961435 2.1375291416598854 -0.9180249632302071 0.5143500000000001 1.359486638167775 -2.1835770929012974
15941 10961435 2.1486406508059073 -0.9091532826411098 0.51054 1.359486638167775 -2.1835770929012974
15942 10961435 2.1973069499592386 -0.8172191302889252 0.50292 1.359486638167775 -2.1835770929012974
15943 10961435 2.2168394624674557 -0.7737148800943453 0.50292 1.359486638167775 -2.1835770929012974
15944 10961435 2.211202211131825 -0.766500669392553 0.5181600000000001 1.359486638167775 -2.1835770929012974
15945 10961435 2.236697470825634 -0.7047336079166517 0.4953 1.359486638167775 -2.1835770929012974
15946 10961435 2.2468703321104972 -0.6654162015450874 0.4953 1.359486638167775 -2.1835770929012974
15947 10961435 2.2507013128189506 -0.6455228218176731 0.4953 1.359486638167775 -2.1835770929012974
15948 10961435 2.254532293527404 -0.6256294420902587 0.4953 1.359486638167775 -2.1835770929012974
15949 10961435 2.2644053845211607 -0.5709108928210415 0.48768 0.5306722116665529 -2.516863095951969
15950 10961435 2.2795813164697574 -0.5081109311835821 0.48006 0.5306722116665529 -2.516863095951969
15951 10961435 2.279734852887594 -0.4831618267979033 0.48006 0.5306722116665529 -2.516863095951969
15952 10961435 2.2790695668480536 -0.43896227167421464 0.47624999999999995 0.5306722116665529 -2.516863095951969
15953 10961435 2.2784042808085134 -0.39476271655052597 0.47243999999999997 0.5306722116665529 -2.516863095951969
15954 10961435 2.2735482470556896 -0.36829471209891373 0.47243999999999997 0.5306722116665529 -2.516863095951969
15955 10961435 2.2686922133028653 -0.3418267076473015 0.47243999999999997 0.5306722116665529 -2.516863095951969
15956 10961435 2.258533500522926 -0.30603402276011615 0.47243999999999997 0.5306722116665529 -2.516863095951969
15957 10961435 2.2300464940396023 -0.24369652658670363 0.46482000000000007 0.5306722116665529 -2.516863095951969
15958 10961435 2.2256507753412795 -0.23268202965860882 0.46482000000000007 0.5306722116665529 -2.516863095951969
15959 10961435 2.203938676122341 -0.2080695736761626 0.45720000000000005 0.5306722116665529 -2.516863095951969
15960 10961435 2.1736258061777884 -0.1853213873296606 0.45720000000000005 0.5306722116665529 -2.516863095951969
15961 10961435 2.1183735565871906 -0.12989710415473504 0.44958000000000004 0.5306722116665529 -2.516863095951969
15962 10961435 2.117161945950296 -0.12436137035054193 0.45720000000000005 0.5306722116665529 -2.516863095951969
15963 10961435 2.0807626963890353 -0.10359691336022808 0.44386500000000007 0.5306722116665529 -2.516863095951969
15964 10961435 2.0443634468277745 -0.08283245636991424 0.4305300000000001 0.5306722116665529 -2.516863095951969
15965 10961435 2.034280914593255 -0.07597691609595886 0.43243500000000007 0.5306722116665529 -2.516863095951969
15966 10961435 2.0241983823587355 -0.06912137582200348 0.43434000000000006 0.5306722116665529 -2.516863095951969
15967 10961435 1.9451385705345385 -0.03792953363305174 0.42672000000000004 0.5306722116665529 -2.516863095951969
15968 10961435 1.8888019188249356 -0.026891174987008826 0.42672000000000004 0.5306722116665529 -2.516863095951969
15969 10961435 1.835135937071117 -0.017191848438988522 0.41910000000000003 0.5306722116665529 -2.516863095951969
15970 10961435 1.827913983504231 -0.014833250085216715 0.41148 0.5306722116665529 -2.516863095951969
15971 10961435 1.7494686374837976 -0.006503167984489022 0.41148 0.5306722116665529 -2.516863095951969
15972 10961435 1.7545711699039588 0.009120046233794615 0.39624000000000004 0.5306722116665529 -2.516863095951969
15973 10961435 1.7135325518252982 0.00745326479755945 0.40386 0.5306722116665529 -2.516863095951969
15974 10961435 1.6615751110458374 0.001993240074694258 0.40386 0.5306722116665529 -2.516863095951969
15975 10961435 1.609617670266377 -0.003466784648170934 0.40386 0.5306722116665529 -2.516863095951969
15976 10961435 1.5861212650939556 0.008880564696672574 0.39624000000000004 0.5306722116665529 -2.516863095951969
15977 10961435 1.5460358652351514 0.009590246807758607 0.39624000000000004 0.5306722116665529 -2.516863095951969
15978 10961435 1.457471163202227 -0.004355644472207529 0.41148 0.5306722116665529 -2.516863095951969
15979 10961435 1.4268198046411882 -0.006843733318591741 0.41910000000000003 0.5306722116665529 -2.516863095951969
15980 10961435 1.4176626377038524 -0.0011656322509989575 0.42672000000000004 0.5306722116665529 -2.516863095951969
15981 10961435 1.3414837523949181 -0.011445696612993883 0.41910000000000003 0.5306722116665529 -2.516863095951969
15982 10961435 1.2946190555270658 -0.013543685308696152 0.42672000000000004 0.5306722116665529 -2.516863095951969
15983 10961435 1.2647545596920664 -0.013893242004292039 0.4305300000000001 0.5306722116665529 -2.516863095951969
15984 10961435 1.2348900638570668 -0.014242798699887926 0.43434000000000006 0.5306722116665529 -2.516863095951969
15985 10961435 1.1880941055883576 -0.016128965449056135 0.43434000000000006 0.5306722116665529 -2.516863095951969
15986 10961435 1.143894981389987 -0.018220544612670385 0.44196 0.5306722116665529 -2.516863095951969
15987 10961435 1.0996958571916162 -0.020312123776284635 0.44958000000000004 0.5306722116665529 -2.516863095951969
15988 10961435 1.0612814671286208 -0.02236556967508674 0.45720000000000005 0.5306722116665529 -2.516863095951969
15989 10961435 1.038459890919619 -0.02630027723642639 0.45720000000000005 0.5306722116665529 -2.516863095951969
15990 10961435 1.0156383147106172 -0.03023498479776604 0.45720000000000005 0.5306722116665529 -2.516863095951969
15991 10961435 0.9766500848176753 -0.03268469021456935 0.45720000000000005 0.5306722116665529 -2.516863095951969
15992 10961435 0.9194619909247623 -0.03783298731102916 0.46482 0.5306722116665529 -2.516863095951969
15993 10961435 0.8622738970318492 -0.04298128440748897 0.47243999999999997 0.5306722116665529 -2.516863095951969
15994 10961435 0.8122074916735138 -0.046717408062659144 0.48006 0.5306722116665529 -2.516863095951969
15995 10961435 0.8163323688884798 -0.05040166519352607 0.48006 0.5306722116665529 -2.516863095951969
15996 10961435 0.7964931399024069 -0.05268155275016681 0.48006 0.5306722116665529 -2.516863095951969
15997 10961435 0.776653910916334 -0.05496144030680755 0.48006 0.5306722116665529 -2.516863095951969
15998 10961435 0.6752618579268621 -0.059217039985897474 0.48768 0.5306722116665529 -2.516863095951969
15999 10961435 0.6518882000278343 -0.06443069041910157 0.48768 0.5306722116665529 -2.516863095951969
16000 10961435 0.5653083866583432 -0.07118829910363247 0.48768 0.5306722116665529 -2.516863095951969
16001 10961435 0.5697309623036085 -0.0753204799717965 0.48768 0.5306722116665529 -2.516863095951969
16002 10961435 0.5489401113559085 -0.07711357872742984 0.49149 0.5306722116665529 -2.516863095951969
16003 10961435 0.5281492604082083 -0.07890667748306318 0.4953 0.5306722116665529 -2.516863095951969
16004 10961435 0.43762641995802637 -0.08957323104568546 0.49149 0.5306722116665529 -2.516863095951969
16005 10961435 0.3939702484738423 -0.09814716800280424 0.4953 0.5306722116665529 -2.516863095951969
16006 10961435 0.34128437688420815 -0.10581425851548415 0.49911000000000005 0.5306722116665529 -2.516863095951969
16007 10961435 0.288598505294574 -0.11348134902816406 0.50292 0.5306722116665529 -2.516863095951969
16008 10961435 0.233880748630388 -0.1232878205869091 0.50292 0.5306722116665529 -2.516863095951969
16009 10961435 0.177548841973732 -0.12987933672397262 0.51054 0.5306722116665529 -2.516863095951969
16010 10961435 0.12125123072343247 -0.13636485387422742 0.51054 0.5306722116665529 -2.516863095951969
16011 10961435 0.07456640331092357 -0.13898194586710896 0.51054 0.5306722116665529 -2.516863095951969
16012 10961435 0.03033533122540899 -0.14169976488196379 0.51054 0.5306722116665529 -2.516863095951969
16013 10961435 -0.010051497754508198 -0.14135107630009217 0.5181600000000001 0.5306722116665529 -2.516863095951969
16014 10961435 -0.06417618640247313 -0.1411851918056151 0.5181600000000001 0.5306722116665529 -2.516863095951969
16015 10961435 -0.10161424873849279 -0.13887905825049687 0.5181600000000001 0.5306722116665529 -2.516863095951969
16016 10961435 -0.10787801404471908 -0.14173860833978222 0.5181600000000001 0.5306722116665529 -2.516863095951969
16017 10961435 -0.15570460591449797 -0.1386069212206176 0.5334 0.5306722116665529 -2.516863095951969
16018 10961435 -0.2061377821874737 -0.12714550409533582 0.53721 0.5306722116665529 -2.516863095951969
16019 10961435 -0.2565709584604494 -0.11568408697005403 0.54102 0.5306722116665529 -2.516863095951969
16020 10961435 -0.28340317143229443 -0.11462404358467435 0.54864 0.5306722116665529 -2.516863095951969
16021 10961435 -0.33910201216953073 -0.09372964487691374 0.55626 0.5306722116665529 -2.516863095951969
16022 10961435 -0.4018397197587633 -0.07100105872546805 0.56388 0.5306722116665529 -2.516863095951969
16023 10961435 -0.42556640143661917 -0.06044072919302082 0.5715 0.5306722116665529 -2.516863095951969
16024 10961435 -0.45714326753762546 -0.04509408723970715 0.57531 0.5306722116665529 -2.516863095951969
16025 10961435 -0.48872013363863176 -0.029747445286393476 0.57912 0.5306722116665529 -2.516863095951969
16026 10961435 -0.518360998640379 -0.016493875291520604 0.57912 0.5306722116665529 -2.516863095951969
16027 10961435 -0.5471833504266705 0.0009611956612983474 0.58293 0.5306722116665529 -2.516863095951969
16028 10961435 -0.5760057022129621 0.0184162666141173 0.58674 0.5306722116665529 -2.516863095951969
16029 10961435 -0.6154547213988986 0.03902452417166327 0.59436 0.5306722116665529 -2.516863095951969
16030 10961435 -0.6610734047950968 0.08151199010036694 0.59436 0.5306722116665529 -2.516863095951969
16031 10961435 -0.6911259854736962 0.10640925347181421 0.6019800000000001 0.5306722116665529 -2.516863095951969
16032 10961435 -0.7095214250488657 0.11534455402833796 0.6096 0.5306722116665529 -2.516863095951969
16033 10961435 -0.7434434290091335 0.14878034368581317 0.6076950000000001 0.5306722116665529 -2.516863095951969
16034 10961435 -0.7773654329694013 0.18221613334328834 0.60579 0.5306722116665529 -2.516863095951969
16035 10961435 -0.8110400610697792 0.2158636381711912 0.6076950000000001 0.5306722116665529 -2.516863095951969
16036 10961435 -0.8447146891701571 0.24951114299909402 0.6096 0.5306722116665529 -2.516863095951969
16037 10961435 -0.8644918434553355 0.26345537075008874 0.6096 0.5306722116665529 -2.516863095951969
16038 10961435 -0.9093139592216173 0.3083720558035904 0.6096 0.5306722116665529 -2.516863095951969
16039 10961435 -0.9411508005645739 0.3359573979878695 0.61722 0.5306722116665529 -2.516863095951969
16040 10961435 -0.9793115841836968 0.368648648539902 0.6248400000000001 0.5306722116665529 -2.516863095951969
16041 10961435 -0.9929608432045443 0.37579926554075116 0.6096 0.5306722116665529 -2.516863095951969
16042 10961435 -1.0261777580260634 0.3991630063450551 0.6248400000000001 0.5306722116665529 -2.516863095951969
16043 10961435 -1.0604209973529708 0.427536055160774 0.6400800000000001 0.5306722116665529 -2.516863095951969
16044 10961435 -1.077675412810363 0.4407730153795615 0.6400800000000001 0.5306722116665529 -2.516863095951969
16045 10961435 -1.094929828267755 0.454009975598349 0.6400800000000001 0.5306722116665529 -2.516863095951969
16046 10961435 -1.165030148262394 0.5123366092565992 0.6248400000000001 0.5306722116665529 -2.516863095951969
16047 10961435 -1.181232699245138 0.5225426436812929 0.63246 0.5306722116665529 -2.516863095951969
16048 10961435 -1.2371987567843294 0.565966162350308 0.63246 0.5306722116665529 -2.516863095951969
16049 10961435 -1.2735462632583954 0.5879017942203597 0.6400800000000001 0.5306722116665529 -2.516863095951969
16050 10961435 -1.309521209476943 0.6145063133882489 0.6400800000000001 0.5306722116665529 -2.516863095951969
16051 10961435 -1.3454961556954907 0.641110832556138 0.6400800000000001 0.5306722116665529 -2.516863095951969
16052 10961435 -1.3810862887848236 0.6729644516131895 0.6400800000000001 0.5306722116665529 -2.516863095951969
16053 10961435 -1.450420536203273 0.726020532542143 0.6477 0.5306722116665529 -2.516863095951969
16054 10961435 -1.4720726003620335 0.7429171939925757 0.6477 0.5306722116665529 -2.516863095951969
16055 10961435 -1.5185999369580612 0.7755451620126187 0.6477 0.5306722116665529 -2.516863095951969
16056 10961435 -1.541323182889988 0.7929678173883656 0.65151 0.5306722116665529 -2.516863095951969
16057 10961435 -1.564046428821915 0.8103904727641127 0.65532 0.5306722116665529 -2.516863095951969
16058 10961435 -1.5920448031800254 0.8320509036621413 0.65532 0.5306722116665529 -2.516863095951969
16059 10961435 -1.6366275116897888 0.8695353305049849 0.6629400000000001 0.5306722116665529 -2.516863095951969
16060 10961435 -1.6811618119440837 0.8992928626112213 0.67056 0.5306722116665529 -2.516863095951969
16061 10961435 -1.7475694980595955 0.9607429892500094 0.6781800000000001 0.5306722116665529 -2.516863095951969
16062 10961435 -1.7564925128826518 0.9589884410309895 0.67056 0.5306722116665529 -2.516863095951969
16063 10961435 -1.8141222944903899 1.0152310698087417 0.6858000000000001 0.5306722116665529 -2.516863095951969
16064 10961435 -1.8263196577202676 1.0268161806564042 0.6858000000000001 0.5306722116665529 -2.516863095951969
16065 10961435 -1.8659583027569469 1.0549737188030497 0.69342 0.5306722116665529 -2.516863095951969
16066 10961435 -1.9025681872515678 1.0842438014418432 0.7010400000000001 0.5306722116665529 -2.516863095951969
16067 10961435 -1.9653887770117644 1.1324886767997928 0.7010400000000001 0.5306722116665529 -2.516863095951969
16068 10961435 -1.9716878314717188 1.1383469856481132 0.7010400000000001 0.5306722116665529 -2.516863095951969
16069 10961435 -1.9779868859316732 1.1442052944964336 0.7010400000000001 0.5306722116665529 -2.516863095951969
16070 10961435 -2.017797123866564 1.1718359562169607 0.7010400000000001 0.5306722116665529 -2.516863095951969
16071 10961435 -2.1213025441129263 1.2436767195998668 0.7162800000000001 0.5306722116665529 -2.516863095951969
16072 10961435 -2.1339002489997467 1.255393611362801 0.7010400000000001 0.5306722116665529 -2.516863095951969
16073 10961435 -2.2071745159801344 1.3042578090281718 0.7162800000000001 0.5306722116665529 -2.516863095951969
16074 10961435 -2.2411786991764506 1.3251997253726793 0.7239000000000001 0.5306722116665529 -2.516863095951969
16075 10961435 -2.280814569666039 1.3533595728674472 0.7239000000000001 0.5306722116665529 -2.516863095951969
16076 10961435 -2.3212445483000126 1.3790921696749185 0.73152 0.5306722116665529 -2.516863095951969
16077 10961435 -2.331689998709148 1.3878852181298533 0.73152 0.5306722116665529 -2.516863095951969
16078 10961435 -2.3714979739287365 1.4155178600581073 0.73152 0.5306722116665529 -2.516863095951969
16079 10961435 -2.4017509073039243 1.435028835957165 0.73152 0.5306722116665529 -2.516863095951969
16080 10961435 -2.432003840679112 1.4545398118562227 0.73152 0.5306722116665529 -2.516863095951969
16081 10961435 -2.4806981041901066 1.4836502687859916 0.7391399999999999 0.5306722116665529 -2.516863095951969
16082 10961435 -2.529392367701101 1.5127607257157607 0.74676 0.5306722116665529 -2.516863095951969
16083 10961435 -2.610134452531418 1.5643082679459608 0.74676 0.5306722116665529 -2.516863095951969
16084 10961435 -2.6564813256979383 1.5966538187444959 0.75438 0.5306722116665529 -2.516863095951969
16085 10961435 -2.6831240236363723 1.614166826588229 0.7562850000000001 0.5306722116665529 -2.516863095951969
16086 10961435 -2.7097667215748067 1.6316798344319619 0.75819 0.5306722116665529 -2.516863095951969
16087 10961435 -2.733437072728945 1.6468764208294502 0.760095 0.5306722116665529 -2.516863095951969
16088 10961435 -2.7571074238830837 1.6620730072269385 0.762 0.5306722116665529 -2.516863095951969
16089 10961435 -2.7661011618437605 1.6752993682902309 0.76962 0.5306722116665529 -2.516863095951969
16090 10961435 -2.8792749899041086 1.7447111729886717 0.77724 0.5306722116665529 -2.516863095951969
16091 10961435 -2.907773888833858 1.7645563409955995 0.77724 0.5306722116665529 -2.516863095951969
16092 10961435 -2.954878637205172 1.794581977778441 0.78486 0.5306722116665529 -2.516863095951969
16093 10961435 -2.958908547897556 1.7988223841624156 0.78486 0.5306722116665529 -2.516863095951969
16094 10961435 -2.999323412991388 1.8243215068774083 0.78486 0.5306722116665529 -2.516863095951969
16095 10961435 -3.039070721438111 1.8473824161310244 0.78867 0.5306722116665529 -2.516863095951969
16096 10961435 -3.078818029884834 1.8704433253846404 0.7924800000000001 0.5306722116665529 -2.516863095951969
16097 10961435 -3.1183569403018705 1.8907489073637926 0.7924800000000001 0.5306722116665529 -2.516863095951969
16098 10961435 -3.1784130012582956 1.9232637500581535 0.7924800000000001 0.5306722116665529 -2.516863095951969
16099 10961435 -3.195810328437636 1.9363210028651616 0.8001 0.5306722116665529 -2.516863095951969
16100 10961435 -3.2370297630332976 1.9596314575698868 0.7924800000000001 0.5306722116665529 -2.516863095951969
16101 10961435 -3.280517415707002 1.984152248610695 0.7924800000000001 0.5306722116665529 -2.516863095951969
16102 10961435 -3.353389098428126 2.0179436357916383 0.80772 0.5306722116665529 -2.516863095951969
16103 10961435 -3.363611797434415 2.0287691887635892 0.7924800000000001 0.5306722116665529 -2.516863095951969
16104 10961435 -3.424705307922733 2.0564849150176983 0.8153400000000001 0.5306722116665529 -2.516863095951969
16105 10961435 -3.4948793811164585 2.091731828999832 0.8153400000000001 0.5306722116665529 -2.516863095951969
16106 10961435 -3.5271239339159277 2.10854178606494 0.81915 0.5306722116665529 -2.516863095951969
16107 10961435 -3.559368486715397 2.1253517431300475 0.82296 0.5306722116665529 -2.516863095951969
16108 10961435 -3.6028545943742634 2.1498745194539945 0.82296 0.5306722116665529 -2.516863095951969
16109 10961435 -3.653698421366105 2.1763396445905543 0.82296 0.5306722116665529 -2.516863095951969
16110 10961435 -3.657716687554627 2.180343106635031 0.82296 0.5306722116665529 -2.516863095951969
