17651 11322591 0.8863457547394116 0.09728993527434844 0.36576 2.445003484775232 -0.7988559315902778
17652 11322591 0.8901325811659829 0.10072574380878915 0.36576 2.445003484775232 -0.7988559315902778
17653 11322591 0.9011906476875872 0.09243972770523524 0.36576 2.445003484775232 -0.7988559315902778
17654 11322591 0.9084124911991255 0.09008017858549502 0.36576 2.445003484775232 -0.7988559315902778
17655 11322591 0.9139168211364785 0.09061831775357368 0.33528 2.445003484775232 -0.7988559315902778
17656 11322591 0.9202488670377732 0.09368986310706136 0.36576 2.445003484775232 -0.7988559315902778
17657 11322591 0.9271518041794409 0.09388788471488693 0.36576 2.445003484775232 -0.7988559315902778
17658 11322591 0.9340547413211087 0.09408590632271249 0.36576 2.445003484775232 -0.7988559315902778
17659 11322591 0.940467016181777 0.09713125241454175 0.33528 2.445003484775232 -0.7988559315902778
17660 11322591 0.9498075917213598 0.09174298783511504 0.36576 2.445003484775232 -0.7988559315902778
17661 11322591 0.9560016646651566 0.09439233044858904 0.36576 2.445003484775232 -0.7988559315902778
17662 11322591 0.9630579251199013 0.09968064322918566 0.36576 2.445003484775232 -0.7988559315902778
17663 11322591 0.9696244971850426 0.09531554354172349 0.36576 2.445003484775232 -0.7988559315902778
17664 11322591 0.977605060949256 0.09527835983823171 0.36576 2.445003484775232 -0.7988559315902778
17665 11322591 0.9855856247134694 0.09524117613473994 0.36576 2.445003484775232 -0.7988559315902778
17666 11322591 0.9945881687609963 0.09697298227479323 0.36576 2.445003484775232 -0.7988559315902778
17667 11322591 1.004618501166192 0.09369596580322578 0.36576 2.445003484775232 -0.7988559315902778
17668 11322591 1.0132887970016637 0.09576999357240248 0.36576 2.445003484775232 -0.7988559315902778
17669 11322591 1.0198553863279036 0.09140494104807877 0.36576 2.445003484775232 -0.7988559315902778
17670 11322591 1.0281290754274803 0.09226506488714381 0.36576 2.445003484775232 -0.7988559315902778
17671 11322591 1.036402764527057 0.09312518872620885 0.36576 2.445003484775232 -0.7988559315902778
17672 11322591 1.0448190115900695 0.09306255656477647 0.36576 2.445003484775232 -0.7988559315902778
17673 11322591 1.053924984856844 0.09511111460673344 0.36576 2.445003484775232 -0.7988559315902778
17674 11322591 1.0626987104720909 0.0975018793012797 0.36576 2.445003484775232 -0.7988559315902778
17675 11322591 1.0705757870027783 0.09714811845696698 0.36576 2.445003484775232 -0.7988559315902778
17676 11322591 1.0771423895272794 0.09278311986513593 0.36576 2.445003484775232 -0.7988559315902778
17677 11322591 1.0858126449071688 0.0948572357288654 0.36576 2.445003484775232 -0.7988559315902778
17678 11322591 1.092431070984855 0.09771851280206985 0.36576 2.445003484775232 -0.7988559315902778
17679 11322591 1.101530958684367 0.09240909606696146 0.36576 2.445003484775232 -0.7988559315902778
17680 11322591 1.1087442156828848 0.09355732748192493 0.36576 2.445003484775232 -0.7988559315902778
17681 11322591 1.1159574726814028 0.09470555889688839 0.36576 2.445003484775232 -0.7988559315902778
17682 11322591 1.1255865948006885 0.09155978883338836 0.36576 2.445003484775232 -0.7988559315902778
17683 11322591 1.1319874849678768 0.09484263933711316 0.36576 2.445003484775232 -0.7988559315902778
17684 11322591 1.1422718263850835 0.09370251996301658 0.36576 2.445003484775232 -0.7988559315902778
17685 11322591 1.1483497300251002 0.09463756490524701 0.36576 2.445003484775232 -0.7988559315902778
17686 11322591 1.156559030500776 0.09394170862564838 0.36576 2.445003484775232 -0.7988559315902778
17687 11322591 1.164574025991326 0.09401029018057713 0.36576 2.445003484775232 -0.7988559315902778
17688 11322591 1.172589018922244 0.09407888078307251 0.36576 2.445003484775232 -0.7988559315902778
17689 11322591 1.1788519396038906 0.09693953469351074 0.36576 2.445003484775232 -0.7988559315902778
17690 11322591 1.1864703519081932 0.09579420999427021 0.36576 2.445003484775232 -0.7988559315902778
17691 11322591 1.1940887642124955 0.0946488852950297 0.36576 2.445003484775232 -0.7988559315902778
17692 11322591 1.2020394212301813 0.09316138893392592 0.36576 2.445003484775232 -0.7988559315902778
17693 11322591 1.209990078247867 0.09167389257282214 0.36576 2.445003484775232 -0.7988559315902778
17694 11322591 1.2187292239027827 0.09395929455822624 0.36576 2.445003484775232 -0.7988559315902778
17695 11322591 1.2274683695576982 0.09624469654363035 0.36576 2.445003484775232 -0.7988559315902778
17696 11322591 1.2346902091661773 0.09388548216476754 0.36576 2.445003484775232 -0.7988559315902778
17697 11322591 1.242567244876913 0.09353191249502292 0.36576 2.445003484775232 -0.7988559315902778
17698 11322591 1.2484959044203898 0.09428213651051513 0.36576 2.445003484775232 -0.7988559315902778
17699 11322591 1.256591113649037 0.09432460864570899 0.36576 2.445003484775232 -0.7988559315902778
17700 11322591 1.2649038402698614 0.09394555770497669 0.36576 2.445003484775232 -0.7988559315902778
17701 11322591 1.272815351624522 0.09369758159677363 0.36576 2.445003484775232 -0.7988559315902778
17702 11322591 1.278319580782922 0.09423600254443049 0.36576 2.445003484775232 -0.7988559315902778
17703 11322591 1.2863690213907109 0.09441028160463237 0.36576 2.445003484775232 -0.7988559315902778
17704 11322591 1.2919422128893157 0.0951598331735736 0.36576 2.445003484775232 -0.7988559315902778
17705 11322591 1.2972620897141525 0.09459024439392089 0.36576 2.445003484775232 -0.7988559315902778
17706 11322591 1.3025819665389893 0.09402065561426819 0.36576 2.445003484775232 -0.7988559315902778
17707 11322591 1.3092546915101524 0.09324279454709242 0.36576 2.445003484775232 -0.7988559315902778
17708 11322591 1.3159274164813155 0.09246493347991663 0.36576 2.445003484775232 -0.7988559315902778
17709 11322591 1.319714011154019 0.09590096612081683 0.36576 2.445003484775232 -0.7988559315902778
17710 11322591 1.3261287624320857 0.09514897804892557 0.36576 2.445003484775232 -0.7988559315902778
17711 11322591 1.332543513710152 0.0943969899770343 0.36576 2.445003484775232 -0.7988559315902778
17712 11322591 1.3357438943897713 0.09603850654827217 0.36576 2.445003484775232 -0.7988559315902778
17713 11322591 1.3381511740617897 0.09525213796021087 0.36576 2.445003484775232 -0.7988559315902778
17714 11322591 1.3382900700054674 0.0952216226374434 0.36567190751445083 2.445003484775232 -0.7988559315902778
17715 11322591 1.3384289659491453 0.09519110731467591 0.3655838150289017 2.445003484775232 -0.7988559315902778
17716 11322591 1.338567861892823 0.09516059199190843 0.36549572254335255 2.445003484775232 -0.7988559315902778
17717 11322591 1.3387067578365006 0.09513007666914096 0.36540763005780347 2.445003484775232 -0.7988559315902778
17718 11322591 1.3388456537801785 0.09509956134637347 0.3653195375722543 2.445003484775232 -0.7988559315902778
17719 11322591 1.3389845497238562 0.095069046023606 0.3652314450867052 2.445003484775232 -0.7988559315902778
17720 11322591 1.3391234456675338 0.09503853070083851 0.36514335260115605 2.445003484775232 -0.7988559315902778
17721 11322591 1.3392623416112117 0.09500801537807103 0.3650552601156069 2.445003484775232 -0.7988559315902778
17722 11322591 1.3394012375548894 0.09497750005530356 0.36496716763005776 2.445003484775232 -0.7988559315902778
17723 11322591 1.339540133498567 0.09494698473253607 0.3648790751445086 2.445003484775232 -0.7988559315902778
17724 11322591 1.339679029442245 0.0949164694097686 0.36479098265895954 2.445003484775232 -0.7988559315902778
17725 11322591 1.3398179253859226 0.09488595408700112 0.3647028901734104 2.445003484775232 -0.7988559315902778
17726 11322591 1.3399568213296003 0.09485543876423363 0.36461479768786126 2.445003484775232 -0.7988559315902778
17727 11322591 1.3400957172732781 0.09482492344146616 0.3645267052023121 2.445003484775232 -0.7988559315902778
17728 11322591 1.3402346132169558 0.09479440811869869 0.364438612716763 2.445003484775232 -0.7988559315902778
17729 11322591 1.3403735091606335 0.0947638927959312 0.36435052023121384 2.445003484775232 -0.7988559315902778
17730 11322591 1.3405124051043114 0.09473337747316372 0.3642624277456647 2.445003484775232 -0.7988559315902778
17731 11322591 1.340651301047989 0.09470286215039624 0.36417433526011556 2.445003484775232 -0.7988559315902778
17732 11322591 1.3407901969916667 0.09467234682762876 0.36408624277456647 2.445003484775232 -0.7988559315902778
17733 11322591 1.3409290929353446 0.09464183150486129 0.36399815028901733 2.445003484775232 -0.7988559315902778
17734 11322591 1.3410679888790222 0.0946113161820938 0.3639100578034682 2.445003484775232 -0.7988559315902778
17735 11322591 1.3412068848227 0.09458080085932632 0.36382196531791905 2.445003484775232 -0.7988559315902778
17736 11322591 1.3413457807663778 0.09455028553655885 0.3637338728323699 2.445003484775232 -0.7988559315902778
17737 11322591 1.3414846767100554 0.09451977021379136 0.36364578034682077 2.445003484775232 -0.7988559315902778
17738 11322591 1.341623572653733 0.09448925489102389 0.36355768786127163 2.445003484775232 -0.7988559315902778
17739 11322591 1.341762468597411 0.09445873956825641 0.36346959537572254 2.445003484775232 -0.7988559315902778
17740 11322591 1.3419013645410887 0.09442822424548893 0.3633815028901734 2.445003484775232 -0.7988559315902778
17741 11322591 1.3420402604847663 0.09439770892272145 0.36329341040462426 2.445003484775232 -0.7988559315902778
17742 11322591 1.3421791564284442 0.09436719359995396 0.3632053179190751 2.445003484775232 -0.7988559315902778
17743 11322591 1.3423180523721219 0.09433667827718649 0.363117225433526 2.445003484775232 -0.7988559315902778
17744 11322591 1.3424569483157995 0.09430616295441901 0.36302913294797684 2.445003484775232 -0.7988559315902778
17745 11322591 1.3425958442594774 0.09427564763165153 0.3629410404624277 2.445003484775232 -0.7988559315902778
17746 11322591 1.342734740203155 0.09424513230888405 0.3628529479768786 2.445003484775232 -0.7988559315902778
17747 11322591 1.3428736361468327 0.09421461698611658 0.3627648554913295 2.445003484775232 -0.7988559315902778
17748 11322591 1.3430125320905106 0.09418410166334909 0.36267676300578033 2.445003484775232 -0.7988559315902778
17749 11322591 1.3431514280341883 0.09415358634058162 0.3625886705202312 0.9596587984065643 -2.3864760276694312
17750 11322591 1.3432903239778662 0.09412307101781414 0.36250057803468205 0.9596587984065643 -2.3864760276694312
17751 11322591 1.3434292199215438 0.09409255569504665 0.3624124855491329 0.9596587984065643 -2.3864760276694312
17752 11322591 1.3435681158652215 0.09406204037227918 0.36232439306358377 0.9596587984065643 -2.3864760276694312
17753 11322591 1.3437070118088994 0.09403152504951169 0.3622363005780347 0.9596587984065643 -2.3864760276694312
17754 11322591 1.343845907752577 0.09400100972674422 0.36214820809248555 0.9596587984065643 -2.3864760276694312
17755 11322591 1.3439848036962547 0.09397049440397674 0.3620601156069364 0.9596587984065643 -2.3864760276694312
17756 11322591 1.3441236996399326 0.09393997908120925 0.36197202312138727 0.9596587984065643 -2.3864760276694312
17757 11322591 1.3442625955836103 0.09390946375844178 0.3618839306358381 0.9596587984065643 -2.3864760276694312
17758 11322591 1.344401491527288 0.0938789484356743 0.361795838150289 0.9596587984065643 -2.3864760276694312
17759 11322591 1.3445403874709658 0.09384843311290682 0.36170774566473984 0.9596587984065643 -2.3864760276694312
17760 11322591 1.3446792834146435 0.09381791779013934 0.36161965317919076 0.9596587984065643 -2.3864760276694312
17761 11322591 1.3448181793583212 0.09378740246737187 0.3615315606936416 0.9596587984065643 -2.3864760276694312
17762 11322591 1.344957075301999 0.09375688714460438 0.3614434682080925 0.9596587984065643 -2.3864760276694312
17763 11322591 1.3450959712456767 0.0937263718218369 0.36135537572254334 0.9596587984065643 -2.3864760276694312
17764 11322591 1.3452348671893544 0.09369585649906942 0.3612672832369942 0.9596587984065643 -2.3864760276694312
17765 11322591 1.3453737631330323 0.09366534117630194 0.36117919075144506 0.9596587984065643 -2.3864760276694312
17766 11322591 1.34551265907671 0.09363482585353447 0.3610910982658959 0.9596587984065643 -2.3864760276694312
17767 11322591 1.3456515550203876 0.09360431053076698 0.3610030057803468 0.9596587984065643 -2.3864760276694312
17768 11322591 1.3457904509640655 0.09357379520799951 0.3609149132947977 0.9596587984065643 -2.3864760276694312
17769 11322591 1.3459293469077431 0.09354327988523203 0.36082682080924855 0.9596587984065643 -2.3864760276694312
17770 11322591 1.3460682428514208 0.09351276456246455 0.3607387283236994 0.9596587984065643 -2.3864760276694312
17771 11322591 1.3462071387950987 0.09348224923969707 0.36065063583815027 0.9596587984065643 -2.3864760276694312
17772 11322591 1.3463460347387763 0.0934517339169296 0.36056254335260113 0.9596587984065643 -2.3864760276694312
17773 11322591 1.346484930682454 0.09342121859416211 0.360474450867052 0.9596587984065643 -2.3864760276694312
