42435 10561439 -3.1994220425756654 2.9059028209289437 0.8534400000000001 0.0 0.0
42436 10561439 -3.188026799724728 2.8796776790744802 0.8534400000000001 0.0 0.0
42437 10561439 -3.160216082927657 2.8148919642361028 0.8534400000000001 0.0 0.0
42438 10561439 -3.1407395160477516 2.766828312209399 0.8382000000000001 0.0 0.0
42439 10561439 -3.1212629491678463 2.718764660182695 0.82296 0.0 0.0
42440 10561439 -3.107889988075484 2.6768770675912474 0.82296 0.0 0.0
42441 10561439 -3.083813793530811 2.6240068040672018 0.82296 0.0 0.0
42442 10561439 -3.069034621462877 2.5866836156244566 0.82296 0.0 0.0
42443 10561439 -3.036387963120582 2.5144150697493965 0.82296 0.0 0.0
42444 10561439 -3.0262016334374877 2.495071671851592 0.82296 0.0 0.0
42445 10561439 -3.0005473466212207 2.422872726479236 0.82296 0.0 0.0
42446 10561439 -2.976242646262709 2.360113330877432 0.82296 0.0 0.0
42447 10561439 -2.9509539623546317 2.3033419226113048 0.82296 0.0 0.0
42448 10561439 -2.9281947500389363 2.249151569111997 0.82296 0.0 0.0
42449 10561439 -2.9065954355715897 2.2011835762863368 0.82296 0.0 0.0
42450 10561439 -2.8845659936865715 2.1491021069364296 0.82296 0.0 0.0
42451 10561439 -2.861637827557723 2.0997646951462032 0.82296 0.0 0.0
42452 10561439 -2.8416686011742467 2.049526511230622 0.82296 0.0 0.0
42453 10561439 -2.8223629743098524 1.999973116593422 0.82296 0.0 0.0
42454 10561439 -2.8079793702124145 1.9598014824313015 0.82296 0.0 0.0
42455 10561439 -2.7935957661149766 1.919629848269181 0.82296 0.0 0.0
42456 10561439 -2.771531604142017 1.8660190421008676 0.82296 0.0 0.0
42457 10561439 -2.7424083948997975 1.7970693967416889 0.80772 0.0 0.0
42458 10561439 -2.727856981184139 1.763240729489734 0.8001 0.0 0.0
42459 10561439 -2.7133055674684803 1.7294120622377795 0.7924800000000001 0.0 0.0
42460 10561439 -2.689377687786081 1.679047926430267 0.7924800000000001 0.0 0.0
42461 10561439 -2.6652935718560276 1.6169482084106264 0.7924800000000001 0.0 0.0
42462 10561439 -2.6465448274693077 1.5683964792536222 0.7924800000000001 0.0 0.0
42463 10561439 -2.6182064550706823 1.505722765194375 0.7924800000000001 0.0 0.0
42464 10561439 -2.6036720830974414 1.4687163186542955 0.7924800000000001 0.0 0.0
42465 10561439 -2.5801462785980673 1.407618141389846 0.7924800000000001 0.0 0.0
42466 10561439 -2.5469453600826784 1.3272291272917944 0.762 0.0 0.0
42467 10561439 -2.5267623915970656 1.277624761865282 0.762 0.0 0.0
42468 10561439 -2.5137433455311573 1.2468402164314265 0.762 0.0 0.0
42469 10561439 -2.4902498296271025 1.1856366845379855 0.762 0.0 0.0
42470 10561439 -2.4716170507585646 1.1421486609071263 0.762 0.0 0.0
42471 10561439 -2.4481224737698053 1.0809452159004223 0.762 0.0 0.0
42472 10561439 -2.424993906444686 1.0199786357585592 0.762 0.0 0.0
42473 10561439 -2.405735579963803 0.9716126563471568 0.762 0.0 0.0
42474 10561439 -2.3817106797638017 0.9201681013311218 0.73152 0.0 0.0
42475 10561439 -2.366063427131459 0.8851943269332341 0.73152 0.0 0.0
42476 10561439 -2.3504161744991166 0.8502205525353462 0.73152 0.0 0.0
42477 10561439 -2.321910998537885 0.8043210941658633 0.73152 0.0 0.0
42478 10561439 -2.29990363838691 0.7521353148909786 0.73152 0.0 0.0
42479 10561439 -2.274210973452395 0.7030670805411638 0.73152 0.0 0.0
42480 10561439 -2.251847076024224 0.6601124822070306 0.73152 0.0 0.0
42481 10561439 -2.222495146599009 0.611366341403031 0.73152 0.0 0.0
42482 10561439 -2.2027051792159167 0.5727595603842159 0.73152 0.0 0.0
42483 10561439 -2.1625547457007883 0.5111334426243842 0.73152 0.0 0.0
42484 10561439 -2.1349412061752098 0.46494317855376566 0.73152 0.0 0.0
42485 10561439 -2.103494123694256 0.421237877862071 0.7010400000000001 0.0 0.0
42486 10561439 -2.0724395994587983 0.3749739227418263 0.7010400000000001 0.0 0.0
42487 10561439 -2.0345428277288358 0.3251865286817548 0.7010400000000001 0.0 0.0
42488 10561439 -2.0079466637705865 0.2897289885987995 0.7010400000000001 0.0 0.0
42489 10561439 -1.9652344365763048 0.23836691805302743 0.7010400000000001 0.0 0.0
42490 10561439 -1.9209678381472133 0.1917546416018628 0.7010400000000001 0.0 0.0
42491 10561439 -1.8869940250647466 0.1489771823009207 0.7010400000000001 0.0 0.0
42492 10561439 -1.850068415462032 0.1097911966107191 0.7010400000000001 0.0 0.0
42493 10561439 -1.8155140352355452 0.08236411284338205 0.7010400000000001 0.0 0.0
42494 10561439 -1.7942423567696628 0.06185262917098708 0.6858000000000001 0.0 0.0
42495 10561439 -1.7729706783037804 0.04134114549859211 0.67056 0.0 0.0
42496 10561439 -1.7111169706513107 -0.011255401667921744 0.67056 0.0 0.0
42497 10561439 -1.668257014290168 -0.04723987645158864 0.67056 0.0 0.0
42498 10561439 -1.6253970579290253 -0.08322435123525554 0.67056 0.0 0.0
42499 10561439 -1.577398066036315 -0.11843543476035881 0.67056 0.0 0.0
42500 10561439 -1.543162742514416 -0.14575622423947557 0.67056 0.0 0.0
42501 10561439 -1.5002866643679742 -0.17870687155095769 0.67056 0.0 0.0
42502 10561439 -1.4468092179480478 -0.21781152903546577 0.67056 0.0 0.0
42503 10561439 -1.3792957743258223 -0.2580007483686825 0.67056 0.0 0.0
42504 10561439 -1.34350594797498 -0.28057089350961295 0.67056 0.0 0.0
42505 10561439 -1.2892530972104301 -0.31431935322947313 0.67056 0.0 0.0
42506 10561439 -1.2467849883434232 -0.33358146097736896 0.6400800000000001 0.0 0.0
42507 10561439 -1.1993111558252372 -0.358452569863003 0.6400800000000001 0.0 0.0
42508 10561439 -1.1403116008165959 -0.3831197031950526 0.6400800000000001 0.0 0.0
42509 10561439 -1.0773683976837747 -0.4093094340491422 0.6400800000000001 0.0 0.0
42510 10561439 -1.0399384732340127 -0.4218401967456219 0.6400800000000001 0.0 0.0
42511 10561439 -1.0025085487842504 -0.4343709594421015 0.6400800000000001 0.0 0.0
42512 10561439 -0.9252409834391622 -0.4602189234242846 0.6400800000000001 0.0 0.0
42513 10561439 -0.8719314844481236 -0.4764803405920578 0.6400800000000001 0.0 0.0
42514 10561439 -0.8462324221443535 -0.4827795342584643 0.6400800000000001 0.0 0.0
42515 10561439 -0.8205333598405833 -0.48907872792487084 0.6400800000000001 0.0 0.0
42516 10561439 -0.7651484047368085 -0.505784155526137 0.6400800000000001 0.0 0.0
42517 10561439 -0.6817240858838332 -0.5223091583527727 0.6400800000000001 0.0 0.0
42518 10561439 -0.661661651680806 -0.5288679538856281 0.6400800000000001 0.0 0.0
42519 10561439 -0.6051160314672062 -0.543381151128029 0.6400800000000001 0.0 0.0
42520 10561439 -0.5266662027358765 -0.5574597760598404 0.6248400000000001 0.0 0.0
42521 10561439 -0.44821637400454684 -0.5715384009916519 0.6096 0.0 0.0
42522 10561439 -0.3949674150679523 -0.57983161477012 0.6096 0.0 0.0
42523 10561439 -0.34141688739886367 -0.5844843960246161 0.6096 0.0 0.0
42524 10561439 -0.31162967323778235 -0.5911832487436548 0.6096 0.0 0.0
42525 10561439 -0.2483201080093791 -0.5958707843843425 0.6096 0.0 0.0
42526 10561439 -0.19304317650928682 -0.6061104801701013 0.6096 0.0 0.0
42527 10561439 -0.14087275349479333 -0.6149839143295898 0.6096 0.0 0.0
42528 10561439 -0.11719506216376185 -0.6186335815544699 0.6096 0.0 0.0
42529 10561439 -0.09351737083273037 -0.6222832487793499 0.6096 0.0 0.0
42530 10561439 0.0059349248509040775 -0.6373206481596374 0.6096 0.0 0.0
42531 10561439 0.05738544617272889 -0.6432992846724466 0.6096 0.0 0.0
42532 10561439 0.10883596749455371 -0.6492779211852557 0.6096 0.0 0.0
42533 10561439 0.14715810771920151 -0.6560184704928576 0.6096 0.0 0.0
42534 10561439 0.18548024794384932 -0.6627590198004593 0.6096 0.0 0.0
42535 10561439 0.24026520135942953 -0.6717830611230668 0.6096 0.0 0.0
42536 11217673 -4.092357471003966 -0.007002432837432654 0.5181600000000001 0.0 0.0
42536 10561439 0.2981475714692743 -0.6794822689749183 0.6096 0.0 0.0
42537 10561439 0.3514907681847925 -0.6847631376688867 0.6096 0.0 0.0
42537 11217673 -4.046898704953005 -0.009266957526215563 0.54864 0.0 0.0
42538 10561439 0.399776010957414 -0.6908442642923168 0.6096 0.0 0.0
42538 11217673 -4.000679797460272 -0.009209387331519464 0.5181600000000001 0.0 0.0
42539 10561439 0.45780686555454353 -0.6991748409146059 0.6096 0.0 0.0
42539 11217673 -3.9555543013537573 -0.007741772191174806 0.5181600000000001 0.0 0.0
42540 11217673 -3.9104288052472427 -0.006274157050830148 0.5181600000000001 0.0 0.0
42540 10561439 0.5125825523169396 -0.7055067262008147 0.6096 0.0 0.0
42541 11217673 -3.8670186870072794 -0.005296193584584247 0.5181600000000001 0.0 0.0
42541 10561439 0.5817266405453232 -0.712443900341566 0.6096 0.0 0.0
42542 11217673 -3.822585495595316 -0.0025496492401923254 0.5181600000000001 0.0 0.0
42542 10561439 0.6119862744543401 -0.7166061351891738 0.6096 0.0 0.0
42543 10561439 0.6817683424693373 -0.728657503394629 0.6096 0.0 0.0
42543 11217673 -3.7787743313441977 -0.0017025026875373828 0.5181600000000001 0.0 0.0
42544 10561439 0.7098379556531504 -0.7324542799564535 0.57912 0.0 0.0
42544 11217673 -3.7341685802642743 0.0015722807095167324 0.5181600000000001 0.0 0.0
42545 10561439 0.7780997917373584 -0.7382835502594811 0.57912 0.0 0.0
42545 11217673 -3.6938805337620213 0.0008857673923493292 0.5181600000000001 0.0 0.0
42546 10561439 0.8293045883370823 -0.750105459623751 0.57912 0.0 0.0
42546 11217673 -3.6471206516696277 0.002871588055422508 0.5181600000000001 0.0 0.0
42547 10561439 0.8714341023399255 -0.753004103820913 0.57912 0.0 0.0
42547 11217673 -3.606118352383165 0.004639217220403363 0.5181600000000001 0.0 0.0
42548 10561439 0.9197047241568069 -0.762932177998881 0.57912 0.0 0.0
42548 11217673 -3.5599693908237846 0.004488577089284046 0.5181600000000001 0.0 0.0
42549 10561439 0.9487947075965176 -0.7670028777156219 0.57912 0.0 0.0
42549 11217673 -3.5178750759672868 0.008236143455219253 0.5181600000000001 0.0 0.0
42550 10561439 0.9778846910362283 -0.7710735774323627 0.57912 0.0 0.0
42550 11217673 -3.4709662465159887 0.010407931103704277 0.48768 0.0 0.0
42551 11217673 -3.4490610058171014 0.010832587489833373 0.48768 0.0 0.0
42551 10561439 1.0613159437848663 -0.7794022632781512 0.57912 0.0 0.0
42552 10561439 1.1307437511670284 -0.7898147793871376 0.57912 0.0 0.0
42552 11217673 -3.427155765118214 0.01125724387596247 0.48768 0.0 0.0
42553 11217673 -3.383124753292564 0.014137863525564093 0.48768 0.0 0.0
42553 10561439 1.1600076191072421 -0.7913128876692608 0.57912 0.0 0.0
42554 11217673 -3.315040521035526 0.01586431251311457 0.48768 0.0 0.0
42554 10561439 1.1892714870474559 -0.7928109959513839 0.57912 0.0 0.0
42555 11217673 -3.2577410202836337 0.016535244178579905 0.48768 0.0 0.0
42555 10561439 1.2507084233926127 -0.800495346323939 0.57912 0.0 0.0
42556 11217673 -3.200441519531741 0.01720617584404524 0.48768 0.0 0.0
42556 10561439 1.2998910061479707 -0.8021905979158246 0.57912 0.0 0.0
42557 11217673 -3.1551170534485147 0.01861321005632008 0.48768 0.0 0.0
42557 10561439 1.3478073415827099 -0.810481319318512 0.57912 0.0 0.0
42558 10561439 1.4089243422437479 -0.8164243113982249 0.57912 0.0 0.0
42558 11217673 -3.1097925873652885 0.020020244268594917 0.48768 0.0 0.0
42559 10561439 1.4346111442965812 -0.8166362658039134 0.57912 0.0 0.0
42559 11217673 -3.0639767011357337 0.02021522124124084 0.48768 0.0 0.0
42560 11217673 -3.023010047996487 0.021880670250006812 0.48768 0.0 0.0
42560 10561439 1.4774489070163193 -0.8228001316604806 0.57912 0.0 0.0
42561 10561439 1.5358366109661212 -0.8286684294161715 0.57912 0.0 0.0
42561 11217673 -2.9799948468868944 0.020305299680300676 0.48768 0.0 0.0
42562 11217673 -2.937774121895509 0.016302741753243394 0.48768 0.0 0.0
42562 10561439 1.576771441732249 -0.8338597549651315 0.57912 0.0 0.0
42563 10561439 1.6158836051184304 -0.8381051367214046 0.57912 0.0 0.0
42563 11217673 -2.893964607263195 0.017155341739885616 0.48768 0.0 0.0
42564 11217673 -2.8544834113699187 0.01428348185914094 0.48768 0.0 0.0
42564 10561439 1.6389406040695502 -0.8436490825402995 0.57912 0.0 0.0
42565 11217673 -2.815083125648015 0.006414111959489349 0.48768 0.0 0.0
42565 10561439 1.6792107752714591 -0.8481554743734622 0.57912 0.0 0.0
42566 10561439 1.7167975391709558 -0.8527199040986115 0.57912 0.0 0.0
42566 11217673 -2.7756828399261115 -0.0014552579401622412 0.48768 0.0 0.0
42567 11217673 -2.7349127970394367 -0.009889367058302151 0.48768 0.0 0.0
42567 10561439 1.7486348474691793 -0.8551728872810125 0.57912 0.0 0.0
42568 11217673 -2.6980005904115956 -0.021968271992240634 0.48768 0.0 0.0
42568 10561439 1.780472155767403 -0.8576258704634133 0.57912 0.0 0.0
42569 11217673 -2.6560943525122247 -0.034395715795826814 0.48768 0.0 0.0
42569 10561439 1.8193440149072275 -0.8609739381839588 0.57912 0.0 0.0
42570 10561439 1.8622409146360432 -0.8642343104343139 0.57912 0.0 0.0
42570 11217673 -2.614188114612854 -0.046823159599412995 0.48768 0.0 0.0
42571 10561439 1.9026736075263055 -0.8655215781948734 0.57912 0.0 0.0
42571 11217673 -2.5760293703043704 -0.06187979888095976 0.48768 0.0 0.0
42572 10561439 1.9441253320724903 -0.8691273147370004 0.57912 0.0 0.0
42572 11217673 -2.5374347242423143 -0.07696186474407954 0.48768 0.0 0.0
42573 10561439 1.99888070723648 -0.8700676152501258 0.57912 0.0 0.0
42573 11217673 -2.498840078180258 -0.09204393060719931 0.48768 0.0 0.0
42574 10561439 2.037225602724215 -0.8723079228245992 0.57912 0.0 0.0
42574 11217673 -2.4606596286693483 -0.10839209814045411 0.48768 0.0 0.0
42575 11217673 -2.4224791791584384 -0.12474026567370891 0.48768 0.0 0.0
42575 10561439 2.0700905770318565 -0.872291490556982 0.57912 0.0 0.0
42576 11217673 -2.383047146058289 -0.1399784884325583 0.48768 0.0 0.0
42576 10561439 2.1142599652215983 -0.8757322648381151 0.57912 0.0 0.0
42577 10561439 2.153545155863391 -0.8778117167163623 0.57912 0.0 0.0
42577 11217673 -2.3436151129581395 -0.1552167111914077 0.48768 0.0 0.0
42578 11217673 -2.305434231992522 -0.17156403738477885 0.48768 0.0 0.0
42578 10561439 2.1953068540653735 -0.8804658953943924 0.57912 0.0 0.0
42579 10561439 2.2168523609593973 -0.882477176839081 0.57912 0.0 0.0
42579 11217673 -2.2672533510269046 -0.18791136357815 0.48768 0.0 0.0
42580 10561439 2.2801594846541584 -0.8871420705136422 0.57912 0.0 0.0
42580 11217673 -2.229383069504899 -0.20520828165866126 0.48768 0.0 0.0
42581 11217673 -2.1908220882094325 -0.22039409854058326 0.48768 0.0 0.0
42581 10561439 2.325884532106296 -0.8966967411181913 0.57912 0.0 0.0
42582 10561439 2.358749239867553 -0.8966789696129575 0.57912 0.0 0.0
42582 11217673 -2.152593184606504 -0.23523735382516445 0.48768 0.0 0.0
42583 11217673 -2.1117393859601608 -0.25128959217760194 0.48768 0.0 0.0
42583 10561439 2.3934455116053295 -0.9019317075338212 0.57912 0.0 0.0
42584 11217673 -2.0922394420189008 -0.25766867602106663 0.48768 0.0 0.0
42584 10561439 2.4235972923104003 -0.9034226732552026 0.57912 0.0 0.0
42585 10561439 2.453749073015471 -0.9049136389765841 0.57912 0.0 0.0
42585 11217673 -2.072739498077641 -0.26404775986453133 0.48768 0.0 0.0
42586 10561439 2.4886275304440897 -0.9123281029795628 0.57912 0.0 0.0
42586 11217673 -2.0358259588460887 -0.27612319281520803 0.48768 0.0 0.0
42587 10561439 2.5284293572604697 -0.9128219723248961 0.57912 0.0 0.0
42587 11217673 -1.998118257829421 -0.2857708780213467 0.48768 0.0 0.0
42588 10561439 2.5605111859949092 -0.9179213293178826 0.57912 0.0 0.0
42588 11217673 -1.9160198264127823 -0.30771902693492514 0.48768 0.0 0.0
42589 11217673 -1.8795072951544085 -0.31966239343745106 0.48768 0.0 0.0
42589 10561439 2.5947504068463783 -0.9202202954559003 0.57912 0.0 0.0
42590 11217673 -1.8371571866554375 -0.3314118842179039 0.48768 0.0 0.0
42590 10561439 2.6470717819472647 -0.9248003666206676 0.57912 0.0 0.0
42591 10561439 2.678454422413228 -0.9293205118270539 0.57912 0.0 0.0
42591 11217673 -1.7994319830546959 -0.3410056312257845 0.48768 0.0 0.0
42592 10561439 2.721751881979026 -0.9327066571037589 0.57912 0.0 0.0
42592 11217673 -1.7617067794539543 -0.35059937823366505 0.48768 0.0 0.0
42593 11217673 -1.722044344775505 -0.3610599839216477 0.50292 0.0 0.0
42593 10561439 2.7627550434589097 -0.9376799768790641 0.57912 0.0 0.0
42594 11217673 -1.6823819100970556 -0.3715205896096303 0.5181600000000001 0.0 0.0
42594 10561439 2.8100651662997285 -0.9423753818323887 0.57912 0.0 0.0
42595 11217673 -1.6419556817785126 -0.38100372619135825 0.5181600000000001 0.0 0.0
42595 10561439 2.8460951459372237 -0.9408187124584163 0.57912 0.0 0.0
42596 11217673 -1.6015294534599696 -0.3904868627730862 0.5181600000000001 0.0 0.0
42596 10561439 2.8653239551311183 -0.9431232293941574 0.57912 0.0 0.0
42597 10561439 2.8845527643250124 -0.9454277463298985 0.57912 0.0 0.0
42597 11217673 -1.5724415744859244 -0.39932830802502384 0.5181600000000001 0.0 0.0
42598 10561439 2.9335166855403134 -0.945055035843486 0.57912 0.0 0.0
42598 11217673 -1.5433536955118792 -0.4081697532769615 0.5181600000000001 0.0 0.0
42599 11217673 -1.4898018954196863 -0.4201628089483349 0.5181600000000001 0.0 0.0
42599 10561439 2.9663119090234993 -0.9452455833796639 0.57912 0.0 0.0
42600 11217673 -1.4362500953274935 -0.43215586461970834 0.5181600000000001 0.0 0.0
42600 10561439 2.9955573810850216 -0.9467888860147016 0.57912 0.0 0.0
42601 10561439 3.024802853146544 -0.9483321886497392 0.57912 0.0 0.0
42601 11217673 -1.4012702371998909 -0.4409080613295989 0.5181600000000001 0.0 0.0
42602 11217673 -1.380077628423046 -0.44672859429870787 0.5181600000000001 0.0 0.0
42602 10561439 3.1057245892162406 -0.947992057929015 0.57912 0.0 0.0
42603 11217673 -1.3588850196462012 -0.4525491272678168 0.5181600000000001 0.0 0.0
42603 10561439 3.1545847458103182 -0.9479345309728912 0.57912 0.0 0.0
42604 10561439 3.182633344259721 -0.9463414436880467 0.57912 0.0 0.0
42604 11217673 -1.3157058769363743 -0.46176230837545584 0.5181600000000001 0.0 0.0
42605 10561439 3.22097718254808 -0.9485753390077062 0.57912 0.0 0.0
42605 11217673 -1.2723886443717702 -0.4705530276415285 0.5181600000000001 0.0 0.0
42606 10561439 3.2587393013122607 -0.9444280933614576 0.57912 0.0 0.0
42606 11217673 -1.1894947174267754 -0.49006507304024494 0.5181600000000001 0.0 0.0
42607 10561439 3.300341797857061 -0.9421179964813925 0.57912 0.0 0.0
42607 11217673 -1.147240836711211 -0.5014280364250141 0.5181600000000001 0.0 0.0
42608 11217673 -1.1049869559956464 -0.5127909998097834 0.5181600000000001 0.0 0.0
42608 10561439 3.3433140312289025 -0.9288070037674377 0.57912 0.0 0.0
42609 11217673 -1.058675363287114 -0.5205732562172349 0.5181600000000001 0.0 0.0
42609 10561439 3.3806996120572457 -0.9200974558724541 0.57912 0.0 0.0
42610 10561439 3.416652625224841 -0.9095185264473914 0.54864 0.0 0.0
42610 11217673 -1.010611989992295 -0.5311478410550848 0.5181600000000001 0.0 0.0
42611 10561439 3.4512237831457417 -0.8865736176320504 0.54864 0.0 0.0
42611 11217673 -0.9666043315178812 -0.5378256694355078 0.5181600000000001 0.0 0.0
42612 11217673 -0.9266606699560767 -0.5487825284535018 0.5181600000000001 0.0 0.0
42612 10561439 3.4857949410666427 -0.8636287088167095 0.54864 0.0 0.0
42613 11217673 -0.8833776913320992 -0.5576764076774728 0.5181600000000001 0.0 0.0
42613 10561439 3.506900225443821 -0.8490221447736038 0.54864 0.0 0.0
42614 11217673 -0.8401982154298653 -0.5668866752698202 0.5181600000000001 0.0 0.0
42614 10561439 3.5392508082845078 -0.8168251554288671 0.54864 0.0 0.0
42615 10561439 3.5595806572323445 -0.7926205102556543 0.54864 0.0 0.0
42615 11217673 -0.7966262677234965 -0.5735378087520325 0.5181600000000001 0.0 0.0
42616 11217673 -0.7535270004645886 -0.5827213088715494 0.5181600000000001 0.0 0.0
42616 10561439 3.579042817070965 -0.7601894909899435 0.54864 0.0 0.0
42617 10561439 3.5908574069268298 -0.7388132279398909 0.54864 0.0 0.0
42617 11217673 -0.7098747901533571 -0.5893981426438962 0.5181600000000001 0.0 0.0
42618 11217673 -0.665901578735218 -0.5961796468837717 0.5181600000000001 0.0 0.0
42618 10561439 3.602671996782694 -0.7174369648898383 0.54864 0.0 0.0
42619 10561439 3.6097348612569835 -0.6937509156686589 0.54864 0.0 0.0
42619 11217673 -0.61952084906048 -0.6037479151547046 0.5181600000000001 0.0 0.0
42620 11217673 -0.5865668183674926 -0.6089127170737039 0.5181600000000001 0.0 0.0
42620 10561439 3.6167977257312733 -0.6700648664474794 0.54864 0.0 0.0
42621 10561439 3.6296814003954534 -0.6305811349965625 0.54864 0.0 0.0
42621 11217673 -0.5536127876745052 -0.6140775189927031 0.5181600000000001 0.0 0.0
42622 10561439 3.635813845846948 -0.5862077692637669 0.54864 0.0 0.0
42622 11217673 -0.5209865445595769 -0.620244801264929 0.5181600000000001 0.0 0.0
42623 11217673 -0.4883603014446487 -0.6264120835371548 0.5181600000000001 0.0 0.0
42623 10561439 3.643121583185555 -0.5540159244306219 0.54864 0.0 0.0
42624 10561439 3.6450960725962016 -0.5251067309492313 0.54864 0.0 0.0
42624 11217673 -0.44477708693177775 -0.6332983833652395 0.5181600000000001 0.0 0.0
42625 11217673 -0.35468711091840466 -0.6479089588660397 0.5181600000000001 0.0 0.0
42625 10561439 3.647639006481291 -0.5064288678954145 0.54864 0.0 0.0
42626 11217673 -0.31027585279051384 -0.6522611402456703 0.5181600000000001 0.0 0.0
42626 10561439 3.650850586137482 -0.4802595785898277 0.54864 0.0 0.0
42627 11217673 -0.2663716402613978 -0.6592512625788182 0.5181600000000001 0.0 0.0
42627 10561439 3.662123217272538 -0.4293865971647016 0.54864 0.0 0.0
42628 11217673 -0.22232942449518944 -0.6658188946231718 0.5181600000000001 0.0 0.0
42628 10561439 3.6632332843386353 -0.38652826430818166 0.54864 0.0 0.0
42629 11217673 -0.18776810338355382 -0.672178937237961 0.5181600000000001 0.0 0.0
42629 10561439 3.6645827766697234 -0.3701476369084762 0.54864 0.0 0.0
42630 11217673 -0.1532067822719182 -0.6785389798527501 0.5181600000000001 0.0 0.0
42630 10561439 3.6677945379988266 -0.3439783823450041 0.54864 0.0 0.0
42631 10561439 3.6668439559303323 -0.29519102798083885 0.54864 0.0 0.0
42631 11217673 -0.09782810094748151 -0.6877885499173058 0.5181600000000001 0.0 0.0
42632 11217673 -0.042449419623044826 -0.6970381199818613 0.5181600000000001 0.0 0.0
42632 10561439 3.665299800352007 -0.26454951537815363 0.54864 0.0 0.0
42633 11217673 0.000984564366069307 -0.7041065487732118 0.5181600000000001 0.0 0.0
42633 10561439 3.6576885927586416 -0.23753520691136124 0.54864 0.0 0.0
42634 11217673 0.04218347925738608 -0.7098601215864411 0.5181600000000001 0.0 0.0
42634 10561439 3.651455486342888 -0.20629805566061424 0.54864 0.0 0.0
42635 11217673 0.08612221245940821 -0.7167424950073552 0.5181600000000001 0.0 0.0
42635 10561439 3.6403427522875607 -0.1886542030661215 0.54864 0.0 0.0
42636 11217673 0.12772237736751324 -0.7226267012859972 0.5181600000000001 0.0 0.0
42636 10561439 3.6267100974016957 -0.16621636151325894 0.54864 0.0 0.0
42637 10561439 3.6136426693640264 -0.14857700395002157 0.54864 0.0 0.0
42637 11217673 0.17324079897606448 -0.7328286560512695 0.5181600000000001 0.0 0.0
42638 11217673 0.2172485363098704 -0.7394991005390044 0.5181600000000001 0.0 0.0
42638 10561439 3.600575241326357 -0.1309376463867842 0.54864 0.0 0.0
42639 10561439 3.572955856658739 -0.10673880918462589 0.5181600000000001 0.0 0.0
42639 11217673 0.2612045318989312 -0.7463274685302534 0.5181600000000001 0.0 0.0
42640 11217673 0.30516052748799205 -0.7531558365215024 0.5181600000000001 0.0 0.0
42640 10561439 3.5478997584673806 -0.0923709488576239 0.5181600000000001 0.0 0.0
42641 11217673 0.34793918784531197 -0.7622277075708093 0.5181600000000001 0.0 0.0
42641 10561439 3.531360579194331 -0.08183373766077476 0.5181600000000001 0.0 0.0
42642 11217673 0.3918321907305722 -0.7689763965579945 0.5181600000000001 0.0 0.0
42642 10561439 3.4783101955280946 -0.05938109936587124 0.5181600000000001 0.0 0.0
42643 11217673 0.4354844352141293 -0.7756461448615469 0.5181600000000001 0.0 0.0
42643 10561439 3.4479551499146304 -0.0490073610708707 0.5181600000000001 0.0 0.0
42644 10561439 3.4158085510893734 -0.04412311976328723 0.5181600000000001 0.0 0.0
42644 11217673 0.480078514332537 -0.7805204751386947 0.5181600000000001 0.0 0.0
42645 10561439 3.3862070944841696 -0.03960212168858482 0.5181600000000001 0.0 0.0
42645 11217673 0.5224685847586751 -0.788062248667613 0.5181600000000001 0.0 0.0
42646 10561439 3.3591874864017317 -0.03125105840979328 0.5181600000000001 0.0 0.0
42646 11217673 0.5648586551848132 -0.7956040221965314 0.5181600000000001 0.0 0.0
42647 10561439 3.3210080868255476 -0.02988774126250185 0.5181600000000001 0.0 0.0
42647 11217673 0.6087974195078807 -0.8024831407616138 0.5181600000000001 0.0 0.0
42648 11217673 0.652570039544409 -0.8091907413843114 0.5181600000000001 0.0 0.0
42648 10561439 3.288438056212229 -0.02357976029670153 0.5181600000000001 0.0 0.0
42649 10561439 3.256104620740956 -0.024708189457325475 0.5181600000000001 0.0 0.0
42649 11217673 0.6963426595809372 -0.815898342007009 0.5181600000000001 0.0 0.0
42650 11217673 0.7402356579858501 -0.8226448640066939 0.5181600000000001 0.0 0.0
42650 10561439 3.223520001608267 -0.023885461699038962 0.5181600000000001 0.0 0.0
42651 11217673 0.7831292051721788 -0.8316347550870166 0.5181600000000001 0.0 0.0
42651 10561439 3.1914989242685374 -0.0199757039199773 0.5181600000000001 0.0 0.0
42652 10561439 3.167694362871977 -0.023537089353274282 0.5181600000000001 0.0 0.0
42652 11217673 0.8270679837480854 -0.8385125143925696 0.5181600000000001 0.0 0.0
42653 11217673 0.8717654265329211 -0.8430676932025908 0.5181600000000001 0.0 0.0
42653 10561439 3.1451203185388414 -0.020607899776956234 0.50292 0.0 0.0
42654 11217673 0.9150145113054557 -0.852056092999768 0.5181600000000001 0.0 0.0
42654 10561439 3.122546274205706 -0.017678710200638187 0.48768 0.0 0.0
42655 10561439 3.091175086732063 -0.019938245859479148 0.48768 0.0 0.0
42655 11217673 0.9614298639430616 -0.8595084088995955 0.5181600000000001 0.0 0.0
42656 11217673 1.0029265540266317 -0.8657041356045688 0.5181600000000001 0.0 0.0
42656 10561439 3.057662309445334 -0.01787732484020768 0.48768 0.0 0.0
42657 10561439 3.0265691152065974 -0.015204255320584031 0.48768 0.0 0.0
42657 11217673 1.025080258927483 -0.868034297518614 0.5181600000000001 0.0 0.0
42658 10561439 2.998742283305612 -0.014765428830927602 0.48768 0.0 0.0
42658 11217673 1.0472339638283341 -0.8703644594326593 0.5181600000000001 0.0 0.0
42659 11217673 1.1346989402865475 -0.8837480070550706 0.5181600000000001 0.0 0.0
42659 10561439 2.9647223879824836 -0.016977580426920907 0.48768 0.0 0.0
42660 10561439 2.927091453719507 -0.01801083330936612 0.48768 0.0 0.0
42660 11217673 1.1786032280708916 -0.890729138313444 0.5181600000000001 0.0 0.0
42661 11217673 1.21893056602072 -0.8964247076489643 0.5181600000000001 0.0 0.0
42661 10561439 2.893452984167963 -0.014973624259644963 0.48768 0.0 0.0
42662 10561439 2.878201674528132 -0.01817219860181704 0.48768 0.0 0.0
42662 11217673 1.2592579039705483 -0.9021202769844846 0.5181600000000001 0.0 0.0
42663 10561439 2.827192503713042 -0.01530505015275166 0.48768 0.0 0.0
42663 11217673 1.3034498952696376 -0.9076757712498896 0.5181600000000001 0.0 0.0
42664 10561439 2.7972534639444153 -0.0186150301025009 0.48768 0.0 0.0
42664 11217673 1.3476418865687267 -0.9132312655152947 0.5181600000000001 0.0 0.0
42665 10561439 2.770595587849786 -0.01867381057079545 0.48768 0.0 0.0
42665 11217673 1.3890469786459727 -0.9191611747774854 0.5181600000000001 0.0 0.0
42666 11217673 1.432699185829278 -0.925824754997545 0.5181600000000001 0.0 0.0
42666 10561439 2.7609663149337536 -0.015530290802744234 0.48768 0.0 0.0
42667 11217673 1.475399641327609 -0.9324107427335675 0.5334000000000001 0.0 0.0
42667 10561439 2.7252933451777617 -0.02035583603986399 0.45720000000000005 0.0 0.0
42668 11217673 1.51810009682594 -0.93899673046959 0.54864 0.0 0.0
42668 10561439 2.6919509653555913 -0.020218020148504795 0.45720000000000005 0.0 0.0
42669 11217673 1.5620388446107045 -0.9458699139338648 0.5181600000000001 0.0 0.0
42669 10561439 2.661901134029944 -0.017066352541899837 0.45720000000000005 0.0 0.0
42670 10561439 2.637305798698308 -0.018966211163418872 0.45720000000000005 0.0 0.0
42670 11217673 1.606873924337909 -0.9499981901371374 0.5181600000000001 0.0 0.0
42671 10561439 2.6082306936917883 -0.015548458923928948 0.45720000000000005 0.0 0.0
42671 11217673 1.650778183655512 -0.956976384102724 0.5181600000000001 0.0 0.0
42672 10561439 2.593141692148415 -0.015528578621733513 0.45720000000000005 0.0 0.0
42672 11217673 1.6925172092058753 -0.960793980931783 0.5181600000000001 0.0 0.0
42673 11217673 1.7361693822592938 -0.967455684419476 0.5181600000000001 0.0 0.0
42673 10561439 2.5780526906050425 -0.015508698319538078 0.45720000000000005 0.0 0.0
42674 10561439 2.5338885315809296 -0.012070711969645348 0.45720000000000005 0.0 0.0
42674 11217673 1.7801425735691652 -0.9742219468394843 0.5181600000000001 0.0 0.0
42675 11217673 1.8192315266602637 -0.9796266572439586 0.5181600000000001 0.0 0.0
42675 10561439 2.4993266526765145 -0.009139119403428847 0.45720000000000005 0.0 0.0
42676 10561439 2.4772310759010945 -0.006101274052877914 0.45720000000000005 0.0 0.0
42676 11217673 1.8663362461577897 -0.9849617455242582 0.5181600000000001 0.0 0.0
42677 11217673 1.9078673002617135 -0.9910465883462277 0.5181600000000001 0.0 0.0
42677 10561439 2.4551354991256744 -0.0030634287023269813 0.45720000000000005 0.0 0.0
42678 11217673 1.9298538868977215 -0.9944291847284995 0.5181600000000001 0.0 0.0
42678 10561439 2.425518531467778 -0.004023971534495491 0.45720000000000005 0.0 0.0
42679 11217673 1.9518404735337298 -0.9978117811107713 0.5181600000000001 0.0 0.0
42679 10561439 2.4014647641461604 -0.0015439679525608152 0.45720000000000005 0.0 0.0
42680 11217673 2.038512519298067 -1.013612110447053 0.5181600000000001 0.0 0.0
42680 10561439 2.3689934279940648 -0.001455503615312409 0.45720000000000005 0.0 0.0
42681 10561439 2.3428607622345825 -0.004254315111721391 0.45720000000000005 0.0 0.0
42681 11217673 2.060338601324193 -1.0169418921039703 0.5181600000000001 0.0 0.0
42682 11217673 2.082164683350319 -1.0202716737608877 0.5181600000000001 0.0 0.0
42682 10561439 2.3099649623225815 -0.0043774724818181066 0.42672000000000004 0.0 0.0
42683 11217673 2.1260689342382593 -1.0272469107445732 0.5181600000000001 0.0 0.0
42683 10561439 2.2813225964162998 -0.005071602283593629 0.42672000000000004 0.0 0.0
42684 11217673 2.211843968169598 -1.0474249395429491 0.5181600000000001 0.0 0.0
42684 10561439 2.253034526282435 -0.007399973742324956 0.42672000000000004 0.0 0.0
42685 10561439 2.2208958258378892 -0.006835413551807085 0.42672000000000004 0.0 0.0
42685 11217673 2.2581559348791247 -1.0551854230804034 0.5181600000000001 0.0 0.0
42686 10561439 2.1996046824246585 -0.00514003449509734 0.42672000000000004 0.0 0.0
42686 11217673 2.3013709454642504 -1.0642708862232015 0.5181600000000001 0.0 0.0
42687 11217673 2.3456779727713766 -1.0689230631498188 0.5181600000000001 0.0 0.0
42687 10561439 2.155562717056409 -0.006763001546227915 0.42672000000000004 0.0 0.0
42688 11217673 2.3680207842752994 -1.071077180151795 0.5181600000000001 0.0 0.0
42688 10561439 2.1270829264765823 -0.00423868560082466 0.42672000000000004 0.0 0.0
42689 10561439 2.1086230455066604 -0.003662242287955706 0.42672000000000004 0.0 0.0
42689 11217673 2.390363595779222 -1.0732312971537714 0.5181600000000001 0.0 0.0
42690 10561439 2.0901631645367384 -0.0030857989750867525 0.42672000000000004 0.0 0.0
42690 11217673 2.4760226373770164 -1.0760792540406632 0.5181600000000001 0.0 0.0
42691 11217673 2.498235519119712 -1.0746860642705838 0.5181600000000001 0.0 0.0
42691 10561439 2.0717032835668165 -0.0025093556622177993 0.42672000000000004 0.0 0.0
42692 10561439 2.0433708999139784 -0.0022524522399441083 0.42672000000000004 0.0 0.0
42692 11217673 2.5204484008624077 -1.0732928745005041 0.5181600000000001 0.0 0.0
42693 11217673 2.563396825234622 -1.0668699526490801 0.5181600000000001 0.0 0.0
42693 10561439 2.0109561932681213 -0.0025314490700563963 0.39624000000000004 0.0 0.0
42694 11217673 2.6072877904119975 -1.0561986538174544 0.5181600000000001 0.0 0.0
42694 10561439 1.9834273493212076 -0.0009012366420313722 0.39624000000000004 0.0 0.0
42695 11217673 2.6858053593513405 -1.0319481849775642 0.54864 0.0 0.0
42695 10561439 1.952343999479158 0.0007216612429744862 0.39624000000000004 0.0 0.0
42696 11217673 2.7221902928962898 -1.011350025314665 0.54864 0.0 0.0
42696 10561439 1.9236453462427583 0.0020331905355902846 0.39624000000000004 0.0 0.0
42697 10561439 1.8783190050186649 0.0008312332253200827 0.39624000000000004 0.0 0.0
42697 11217673 2.757154900796351 -0.987484565822471 0.5181600000000001 0.0 0.0
42698 11217673 2.790171411445716 -0.960880456925545 0.5181600000000001 0.0 0.0
42698 10561439 1.849815245721535 0.002196211996998182 0.39624000000000004 0.0 0.0
42699 10561439 1.8270640366417852 -0.0011211484857380771 0.39624000000000004 0.0 0.0
42699 11217673 2.8178378837320817 -0.9314396726265513 0.5181600000000001 0.0 0.0
42700 10561439 1.7948790850582508 -0.0004228153547466279 0.39624000000000004 0.0 0.0
42700 11217673 2.8455043560184468 -0.9019988883275576 0.5181600000000001 0.0 0.0
42701 10561439 1.7626941334747164 0.0002755177762448213 0.39624000000000004 0.0 0.0
42701 11217673 2.8731708283048123 -0.8725581040285638 0.5181600000000001 0.0 0.0
42702 10561439 1.7357499798958251 0.0020661348640989563 0.39624000000000004 0.0 0.0
42702 11217673 2.89444697301756 -0.841654458992476 0.5181600000000001 0.0 0.0
42703 11217673 2.9135230620654964 -0.8076964003942088 0.5181600000000001 0.0 0.0
42703 10561439 1.7089184686082288 0.001211116523147602 0.39624000000000004 0.0 0.0
42704 10561439 1.6820869573206323 0.0003560981821962479 0.39624000000000004 0.0 0.0
42704 11217673 2.9272023233032876 -0.7821105447346712 0.5181600000000001 0.0 0.0
42705 10561439 1.655255446033036 -0.0004989201587551062 0.39624000000000004 0.0 0.0
42705 11217673 2.9408815845410783 -0.7565246890751338 0.5181600000000001 0.0 0.0
42706 11217673 2.963459326525487 -0.7036757248820587 0.5181600000000001 0.0 0.0
42706 10561439 1.6280491379612467 -0.00025767811256393117 0.39624000000000004 0.0 0.0
42707 11217673 2.975278085185637 -0.6674656965099053 0.5181600000000001 0.0 0.0
42707 10561439 1.6008428298894577 -1.643606637275613e-05 0.39624000000000004 0.0 0.0
42708 10561439 1.5736365218176684 0.0002248059798184189 0.39624000000000004 0.0 0.0
42708 11217673 2.987096843845787 -0.6312556681377518 0.5181600000000001 0.0 0.0
42709 10561439 1.5464302137458792 0.00046604802600959394 0.39624000000000004 0.0 0.0
42709 11217673 2.993023452179514 -0.6130978680154223 0.5181600000000001 0.0 0.0
42710 10561439 1.5226348274635213 -0.00332717085330414 0.39624000000000004 0.0 0.0
42710 11217673 2.9989500605132404 -0.5949400678930928 0.5181600000000001 0.0 0.0
42711 10561439 1.4947250264364098 -0.00449135239981148 0.39624000000000004 0.0 0.0
42711 11217673 3.013780081405887 -0.5250187728993542 0.5181600000000001 0.0 0.0
42712 10561439 1.4641132558258922 -0.0003335661248891203 0.36576 0.0 0.0
42712 11217673 3.0208183787370526 -0.4871315947296616 0.5181600000000001 0.0 0.0
42713 10561439 1.4340938380412984 -0.001158857436853171 0.36576 0.0 0.0
42713 11217673 3.022421563536235 -0.4495730784745906 0.5181600000000001 0.0 0.0
42714 10561439 1.4040744202567046 -0.0019841487488172216 0.36576 0.0 0.0
42714 11217673 3.024276055049931 -0.4139656111326796 0.50292 0.0 0.0
42715 11217673 3.0261305465636266 -0.3783581437907686 0.48768 0.0 0.0
42715 10561439 1.3712119290367328 -0.0019973946812568144 0.36576 0.0 0.0
42716 10561439 1.3615826789384047 0.0011480393884464868 0.36576 0.0 0.0
42716 11217673 3.021003702262517 -0.340471907460066 0.48768 0.0 0.0
42717 10561439 1.3374943219586874 0.0013531398687394725 0.36576 0.0 0.0
42717 11217673 3.0158768579614073 -0.3025856711293634 0.48768 0.0 0.0
42718 10561439 1.3134059649789702 0.0015582403490324581 0.36576 0.0 0.0
42718 11217673 3.006576952455454 -0.2641549602169567 0.48768 0.0 0.0
42719 10561439 1.2893176079992528 0.0017633408293254438 0.36576 0.0 0.0
42719 11217673 2.993766231850418 -0.22995174329658227 0.48768 0.0 0.0
42720 11217673 2.976699902236411 -0.19926557717032495 0.47244 0.0 0.0
42720 10561439 1.2652292510195355 0.0019684413096184294 0.36576 0.0 0.0
42721 11217673 2.959633572622404 -0.16857941104406762 0.45720000000000005 0.0 0.0
42721 10561439 1.2411408940398183 0.002173541789911415 0.36576 0.0 0.0
42722 10561439 1.2138952770115838 0.00032609021959083273 0.36576 0.0 0.0
42722 11217673 2.936490078990089 -0.13882977604562927 0.45720000000000005 0.0 0.0
42723 11217673 2.905671881173868 -0.11627051860728657 0.45720000000000005 0.0 0.0
42723 10561439 1.19419779567931 0.0025551115589961676 0.36576 0.0 0.0
42724 11217673 2.8782014857771294 -0.09433664774522113 0.45720000000000005 0.0 0.0
42724 10561439 1.1778771726083226 0.0024349299012121025 0.36576 0.0 0.0
42725 10561439 1.1615565495373352 0.002314748243428038 0.36576 0.0 0.0
42725 11217673 2.8521982861655935 -0.07334884108003484 0.45720000000000005 0.0 0.0
42726 11217673 2.821621747417643 -0.05957074167854526 0.44196 0.0 0.0
42726 10561439 1.1452359264663479 0.0021945665856439728 0.36576 0.0 0.0
42727 11217673 2.791045208669692 -0.04579264227705568 0.42672000000000004 0.0 0.0
42727 10561439 1.114758557898914 0.002688304638381385 0.36576 0.0 0.0
42728 10561439 1.0924968626109193 0.0031851697024057705 0.36576 0.0 0.0
42728 11217673 2.7494854656344394 -0.03981847509618339 0.42672000000000004 0.0 0.0
42729 10561439 1.0702351673229242 0.003682034766430156 0.36576 0.0 0.0
42729 11217673 2.713533024367135 -0.03298782900817651 0.42672000000000004 0.0 0.0
42730 10561439 1.0427041975258233 0.003680780844141751 0.36576 0.0 0.0
42730 11217673 2.6867315042571542 -0.024238115685659894 0.42672000000000004 0.0 0.0
42731 10561439 1.010737930211687 0.0064137408610541735 0.36576 0.0 0.0
42731 11217673 2.6493542120205196 -0.022315495430659527 0.42672000000000004 0.0 0.0
42732 10561439 0.9662786127728009 0.0018963196551491646 0.36576 0.0 0.0
42732 11217673 2.611976919783885 -0.02039287517565916 0.42672000000000004 0.0 0.0
42733 11217673 2.5758026859343524 -0.019680395539180773 0.42672000000000004 0.0 0.0
42733 10561439 0.9326450823530473 0.0016114817972171052 0.37084 0.0 0.0
42734 11217673 2.53962845208482 -0.018967915902702387 0.42672000000000004 0.0 0.0
42734 10561439 0.8990115519332939 0.0013266439392850458 0.37592 0.0 0.0
42735 10561439 0.8653780215135403 0.0010418060813529861 0.381 0.0 0.0
42735 11217673 2.5045323229575858 -0.017672624061747216 0.39624000000000004 0.0 0.0
42736 11217673 2.469033331338939 -0.018698831256085485 0.39624000000000004 0.0 0.0
42736 10561439 0.8317444910937867 0.0007569682234209267 0.38608000000000003 0.0 0.0
42737 11217673 2.4375841810887344 -0.016023943797037338 0.39624000000000004 0.0 0.0
42737 10561439 0.7981109606740331 0.00047213036548886733 0.39116 0.0 0.0
42738 11217673 2.401798590182328 -0.01683945038561266 0.39624000000000004 0.0 0.0
42738 10561439 0.7644774302542796 0.0001872925075568077 0.39624000000000004 0.0 0.0
42739 10561439 0.7258763082578188 0.0016432169095875054 0.39624000000000004 0.0 0.0
42739 11217673 2.367781583067053 -0.013325847552365683 0.39624000000000004 0.0 0.0
42740 11217673 2.335642992304211 -0.012761807824114874 0.39624000000000004 0.0 0.0
42740 10561439 0.6872751862613581 0.003099141311618203 0.39624000000000004 0.0 0.0
42741 10561439 0.6486740642648974 0.004555065713648901 0.39624000000000004 0.0 0.0
42741 11217673 2.3053957510020044 -0.012932017366699161 0.39624000000000004 0.0 0.0
42742 11217673 2.273612534947508 -0.012366936813850343 0.39624000000000004 0.0 0.0
42742 10561439 0.6100729422684366 0.006010990115679599 0.39624000000000004 0.0 0.0
42743 11217673 2.259330604152706 -0.01395336562556801 0.39624000000000004 0.0 0.0
42743 10561439 0.5844368198502506 0.005470164599485479 0.39624000000000004 0.0 0.0
42744 11217673 2.2450486733579034 -0.015539794437285676 0.39624000000000004 0.0 0.0
42744 10561439 0.5588006974320646 0.00492933908329136 0.39624000000000004 0.0 0.0
42745 10561439 0.5331645750138787 0.004388513567097241 0.39624000000000004 0.0 0.0
42745 11217673 2.212726278346503 -0.015265689683364753 0.36576 0.0 0.0
42746 10561439 0.474675703652543 0.007495844733394971 0.42672000000000004 0.0 0.0
42746 11217673 2.151052664888566 -0.012416320359926708 0.36576 0.0 0.0
42747 10561439 0.43063060305363776 0.005883573055426583 0.42672000000000004 0.0 0.0
42747 11217673 2.137516579580275 -0.013077880461105446 0.36576 0.0 0.0
42748 11217673 2.1239804942719847 -0.013739440562284183 0.36576 0.0 0.0
42748 10561439 0.4033494933199908 0.0039336713700243164 0.42672000000000004 0.0 0.0
42749 10561439 0.33354084703908804 0.005016672366518898 0.42672000000000004 0.0 0.0
42749 11217673 2.0615251502957355 -0.013554594509295859 0.36576 0.0 0.0
42750 11217673 2.034074825367007 -0.014403457135445136 0.36576 0.0 0.0
42750 10561439 0.30552616774470265 0.0035404949850921796 0.42672000000000004 0.0 0.0
42751 10561439 0.26798569481977175 0.005528024802757048 0.45720000000000005 0.0 0.0
42751 11217673 2.0001264513411265 -0.010676960286867432 0.36576 0.0 0.0
42752 11217673 1.9710497611975493 -0.008891705336694727 0.36576 0.0 0.0
42752 10561439 0.23407790112841187 0.0050433998002905045 0.45720000000000005 0.0 0.0
42753 11217673 1.9422500157151794 -0.004626709995229711 0.36576 0.0 0.0
42753 10561439 0.21399221927833023 0.003371265485893407 0.45720000000000005 0.0 0.0
42754 10561439 0.1939065374282486 0.0016991311714963098 0.45720000000000005 0.0 0.0
42754 11217673 1.9160050067466154 -0.0034155219385075264 0.36576 0.0 0.0
42755 10561439 0.12245797293905525 0.0032031596134005913 0.45720000000000005 0.0 0.0
42755 11217673 1.8888196426949078 -0.002364428235469035 0.36576 0.0 0.0
42756 11217673 1.8595122557444883 -0.0023725450987949204 0.36576 0.0 0.0
42756 10561439 0.09416777791657444 0.0017009946597559555 0.45720000000000005 0.0 0.0
42757 10561439 0.06587758289409362 0.00019882970611131978 0.45720000000000005 0.0 0.0
42757 11217673 1.8320013511793156 -0.003405200820218446 0.35814 0.0 0.0
42758 10561439 0.04374514230858739 -0.0012128511955408205 0.45720000000000005 0.0 0.0
42758 11217673 1.804490446614143 -0.004437856541641971 0.35052 0.0 0.0
42759 10561439 -0.0004043011800303198 -0.0031391163285013346 0.48768 0.0 0.0
42759 11217673 1.7769795420489702 -0.005470512263065497 0.3429 0.0 0.0
42760 10561439 -0.03563243692457285 -0.004943495596905462 0.48768 0.0 0.0
42760 11217673 1.7494686374837976 -0.006503167984489022 0.33528 0.0 0.0
42761 10561439 -0.08478742903776171 -0.012944068358865662 0.48768 0.0 0.0
42761 11217673 1.7194727570710906 -0.006986835112272244 0.33528 0.0 0.0
42762 10561439 -0.12191910697936781 -0.014593210517044625 0.48768 0.0 0.0
42762 11217673 1.6921023075419737 -0.007860583434516982 0.33528 0.0 0.0
42763 11217673 1.6606412273524116 -0.004944912767397169 0.33528 0.0 0.0
42763 10561439 -0.15811510898578462 -0.020987621937424067 0.48768 0.0 0.0
42764 11217673 1.632662629304828 -0.006320760039117385 0.33528 0.0 0.0
42764 10561439 -0.1912122599072703 -0.02442254242216088 0.5181600000000001 0.0 0.0
42765 11217673 1.60252745948496 -0.008861298088462227 0.33528 0.0 0.0
42765 10561439 -0.22459437036884622 -0.02601170704608599 0.5181600000000001 0.0 0.0
42766 11217673 1.5730379155203995 -0.006706031145131339 0.33528 0.0 0.0
42766 10561439 -0.2488692525514271 -0.03098660850228968 0.5181600000000001 0.0 0.0
42767 10561439 -0.273144134734008 -0.03596150995849337 0.5181600000000001 0.0 0.0
42767 11217673 1.5436267253197624 -0.007029528599513557 0.33528 0.0 0.0
42768 11217673 1.515061822876756 -0.010199456050558192 0.33528 0.0 0.0
42768 10561439 -0.31068062030318333 -0.04074877505662569 0.5181600000000001 0.0 0.0
42769 11217673 1.4860191812550962 -0.008306649766158511 0.33528 0.0 0.0
42769 10561439 -0.34295398134120725 -0.04573754312725367 0.5181600000000001 0.0 0.0
42770 11217673 1.456816023702918 -0.00636124219608885 0.33528 0.0 0.0
42770 10561439 -0.3839114656902478 -0.05419630865735356 0.5181600000000001 0.0 0.0
42771 11217673 1.4276128661507397 -0.004415834626019188 0.33528 0.0 0.0
42771 10561439 -0.4195328026939269 -0.05855766634568607 0.5181600000000001 0.0 0.0
42772 11217673 1.3955421901220009 -0.003636413556687604 0.33528 0.0 0.0
42772 10561439 -0.4472163978437811 -0.06037315133913304 0.54864 0.0 0.0
42773 10561439 -0.4821967316656097 -0.06576162312166353 0.54864 0.0 0.0
42773 11217673 1.3675632732753487 -0.005011217023636397 0.33528 0.0 0.0
42774 10561439 -0.5400037643526963 -0.07794110176188337 0.54864 0.0 0.0
42774 11217673 1.3405544789275576 -0.004775173377331916 0.32004 0.0 0.0
42775 11217673 1.3135456845797664 -0.004539129731027436 0.3048 0.0 0.0
42775 10561439 -0.5688391886438853 -0.08463712900000928 0.54864 0.0 0.0
42776 11217673 1.2873001398369373 -0.003325614229375509 0.3048 0.0 0.0
42776 10561439 -0.6096248619756448 -0.09256684859836936 0.54864 0.0 0.0
42777 10561439 -0.6372285555231354 -0.09440783243815845 0.57912 0.0 0.0
42777 11217673 1.2625215192850285 -0.003058504606186785 0.3048 0.0 0.0
42778 11217673 1.2362759356860384 -0.0018448000973808054 0.3048 0.0 0.0
42778 10561439 -0.6534101138237598 -0.09554334565757844 0.57912 0.0 0.0
42779 10561439 -0.6695916721243842 -0.09667885887699842 0.57912 0.0 0.0
42779 11217673 1.2115317570254118 -0.0014719523359889713 0.3048 0.0 0.0
42780 11217673 1.1882053968657453 -0.0012895353509509617 0.3048 0.0 0.0
42780 10561439 -0.7233719198924831 -0.10631812604382848 0.57912 0.0 0.0
42781 11217673 1.164879036706079 -0.0011071183659129523 0.3048 0.0 0.0
42781 10561439 -0.7513882484185599 -0.10779015110635623 0.57912 0.0 0.0
42782 11217673 1.1415526765464126 -0.0009247013808749427 0.3048 0.0 0.0
42782 10561439 -0.7834426644721348 -0.11074583395602397 0.57912 0.0 0.0
42783 11217673 1.1221389893265452 -0.0021761382908015436 0.33528 0.0 0.0
42783 10561439 -0.8323441145913603 -0.11496947202269223 0.57912 0.0 0.0
42784 10561439 -0.8575520417266682 -0.11735934105158591 0.57912 0.0 0.0
42785 10561439 -0.882759968861976 -0.11974921008047959 0.57912 0.0 0.0
42786 10561439 -0.9172090650082136 -0.1205193684695676 0.6096 0.0 0.0
42787 10561439 -0.9556402214540334 -0.12395972627945032 0.6096 0.0 0.0
42788 10561439 -0.9921731531989733 -0.13246033609552813 0.6096 0.0 0.0
42789 10561439 -1.0257449071419475 -0.13842400278054992 0.6096 0.0 0.0
42790 10561439 -1.067672612426549 -0.15146940323378102 0.6096 0.0 0.0
42791 10561439 -1.0924969499015111 -0.15947531320792477 0.6096 0.0 0.0
42792 10561439 -1.1324300598920218 -0.18380472805970285 0.6096 0.0 0.0
42793 10561439 -1.1740218728994993 -0.21483544214550235 0.6400800000000001 0.0 0.0
42794 10561439 -1.2002428112508439 -0.24177921020452744 0.6400800000000001 0.0 0.0
42795 10561439 -1.2218838075744196 -0.27536141549124715 0.6400800000000001 0.0 0.0
42796 10561439 -1.2419112713495137 -0.3012927086427557 0.6400800000000001 0.0 0.0
42797 10561439 -1.2551523449051512 -0.3377093757789291 0.6400800000000001 0.0 0.0
42798 10561439 -1.2683934184607886 -0.3741260429151026 0.6400800000000001 0.0 0.0
42799 10561439 -1.2749678287362765 -0.4069978004369992 0.6400800000000001 0.0 0.0
42800 10561439 -1.2815422390117643 -0.4398695579588958 0.6400800000000001 0.0 0.0
42801 10561439 -1.2875254669189593 -0.4913071155090921 0.6400800000000001 0.0 0.0
42802 10561439 -1.2852799760874694 -0.5371401365848671 0.6400800000000001 0.0 0.0
42803 10561439 -1.288463750172456 -0.5767579588129786 0.6400800000000001 0.0 0.0
42804 10561439 -1.2847424528086113 -0.6153623369936367 0.6400800000000001 0.0 0.0
42805 10561439 -1.2854166223340673 -0.6570859579166833 0.6400800000000001 0.0 0.0
42806 10561439 -1.2806352334105477 -0.702229211588498 0.67056 0.0 0.0
42807 10561439 -1.2652308627158309 -0.755636321604262 0.67056 0.0 0.0
42808 10561439 -1.2540116449827818 -0.7973932758139368 0.67056 0.0 0.0
42809 10561439 -1.22383283268574 -0.8599540357565694 0.67056 0.0 0.0
42810 10561439 -1.1978828686574141 -0.8974142377073716 0.67056 0.0 0.0
42811 10561439 -1.1673589107754674 -0.9371876573982377 0.67056 0.0 0.0
42812 10561439 -1.1349021502575787 -0.9656171374151626 0.67056 0.0 0.0
42813 10561439 -1.10244538973969 -0.9940466174320876 0.67056 0.0 0.0
42814 10561439 -1.0519352121053787 -1.0270347579704404 0.67056 0.0 0.0
42815 10561439 -1.0278561194346543 -1.0382955042040392 0.67056 0.0 0.0
42816 10561439 -1.0037770267639299 -1.049556250437638 0.67056 0.0 0.0
42817 10561439 -0.9116769944499459 -1.0789659436054493 0.67056 0.0 0.0
42818 10561439 -0.8696727466284259 -1.0849870555391847 0.67056 0.0 0.0
42819 10561439 -0.8276684988069059 -1.09100816747292 0.67056 0.0 0.0
42820 10561439 -0.7564933230255406 -1.0906758508702337 0.67056 0.0 0.0
42821 10561439 -0.6946640935784512 -1.0890402190436153 0.7010400000000001 0.0 0.0
42822 10561439 -0.6551058075840359 -1.0859655706463613 0.7010400000000001 0.0 0.0
42823 10561439 -0.6081730239761018 -1.0826142111732826 0.7010400000000001 0.0 0.0
42824 10561439 -0.5689187421386556 -1.079381262371683 0.7010400000000001 0.0 0.0
42825 10561439 -0.5296644603012093 -1.0761483135700833 0.7010400000000001 0.0 0.0
42826 10561439 -0.47878671237202886 -1.0726837370023818 0.7010400000000001 0.0 0.0
42827 10561439 -0.42911071723480054 -1.0663725881122137 0.7010400000000001 0.0 0.0
42828 10561439 -0.38094996553585303 -1.0614351773656516 0.7010400000000001 0.0 0.0
42829 10561439 -0.34077284499704574 -1.0580939610713556 0.7010400000000001 0.0 0.0
42830 10561439 -0.27628699236203746 -1.0466918734714765 0.7010400000000001 0.0 0.0
42831 10561439 -0.2244109857339771 -1.0417995503275583 0.7010400000000001 0.0 0.0
42832 10561439 -0.15759898600304245 -1.0319746405359715 0.7010400000000001 0.0 0.0
42833 10561439 -0.1193523154600088 -1.0289651745243757 0.7010400000000001 0.0 0.0
42834 10561439 -0.08110564491697514 -1.0259557085127797 0.7010400000000001 0.0 0.0
42835 10561439 0.0001175687050833929 -1.0138880085550515 0.7010400000000001 0.0 0.0
42836 10561439 0.025480329465927598 -1.0130638473819396 0.7010400000000001 0.0 0.0
42837 10561439 0.0508430902267718 -1.0122396862088274 0.7010400000000001 0.0 0.0
42838 10561439 0.10058776512909118 -1.0040786022160415 0.67056 0.0 0.0
42839 10561439 0.14881453149694668 -1.0005616537157256 0.67056 0.0 0.0
42840 10561439 0.22932132628079416 -0.9933979747066134 0.67056 0.0 0.0
42841 10561439 0.26828450022161204 -0.9896862682363099 0.67056 0.0 0.0
42842 10561439 0.30724767416242993 -0.9859745617660064 0.67056 0.0 0.0
42843 10561439 0.363060255455004 -0.989140855986968 0.67056 0.0 0.0
42844 10561439 0.42647248442729696 -0.9826398573478231 0.67056 0.0 0.0
42845 10561439 0.5027438544356793 -0.9857138956079404 0.67056 0.0 0.0
42846 10561439 0.5316329103077898 -0.9842879233954506 0.67056 0.0 0.0
42847 10561439 0.62772350009437 -0.9837891051364022 0.67056 0.0 0.0
42848 10561439 0.6494081418011536 -0.9853829153963664 0.67056 0.0 0.0
42849 10561439 0.7142708429134563 -0.9853116454585252 0.67056 0.0 0.0
42850 10561439 0.750136466828862 -0.9856383237163381 0.67056 0.0 0.0
42851 10561439 0.7860020907442677 -0.9859650019741509 0.67056 0.0 0.0
42852 10561439 0.8216654379059273 -0.988269788046728 0.67056 0.0 0.0
42852 10760855 5.835399524028082 0.04385885294929301 0.63246 0.0 0.0
42853 10561439 0.9029956491610815 -0.9880858435761267 0.67056 0.0 0.0
42853 10760855 5.812773725129176 0.040489562741834434 0.62865 0.0 0.0
42854 10760855 5.7901479262302695 0.03712027253437586 0.6248400000000001 0.0 0.0
42854 10561439 0.9558246338044991 -0.9924928052274974 0.67056 0.0 0.0
42855 10760855 5.7432247579158515 0.03886952629097337 0.6248400000000001 0.0 0.0
42855 10561439 1.005539792953188 -0.9895737264101435 0.67056 0.0 0.0
42856 10760855 5.692780815229764 0.03662764215124267 0.61722 0.0 0.0
42856 10561439 1.0476358276682838 -0.9925768546347414 0.67056 0.0 0.0
42857 10561439 1.1169253239733976 -0.9909108192116586 0.67056 0.0 0.0
42857 10760855 5.620771923669998 0.03359148180776436 0.61722 0.0 0.0
42858 10561439 1.1666930202883545 -0.9940827091584562 0.67056 0.0 0.0
42858 10760855 5.563632814724352 0.032598956742854485 0.61722 0.0 0.0
42859 10760855 5.5175550185028674 0.02578084464937555 0.61722 0.0 0.0
42859 10561439 1.2165456378578285 -0.9907399110547356 0.67056 0.0 0.0
42860 10760855 5.467283152910366 0.025703549914827123 0.6096 0.0 0.0
42860 10561439 1.2872441724509438 -0.99046719031672 0.67056 0.0 0.0
42861 10760855 5.394402189957739 0.022720175510471424 0.6096 0.0 0.0
42861 10561439 1.3245358566777679 -0.9921332366869297 0.67056 0.0 0.0
42862 10561439 1.3785358891387596 -0.9937655193932994 0.67056 0.0 0.0
42862 10760855 5.364672414055716 0.015945132183792537 0.6096 0.0 0.0
42863 10760855 5.307178279590352 0.018223947271527402 0.6019800000000001 0.0 0.0
42863 10561439 1.4249076063282524 -0.9986303016902253 0.67056 0.0 0.0
42864 10561439 1.4694147823920412 -0.9966942832996563 0.67056 0.0 0.0
42864 10760855 5.268512640286325 0.014538488685805623 0.6019800000000001 0.0 0.0
42865 10561439 1.4907434268429238 -0.9982862374046199 0.67056 0.0 0.0
42865 10760855 5.229847000982298 0.010853030100083844 0.6019800000000001 0.0 0.0
42866 10760855 5.1800559608107095 0.010620760034159543 0.6019800000000001 0.0 0.0
42866 10561439 1.5330222844404764 -1.0014046624880957 0.67056 0.0 0.0
42867 10760855 5.1352515964348155 0.009346585375618804 0.6019800000000001 0.0 0.0
42867 10561439 1.575301142038029 -1.0045230875715714 0.67056 0.0 0.0
42868 10561439 1.6215127274064514 -1.00851659394173 0.67056 0.0 0.0
42868 10760855 5.060168750235759 0.007785170137520531 0.59436 0.0 0.0
42869 10760855 5.006502915971206 0.00928491880517987 0.59436 0.0 0.0
42869 10561439 1.6576082807740862 -1.0149304932055196 0.67056 0.0 0.0
42870 10760855 4.959269970308437 0.014176911918141272 0.59436 0.0 0.0
42870 10561439 1.7226949315185296 -1.0195967010000968 0.67056 0.0 0.0
42871 10760855 4.905500687564309 0.015360696215510922 0.59436 0.0 0.0
42871 10561439 1.7625274717924209 -1.0281649646380675 0.67056 0.0 0.0
42872 10561439 1.800174238380264 -1.0298277714686914 0.67056 0.0 0.0
42872 10760855 4.851869049068771 0.016967192838121065 0.59436 0.0 0.0
42873 10561439 1.8459004496982758 -1.0393855417798503 0.67056 0.0 0.0
42873 10760855 4.795785160888751 0.021943678111406267 0.59436 0.0 0.0
42874 10760855 4.745546330867663 0.021977071515792174 0.58674 0.0 0.0
42874 10561439 1.9024196010379535 -1.0458085020138528 0.67056 0.0 0.0
42875 10561439 1.9404896690101658 -1.048893827179336 0.67056 0.0 0.0
42875 10760855 4.685551153699538 0.02285698120052046 0.58674 0.0 0.0
42876 10760855 4.6304640745805 0.026808712873296864 0.58674 0.0 0.0
42876 10561439 1.9591282984673957 -1.051650380542553 0.67056 0.0 0.0
42877 10760855 4.573036811109363 0.027669533931094253 0.58674 0.0 0.0
42877 10561439 1.9777669279246255 -1.0544069339057702 0.67056 0.0 0.0
42878 10760855 4.535782190884728 0.029134173297566263 0.58293 0.0 0.0
42878 10561439 2.0297734246897012 -1.061049302429855 0.67056 0.0 0.0
42879 10760855 4.498527570660092 0.030598812664038272 0.57912 0.0 0.0
42879 10561439 2.0653980607081897 -1.0640071445110393 0.67056 0.0 0.0
42880 10561439 2.101022696726678 -1.0669649865922233 0.67056 0.0 0.0
42880 10760855 4.437969510767887 0.03002895072125575 0.57912 0.0 0.0
42881 10561439 2.1392984516634668 -1.0710509841864027 0.67056 0.0 0.0
42881 10760855 4.39464483889797 0.03329914560432709 0.5715 0.0 0.0
42882 10561439 2.1808641915057545 -1.0770286515511314 0.67056 0.0 0.0
42882 10760855 4.348706180554812 0.03672150092236834 0.5715 0.0 0.0
42883 10760855 4.293454863693755 0.0333702534426262 0.5715 0.0 0.0
42883 10561439 2.2077302694031546 -1.0804264244820396 0.67056 0.0 0.0
42884 10760855 4.2517693370097875 0.03622332474769949 0.56388 0.0 0.0
42884 10561439 2.2723806362158046 -1.085062125426121 0.67056 0.0 0.0
42885 10561439 2.306861134733965 -1.0882586377880312 0.67056 0.0 0.0
42885 10760855 4.184501727458254 0.031419834641210426 0.56388 0.0 0.0
42886 10760855 4.163246323923301 0.03321488644466372 0.56388 0.0 0.0
42886 10561439 2.347693183355127 -1.093762178754592 0.67056 0.0 0.0
42887 10561439 2.38660238256951 -1.0929137103077886 0.67056 0.0 0.0
42887 10760855 4.086796224303004 0.031291281318349656 0.54864 0.0 0.0
42888 10760855 4.041173438592245 0.024800287016551875 0.54102 0.0 0.0
42888 10561439 2.424064089231001 -1.096498829431004 0.67056 0.0 0.0
42889 10561439 2.4562390224604784 -1.100635739234309 0.67056 0.0 0.0
42889 10760855 3.974707526572618 0.01973696396953814 0.5334 0.0 0.0
42890 10561439 2.488413955689956 -1.104772649037614 0.67056 0.0 0.0
42890 10760855 3.962816960413432 0.017308862526686758 0.52959 0.0 0.0
42891 10561439 2.517745899977214 -1.107280360179745 0.67056 0.0 0.0
42891 10760855 3.950926394254246 0.014880761083835375 0.52578 0.0 0.0
42892 10561439 2.547077844264473 -1.109788071321876 0.67056 0.0 0.0
42892 10760855 3.878577630282396 0.00811655014911436 0.5181600000000001 0.0 0.0
42893 10561439 2.6098583209966746 -1.114978584243782 0.67056 0.0 0.0
42893 10760855 3.8073653677503394 0.004836930849030335 0.51054 0.0 0.0
42894 10760855 3.7584185639180117 0.0017683784374572242 0.51054 0.0 0.0
42894 10561439 2.6455030075364725 -1.117326876415639 0.67056 0.0 0.0
42895 10760855 3.719252959982379 0.0014657674013050792 0.50292 0.0 0.0
42895 10561439 2.6811476940762704 -1.1196751685874957 0.67056 0.0 0.0
42896 10561439 2.7201921207552964 -1.1224904265933315 0.67056 0.0 0.0
42896 10760855 3.6703647708283125 0.0012989491311448942 0.4953 0.0 0.0
42897 10561439 2.769074053347703 -1.127815581864397 0.67056 0.0 0.0
42897 10760855 3.620319481528055 0.003028610698643991 0.48768 0.0 0.0
42898 10760855 3.570204348511176 0.0029123784539356323 0.48768 0.0 0.0
42898 10561439 2.8086352757650777 -1.1290468278512658 0.67056 0.0 0.0
42899 10760855 3.5241584349500696 0.0011180459746083782 0.48006 0.0 0.0
42899 10561439 2.845340814426926 -1.130864392756277 0.67056 0.0 0.0
42900 10760855 3.48693098140883 0.002403553212644044 0.48006 0.0 0.0
42900 10561439 2.871943202916958 -1.133706390869564 0.67056 0.0 0.0
42901 10561439 2.9208048434896217 -1.1336504404387637 0.67056 0.0 0.0
42901 10760855 3.442226818358729 0.001456768922847601 0.47243999999999997 0.0 0.0
42902 10561439 2.9600213365447194 -1.1359365307321605 0.67056 0.0 0.0
42902 10760855 3.3940027315450694 0.0006076919891184474 0.47243999999999997 0.0 0.0
42903 10760855 3.3369517367768102 0.002639780431432398 0.47243999999999997 0.0 0.0
42903 10561439 3.0021643722731657 -1.1333368380291515 0.67056 0.0 0.0
42904 10561439 3.0509913154051524 -1.1333855609065533 0.67056 0.0 0.0
42904 10760855 3.2914793233672475 0.0020614095561287404 0.46482000000000007 0.0 0.0
42905 10561439 3.1098048525644586 -1.135758638018507 0.67056 0.0 0.0
42905 10760855 3.252219587449731 -0.001245322979046809 0.46482000000000007 0.0 0.0
42906 10561439 3.1550682503049545 -1.1298543742203673 0.67056 0.0 0.0
42906 10760855 3.210120039943649 0.0019821541773503426 0.45720000000000005 0.0 0.0
42907 10561439 3.175761582606821 -1.127671311061153 0.67056 0.0 0.0
42907 10760855 3.171272699569287 -0.001692414770234435 0.45720000000000005 0.0 0.0
42908 10561439 3.1964549149086876 -1.1254882479019386 0.67056 0.0 0.0
42908 10760855 3.1500623878995198 -2.605195112445613e-05 0.45720000000000005 0.0 0.0
42909 10561439 3.245797446779352 -1.1255872085241467 0.67056 0.0 0.0
42909 10760855 3.1288520762297525 0.0016403108679855227 0.45720000000000005 0.0 0.0
42910 10760855 3.069801973195257 -0.0024484206427940747 0.45720000000000005 0.0 0.0
42910 10561439 3.2807512555249696 -1.1205231452827675 0.67056 0.0 0.0
42911 10760855 3.035922485170622 -0.00015086425139623771 0.44958000000000004 0.0 0.0
42911 10561439 3.3493374017834228 -1.1158039961051425 0.67056 0.0 0.0
42912 10760855 2.9979481090075515 -0.0006050604680717664 0.44958000000000004 0.0 0.0
42912 10561439 3.3841762713758836 -1.1108188087198971 0.67056 0.0 0.0
42913 10561439 3.428291466686484 -1.1065241980336789 0.67056 0.0 0.0
42913 10760855 2.9768179426049723 0.0010355960388622465 0.44958000000000004 0.0 0.0
42914 10760855 2.9221833008036677 -0.0004047802873133055 0.44958000000000004 0.0 0.0
42914 10561439 3.4574546745174404 -1.100153933831553 0.67056 0.0 0.0
42915 10561439 3.500125415435372 -1.0945699305421386 0.67056 0.0 0.0
42915 10760855 2.884508081473884 0.0011466223720062174 0.44196 0.0 0.0
42916 10561439 3.5484176000241705 -1.082643139127009 0.67056 0.0 0.0
42916 10760855 2.85209444636941 0.000863785338279438 0.44196 0.0 0.0
42917 10760855 2.809994422206997 0.004093640853049946 0.44196 0.0 0.0
42917 10561439 3.5870444154211176 -1.0676792068408048 0.67056 0.0 0.0
42918 10760855 2.7770401117330135 0.0010671897429160582 0.43434000000000006 0.0 0.0
42918 10561439 3.6374271332707107 -1.0466219231506313 0.67056 0.0 0.0
42919 10760855 2.7219127573831647 0.000840414663059702 0.43434000000000006 0.0 0.0
42919 10561439 3.6792225699631116 -1.021944879601513 0.67056 0.0 0.0
42920 10760855 2.693615526300039 0.0012002887801248752 0.42672000000000004 0.0 0.0
42920 10561439 3.7048468270051966 -1.0039645440125842 0.67056 0.0 0.0
42921 10561439 3.730471084047282 -0.9859842084236554 0.67056 0.0 0.0
42921 10760855 2.664699193115496 0.0017040301754567555 0.42672000000000004 0.0 0.0
42922 10561439 3.75173458445508 -0.9623174135046002 0.67056 0.0 0.0
42922 10760855 2.6357828599309534 0.002207771570788636 0.42672000000000004 0.0 0.0
42923 10561439 3.772998084862878 -0.9386506185855451 0.67056 0.0 0.0
42923 10760855 2.605341591829323 0.0028006703740776906 0.42672000000000004 0.0 0.0
42924 10760855 2.57230828727213 0.0022540336895911783 0.42672000000000004 0.0 0.0
42924 10561439 3.7953697049085724 -0.9109065127882917 0.67056 0.0 0.0
42925 10561439 3.8151872795021973 -0.87602130594754 0.67056 0.0 0.0
42925 10760855 2.5243232592264393 0.0013322823809705786 0.42291 0.0 0.0
42926 10561439 3.838644893780618 -0.8288904701394333 0.67056 0.0 0.0
42926 10760855 2.49259714823645 0.0011185747351398767 0.421005 0.0 0.0
42927 10561439 3.848117162871527 -0.7998579856954302 0.67056 0.0 0.0
42927 10760855 2.460871037246461 0.0009048670893091748 0.41910000000000003 0.0 0.0
42928 10760855 2.4342570361362736 -0.0017370828278191197 0.41910000000000003 0.0 0.0
42928 10561439 3.8671834974917116 -0.7517616621324947 0.67056 0.0 0.0
42929 10760855 2.4014647641461604 -0.0015439679525608152 0.41148 0.0 0.0
42929 10561439 3.8800511994271627 -0.7193981731429625 0.67056 0.0 0.0
42930 10561439 3.8847846746884445 -0.6978140116409318 0.67056 0.0 0.0
42930 10760855 2.35260856459191 -0.0015961449260563365 0.41148 0.0 0.0
42931 10760855 2.3380461351012016 -0.0026822643071783003 0.41148 0.0 0.0
42931 10561439 3.8976669461704887 -0.6583298181917555 0.67056 0.0 0.0
42932 10760855 2.3037178050536253 -0.0017535503475481218 0.40386 0.0 0.0
42932 10561439 3.9115335137899017 -0.6229047058669622 0.6400800000000001 0.0 0.0
42933 10760855 2.2661214972602144 -0.0010426200947458997 0.40386 0.0 0.0
42933 10561439 3.920623090683991 -0.5776274673978757 0.6400800000000001 0.0 0.0
42934 10561439 3.9293177604856417 -0.5439024567497256 0.6400800000000001 0.0 0.0
42934 10760855 2.2292026813952246 0.0011995711743819915 0.40386 0.0 0.0
42935 10760855 2.2000087117426146 -0.0011832605760771775 0.40386 0.0 0.0
42935 10561439 3.9393913314961058 -0.5035018715741172 0.6400800000000001 0.0 0.0
42936 10760855 2.156715528391266 0.0022061832060596143 0.39624000000000004 0.0 0.0
42936 10561439 3.94814394316076 -0.46851084026852297 0.6400800000000001 0.0 0.0
42937 10760855 2.139883545851161 0.0023288148336738923 0.39624000000000004 0.0 0.0
42937 10561439 3.9565407721177186 -0.43433821292285 0.6400800000000001 0.0 0.0
42938 10760855 2.0874130508922657 -0.0006301814942726025 0.38862 0.0 0.0
42938 10561439 3.960605325496518 -0.3962990762329057 0.6400800000000001 0.0 0.0
42939 10561439 3.9622144309527654 -0.3750388376591568 0.6400800000000001 0.0 0.0
42939 10760855 2.056137149162919 0.0042093353442833326 0.38862 0.0 0.0
42940 10561439 3.963823536409013 -0.3537785990854079 0.6400800000000001 0.0 0.0
42940 10760855 2.04012477623955 0.004122962732404811 0.38862 0.0 0.0
42941 10561439 3.961764034251751 -0.29423389223953716 0.6400800000000001 0.0 0.0
42941 10760855 2.024112403316181 0.00403659012052629 0.38862 0.0 0.0
42942 10760855 1.9800701581669982 0.0024147126169507815 0.381 0.0 0.0
42942 10561439 3.9516238559616585 -0.254830747007531 0.6248400000000001 0.0 0.0
42943 10760855 1.952116907888833 0.003833177047817188 0.381 0.0 0.0
42943 10561439 3.941483677671566 -0.2154276017755248 0.6096 0.0 0.0
42944 10760855 1.9138556142813665 0.005230280327081449 0.381 0.0 0.0
42944 10561439 3.9257541739039845 -0.1888020474425847 0.6096 0.0 0.0
42945 10561439 3.910024670136403 -0.16217649310964458 0.6096 0.0 0.0
42945 10760855 1.8662919592060208 0.002072154589703973 0.37338 0.0 0.0
42946 10561439 3.8769864103026737 -0.14415369617743812 0.6045200000000001 0.0 0.0
42946 10760855 1.8398650266194727 0.005445817572375861 0.37338 0.0 0.0
42947 10760855 1.8078055431399664 0.005168485671126322 0.37338 0.0 0.0
42947 10561439 3.8439481504689446 -0.1261308992452317 0.59944 0.0 0.0
42948 10760855 1.7909263708802987 0.003788617910907996 0.36956999999999995 0.0 0.0
42948 10561439 3.810909890635215 -0.10810810231302523 0.59436 0.0 0.0
42949 10760855 1.774047198620631 0.0024087501506896702 0.36576 0.0 0.0
42949 10561439 3.7778716308014855 -0.09008530538081878 0.58928 0.0 0.0
42950 10561439 3.7448333709677564 -0.07206250844861234 0.5841999999999999 0.0 0.0
42950 10760855 1.7294195886648533 0.0006289829608113473 0.36576 0.0 0.0
42951 10760855 1.695399622824801 0.0008755837650651077 0.36576 0.0 0.0
42951 10561439 3.711795111134027 -0.05403971151640588 0.57912 0.0 0.0
42952 10561439 3.680464744151818 -0.05073691870440014 0.57912 0.0 0.0
42952 10760855 1.6692422776135405 -0.003081207021453064 0.36576 0.0 0.0
42953 10561439 3.64913437716961 -0.0474341258923944 0.57912 0.0 0.0
42953 10760855 1.6225519106040478 -0.00301842944933553 0.36576 0.0 0.0
42954 10561439 3.6178040101874016 -0.04413133308038866 0.57912 0.0 0.0
42954 10760855 1.594252297009759 -0.004289289140412336 0.36576 0.0 0.0
42955 10561439 3.586473643205193 -0.040828540268382923 0.57912 0.0 0.0
42955 10760855 1.5613555546797722 -0.004408977236837572 0.35814000000000007 0.0 0.0
42956 10760855 1.529035515811786 -4.3961372581502456e-05 0.35814000000000007 0.0 0.0
42956 10561439 3.523244370601507 -0.035964029977356954 0.57912 0.0 0.0
42957 10561439 3.4847184408369127 -0.039745066772774146 0.57912 0.0 0.0
42957 10760855 1.4969756250433648 -0.0003198902804363857 0.35052000000000005 0.0 0.0
42958 10561439 3.452101776531033 -0.03494119104194296 0.54864 0.0 0.0
42958 10760855 1.4813547312374111 0.00215395462878841 0.35052000000000005 0.0 0.0
42959 10561439 3.4337918967719583 -0.03404701265056423 0.54864 0.0 0.0
42959 10760855 1.4657338374314577 0.004627799538013205 0.35052000000000005 0.0 0.0
42960 10561439 3.4154820170128835 -0.0331528342591855 0.54864 0.0 0.0
42960 10760855 1.4265051831360316 0.0014367060978762863 0.34290000000000004 0.0 0.0
42961 10760855 1.3884017710902947 0.0003315481793357 0.34290000000000004 0.0 0.0
42961 10561439 3.3552528216841138 -0.03487311006425611 0.54864 0.0 0.0
42962 10561439 3.324493491690812 -0.030090772551567474 0.54864 0.0 0.0
42962 10760855 1.3563313758048567 0.001519996896248682 0.33909 0.0 0.0
42963 10561439 3.28200399636589 -0.026970106119090814 0.54864 0.0 0.0
42963 10760855 1.3242609805194188 0.002708445613161664 0.33528 0.0 0.0
42964 10760855 1.2978377099077618 0.002508179141183045 0.33680400000000005 0.0 0.0
42964 10561439 3.244752527627182 -0.026843782811486833 0.54864 0.0 0.0
42965 10760855 1.2714144392961049 0.002307912669204426 0.338328 0.0 0.0
42965 10561439 3.1954743343617205 -0.025478601631919756 0.54864 0.0 0.0
42966 10760855 1.2449911686844481 0.002107646197225807 0.33985200000000004 0.0 0.0
42966 10561439 3.172829980400505 -0.025213338119110335 0.5181600000000001 0.0 0.0
42967 10561439 3.1369901896020442 -0.02239324294825132 0.5181600000000001 0.0 0.0
42967 10760855 1.2185678980727912 0.001907379725247188 0.341376 0.0 0.0
42968 10760855 1.1921446274611343 0.001707113253268569 0.34290000000000004 0.0 0.0
42968 10561439 3.0942174670759117 -0.022858646043690173 0.5181600000000001 0.0 0.0
42969 10561439 3.051444744549779 -0.023324049139129027 0.5181600000000001 0.0 0.0
42969 10760855 1.1613005758634851 0.00243727822582325 0.34290000000000004 0.0 0.0
42970 10760855 1.1404213037461794 0.0037674365327540066 0.34290000000000004 0.0 0.0
42970 10561439 3.0184020512804466 -0.021182770240635668 0.5181600000000001 0.0 0.0
42971 10561439 2.986437451307162 -0.018458729466021256 0.5181600000000001 0.0 0.0
42971 10760855 1.132262971301289 0.0038040932366724747 0.34290000000000004 0.0 0.0
42972 10561439 2.9551374319057153 -0.0164187532845487 0.5181600000000001 0.0 0.0
42972 10760855 1.1241046388563984 0.003840749940590943 0.34290000000000004 0.0 0.0
42973 10561439 2.932533263408024 -0.01575700538915245 0.5181600000000001 0.0 0.0
42973 10760855 1.1028128552607794 0.005539426333640476 0.34290000000000004 0.0 0.0
42974 10760855 1.0867826599677715 0.005402406474213348 0.34290000000000004 0.0 0.0
42974 10561439 2.909929094910333 -0.015095257493756203 0.5181600000000001 0.0 0.0
42975 10760855 1.0755670761373282 0.0036925052040886475 0.34290000000000004 0.0 0.0
42975 10561439 2.873387037875153 -0.016600513966791325 0.48768 0.0 0.0
42976 10561439 2.843622873252871 -0.015295074939785297 0.48768 0.0 0.0
42976 10760855 1.0590195711934833 0.0019721594371635287 0.34290000000000004 0.0 0.0
42977 10561439 2.805007201213508 -0.01390356909295451 0.48768 0.0 0.0
42977 10760855 1.0314885842565324 0.001970948846770973 0.34290000000000004 0.0 0.0
42978 10561439 2.7723778512465342 -0.01049433797103047 0.48768 0.0 0.0
42978 10760855 1.0155525511210564 0.0048407822166589565 0.34290000000000004 0.0 0.0
42979 10760855 0.9991098116230067 0.005072373913351039 0.34290000000000004 0.0 0.0
42979 10561439 2.7286018219807087 -0.010221438113371145 0.48768 0.0 0.0
42980 10561439 2.7075964636913943 -0.010373050229049635 0.48768 0.0 0.0
42980 10760855 0.9819561392873715 0.005302616744915251 0.34290000000000004 0.0 0.0
42981 10760855 0.970740490088365 0.0035928804532989744 0.34290000000000004 0.0 0.0
42981 10561439 2.6790923969746885 -0.010646518655767018 0.48768 0.0 0.0
42982 10760855 0.9539767467025283 0.003929442522669593 0.34290000000000004 0.0 0.0
42982 10561439 2.640648854935397 -0.00872628497882752 0.48768 0.0 0.0
42983 10760855 0.9426231283840204 0.0017975156541818887 0.34290000000000004 0.0 0.0
42983 10561439 2.617244817475898 -0.012416816907261458 0.45720000000000005 0.0 0.0
42984 10760855 0.9273768259364241 0.006778720613517669 0.34290000000000004 0.0 0.0
42984 10561439 2.567620983164871 -0.012102932629691282 0.45720000000000005 0.0 0.0
42985 10760855 0.9209412784795857 0.00339048844937595 0.34290000000000004 0.0 0.0
42985 10561439 2.5526956259107565 -0.00723004099081101 0.45720000000000005 0.0 0.0
42986 10760855 0.9024944439942211 0.006730412559214832 0.34290000000000004 0.0 0.0
42986 10561439 2.5025783955643464 -0.007338736594755507 0.45720000000000005 0.0 0.0
42987 10760855 0.8902172513579563 0.006302245990259997 0.34290000000000004 0.0 0.0
42987 10561439 2.4886868149900923 -0.008410512496128036 0.45720000000000005 0.0 0.0
42988 10760855 0.8779400587216916 0.005874079421305162 0.34290000000000004 0.0 0.0
42988 10561439 2.474795234415838 -0.009482288397500566 0.45720000000000005 0.0 0.0
42989 10760855 0.8656628660854268 0.005445912852350326 0.34290000000000004 0.0 0.0
42989 10561439 2.4407648573161254 -0.009001931656236667 0.45720000000000005 0.0 0.0
42990 10561439 2.4191183993672665 -0.007307979084277633 0.45720000000000005 0.0 0.0
42990 10760855 0.8584010807937772 0.0058714241791484835 0.34290000000000004 0.0 0.0
42991 10561439 2.3815114585944466 -0.0055427738214266775 0.45720000000000005 0.0 0.0
42991 10760855 0.8511392955021276 0.00629693550594664 0.34290000000000004 0.0 0.0
42992 10760855 0.8438775102104781 0.006722446832744797 0.34290000000000004 0.0 0.0
42992 10561439 2.3510230168909603 -0.006452132665824256 0.45720000000000005 0.0 0.0
42993 10760855 0.826354936963858 0.004737030444277174 0.34290000000000004 0.0 0.0
42993 10561439 2.319594219981016 -0.0075216092118178535 0.42672000000000004 0.0 0.0
42994 10760855 0.8161844393950406 0.005139385401377455 0.34290000000000004 0.0 0.0
42994 10561439 2.2814480604649887 -0.006047126983656587 0.42672000000000004 0.0 0.0
42995 10760855 0.8100380826614022 0.004811065938289047 0.34290000000000004 0.0 0.0
42995 10561439 2.248219896998955 -0.005827861498053338 0.42672000000000004 0.0 0.0
42996 10760855 0.7999273799526848 0.008114578076040393 0.34290000000000004 0.0 0.0
42996 10561439 2.216000953133348 -0.005237077059650014 0.42672000000000004 0.0 0.0
42997 10561439 2.1947900546865124 -0.0035678857054061985 0.42672000000000004 0.0 0.0
42997 10760855 0.7958025524401954 0.011798843449598737 0.34290000000000004 0.0 0.0
42998 10561439 2.16077856618851 -0.008466191653107386 0.42672000000000004 0.0 0.0
42998 10760855 0.7918501770468526 0.016010900877158007 0.34290000000000004 0.0 0.0
42999 10561439 2.131897554673885 -0.0058108807011166 0.42672000000000004 0.0 0.0
42999 10760855 0.7885094495110451 0.0248130203601033 0.34290000000000004 0.0 0.0
43000 10561439 2.0985313205285325 -0.006013170213228308 0.42672000000000004 0.0 0.0
43000 10760855 0.7902339352653752 0.03009091604844287 0.34290000000000004 0.0 0.0
43001 10561439 2.0765179105814235 -0.004081588641266759 0.42672000000000004 0.0 0.0
43001 10760855 0.7885854087725761 0.03319974602743535 0.34290000000000004 0.0 0.0
43002 10760855 0.7869368822797771 0.036308576006427826 0.34290000000000004 0.0 0.0
43002 10561439 2.0340269956855854 -0.0009534338933150921 0.42672000000000004 0.0 0.0
43003 10561439 2.0200040377433863 -0.0009300979121273784 0.41148000000000007 0.0 0.0
43003 10760855 0.7885579023079605 0.041269796925316016 0.34290000000000004 0.0 0.0
43004 10561439 2.0059810798011877 -0.0009067619309396646 0.39624000000000004 0.0 0.0
43004 10760855 0.7901444325629229 0.04612545999264402 0.34290000000000004 0.0 0.0
43005 10760855 0.7869508633386235 0.05265979269591227 0.34290000000000004 0.0 0.0
43005 10561439 1.9786127244827694 0.0006710600087295737 0.39624000000000004 0.0 0.0
43006 10760855 0.7886753563828713 0.057937686242087574 0.34290000000000004 0.0 0.0
43006 10561439 1.9408769220469761 -0.0006736548143652654 0.39624000000000004 0.0 0.0
43007 10760855 0.7901929102743809 0.06258223259891005 0.34290000000000004 0.0 0.0
43007 10561439 1.9123042663957672 0.0004799463417555494 0.39624000000000004 0.0 0.0
43008 10760855 0.786836067528319 0.06589875888819735 0.34290000000000004 0.0 0.0
43008 10561439 1.8848549880862806 0.0012668312367303536 0.39624000000000004 0.0 0.0
43009 10561439 1.8574057097767938 0.0020537161317051578 0.39624000000000004 0.0 0.0
43009 10760855 0.7884570938496804 0.07085997799319006 0.34290000000000004 0.0 0.0
43010 10561439 1.8174347877405743 0.002023662006437582 0.39624000000000004 0.0 0.0
43010 10760855 0.7933659775405697 0.07229355691641141 0.34290000000000004 0.0 0.0
43011 10561439 1.7908449327251792 0.002179688354290915 0.39624000000000004 0.0 0.0
43011 10760855 0.7930307793902579 0.07452933192856452 0.34290000000000004 0.0 0.0
43012 10760855 0.792695581239946 0.07676510694071763 0.34290000000000004 0.0 0.0
43012 10561439 1.7765109599403754 0.00043588576106674826 0.39624000000000004 0.0 0.0
43013 10561439 1.7621769871555717 -0.0013079168321574186 0.39624000000000004 0.0 0.0
43013 10760855 0.7923603830896342 0.07900088195287072 0.34290000000000004 0.0 0.0
43014 10561439 1.7180997527357533 -0.003033733579414888 0.39624000000000004 0.0 0.0
43014 10760855 0.7920251849393223 0.08123665696502383 0.34290000000000004 0.0 0.0
43015 10760855 0.7916899867890105 0.08347243197717694 0.34290000000000004 0.0 0.0
43015 10561439 1.6852721259661787 -0.0029428715377269044 0.39624000000000004 0.0 0.0
43016 10561439 1.6641831483947698 -0.0013508961758767295 0.39624000000000004 0.0 0.0
43016 10760855 0.7924593233069994 0.08754366187647286 0.34290000000000004 0.0 0.0
43017 10760855 0.7932286598249884 0.09161489177576877 0.34290000000000004 0.0 0.0
43017 10561439 1.6430941708233608 0.00024107918597344536 0.39624000000000004 0.0 0.0
43018 10561439 1.622005193251952 0.0018330545478236204 0.39624000000000004 0.0 0.0
43018 10760855 0.7939979963429773 0.0956861216750647 0.34290000000000004 0.0 0.0
43019 10561439 1.5958038376434058 0.00046098103185120143 0.39624000000000004 0.0 0.0
43019 10760855 0.7947673328609661 0.09975735157436062 0.34290000000000004 0.0 0.0
43020 10760855 0.7955366693789551 0.10382858147365653 0.34290000000000004 0.0 0.0
43020 10561439 1.5570486996401383 0.0014370385939018737 0.39624000000000004 0.0 0.0
43021 10760855 0.796306005896944 0.10789981137295246 0.34290000000000004 0.0 0.0
43021 10561439 1.5341711161981997 -0.001721405681503252 0.39624000000000004 0.0 0.0
43022 10760855 0.7970753424149329 0.11197104127224838 0.34290000000000004 0.0 0.0
43022 10561439 1.491840025679589 0.001357581164909416 0.36576 0.0 0.0
43023 10561439 1.4804986820439947 -0.00019497552690908582 0.36576 0.0 0.0
43023 10760855 0.7978446789329219 0.11604227117154431 0.34290000000000004 0.0 0.0
43024 10760855 0.7986140154509108 0.12011350107084022 0.34290000000000004 0.0 0.0
43024 10561439 1.4366158954372603 -0.0018659060796505228 0.36576 0.0 0.0
43025 10561439 1.410440700579965 0.0011933944105188138 0.36576 0.0 0.0
43025 10760855 0.7993833519688996 0.12418473097013615 0.34290000000000004 0.0 0.0
43026 10561439 1.3944451701758687 0.0011612403675338445 0.36576 0.0 0.0
43026 10760855 0.8001526884868886 0.12825596086943206 0.34290000000000004 0.0 0.0
43027 10561439 1.3758579597971894 0.000807544997723536 0.36576 0.0 0.0
43027 10760855 0.8009220250048775 0.13232719076872798 0.34290000000000004 0.0 0.0
43028 10561439 1.3572707494185101 0.0004538496279132276 0.36576 0.0 0.0
43028 10760855 0.8016913615228665 0.1363984206680239 0.34290000000000004 0.0 0.0
43029 10561439 1.338683539039831 0.00010015425810291911 0.36576 0.0 0.0
43029 10760855 0.8024606980408554 0.14046965056731983 0.34290000000000004 0.0 0.0
43030 10561439 1.3200963286611518 -0.00025354111170738935 0.36576 0.0 0.0
43030 10760855 0.8032300345588443 0.14454088046661576 0.34290000000000004 0.0 0.0
43031 10561439 1.3015091182824725 -0.0006072364815176978 0.36576 0.0 0.0
43031 10760855 0.8039993710768332 0.14861211036591165 0.34290000000000004 0.0 0.0
43032 10561439 1.2800022222273464 0.0008400334713368242 0.36576 0.0 0.0
43032 10760855 0.8047687075948221 0.15268334026520758 0.34290000000000004 0.0 0.0
43033 10760855 0.805538044112811 0.1567545701645035 0.34290000000000004 0.0 0.0
43033 10561439 1.2584953261722203 0.002287303424191346 0.36576 0.0 0.0
43034 10760855 0.8063073806308 0.16082580006379943 0.34290000000000004 0.0 0.0
43034 10561439 1.2369884301170944 0.003734573377045868 0.36576 0.0 0.0
43035 10561439 1.2154815340619682 0.00518184332990039 0.36576 0.0 0.0
43035 10760855 0.8084295692312603 0.1618848015332891 0.34290000000000004 0.0 0.0
43036 10561439 1.1983082949436192 0.00471714248952462 0.36576 0.0 0.0
43036 10760855 0.8105517578317206 0.16294380300277875 0.34290000000000004 0.0 0.0
43037 10561439 1.1811350558252705 0.004252441649148851 0.36576 0.0 0.0
43037 10760855 0.8126739464321809 0.16400280447226842 0.34290000000000004 0.0 0.0
43038 10760855 0.8150812029949072 0.16321625741673523 0.34290000000000004 0.0 0.0
43038 10561439 1.1639618167069217 0.003787740808773081 0.36576 0.0 0.0
43039 10561439 1.1467885775885727 0.003323039968397311 0.36576 0.0 0.0
43039 10760855 0.8174884595576334 0.16242971036120207 0.34290000000000004 0.0 0.0
43040 10760855 0.8177061080474596 0.1623406945442153 0.34290000000000004 0.0 0.0
43040 10561439 1.1296153384702237 0.0028583391280215414 0.36576 0.0 0.0
43041 10760855 0.8179237565372859 0.16225167872722848 0.34290000000000004 0.0 0.0
43041 10561439 1.1124420993518749 0.002393638287645772 0.36576 0.0 0.0
43042 10760855 0.8181414050271121 0.1621626629102417 0.34290000000000004 0.0 0.0
43042 10561439 1.103619929511715 0.003932286120842003 0.36576 0.0 0.0
43043 10760855 0.8183590535169384 0.16207364709325492 0.34290000000000004 0.0 0.0
43043 10561439 1.0947977596715552 0.005470933954038235 0.36576 0.0 0.0
43044 10760855 0.8185767020067646 0.1619846312762681 0.34290000000000004 0.0 0.0
43044 10561439 1.0859755898313956 0.007009581787234466 0.36576 0.0 0.0
43045 10760855 0.8187943504965908 0.16189561545928133 0.34290000000000004 0.0 0.0
43045 10561439 1.0771534199912358 0.008548229620430697 0.36576 0.0 0.0
43046 10561439 1.0660267030356185 0.008016523846443755 0.36576 0.0 0.0
43046 10760855 0.8190119989864171 0.16180659964229452 0.34290000000000004 0.0 0.0
43047 10760855 0.8192296474762433 0.16171758382530774 0.34290000000000004 0.0 0.0
43047 10561439 1.0548999860800012 0.007484818072456813 0.36576 0.0 0.0
43048 10561439 1.043773269124384 0.006953112298469871 0.36576 0.0 0.0
43048 10760855 0.8194472959660695 0.16162856800832096 0.34290000000000004 0.0 0.0
43049 10561439 1.0330983918551775 0.007442093375170285 0.36576 0.0 0.0
43049 10760855 0.8196649444558958 0.16153955219133415 0.34290000000000004 0.0 0.0
43050 10760855 0.819882592945722 0.16145053637434736 0.34290000000000004 0.0 0.0
43050 10561439 1.0224235145859708 0.007931074451870699 0.36576 0.0 0.0
43051 10561439 1.0117486373167643 0.008420055528571113 0.36576 0.0 0.0
43051 10760855 0.8201002414355483 0.16136152055736058 0.34290000000000004 0.0 0.0
43052 10561439 1.0054292244698855 0.006746214720961076 0.36576 0.0 0.0
43052 10760855 0.8203178899253745 0.16127250474037377 0.34290000000000004 0.0 0.0
43053 10561439 0.9991098116230067 0.005072373913351039 0.36576 0.0 0.0
43053 10760855 0.8205355384152007 0.161183488923387 0.34290000000000004 0.0 0.0
43054 10760855 0.820753186905027 0.16109447310640018 0.34290000000000004 0.0 0.0
43054 10561439 0.9886948825112178 0.005632256498024031 0.36576 0.0 0.0
43055 10561439 0.9782799533994291 0.006192139082697025 0.36576 0.0 0.0
43055 10760855 0.8209708353948532 0.1610054572894134 0.34290000000000004 0.0 0.0
43056 10760855 0.8211884838846795 0.16091644147242662 0.34290000000000004 0.0 0.0
43056 10561439 0.9678650242876402 0.006752021667370017 0.36576 0.0 0.0
43057 10561439 0.9596091547498891 0.006762314156413249 0.36576 0.0 0.0
43057 10760855 0.8214061323745057 0.1608274256554398 0.34290000000000004 0.0 0.0
43058 10760855 0.8216237808643319 0.16073840983845303 0.34290000000000004 0.0 0.0
43058 10561439 0.951353285212138 0.00677260664545648 0.36576 0.0 0.0
43059 10760855 0.8218414293541582 0.16064939402146625 0.34290000000000004 0.0 0.0
43059 10561439 0.9352885102663612 0.006530370240039329 0.36576 0.0 0.0
43060 10561439 0.9270899936983261 0.006580380819833205 0.36576 0.0 0.0
43060 10760855 0.8220590778439844 0.16056037820447944 0.34290000000000004 0.0 0.0
43061 10760855 0.8222767263338107 0.16047136238749266 0.34290000000000004 0.0 0.0
43061 10561439 0.9188914771302912 0.006630391399627081 0.36576 0.0 0.0
43062 10561439 0.9106929605622561 0.0066804019794209565 0.36576 0.0 0.0
43062 10760855 0.8224943748236369 0.16038234657050587 0.34290000000000004 0.0 0.0
43063 10561439 0.9024944439942211 0.006730412559214832 0.36576 0.0 0.0
43063 10760855 0.822712023313463 0.16029333075351906 0.34290000000000004 0.0 0.0
43064 10561439 0.8954290959254497 0.007122885660704686 0.36576 0.0 0.0
43064 10760855 0.8229296718032894 0.16020431493653228 0.34290000000000004 0.0 0.0
43065 10561439 0.8883637478566784 0.007515358762194541 0.36576 0.0 0.0
43065 10760855 0.8231473202931155 0.16011529911954547 0.34290000000000004 0.0 0.0
43066 10760855 0.8233649687829417 0.1600262833025587 0.34290000000000004 0.0 0.0
43066 10561439 0.8812983997879071 0.007907831863684395 0.36576 0.0 0.0
43067 10760855 0.823582617272768 0.1599372674855719 0.34290000000000004 0.0 0.0
43067 10561439 0.8742330517191358 0.00830030496517425 0.36576 0.0 0.0
43068 10760855 0.8238002657625942 0.1598482516685851 0.34290000000000004 0.0 0.0
43068 10561439 0.8671677036503644 0.008692778066664103 0.36576 0.0 0.0
43069 10760855 0.8240179142524205 0.15975923585159832 0.34290000000000004 0.0 0.0
43069 10561439 0.8601023555815931 0.009085251168153957 0.36576 0.0 0.0
43070 10760855 0.8242355627422467 0.15967022003461154 0.34290000000000004 0.0 0.0
43070 10561439 0.8530370075128217 0.00947772426964381 0.36576 0.0 0.0
43071 10760855 0.8244532112320729 0.15958120421762473 0.34290000000000004 0.0 0.0
43071 10561439 0.8459716594440505 0.009870197371133666 0.36576 0.0 0.0
43072 10561439 0.8389063113752792 0.01026267047262352 0.36576 0.0 0.0
43072 10760855 0.8246708597218992 0.15949218840063795 0.34290000000000004 0.0 0.0
43073 10760855 0.8248885082117254 0.15940317258365114 0.34290000000000004 0.0 0.0
43073 10561439 0.8318409633065078 0.010655143574113374 0.36576 0.0 0.0
43074 10561439 0.8247887095317479 0.010272320906343238 0.36576 0.0 0.0
43074 10760855 0.8251061567015517 0.15931415676666436 0.34290000000000004 0.0 0.0
43075 10561439 0.817736455756988 0.009889498238573102 0.36576 0.0 0.0
43075 10760855 0.8253238051913779 0.15922514094967757 0.34290000000000004 0.0 0.0
43076 10760855 0.8255414536812041 0.15913612513269076 0.34290000000000004 0.0 0.0
43076 10561439 0.8130376173781775 0.01276827821364485 0.36576 0.0 0.0
43077 10760855 0.8257591021710304 0.15904710931570398 0.34290000000000004 0.0 0.0
43077 10561439 0.8083387789993669 0.015647058188716596 0.36576 0.0 0.0
43078 10760855 0.8259767506608566 0.1589580934987172 0.34290000000000004 0.0 0.0
43078 10561439 0.8036399406205563 0.018525838163788343 0.36576 0.0 0.0
43079 10760855 0.8261943991506829 0.1588690776817304 0.34290000000000004 0.0 0.0
43079 10561439 0.7989411022417459 0.02140461813886009 0.36576 0.0 0.0
43080 10760855 0.8264120476405091 0.1587800618647436 0.34290000000000004 0.0 0.0
43080 10561439 0.7960417702070192 0.023403378357988 0.36576 0.0 0.0
43081 10561439 0.7931424381722924 0.025402138577115905 0.36576 0.0 0.0
43081 10760855 0.8266296961303353 0.1586910460477568 0.34290000000000004 0.0 0.0
43082 10760855 0.8268473446201616 0.15860203023077002 0.34290000000000004 0.0 0.0
43082 10561439 0.7902431061375657 0.027400898796243814 0.36576 0.0 0.0
43083 10561439 0.7918641221888216 0.03236212095159029 0.36576 0.0 0.0
43083 10760855 0.8270649931099878 0.15851301441378324 0.34290000000000004 0.0 0.0
43084 10561439 0.7896890832642182 0.03657759930826592 0.36576 0.0 0.0
43084 10760855 0.827282641599814 0.15842399859679643 0.34290000000000004 0.0 0.0
43085 10760855 0.8275002900896403 0.15833498277980965 0.34290000000000004 0.0 0.0
43085 10561439 0.7875140443396148 0.040793077664941564 0.36576 0.0 0.0
43086 10760855 0.8277179385794665 0.15824596696282286 0.34290000000000004 0.0 0.0
43086 10561439 0.7853390054150113 0.0450085560216172 0.36576 0.0 0.0
43087 10561439 0.7853298398900678 0.04769857280593697 0.36576 0.0 0.0
43087 10760855 0.8279355870692928 0.15815695114583606 0.34290000000000004 0.0 0.0
43088 10760855 0.828153235559119 0.15806793532884927 0.34290000000000004 0.0 0.0
43088 10561439 0.78611888568965 0.049660474806229184 0.36576 0.0 0.0
43089 10760855 0.8283708840489452 0.1579789195118625 0.34290000000000004 0.0 0.0
43089 10561439 0.7869079314892324 0.0516223768065214 0.36576 0.0 0.0
43090 10561439 0.7876969772888147 0.053584278806813615 0.36576 0.0 0.0
43090 10760855 0.8285885325387715 0.15788990369487568 0.34290000000000004 0.0 0.0
43091 10561439 0.788486023088397 0.05554618080710583 0.36576 0.0 0.0
43091 10760855 0.8288061810285977 0.1578008878778889 0.34290000000000004 0.0 0.0
43092 10760855 0.829023829518424 0.1577118720609021 0.34290000000000004 0.0 0.0
43092 10561439 0.7892750688879794 0.05750808280739804 0.36576 0.0 0.0
43093 10561439 0.7900641146875617 0.05946998480769026 0.36576 0.0 0.0
43093 10760855 0.8292414780082502 0.1576228562439153 0.34290000000000004 0.0 0.0
43094 10760855 0.8294591264980764 0.15753384042692853 0.34290000000000004 0.0 0.0
43094 10561439 0.7901285124809713 0.06102610870330015 0.36576 0.0 0.0
43095 10561439 0.7901929102743809 0.06258223259891005 0.36576 0.0 0.0
43095 10760855 0.8296767749879027 0.15744482460994172 0.34290000000000004 0.0 0.0
43096 10760855 0.8298944234777289 0.15735580879295494 0.34290000000000004 0.0 0.0
43096 10561439 0.7900403265131962 0.06273298379387765 0.36576 0.0 0.0
43097 10561439 0.7898877427520116 0.06288373498884525 0.36576 0.0 0.0
43097 10760855 0.8301120719675552 0.15726679297596816 0.34290000000000004 0.0 0.0
43098 10561439 0.789735158990827 0.06303448618381287 0.36576 0.0 0.0
43098 10760855 0.8303297204573814 0.15717777715898135 0.34290000000000004 0.0 0.0
43099 10760855 0.8305473689472076 0.15708876134199456 0.34290000000000004 0.0 0.0
43099 10561439 0.7895825752296424 0.06318523737878047 0.36576 0.0 0.0
43100 10561439 0.7894299914684577 0.06333598857374807 0.36576 0.0 0.0
43101 10561439 0.7892774077072731 0.06348673976871567 0.36576 0.0 0.0
43102 10561439 0.7891248239460885 0.06363749096368328 0.36576 0.0 0.0
43103 10561439 0.7889722401849039 0.06378824215865088 0.36576 0.0 0.0
43104 10561439 0.7888196564237192 0.0639389933536185 0.36576 0.0 0.0
43105 10561439 0.7886670726625346 0.0640897445485861 0.36576 0.0 0.0
43106 10561439 0.78851448890135 0.0642404957435537 0.36576 0.0 0.0
43107 10561439 0.7883619051401654 0.0643912469385213 0.36576 0.0 0.0
43108 10561439 0.7882093213789807 0.0645419981334889 0.36576 0.0 0.0
43109 10561439 0.788056737617796 0.06469274932845652 0.36576 0.0 0.0
43110 10561439 0.7879041538566114 0.06484350052342412 0.36576 0.0 0.0
43111 10561439 0.7877515700954268 0.06499425171839172 0.36576 0.0 0.0
43112 10561439 0.7875989863342422 0.06514500291335933 0.36576 0.0 0.0
43113 10561439 0.7874464025730575 0.06529575410832693 0.36576 0.0 0.0
43114 10561439 0.7872938188118729 0.06544650530329453 0.36576 0.0 0.0
43115 10561439 0.7871412350506883 0.06559725649826215 0.36576 0.0 0.0
43116 10561439 0.7869886512895037 0.06574800769322975 0.36576 0.0 0.0
43117 10561439 0.786836067528319 0.06589875888819735 0.36576 0.0 0.0
43118 10561439 0.7868692338507657 0.06745300301205295 0.36576 0.0 0.0
43119 10561439 0.7869024001732123 0.06900724713590857 0.36576 0.0 0.0
43120 10561439 0.786935566495659 0.07056149125976417 0.36576 0.0 0.0
43121 10561439 0.7869687328181056 0.07211573538361978 0.36576 0.0 0.0
43122 10561439 0.7870018991405523 0.07366997950747539 0.36576 0.0 0.0
43123 10561439 0.7870350654629988 0.075224223631331 0.36576 0.0 0.0
43124 10561439 0.7870682317854455 0.0767784677551866 0.36576 0.0 0.0
43125 10561439 0.7871013981078921 0.0783327118790422 0.36576 0.0 0.0
43126 10561439 0.7871345644303388 0.07988695600289782 0.36576 0.0 0.0
43127 10561439 0.7871677307527855 0.08144120012675342 0.36576 0.0 0.0
43128 10561439 0.7872008970752321 0.08299544425060904 0.36576 0.0 0.0
43129 10561439 0.7872340633976788 0.08454968837446464 0.36576 0.0 0.0
43130 10561439 0.7872672297201254 0.08610393249832024 0.36576 0.0 0.0
43131 10561439 0.7873003960425721 0.08765817662217584 0.36576 0.0 0.0
43132 10561439 0.7873335623650187 0.08921242074603146 0.36576 0.0 0.0
43133 10561439 0.7873667286874654 0.09076666486988706 0.36576 0.0 0.0
43134 10561439 0.787399895009912 0.09232090899374266 0.36576 0.0 0.0
43135 10561439 0.7874330613323586 0.09387515311759828 0.36576 0.0 0.0
43136 10561439 0.7874662276548052 0.09542939724145388 0.36576 0.0 0.0
43137 10561439 0.7874993939772519 0.09698364136530949 0.36576 0.0 0.0
43138 10561439 0.7875325602996985 0.09853788548916509 0.36576 0.0 0.0
43139 10561439 0.7875657266221452 0.1000921296130207 0.36576 0.0 0.0
43140 10561439 0.7875988929445918 0.10164637373687631 0.36576 0.0 0.0
43141 10561439 0.7876320592670385 0.10320061786073192 0.36576 0.0 0.0
43142 10561439 0.7876652255894852 0.10475486198458753 0.36576 0.0 0.0
43143 10561439 0.7876983919119318 0.10630910610844313 0.36576 0.0 0.0
43144 10561439 0.7877315582343785 0.10786335023229873 0.36576 0.0 0.0
43145 10561439 0.7877647245568251 0.10941759435615435 0.36576 0.0 0.0
43146 10561439 0.7877978908792718 0.11097183848000995 0.36576 0.0 0.0
43147 10561439 0.7878310572017183 0.11252608260386557 0.36576 0.0 0.0
43148 10561439 0.787864223524165 0.11408032672772117 0.36576 0.0 0.0
43149 10561439 0.7878973898466116 0.11563457085157677 0.36576 0.0 0.0
43150 10561439 0.7879305561690583 0.11718881497543238 0.36576 0.0 0.0
43151 10561439 0.7879637224915049 0.11874305909928798 0.36576 0.0 0.0
43152 10561439 0.7879968888139516 0.1202973032231436 0.36576 0.0 0.0
43153 10561439 0.7880300551363982 0.1218515473469992 0.36576 0.0 0.0
43154 10561439 0.7880632214588449 0.12340579147085481 0.36576 0.0 0.0
43155 10561439 0.7880963877812915 0.12496003559471042 0.36576 0.0 0.0
43156 10561439 0.7881295541037382 0.12651427971856602 0.36576 0.0 0.0
43157 10561439 0.7881627204261848 0.12806852384242162 0.36576 0.0 0.0
43158 10561439 0.7881958867486314 0.12962276796627725 0.36576 0.0 0.0
43159 10561439 0.788229053071078 0.13117701209013283 0.36576 0.0 0.0
43160 10561439 0.7882622193935247 0.13273125621398846 0.36576 0.0 0.0
43161 10561439 0.7882953857159714 0.13428550033784406 0.36576 0.0 0.0
43162 10561439 0.788328552038418 0.13583974446169966 0.36576 0.0 0.0
43163 10561439 0.7883617183608647 0.13739398858555527 0.36576 0.0 0.0
43164 10561439 0.7883948846833113 0.13894823270941087 0.36576 0.0 0.0
43165 10561439 0.788428051005758 0.1405024768332665 0.36576 0.0 0.0
43166 10561439 0.7884612173282046 0.14205672095712207 0.36576 0.0 0.0
43167 10561439 0.7884943836506513 0.1436109650809777 0.36576 0.0 0.0
43168 10561439 0.7885275499730979 0.1451652092048333 0.36576 0.0 0.0
43169 10561439 0.7885607162955446 0.1467194533286889 0.36576 0.0 0.0
43170 10561439 0.7885938826179911 0.14827369745254454 0.36576 0.0 0.0
43171 10561439 0.7886270489404378 0.14982794157640011 0.36576 0.0 0.0
43172 10561439 0.7886602152628844 0.15138218570025574 0.36576 0.0 0.0
43173 10561439 0.7886933815853311 0.15293642982411135 0.36576 0.0 0.0
43174 10561439 0.7887265479077777 0.15449067394796695 0.36576 0.0 0.0
43175 10561439 0.7887597142302244 0.15604491807182255 0.36576 0.0 0.0
43176 10561439 0.7904631045418113 0.15899316346527295 0.36576 0.0 0.0
43177 10561439 0.7921664948533984 0.16194140885872335 0.36576 0.0 0.0
43178 10561439 0.7938698851649855 0.16488965425217378 0.36576 0.0 0.0
43179 10561439 0.7955732754765724 0.16783789964562418 0.36576 0.0 0.0
43180 10561439 0.7972766657881594 0.17078614503907458 0.36576 0.0 0.0
43181 10561439 0.7989800560997464 0.17373439043252498 0.36576 0.0 0.0
43182 10561439 0.802180583202228 0.17537566791430131 0.36576 0.0 0.0
43183 10561439 0.8053811103047094 0.17701694539607765 0.36576 0.0 0.0
43184 10561439 0.806174384178531 0.17944477463656164 0.36576 0.0 0.0
43185 10561439 0.8069676580523527 0.18187260387704562 0.36576 0.0 0.0
43186 10561439 0.8097761169649054 0.18095496352910562 0.36576 0.0 0.0
43187 10561439 0.8125845758774581 0.18003732318116564 0.36576 0.0 0.0
43188 10561439 0.8148165657091403 0.18211189251303772 0.36576 0.0 0.0
43189 10561439 0.8170485555408225 0.18418646184490978 0.36576 0.0 0.0
43190 10561439 0.8192805453725046 0.18626103117678183 0.36576 0.0 0.0
43191 10561439 0.8215125352041868 0.18833560050865392 0.36576 0.0 0.0
43192 10561439 0.8213119312103186 0.18840114592487658 0.36576 0.0 0.0
43193 10561439 0.8211113272164505 0.18846669134109928 0.36576 0.0 0.0
43194 10561439 0.8209107232225824 0.18853223675732195 0.36576 0.0 0.0
43195 10561439 0.8207101192287143 0.18859778217354461 0.36576 0.0 0.0
43196 10561439 0.8196226387614087 0.19070551349018067 0.36576 0.0 0.0
43197 10561439 0.8185351582941032 0.1928132448068167 0.36576 0.0 0.0
43198 10561439 0.8174476778267976 0.19492097612345274 0.36576 0.0 0.0
