5492 11322591 1.3739029731923629 0.0008035414734966773 0.33528 0.0 0.0
5493 11322591 1.3587960662983138 0.0007732344841001326 0.33528 0.0 0.0
5494 11322591 1.3380986637636145 -5.936910881571e-05 0.33528 0.0 0.0
5495 11322591 1.3174012612289152 -0.0008919727017315526 0.33528 0.0 0.0
5496 11322591 1.2959013908317525 -0.0014623584680900081 0.33528 0.0 0.0
5497 11322591 1.2700444676588085 -0.001777582071488655 0.33528 0.0 0.0
5498 11322591 1.2441875444858645 -0.002092805674887302 0.33528 0.0 0.0
5499 11322591 1.217426001960531 -0.0008273112112970882 0.33528 0.0 0.0
5500 11322591 1.1861464555278902 0.00020091195774957216 0.33528 0.0 0.0
5501 11322591 1.1548669090952495 0.0012291351267962325 0.33528 0.0 0.0
5502 11322591 1.1235873626626087 0.002257358295842893 0.33528 0.0 0.0
5503 11322591 1.0905931676369902 0.0005750242598378714 0.33528 0.0 0.0
5504 11322591 1.057598972611372 -0.00110730977616715 0.33528 0.0 0.0
5505 11322591 1.0246047775857534 -0.002789643812172171 0.33528 0.0 0.0
5506 11322591 0.9894034714099257 -0.0018035282506303207 0.33528 0.0 0.0
5507 11322591 0.9520599634119497 -0.002843133333208435 0.34544 0.0 0.0
5508 11322591 0.9147164554139736 -0.00388273841578655 0.35559999999999997 0.0 0.0
5509 11322591 0.8773729474159976 -0.004922343498364665 0.36576 0.0 0.0
5510 11322591 0.8438889904456454 -0.006833198941272267 0.36576 0.0 0.0
5511 11322591 0.806899553287592 -0.004794715218498058 0.36576 0.0 0.0
5512 11322591 0.7635553718234351 -0.005352787614867696 0.36576 0.0 0.0
5513 11322591 0.7268086841932696 -0.0009398579650566063 0.36576 0.0 0.0
5514 11322591 0.6853029047474823 -0.003616829370071656 0.381 0.0 0.0
5515 11322591 0.6437971253016952 -0.006293800775086705 0.39624000000000004 0.0 0.0
5516 11322591 0.605864912786892 -0.006866980645215848 0.39624000000000004 0.0 0.0
5517 11322591 0.5669795026484474 -0.008997657960110886 0.39624000000000004 0.0 0.0
5518 11322591 0.5280940925100028 -0.011128335275005924 0.39624000000000004 0.0 0.0
5519 11322591 0.4867540081911817 -0.01397526105919554 0.39624000000000004 0.0 0.0
5520 11322591 0.44541392387236056 -0.016822186843385156 0.39624000000000004 0.0 0.0
5521 11322591 0.4032240513618418 -0.020909869501510442 0.39624000000000004 0.0 0.0
5522 11322591 0.36193095006193865 -0.022252845185679604 0.39624000000000004 0.0 0.0
5523 11322591 0.32265290913185596 -0.026941201587200064 0.39624000000000004 0.0 0.0
5524 11322591 0.27935353956797937 -0.02762810169866925 0.39624000000000004 0.0 0.0
5525 11322591 0.23795670323934393 -0.029287025071711548 0.42672000000000004 0.0 0.0
5526 11322591 0.19817738382194827 -0.030072311317818567 0.42672000000000004 0.0 0.0
5527 11322591 0.15839806440455262 -0.030857597563925587 0.42672000000000004 0.0 0.0
5528 11322591 0.11827593133152203 -0.030245409371080834 0.42672000000000004 0.0 0.0
5529 11322591 0.07903640032648163 -0.029921378671016005 0.42672000000000004 0.0 0.0
5530 11322591 0.03979686932144122 -0.029597347970951177 0.42672000000000004 0.0 0.0
5531 11322591 -0.0006408120739074818 -0.028998131833354257 0.44196 0.0 0.0
5532 11322591 -0.04107849346925618 -0.028398915695757337 0.45720000000000005 0.0 0.0
5533 11322591 -0.08101991264313557 -0.03035652730143315 0.45720000000000005 0.0 0.0
5534 11322591 -0.12096133181701496 -0.032314138907108964 0.45720000000000005 0.0 0.0
5535 11322591 -0.1610024780170119 -0.030500141220764748 0.45720000000000005 0.0 0.0
5536 11322591 -0.20104362421700883 -0.028686143534420533 0.45720000000000005 0.0 0.0
5537 11322591 -0.24193657973313543 -0.030156759799402105 0.48768 0.0 0.0
5538 11322591 -0.27946062199504185 -0.0281134586564874 0.48768 0.0 0.0
5539 11322591 -0.31698466425694827 -0.026070157513572695 0.48768 0.0 0.0
5540 11322591 -0.35791231189328765 -0.027645658938715373 0.48768 0.0 0.0
5541 11322591 -0.39563908861401154 -0.027580175073211005 0.48768 0.0 0.0
5542 11322591 -0.43751617406101384 -0.026624952547566638 0.48768 0.0 0.0
5543 11322591 -0.47939325950801615 -0.02566973002192227 0.48768 0.0 0.0
5544 11322591 -0.517586080281067 -0.027028451490714894 0.50292 0.0 0.0
5545 11322591 -0.5557789010541179 -0.028387172959507517 0.5181600000000001 0.0 0.0
5546 11322591 -0.5955553235139308 -0.025080297702357396 0.5181600000000001 0.0 0.0
5547 11322591 -0.635192720995654 -0.025966161065757554 0.5181600000000001 0.0 0.0
5548 11322591 -0.6748301184773773 -0.02685202442915771 0.5181600000000001 0.0 0.0
5549 11322591 -0.7141597128690864 -0.02380744579139435 0.5181600000000001 0.0 0.0
5550 11322591 -0.756973204371749 -0.029788174309561294 0.5181600000000001 0.0 0.0
5551 11322591 -0.7953088431177151 -0.030222692291434844 0.5181600000000001 0.0 0.0
5552 11322591 -0.8346540837800843 -0.031027828439340405 0.5334000000000001 0.0 0.0
5553 11322591 -0.8739993244424535 -0.031832964587245965 0.54864 0.0 0.0
5554 11322591 -0.9123006354452732 -0.03216130073568205 0.54864 0.0 0.0
5555 11322591 -0.953527023598336 -0.033285531876819846 0.54864 0.0 0.0
5556 11322591 -0.9962397742825326 -0.03555910994690939 0.54864 0.0 0.0
5557 11322591 -1.0389525249667293 -0.03783268801699893 0.54864 0.0 0.0
5558 11322591 -1.0785505687344497 -0.03872919922485238 0.5638799999999999 0.0 0.0
5559 11322591 -1.1181486125021702 -0.039625710432705824 0.57912 0.0 0.0
5560 11322591 -1.1571349137325544 -0.04023495900784471 0.57912 0.0 0.0
5561 11322591 -1.1961212149629386 -0.0408442075829836 0.57912 0.0 0.0
5562 11322591 -1.2351075161933227 -0.04145345615812249 0.57912 0.0 0.0
5563 11322591 -1.2740997531768923 -0.043890821188843715 0.57912 0.0 0.0
5564 11322591 -1.3042288271604798 -0.04475745169090223 0.58674 0.0 0.0
5565 11322591 -1.3343579011440676 -0.04562408219296074 0.59436 0.0 0.0
5566 11322591 -1.3934667654091666 -0.044928698749324064 0.6096 0.0 0.0
5567 11322591 -1.4306982029660338 -0.046597441244864285 0.6096 0.0 0.0
5568 11322591 -1.467929640522901 -0.048266183740404506 0.6096 0.0 0.0
5569 11322591 -1.5074882968053538 -0.04917342782697939 0.6096 0.0 0.0
5570 11322591 -1.5470469530878066 -0.05008067191355428 0.6096 0.0 0.0
5571 11322591 -1.5860397758381863 -0.05251632789915897 0.6096 0.0 0.0
5572 11322591 -1.6146814841472485 -0.0535177434539513 0.6248400000000001 0.0 0.0
5573 11322591 -1.6433231924563105 -0.05451915900874363 0.6400800000000001 0.0 0.0
5574 11322591 -1.6894400307693345 -0.053952240344047525 0.6400800000000001 0.0 0.0
5575 11322591 -1.7355568690823586 -0.05338532167935142 0.6400800000000001 0.0 0.0
5576 11322591 -1.7730095454529722 -0.052468048537363116 0.6400800000000001 0.0 0.0
5577 11322591 -1.8104622218235857 -0.05155077539537481 0.6400800000000001 0.0 0.0
5578 11322591 -1.8486959629901836 -0.05166297079218998 0.67056 0.0 0.0
5579 11322591 -1.8876631798001045 -0.051301270895179746 0.67056 0.0 0.0
5580 11322591 -1.9266303966100253 -0.05093957099816951 0.67056 0.0 0.0
5581 11322591 -1.9656238904834027 -0.0533731457271234 0.67056 0.0 0.0
5582 11322591 -2.0066965108602046 -0.058631499321148056 0.67056 0.0 0.0
5583 11322591 -2.0477691312370068 -0.06388985291517271 0.67056 0.0 0.0
5584 11322591 -2.0853588026532535 -0.07180625443934943 0.67056 0.0 0.0
5585 11322591 -2.1195379896392783 -0.07581406509692537 0.67056 0.0 0.0
5586 11322591 -2.164115430308857 -0.09639976379315932 0.67056 0.0 0.0
5587 11322591 -2.194292610786886 -0.10528016286409583 0.67056 0.0 0.0
5588 11322591 -2.224469791264915 -0.11416056193503235 0.67056 0.0 0.0
5589 11322591 -2.2575769321275025 -0.13715475063444457 0.6858000000000001 0.0 0.0
5590 11322591 -2.29068407299009 -0.1601489393338568 0.7010400000000001 0.0 0.0
5591 11322591 -2.333819212230604 -0.20130259306630663 0.7010400000000001 0.0 0.0
5592 11322591 -2.3580212743045 -0.23346109296353004 0.7010400000000001 0.0 0.0
5593 11322591 -2.380216408308113 -0.26545826863213273 0.7010400000000001 0.0 0.0
5594 11322591 -2.4024115423117256 -0.2974554443007354 0.7010400000000001 0.0 0.0
5595 11322591 -2.4246066763153387 -0.32945261996933806 0.7010400000000001 0.0 0.0
5596 11322591 -2.4451236544080333 -0.3677240695222135 0.7010400000000001 0.0 0.0
5597 11322591 -2.4636016858957928 -0.40315734524910524 0.7010400000000001 0.0 0.0
5598 11322591 -2.4820797173835523 -0.438590620975997 0.7010400000000001 0.0 0.0
5599 11322591 -2.5005906885031237 -0.4775183678143313 0.7010400000000001 0.0 0.0
5600 11322591 -2.5195934581265425 -0.5152336168670009 0.7010400000000001 0.0 0.0
5601 11322591 -2.538596227749961 -0.5529488659196704 0.7010400000000001 0.0 0.0
5602 11322591 -2.5563608318768054 -0.5909523646788527 0.71628 0.0 0.0
5603 11322591 -2.5741254360036496 -0.628955863438035 0.73152 0.0 0.0
5604 11322591 -2.5898624330957256 -0.6689080189817991 0.73152 0.0 0.0
5605 11322591 -2.605530392122038 -0.7086490745644799 0.73152 0.0 0.0
5606 11322591 -2.620132729333885 -0.7492061493407693 0.73152 0.0 0.0
5607 11322591 -2.6347350665457325 -0.7897632241170589 0.73152 0.0 0.0
5608 11322591 -2.6455878991100237 -0.8310797096234945 0.73152 0.0 0.0
5609 11322591 -2.655703060693819 -0.8742149115973876 0.73152 0.0 0.0
5610 11322591 -2.665818222277614 -0.9173501135712808 0.73152 0.0 0.0
5611 11322591 -2.6718902040248302 -0.9603476436440267 0.73152 0.0 0.0
5612 11322591 -2.680542414482094 -1.003085167555633 0.73152 0.0 0.0
5613 11322591 -2.6797073940587417 -1.0476024833871596 0.73152 0.0 0.0
5614 11322591 -2.6788723736353894 -1.0921197992186864 0.73152 0.0 0.0
5615 11322591 -2.678037353212037 -1.136637115050213 0.73152 0.0 0.0
5616 11322591 -2.6629817619071936 -1.1766153028327104 0.73152 0.0 0.0
5617 11322591 -2.64792617060235 -1.2165934906152076 0.73152 0.0 0.0
5618 11322591 -2.6328705792975065 -1.256571678397705 0.73152 0.0 0.0
5619 11322591 -2.6129208776965838 -1.2933603273143446 0.762 0.0 0.0
5620 11322591 -2.583472758539809 -1.3242010160260795 0.762 0.0 0.0
5621 11322591 -2.5540246393830346 -1.3550417047378143 0.762 0.0 0.0
5622 11322591 -2.523365266762873 -1.3851683587744625 0.762 0.0 0.0
5623 11322591 -2.4861991124185714 -1.412516111458518 0.762 0.0 0.0
5624 11322591 -2.4454437517276144 -1.4341438667112338 0.75184 0.0 0.0
5625 11322591 -2.4046883910366574 -1.4557716219639496 0.74168 0.0 0.0
5626 11322591 -2.3639330303457005 -1.4773993772166654 0.73152 0.0 0.0
5627 11322591 -2.311663344103332 -1.4919851243774376 0.73152 0.0 0.0
5628 11322591 -2.2593936578609632 -1.5065708715382098 0.73152 0.0 0.0
5629 11322591 -2.208892522998201 -1.518006873382656 0.71628 0.0 0.0
5630 11322591 -2.1583913881354384 -1.529442875227102 0.7010400000000001 0.0 0.0
5631 11322591 -2.1027197680232597 -1.5378372837238294 0.7010400000000001 0.0 0.0
5632 11322591 -2.047048147911081 -1.5462316922205568 0.7010400000000001 0.0 0.0
5633 11322591 -1.9918835818210703 -1.5514218282023224 0.7010400000000001 0.0 0.0
5634 11322591 -1.9352907911115826 -1.5563189909954096 0.7010400000000001 0.0 0.0
5635 11322591 -1.878698000402095 -1.5612161537884968 0.7010400000000001 0.0 0.0
5636 11322591 -1.8223168161704746 -1.565400431373809 0.7010400000000001 0.0 0.0
5637 11322591 -1.765935631938854 -1.569584708959121 0.7010400000000001 0.0 0.0
5638 11322591 -1.7095544477072335 -1.5737689865444333 0.7010400000000001 0.0 0.0
5639 11322591 -1.6533788378711674 -1.576950495272211 0.7010400000000001 0.0 0.0
5640 11322591 -1.5999322047836462 -1.5792392031328315 0.67056 0.0 0.0
5641 11322591 -1.5416474767701691 -1.583576903775094 0.67056 0.0 0.0
5642 11322591 -1.4877299008197482 -1.5849671045589653 0.67056 0.0 0.0
5643 11322591 -1.4338123248693273 -1.5863573053428366 0.67056 0.0 0.0
5644 11322591 -1.376171517645125 -1.5921188567247246 0.67056 0.0 0.0
5645 11322591 -1.3204899724100325 -1.5957205039132567 0.67056 0.0 0.0
5646 11322591 -1.2646532394481527 -1.5988465144515114 0.67056 0.0 0.0
5647 11322591 -1.2088165064862728 -1.601972524989766 0.67056 0.0 0.0
5648 11322591 -1.1505547730329855 -1.6058323191737283 0.67056 0.0 0.0
5649 11322591 -1.096487697435085 -1.606217305380717 0.67056 0.0 0.0
5650 11322591 -1.03960901539992 -1.6109090252550784 0.67056 0.0 0.0
5651 11322591 -0.9827303333647552 -1.6156007451294399 0.67056 0.0 0.0
5652 11322591 -0.9292846328848972 -1.6178843936428686 0.67056 0.0 0.0
5653 11322591 -0.8733340406042504 -1.6213367943568553 0.67056 0.0 0.0
5654 11322591 -0.8173834483236035 -1.624789195070842 0.67056 0.0 0.0
5655 11322591 -0.7628618396215991 -1.6292143814735636 0.67056 0.0 0.0
5656 11322591 -0.7083402309195947 -1.6336395678762852 0.67056 0.0 0.0
5657 11322591 -0.6538186222175904 -1.6380647542790068 0.67056 0.0 0.0
5658 11322591 -0.60281573103025 -1.6396644432528822 0.67056 0.0 0.0
5659 11322591 -0.5493705450988156 -1.6419452253095637 0.67056 0.0 0.0
5660 11322591 -0.49673620205695546 -1.6467059348547568 0.67056 0.0 0.0
5661 11322591 -0.44410185901509536 -1.65146664439995 0.67056 0.0 0.0
5662 11322591 -0.41777609668627835 -1.6538203167070655 0.67056 0.0 0.0
5663 11322591 -0.39145033435746135 -1.6561739890141811 0.67056 0.0 0.0
5664 11322591 -0.2877618793909724 -1.6623728072339428 0.67056 0.0 0.0
5665 11322591 -0.23672498409952003 -1.6638643054358504 0.67056 0.0 0.0
5666 11322591 -0.18651605735804933 -1.667888773836426 0.67056 0.0 0.0
5667 11322591 -0.13627268326612207 -1.6718073299896081 0.67056 0.0 0.0
5668 11322591 -0.08551201846474774 -1.674141822891269 0.67056 0.0 0.0
5669 11322591 -0.03475135366337338 -1.67647631579293 0.67056 0.0 0.0
5670 11322591 0.01600931113800097 -1.678810808694591 0.67056 0.0 0.0
5671 11322591 0.06694229595641832 -1.6806167898944453 0.67056 0.0 0.0
5672 11322591 0.1155707902245453 -1.681318947974905 0.6400800000000001 0.0 0.0
5673 11322591 0.16652082580453137 -1.6830712522406928 0.6400800000000001 0.0 0.0
5674 11322591 0.21747086138451743 -1.6848235565064804 0.6400800000000001 0.0 0.0
5675 11322591 0.2678172220030105 -1.6884225728332407 0.6400800000000001 0.0 0.0
5676 11322591 0.3162729653536519 -1.6896511435250683 0.6400800000000001 0.0 0.0
5677 11322591 0.3673089631419332 -1.6911382925854017 0.6400800000000001 0.0 0.0
5678 11322591 0.41593698915004634 -1.6918383911890196 0.6400800000000001 0.0 0.0
5679 11322591 0.4664156730552389 -1.6944861236662168 0.6400800000000001 0.0 0.0
5680 11322591 0.5168943569604315 -1.6971338561434137 0.6400800000000001 0.0 0.0
5681 11322591 0.5673629690423817 -1.700264220829643 0.6400800000000001 0.0 0.0
5682 11322591 0.617831581124332 -1.703394585515872 0.6400800000000001 0.0 0.0
5683 11322591 0.6683001932062822 -1.7065249502021014 0.6400800000000001 0.0 0.0
5684 11322591 0.7173385936350669 -1.7100439806415877 0.6400800000000001 0.0 0.0
5685 11322591 0.7663769940638517 -1.7135630110810742 0.6400800000000001 0.0 0.0
5686 11322591 0.8143899759269371 -1.7154613870532809 0.6400800000000001 0.0 0.0
5687 11322591 0.8624029577900223 -1.7173597630254873 0.6400800000000001 0.0 0.0
5688 11322591 0.9126451173322737 -1.721270875849455 0.6400800000000001 0.0 0.0
5689 11322591 0.9636802571609224 -1.722753730096827 0.6400800000000001 0.0 0.0
5690 11322591 1.011514400544784 -1.725877644669978 0.6400800000000001 0.0 0.0
5691 11322591 1.0601070131982095 -1.7266788855471564 0.6400800000000001 0.0 0.0
5692 11322591 1.1079410397547311 -1.7298021489032254 0.6400800000000001 0.0 0.0
5693 11322591 1.1334584636830844 -1.730542872955297 0.6400800000000001 0.0 0.0
5694 11322591 1.1589758876114378 -1.7312835970073686 0.6400800000000001 0.0 0.0
5695 11322591 1.2552986915968254 -1.7355227817870753 0.6400800000000001 0.0 0.0
5696 11322591 1.306298839999867 -1.737108731524695 0.6400800000000001 0.0 0.0
5697 11322591 1.352517569893483 -1.7370160267460621 0.6400800000000001 0.0 0.0
5698 11322591 1.4019688358998987 -1.7392635611197775 0.6400800000000001 0.0 0.0
5699 11322591 1.4514201019063144 -1.741511095493493 0.6400800000000001 0.0 0.0
5700 11322591 1.5022475834990918 -1.7436234513825297 0.6400800000000001 0.0 0.0
5701 11322591 1.5502996943628609 -1.7455299466103267 0.6400800000000001 0.0 0.0
5702 11322591 1.59835180522663 -1.7474364418381236 0.6400800000000001 0.0 0.0
5703 11322591 1.64689772307158 -1.7481018886272717 0.6400800000000001 0.0 0.0
5704 11322591 1.6949267312143843 -1.7499415171895962 0.6400800000000001 0.0 0.0
5705 11322591 1.7429557393571888 -1.7517811457519208 0.6400800000000001 0.0 0.0
5706 11322591 1.7915816912833502 -1.7524718098963494 0.6400800000000001 0.0 0.0
5707 11322591 1.837713441647093 -1.7526397062233545 0.6400800000000001 0.0 0.0
5708 11322591 1.8838451920108357 -1.7528076025503596 0.6400800000000001 0.0 0.0
5709 11322591 1.9324709020006405 -1.7534973012954616 0.6400800000000001 0.0 0.0
5710 11322591 1.9810275991625568 -1.7543977978800516 0.6400800000000001 0.0 0.0
5711 11322591 2.0287937934917966 -1.753637946493278 0.6400800000000001 0.0 0.0
5712 11322591 2.076559987821036 -1.7528780951065046 0.6400800000000001 0.0 0.0
5713 11322591 2.1242321416680037 -1.7559419287235314 0.6400800000000001 0.0 0.0
5714 11322591 2.171904295514971 -1.7590057623405582 0.6400800000000001 0.0 0.0
5715 11322591 2.220449270342752 -1.7596672843429106 0.6400800000000001 0.0 0.0
5716 11322591 2.267600847665258 -1.7601071236679962 0.6400800000000001 0.0 0.0
5717 11322591 2.3147524249877636 -1.7605469629930817 0.6400800000000001 0.0 0.0
5718 11322591 2.3633774211476286 -1.761233708296102 0.6400800000000001 0.0 0.0
5719 11322591 2.4103675983018267 -1.7628465574493828 0.6400800000000001 0.0 0.0
5720 11322591 2.4573577754560243 -1.7644594066026635 0.6400800000000001 0.0 0.0
5721 11322591 2.5055862374742803 -1.7663590410692307 0.6400800000000001 0.0 0.0
5722 11322591 2.553814699492536 -1.768258675535798 0.6400800000000001 0.0 0.0
5723 11322591 2.5999624875459038 -1.7683689821048951 0.6400800000000001 0.0 0.0
5724 11322591 2.6485353019524673 -1.7692119586384003 0.6400800000000001 0.0 0.0
5725 11322591 2.697108116359031 -1.7700549351719055 0.6400800000000001 0.0 0.0
5726 11322591 2.744493613825271 -1.7712689397269663 0.6400800000000001 0.0 0.0
5727 11322591 2.791879111291511 -1.7724829442820271 0.6400800000000001 0.0 0.0
5728 11322591 2.839264608757751 -1.773696948837088 0.6400800000000001 0.0 0.0
5729 11322591 2.885159782313611 -1.773489481249009 0.6400800000000001 0.0 0.0
5730 11322591 2.9336804908942176 -1.774489025972253 0.6400800000000001 0.0 0.0
5731 11322591 2.9814776302899997 -1.7777052098337551 0.6400800000000001 0.0 0.0
5732 11322591 3.027693630968492 -1.7776015944378538 0.6400800000000001 0.0 0.0
5733 11322591 3.0754906535667557 -1.7808171438721956 0.6400800000000001 0.0 0.0
5734 11322591 3.123735443067702 -1.7826597873008168 0.6400800000000001 0.0 0.0
5735 11322591 3.1719802325686484 -1.784502430729438 0.6400800000000001 0.0 0.0
5736 11322591 3.2026836544474784 -1.7843975056661983 0.6400800000000001 0.0 0.0
5737 11322591 3.233387076326308 -1.7842925806029584 0.6400800000000001 0.0 0.0
5738 11322591 3.264090498205138 -1.7841876555397187 0.6400800000000001 0.0 0.0
5739 11322591 3.3558332269884303 -1.7844527373824752 0.6400800000000001 0.0 0.0
5740 11322591 3.4044565279027115 -1.7851323461040136 0.6400800000000001 0.0 0.0
5741 11322591 3.453045301587893 -1.7859171937530125 0.6400800000000001 0.0 0.0
5742 11322591 3.4960603594389115 -1.7874530422712256 0.6400800000000001 0.0 0.0
5743 11322591 3.5429643939155193 -1.785234624240102 0.6400800000000001 0.0 0.0
5744 11322591 3.588438125153234 -1.7842233055015797 0.6400800000000001 0.0 0.0
5745 11322591 3.633911856390949 -1.7832119867630571 0.6400800000000001 0.0 0.0
5746 11322591 3.679385587628664 -1.7822006680245348 0.6400800000000001 0.0 0.0
5747 11322591 3.7234455393876384 -1.7791701372819853 0.6400800000000001 0.0 0.0
5748 11322591 3.772894753983187 -1.777313462057769 0.6400800000000001 0.0 0.0
5749 11322591 3.819694851284864 -1.7754099405825443 0.6400800000000001 0.0 0.0
5750 11322591 3.8656002663680518 -1.7735255111803474 0.62992 0.0 0.0
5751 11322591 3.9115056814512394 -1.7716410817781505 0.6197600000000001 0.0 0.0
5752 11322591 3.957411096534427 -1.7697566523759536 0.6096 0.0 0.0
5753 11322591 4.004210786936824 -1.7678519171950318 0.6096 0.0 0.0
5754 11322591 4.050023616299396 -1.7676107393521636 0.6096 0.0 0.0
5755 11322591 4.092501322403687 -1.761258688914212 0.6096 0.0 0.0
5756 11322591 4.137684823161617 -1.7561394254495368 0.6096 0.0 0.0
5757 11322591 4.182207135725753 -1.7498695648201223 0.6096 0.0 0.0
5758 11322591 4.22672944828989 -1.7435997041907076 0.6096 0.0 0.0
5759 11322591 4.271251760854026 -1.7373298435612932 0.6096 0.0 0.0
5760 11322591 4.312801581345158 -1.7256513645606386 0.6096 0.0 0.0
5761 11322591 4.3532514771253945 -1.7099928730975416 0.6096 0.0 0.0
5762 11322591 4.393701372905631 -1.6943343816344445 0.6096 0.0 0.0
5763 11322591 4.434243126819674 -1.6773039302362334 0.6096 0.0 0.0
5764 11322591 4.471078000492689 -1.6560272956697457 0.6096 0.0 0.0
5765 11322591 4.507912874165704 -1.6347506611032583 0.6096 0.0 0.0
5766 11322591 4.544747747838719 -1.6134740265367706 0.6096 0.0 0.0
5767 11322591 4.576190471253332 -1.5860388962304017 0.6096 0.0 0.0
5768 11322591 4.607633194667946 -1.558603765924033 0.6096 0.0 0.0
5769 11322591 4.6390759180825585 -1.5311686356176641 0.6096 0.0 0.0
5770 11322591 4.668577439446971 -1.5006084642800572 0.57912 0.0 0.0
5771 11322591 4.693629972590077 -1.4687141586636847 0.57912 0.0 0.0
5772 11322591 4.718682505733184 -1.436819853047312 0.57912 0.0 0.0
5773 11322591 4.741167224328774 -1.4016352014938007 0.57912 0.0 0.0
5774 11322591 4.761117971137799 -1.3655073767955126 0.57912 0.0 0.0
5775 11322591 4.7780793962805586 -1.330195708281465 0.57912 0.0 0.0
5776 11322591 4.795040821423319 -1.2948840397674175 0.57912 0.0 0.0
5777 11322591 4.812002246566078 -1.25957237125337 0.57912 0.0 0.0
5778 11322591 4.822987598855215 -1.2177175160858873 0.57912 0.0 0.0
5779 11322591 4.834814150528136 -1.1814516175081287 0.57912 0.0 0.0
5780 11322591 4.846640702201058 -1.1451857189303698 0.57912 0.0 0.0
5781 11322591 4.8560423485224025 -1.1081874411344785 0.57912 0.0 0.0
5782 11322591 4.867851699327151 -1.0719743299092503 0.57912 0.0 0.0
5783 11322591 4.873773589832903 -1.053814984405126 0.57912 0.0 0.0
5784 11322591 4.879695480338656 -1.0356556389010019 0.57912 0.0 0.0
5785 11322591 4.895333807257276 -0.9631966614747894 0.57912 0.0 0.0
5786 11322591 4.903622666863915 -0.9285220031790026 0.57912 0.0 0.0
5787 11322591 4.9099512763440645 -0.8925072534578734 0.57912 0.0 0.0
5788 11322591 4.916004645553974 -0.8569283607623369 0.57912 0.0 0.0
5789 11322591 4.922058014763882 -0.8213494680668004 0.57912 0.0 0.0
5790 11322591 4.929052336992347 -0.7835661031244151 0.57912 0.0 0.0
5791 11322591 4.932089785765583 -0.7497485964752563 0.57912 0.0 0.0
5792 11322591 4.938051336282777 -0.715132582646361 0.57912 0.0 0.0
5793 11322591 4.944012886799972 -0.6805165688174658 0.57912 0.0 0.0
5794 11322591 4.9445479257527145 -0.656551208075444 0.57912 0.0 0.0
5795 11322591 4.945082964705456 -0.6325858473334222 0.57912 0.0 0.0
5796 11322591 4.945618003658199 -0.6086204865914003 0.57912 0.0 0.0
5797 11322591 4.943495981012648 -0.5405314911593415 0.57912 0.0 0.0
5798 11322591 4.9409850019677055 -0.5231845654431788 0.57912 0.0 0.0
5799 11322591 4.938474022922763 -0.5058376397270161 0.57912 0.0 0.0
5800 11322591 4.920266812994252 -0.43752534463012227 0.57912 0.0 0.0
5801 11322591 4.90351569354472 -0.4044960096739333 0.54864 0.0 0.0
5802 11322591 4.88680974497491 -0.37405105046611276 0.54864 0.0 0.0
5803 11322591 4.8655524428676955 -0.3434064268926224 0.54864 0.0 0.0
5804 11322591 4.844295140760481 -0.31276180331913206 0.54864 0.0 0.0
5805 11322591 4.82022744145863 -0.2869239190255659 0.54864 0.0 0.0
5806 11322591 4.791573367551575 -0.2626269281959957 0.54864 0.0 0.0
5807 11322591 4.7629192936445195 -0.23832993736642552 0.54864 0.0 0.0
5808 11322591 4.731764629603856 -0.21788938069225153 0.54864 0.0 0.0
5809 11322591 4.715150328088875 -0.2062211075737054 0.54864 0.0 0.0
5810 11322591 4.698536026573894 -0.19455283445515928 0.54864 0.0 0.0
5811 11322591 4.628038231598548 -0.161629369887238 0.54864 0.0 0.0
5812 11322591 4.5929040178755205 -0.14549674910021007 0.54864 0.0 0.0
5813 11322591 4.5752396647870075 -0.1370481872619139 0.54864 0.0 0.0
5814 11322591 4.5575753116984945 -0.12859962542361772 0.54864 0.0 0.0
5815 11322591 4.481342494888946 -0.10373241995301022 0.5181600000000001 0.0 0.0
5816 11322591 4.4468475390746285 -0.09516644666689147 0.5181600000000001 0.0 0.0
5817 11322591 4.4267915105634845 -0.08996717148192498 0.5181600000000001 0.0 0.0
5818 11322591 4.406735482052341 -0.0847678962969585 0.5181600000000001 0.0 0.0
5819 11322591 4.32444501600385 -0.07030454218169904 0.5181600000000001 0.0 0.0
5820 11322591 4.28360977485544 -0.06212234190403346 0.5181600000000001 0.0 0.0
5821 11322591 4.244482778273359 -0.0541466589347018 0.5181600000000001 0.0 0.0
5822 11322591 4.205355781691279 -0.04617097596537015 0.5181600000000001 0.0 0.0
5823 11322591 4.16379728120325 -0.04020512094604903 0.5181600000000001 0.0 0.0
5824 11322591 4.121842656722609 -0.0354529851234088 0.5181600000000001 0.0 0.0
5825 11322591 4.079888032241968 -0.03070084930076858 0.5181600000000001 0.0 0.0
5826 11322591 4.038822706863782 -0.024311118897850342 0.5181600000000001 0.0 0.0
5827 11322591 3.9971087680349378 -0.019636787900820213 0.50292 0.0 0.0
5828 11322591 3.955394829206093 -0.014962456903790083 0.48768 0.0 0.0
5829 11322591 3.914796806196426 -0.014214639535712142 0.48768 0.0 0.0
5830 11322591 3.8717914110833753 -0.012681088442820038 0.48768 0.0 0.0
5831 11322591 3.830592037714039 -0.010509964511420916 0.48768 0.0 0.0
5832 11322591 3.789392664344703 -0.008338840580021795 0.48768 0.0 0.0
5833 11322591 3.7522806110093008 -0.0061577876846589386 0.48768 0.0 0.0
5834 11322591 3.7096022754423097 -0.0036201963237910417 0.48768 0.0 0.0
5835 11322591 3.6669239398753186 -0.001082604962923145 0.48768 0.0 0.0
5836 11322591 3.627140176988544 0.00080289398810654 0.48768 0.0 0.0
5837 11322591 3.5873564141017695 0.002688392939136225 0.48768 0.0 0.0
5838 11322591 3.549061896630209 0.002335995758322079 0.48768 0.0 0.0
5839 11322591 3.51076732057649 0.001983805114290721 0.48768 0.0 0.0
5840 11322591 3.4705586156989954 0.0028405575563128227 0.48768 0.0 0.0
5841 11322591 3.434138961567268 0.0033371152812395055 0.48768 0.0 0.0
5842 11322591 3.3977193074355405 0.0038336730061661883 0.48768 0.0 0.0
5843 11322591 3.3603547927947597 0.006332674246008224 0.48768 0.0 0.0
5844 11322591 3.342703442309119 0.005844028635231285 0.48768 0.0 0.0
5845 11322591 3.325052091823478 0.0053553830244543466 0.48768 0.0 0.0
5846 11322591 3.255906406448262 0.010050557870284388 0.48768 0.0 0.0
5847 11322591 3.2217441813611383 0.008759981522880184 0.48768 0.0 0.0
5848 11322591 3.1875819562740144 0.007469405175475979 0.48768 0.0 0.0
5849 11322591 3.151641982634052 0.0053576004251854326 0.48768 0.0 0.0
5850 11322591 3.1157020089940897 0.0032457956748948857 0.48768 0.0 0.0
5851 11322591 3.081031001519393 0.0047501736693859875 0.48768 0.0 0.0
5852 11322591 3.0500610499828644 0.0023598604596155315 0.48768 0.0 0.0
5853 11322591 3.0325871839870846 0.0018723834157568786 0.48768 0.0 0.0
5854 11322591 3.0151133179913048 0.0013849063718982257 0.48768 0.0 0.0
5855 11322591 2.9713140363077106 0.0004961288480892778 0.47752 0.0 0.0
5856 11322591 2.927514754624116 -0.0003926486757196701 0.46736000000000005 0.0 0.0
5857 11322591 2.883715472940522 -0.001281426199528618 0.45720000000000005 0.0 0.0
5858 11322591 2.8516119828755135 -0.0006141552449664134 0.45720000000000005 0.0 0.0
5859 11322591 2.8201035976896556 -0.0016595806267702962 0.45720000000000005 0.0 0.0
5860 11322591 2.7885952125037976 -0.002705006008574179 0.45720000000000005 0.0 0.0
5861 11322591 2.75657826297149 -0.0009557597913311677 0.45720000000000005 0.0 0.0
5862 11322591 2.7245613134391826 0.0007934864259118435 0.45720000000000005 0.0 0.0
5863 11322591 2.694727107027347 0.0002533073628472604 0.45720000000000005 0.0 0.0
5864 11322591 2.662647062867202 0.002081958533579731 0.44196 0.0 0.0
5865 11322591 2.6305670187070564 0.003910609704312201 0.42672000000000004 0.0 0.0
5866 11322591 2.599121370381725 0.0027871841668287434 0.42672000000000004 0.0 0.0
5867 11322591 2.5676757220563937 0.0016637586293452855 0.42672000000000004 0.0 0.0
5868 11322591 2.5350780261352543 0.0010919444382684051 0.42672000000000004 0.0 0.0
5869 11322591 2.502480330214115 0.0005201302471915248 0.42672000000000004 0.0 0.0
5870 11322591 2.471465341428541 0.0007168380311271816 0.42672000000000004 0.0 0.0
5871 11322591 2.4404503526429666 0.0009135458150628384 0.42672000000000004 0.0 0.0
5872 11322591 2.409479460239604 -0.0014739781291590315 0.42672000000000004 0.0 0.0
5873 11322591 2.3765168869919817 -0.007241282443585323 0.42672000000000004 0.0 0.0
5874 11322591 2.3435543137443595 -0.013008586758011614 0.42672000000000004 0.0 0.0
5875 11322591 2.3110031708709022 -0.012076100604054646 0.42672000000000004 0.0 0.0
5876 11322591 2.279219964382757 -0.011511045079246635 0.42672000000000004 0.0 0.0
5877 11322591 2.2495408422947634 -0.010756694834738206 0.42672000000000004 0.0 0.0
5878 11322591 2.219861720206769 -0.010002344590229778 0.42672000000000004 0.0 0.0
5879 11322591 2.1887661244275254 -0.009778199828781031 0.41148000000000007 0.0 0.0
5880 11322591 2.157670528648281 -0.009554055067332284 0.39624000000000004 0.0 0.0
5881 11322591 2.1285939831824807 -0.007769446429764321 0.39624000000000004 0.0 0.0
5882 11322591 2.0966975846474387 -0.004830260765401634 0.39624000000000004 0.0 0.0
5883 11322591 2.0806281493356793 -0.004547626417322759 0.39624000000000004 0.0 0.0
5884 11322591 2.06455871402392 -0.004264992069243884 0.39624000000000004 0.0 0.0
5885 11322591 2.006153445417761 -0.0003789449387279209 0.39624000000000004 0.0 0.0
5886 11322591 1.9741357158322494 0.0013738360461341692 0.39624000000000004 0.0 0.0
5887 11322591 1.9421179862467377 0.0031266170309962593 0.39624000000000004 0.0 0.0
5888 11322591 1.9118090965459178 0.005489812175329747 0.39624000000000004 0.0 0.0
5889 11322591 1.8815002068450977 0.007853007319663236 0.39624000000000004 0.0 0.0
5890 11322591 1.8466779582078177 0.00047556027455254724 0.39624000000000004 0.0 0.0
5891 11322591 1.8118557095705374 -0.006901886770558141 0.39624000000000004 0.0 0.0
5892 11322591 1.7827503256685269 -0.004931248354610868 0.381 0.0 0.0
5893 11322591 1.7536449417665163 -0.0029606099386635942 0.36576 0.0 0.0
5894 11322591 1.7327842273935599 -0.002845247975166295 0.36576 0.0 0.0
5895 11322591 1.7119235130206034 -0.002729886011668995 0.36576 0.0 0.0
5896 11322591 1.691062798647647 -0.002614524048171696 0.36576 0.0 0.0
5897 11322591 1.6278480007610194 -0.0047482234743925905 0.36576 0.0 0.0
5898 11322591 1.5960640449081693 -0.004180106620062338 0.36576 0.0 0.0
5899 11322591 1.5631553742304667 -0.004879953411879717 0.36576 0.0 0.0
5900 11322591 1.530246703552764 -0.005579800203697097 0.36576 0.0 0.0
5901 11322591 1.4982629545216686 -0.003719308949362933 0.36576 0.0 0.0
5902 11322591 1.4662792054905731 -0.0018588176950287694 0.36576 0.0 0.0
5903 11322591 1.4364434913131985 -0.0023937103303975638 0.33528 0.0 0.0
5904 11322591 1.4043621766718997 -0.0005593638636079978 0.33528 0.0 0.0
5905 11322591 1.372280862030601 0.001274982603181568 0.33528 0.0 0.0
5906 11322591 1.3563370268525476 0.0014012731968599118 0.33528 0.0 0.0
5907 11322591 1.3403931916744942 0.0015275637905382555 0.33528 0.0 0.0
5908 11322591 1.3002052311303607 0.003557186096756801 0.33528 0.0 0.0
5909 11322591 1.2600172705862274 0.005586808402975346 0.33528 0.0 0.0
5910 11322591 1.2337465245867048 0.004004998335031387 0.33528 0.0 0.0
5911 11322591 1.2074757785871821 0.0024231882670874283 0.33528 0.0 0.0
5912 11322591 1.1835810944902385 0.00403738318065066 0.33528 0.0 0.0
5913 11322591 1.1596864103932947 0.005651578094213891 0.33528 0.0 0.0
5914 11322591 1.1367714300709104 0.00510012488372529 0.33528 0.0 0.0
5915 11322591 1.113856449748526 0.00454867167323669 0.33528 0.0 0.0
5916 11322591 1.0909414694261417 0.003997218462748089 0.33528 0.0 0.0
5917 11322591 1.0680264891037572 0.003445765252259489 0.33528 0.0 0.0
5918 11322591 1.045111508781373 0.0028943120417708884 0.33528 0.0 0.0
5919 11322591 1.0260313312444638 0.0029360883288679154 0.33528 0.0 0.0
5920 11322591 1.0069511537075546 0.0029778646159649425 0.33528 0.0 0.0
5921 11322591 0.9854510196923645 0.002408418875950058 0.33528 0.0 0.0
5922 11322591 0.9687654894129493 0.00026604752247577634 0.33528 0.0 0.0
5923 11322591 0.9591454704071998 0.0007220224535181563 0.33528 0.0 0.0
5924 11322591 0.9495254514014502 0.0011779973845605363 0.33528 0.0 0.0
5925 11322591 0.9217092191929511 0.0030228143410694908 0.33528 0.0 0.0
5926 11322591 0.8938929869844521 0.004867631297578445 0.33528 0.0 0.0
5927 11322591 0.8768894991700047 0.006509389448847713 0.33528 0.0 0.0
5928 11322591 0.8598860113555574 0.008151147600116981 0.33528 0.0 0.0
5929 11322591 0.8456946787219828 0.008659997359907587 0.33528 0.0 0.0
5930 11322591 0.8315033460884083 0.009168847119698195 0.33528 0.0 0.0
5931 11322591 0.8173120134548336 0.0096776968794888 0.33528 0.0 0.0
5932 11322591 0.803373958196979 0.009149771014030424 0.33528 0.0 0.0
5933 11322591 0.7894359029391242 0.008621845148572047 0.33528 0.0 0.0
5934 11322591 0.7752092481135406 0.005851723335090334 0.33528 0.0 0.0
5935 11322591 0.7609825932879571 0.0030816015216086207 0.33528 0.0 0.0
5936 11322591 0.7488281481739739 0.0032561062179242255 0.33528 0.0 0.0
5937 11322591 0.7366737030599906 0.0034306109142398303 0.33528 0.0 0.0
5938 11322591 0.7245192579460074 0.003605115610555435 0.33528 0.0 0.0
5939 11322591 0.7123648128320241 0.00377962030687104 0.33528 0.0 0.0
5940 11322591 0.6983404639507621 0.0029879924822016762 0.33528 0.0 0.0
5941 11322591 0.6904922382518695 0.003770792852475408 0.33528 0.0 0.0
5942 11322591 0.6826440125529768 0.00455359322274914 0.33528 0.0 0.0
5943 11322591 0.6747957868540841 0.005336393593022872 0.33528 0.0 0.0
5944 11322591 0.6669475611551915 0.006119193963296604 0.33528 0.0 0.0
5945 11322591 0.6498260472654669 0.004003112414745241 0.33528 0.0 0.0
5946 11322591 0.6454501793794691 0.004654107169293338 0.33528 0.0 0.0
5947 11322591 0.6410743114934714 0.005305101923841436 0.33528 0.0 0.0
5948 11322591 0.6366984436074736 0.005956096678389533 0.33528 0.0 0.0
5949 11322591 0.6290142465464617 0.004183297656859379 0.33528 0.0 0.0
5950 11322591 0.6213300494854497 0.002410498635329226 0.33528 0.0 0.0
5951 11322591 0.6136458524244377 0.0006376996137990726 0.33528 0.0 0.0
5952 11322591 0.6081413877396438 9.979038752395974e-05 0.33528 0.0 0.0
5953 11322591 0.6091751262366731 0.002098561084629082 0.33528 0.0 0.0
5954 11322591 0.6102088647337025 0.004097331781734204 0.33528 0.0 0.0
5955 11322591 0.6112426032307319 0.006096102478839327 0.33528 0.0 0.0
5956 11322591 0.6122763417277611 0.008094873175944449 0.33528 0.0 0.0
5957 11322591 0.6133100802247905 0.010093643873049571 0.33528 0.0 0.0
5958 11322591 0.6143438187218199 0.012092414570154694 0.33528 0.0 0.0
5959 11322591 0.6153775572188492 0.014091185267259816 0.33528 0.0 0.0
5960 11322591 0.6164112957158786 0.016089955964364938 0.33528 0.0 0.0
5961 11322591 0.617445034212908 0.01808872666147006 0.33528 0.0 0.0
5962 11322591 0.6184787727099373 0.020087497358575183 0.33528 0.0 0.0
5963 11322591 0.6195125112069666 0.022086268055680307 0.33528 0.0 0.0
5964 11322591 0.620546249703996 0.024085038752785427 0.33528 0.0 0.0
5965 11322591 0.6215799882010253 0.026083809449890548 0.33528 0.0 0.0
5966 11322591 0.6226137266980547 0.028082580146995672 0.33528 0.0 0.0
5967 11322591 0.6236474651950841 0.030081350844100796 0.33528 0.0 0.0
5968 11322591 0.6246812036921134 0.032080121541205917 0.33528 0.0 0.0
5969 11322591 0.6257149421891428 0.03407889223831104 0.33528 0.0 0.0
5970 11322591 0.6267486806861721 0.03607766293541616 0.33528 0.0 0.0
5971 11322591 0.6277824191832014 0.038076433632521285 0.33528 0.0 0.0
5972 11322591 0.6288161576802308 0.040075204329626406 0.33528 0.0 0.0
5973 11322591 0.6298498961772602 0.042073975026731526 0.33528 0.0 0.0
5974 11322591 0.6308836346742895 0.044072745723836654 0.33528 0.0 0.0
5975 11322591 0.6319173731713189 0.046071516420941774 0.33528 0.0 0.0
5976 11322591 0.6329511116683483 0.048070287118046895 0.33528 0.0 0.0
5977 11322591 0.6339848501653775 0.050069057815152015 0.33528 0.0 0.0
5978 11322591 0.6350185886624069 0.052067828512257136 0.33528 0.0 0.0
5979 11322591 0.6360523271594363 0.054066599209362264 0.33528 0.0 0.0
5980 11322591 0.6370860656564656 0.056065369906467384 0.33528 0.0 0.0
5981 11322591 0.638119804153495 0.058064140603572505 0.33528 0.0 0.0
5982 11322591 0.6391535426505244 0.06006291130067763 0.33528 0.0 0.0
5983 11322591 0.6401872811475537 0.06206168199778275 0.33528 0.0 0.0
5984 11322591 0.641221019644583 0.06406045269488787 0.33528 0.0 0.0
5985 11322591 0.6422547581416124 0.066059223391993 0.33528 0.0 0.0
5986 11322591 0.6432884966386417 0.06805799408909811 0.33528 0.0 0.0
5987 11322591 0.6443222351356711 0.07005676478620323 0.33528 0.0 0.0
5988 11322591 0.6453559736327005 0.07205553548330836 0.33528 0.0 0.0
5989 11322591 0.6463897121297298 0.07405430618041349 0.33528 0.0 0.0
5990 11322591 0.6474234506267592 0.07605307687751861 0.33528 0.0 0.0
5991 11322591 0.6484571891237885 0.07805184757462373 0.33528 0.0 0.0
5992 11322591 0.6494909276208178 0.08005061827172885 0.33528 0.0 0.0
5993 11322591 0.6505246661178472 0.08204938896883397 0.33528 0.0 0.0
5994 11322591 0.6515584046148766 0.08404815966593909 0.33528 0.0 0.0
5995 11322591 0.6578697944376346 0.08297889427404541 0.33528 0.0 0.0
5996 11322591 0.6641811842603926 0.08190962888215172 0.33528 0.0 0.0
5997 11322591 0.6701100311101444 0.08265937170552018 0.33528 0.0 0.0
5998 11322591 0.6729540891841471 0.08307357530744959 0.33528 0.0 0.0
5999 11322591 0.6757981472581498 0.083487778909379 0.33528 0.0 0.0
6000 11322591 0.6896844192572488 0.08385712790596503 0.33528 0.0 0.0
6001 11322591 0.6920917032282274 0.08307053879098214 0.33528 0.0 0.0
6002 11322591 0.694498987199206 0.08228394967599925 0.33528 0.0 0.0
6003 11322591 0.7079840364546175 0.0827844325670877 0.33528 0.0 0.0
6004 11322591 0.7142291411362861 0.08241837033543468 0.33528 0.0 0.0
6005 11322591 0.7204742458179548 0.08205230810378168 0.33528 0.0 0.0
6006 11322591 0.7267193504996234 0.08168624587212867 0.33528 0.0 0.0
6007 11322591 0.732303977408328 0.08219802553462247 0.33528 0.0 0.0
6008 11322591 0.7385338270325803 0.08187591028870465 0.33528 0.0 0.0
6009 11322591 0.7447636766568325 0.08155379504278686 0.33528 0.0 0.0
6010 11322591 0.7509935262810848 0.08123167979686904 0.33528 0.0 0.0
6011 11322591 0.753797450785526 0.08165902515600121 0.33528 0.0 0.0
6012 11322591 0.7566013752899671 0.08208637051513336 0.33528 0.0 0.0
6013 11322591 0.7630299526426225 0.07729884522725383 0.33528 0.0 0.0
6014 11322591 0.7631658241817844 0.07765480821958676 0.33528 0.0 0.0
6015 11322591 0.7633016957209461 0.07801077121191968 0.33528 0.0 0.0
6016 11322591 0.7634375672601079 0.07836673420425261 0.33528 0.0 0.0
6017 11322591 0.7635734387992698 0.07872269719658553 0.33528 0.0 0.0
6018 11322591 0.7637093103384315 0.07907866018891847 0.33528 0.0 0.0
6019 11322591 0.7638451818775933 0.0794346231812514 0.33528 0.0 0.0
6020 11322591 0.7639810534167552 0.07979058617358432 0.33528 0.0 0.0
6021 11322591 0.7641169249559169 0.08014654916591725 0.33528 0.0 0.0
6022 11322591 0.7642527964950787 0.08050251215825018 0.33528 0.0 0.0
6023 11322591 0.7643886680342405 0.0808584751505831 0.33528 0.0 0.0
6024 11322591 0.7645245395734023 0.08121443814291603 0.33528 0.0 0.0
6025 11322591 0.7646604111125641 0.08157040113524897 0.33528 0.0 0.0
6026 11322591 0.764796282651726 0.08192636412758189 0.33528 0.0 0.0
6027 11322591 0.7649321541908877 0.08228232711991482 0.33528 0.0 0.0
6028 11322591 0.7650680257300495 0.08263829011224774 0.33528 0.0 0.0
6029 11322591 0.7652038972692113 0.08299425310458067 0.33528 0.0 0.0
6030 11322591 0.7653397688083731 0.08335021609691359 0.33528 0.0 0.0
6031 11322591 0.7654756403475349 0.08370617908924652 0.33528 0.0 0.0
6032 11322591 0.7656115118866967 0.08406214208157944 0.33528 0.0 0.0
6033 11322591 0.7657473834258585 0.08441810507391237 0.33528 0.0 0.0
6034 11322591 0.7658832549650203 0.08477406806624531 0.33528 0.0 0.0
6035 11322591 0.7660191265041821 0.08513003105857823 0.33528 0.0 0.0
6036 11322591 0.7661549980433439 0.08548599405091116 0.33528 0.0 0.0
6037 11322591 0.7662908695825057 0.08584195704324409 0.33528 0.0 0.0
6038 11322591 0.7664267411216675 0.08619792003557701 0.33528 0.0 0.0
6039 11322591 0.7665626126608293 0.08655388302790994 0.33528 0.0 0.0
6040 11322591 0.7666984841999911 0.08690984602024286 0.33528 0.0 0.0
6041 11322591 0.7668343557391529 0.0872658090125758 0.33528 0.0 0.0
6042 11322591 0.7669702272783147 0.08762177200490873 0.33528 0.0 0.0
6043 11322591 0.7671060988174765 0.08797773499724165 0.33528 0.0 0.0
6044 11322591 0.7672419703566383 0.08833369798957458 0.33528 0.0 0.0
6045 11322591 0.7673778418958 0.0886896609819075 0.33528 0.0 0.0
6046 11322591 0.7675137134349619 0.08904562397424043 0.33528 0.0 0.0
6047 11322591 0.7676495849741237 0.08940158696657335 0.33528 0.0 0.0
6048 11322591 0.7677854565132854 0.08975754995890628 0.33528 0.0 0.0
6049 11322591 0.7679213280524473 0.0901135129512392 0.33528 0.0 0.0
6050 11322591 0.7680571995916091 0.09046947594357214 0.33528 0.0 0.0
6051 11322591 0.7681930711307708 0.09082543893590507 0.33528 0.0 0.0
6052 11322591 0.7683289426699327 0.091181401928238 0.33528 0.0 0.0
6053 11322591 0.7684648142090945 0.09153736492057092 0.33528 0.0 0.0
6054 11322591 0.7686006857482562 0.09189332791290385 0.33528 0.0 0.0
6055 11322591 0.7687365572874181 0.09224929090523677 0.33528 0.0 0.0
6056 11322591 0.7688724288265799 0.0926052538975697 0.33528 0.0 0.0
6057 11322591 0.7690083003657416 0.09296121688990264 0.33528 0.0 0.0
6058 11322591 0.7691441719049035 0.09331717988223556 0.33528 0.0 0.0
6059 11322591 0.7692800434440653 0.09367314287456849 0.33528 0.0 0.0
6060 11322591 0.769415914983227 0.09402910586690141 0.33528 0.0 0.0
6061 11322591 0.7695517865223889 0.09438506885923434 0.33528 0.0 0.0
6062 11322591 0.7696876580615507 0.09474103185156726 0.33528 0.0 0.0
6063 11322591 0.7698235296007124 0.09509699484390019 0.33528 0.0 0.0
6064 11322591 0.7699594011398743 0.09545295783623312 0.33528 0.0 0.0
6065 11322591 0.7700952726790361 0.09580892082856604 0.33528 0.0 0.0
6066 11322591 0.7702311442181978 0.09616488382089897 0.33528 0.0 0.0
6067 11322591 0.7703670157573597 0.0965208468132319 0.33528 0.0 0.0
6068 11322591 0.7705028872965215 0.09687680980556483 0.33528 0.0 0.0
6069 11322591 0.7706387588356832 0.09723277279789776 0.33528 0.0 0.0
6070 11322591 0.7707746303748451 0.09758873579023068 0.33528 0.0 0.0
6071 11322591 0.7709105019140069 0.09794469878256361 0.33528 0.0 0.0
6072 11322591 0.7710463734531686 0.09830066177489655 0.33528 0.0 0.0
6073 11322591 0.7711822449923305 0.09865662476722947 0.33528 0.0 0.0
