47059 11322591 -0.22861166959998824 4.808812093241804 0.7924800000000001 1.3435223177691897 -3.341066438737204
47060 11322591 -0.23452515485975423 4.758168235595353 0.7924800000000001 1.3435223177691897 -3.341066438737204
47061 11322591 -0.23866381001625042 4.7081999156293595 0.7924800000000001 1.3435223177691897 -3.341066438737204
47062 11322591 -0.24280246517274662 4.6582315956633655 0.7924800000000001 1.3435223177691897 -3.341066438737204
47063 11322591 -0.2469411203292428 4.608263275697372 0.7924800000000001 1.3435223177691897 -3.341066438737204
47064 11322591 -0.251079775485739 4.558294955731378 0.7924800000000001 1.3435223177691897 -3.341066438737204
47065 11322591 -0.25458677785696415 4.506864053421998 0.7924800000000001 1.3435223177691897 -3.341066438737204
47066 11322591 -0.25557419160475936 4.453908001659011 0.7924800000000001 1.3435223177691897 -3.341066438737204
47067 11322591 -0.25314624932196744 4.40053595695232 0.7924800000000001 1.3435223177691897 -3.341066438737204
47068 11322591 -0.2507183070391756 4.347163912245629 0.7924800000000001 1.3435223177691897 -3.341066438737204
47069 11322591 -0.24829036475638366 4.293791867538938 0.7924800000000001 1.3435223177691897 -3.341066438737204
47070 11322591 -0.245293224730739 4.241343762694889 0.77724 1.3435223177691897 -3.341066438737204
47071 11322591 -0.24229608470509434 4.188895657850839 0.762 1.3435223177691897 -3.341066438737204
47072 11322591 -0.24084381376317543 4.133623004925688 0.762 1.3435223177691897 -3.341066438737204
47073 11322591 -0.24036586006457794 4.078084881342138 0.762 1.3435223177691897 -3.341066438737204
47074 11322591 -0.23873834318896825 4.024974958225898 0.762 1.3435223177691897 -3.341066438737204
47075 11322591 -0.24011560552852873 3.9702773911499247 0.762 1.3435223177691897 -3.341066438737204
47076 11322591 -0.24059307571890487 3.915344014979367 0.762 1.3435223177691897 -3.341066438737204
47077 11322591 -0.241070545909281 3.860410638808809 0.762 1.3435223177691897 -3.341066438737204
47078 11322591 -0.24007563514425168 3.8048205144558387 0.762 1.3435223177691897 -3.341066438737204
47079 11322591 -0.240552363771944 3.754502134064821 0.762 1.3435223177691897 -3.341066438737204
47080 11322591 -0.24195081340780145 3.700279056619588 0.762 1.3435223177691897 -3.341066438737204
47081 11322591 -0.24029929609597867 3.646694257893176 0.762 1.3435223177691897 -3.341066438737204
47082 11322591 -0.23961201885236139 3.591789128119275 0.762 1.3435223177691897 -3.341066438737204
47083 11322591 -0.24121689567227134 3.536932659604149 0.762 1.3435223177691897 -3.341066438737204
47084 11322591 -0.24166405583252448 3.4818144653859058 0.762 1.3435223177691897 -3.341066438737204
47085 11322591 -0.24211121599277763 3.4266962711676627 0.762 1.3435223177691897 -3.341066438737204
47086 11322591 -0.24630431639697714 3.3731537282915744 0.762 1.3435223177691897 -3.341066438737204
47087 11322591 -0.24495186222293586 3.3175639318309362 0.762 1.3435223177691897 -3.341066438737204
47088 11322591 -0.24924811866063568 3.2637046765108386 0.762 1.3435223177691897 -3.341066438737204
47089 11322591 -0.2479723699920393 3.2105936479530843 0.762 1.3435223177691897 -3.341066438737204
47090 11322591 -0.24787803404435593 3.1565838347464474 0.762 1.3435223177691897 -3.341066438737204
47091 11322591 -0.24778369809667256 3.10257402153981 0.762 1.3435223177691897 -3.341066438737204
47092 11322591 -0.246842220867866 3.0473525401587316 0.762 1.3435223177691897 -3.341066438737204
47093 11322591 -0.2451187608739518 2.9939784549490787 0.762 1.3435223177691897 -3.341066438737204
47094 11322591 -0.24360663037424346 2.9409072292881993 0.762 1.3435223177691897 -3.341066438737204
47095 11322591 -0.24209449987453513 2.8878360036273194 0.762 1.3435223177691897 -3.341066438737204
47096 11322591 -0.23797513035722662 2.833912249265908 0.762 1.3435223177691897 -3.341066438737204
47097 11322591 -0.23600709489881022 2.7829119695675586 0.762 1.3435223177691897 -3.341066438737204
47098 11322591 -0.23389651083541774 2.730988873402612 0.74676 1.3435223177691897 -3.341066438737204
47099 11322591 -0.23178592677202525 2.6790657772376654 0.73152 1.3435223177691897 -3.341066438737204
47100 11322591 -0.22774570350479717 2.6251681395773705 0.73152 1.3435223177691897 -3.341066438737204
47101 11322591 -0.22532993329920759 2.5739048176510613 0.73152 1.3435223177691897 -3.341066438737204
47102 11322591 -0.2232571548345319 2.5232210494259313 0.73152 1.3435223177691897 -3.341066438737204
47103 11322591 -0.21923945871202455 2.4689804469007086 0.73152 1.3435223177691897 -3.341066438737204
47104 11322591 -0.21423115173069363 2.4184468656194644 0.73152 1.3435223177691897 -3.341066438737204
47105 11322591 -0.2092228447493627 2.36791328433822 0.73152 1.3435223177691897 -3.341066438737204
47106 11322591 -0.20716203768394925 2.315831640157147 0.73152 1.3435223177691897 -3.341066438737204
47107 11322591 -0.2051012306185358 2.263749995976074 0.73152 1.3435223177691897 -3.341066438737204
47108 11322591 -0.20018483562878786 2.2122535725917563 0.73152 1.3435223177691897 -3.341066438737204
47109 11322591 -0.19461243028628528 2.162762589357032 0.73152 1.3435223177691897 -3.341066438737204
47110 11322591 -0.19184745305319173 2.1141896248641463 0.73152 1.3435223177691897 -3.341066438737204
47111 11322591 -0.19166327030361363 2.06424068207119 0.73152 1.3435223177691897 -3.341066438737204
47112 11322591 -0.18915144697431574 2.0143485834991033 0.73152 1.3435223177691897 -3.341066438737204
47112 10532852 -4.115330533119009 0.12905558643148893 0.6477 1.3435223177691897 -3.341066438737204
47113 11322591 -0.18663962364501785 1.964456484927016 0.73152 1.3435223177691897 -3.341066438737204
47113 10532852 -4.037898175376331 0.13490080141893532 0.6477 1.3435223177691897 -3.341066438737204
47114 11322591 -0.18293350024956667 1.9160433287112724 0.73152 1.3435223177691897 -3.341066438737204
47114 10532852 -3.9856983192639452 0.1396603293699555 0.6477 1.3435223177691897 -3.341066438737204
47115 11322591 -0.17855449652706512 1.8642556759859124 0.73152 1.3435223177691897 -3.341066438737204
47115 10532852 -3.9366929547236893 0.1400910027343457 0.6400800000000001 1.3435223177691897 -3.341066438737204
47116 11322591 -0.1754672774367454 1.815577645124328 0.73152 1.3435223177691897 -3.341066438737204
47116 10532852 -3.907871059377607 0.14128772474722648 0.6400800000000001 1.3435223177691897 -3.341066438737204
47117 11322591 -0.17129662896536435 1.76152153817627 0.73152 1.3435223177691897 -3.341066438737204
47117 10532852 -3.8580634310605637 0.1414562197715131 0.6400800000000001 1.3435223177691897 -3.341066438737204
47118 10532852 -3.8027426057198657 0.1394694894334084 0.63246 1.3435223177691897 -3.341066438737204
47118 11322591 -0.1691510122065769 1.711048449342058 0.73152 1.3435223177691897 -3.341066438737204
47119 10532852 -3.7201013892526644 0.13952269176491225 0.63246 1.3435223177691897 -3.341066438737204
47119 11322591 -0.1652814580064499 1.6642178121020745 0.73152 1.3435223177691897 -3.341066438737204
47120 10532852 -3.6634523685019165 0.13616734925131121 0.63246 1.3435223177691897 -3.341066438737204
47120 11322591 -0.16044223532902158 1.6127473224115814 0.73152 1.3435223177691897 -3.341066438737204
47121 10532852 -3.6373719104568187 0.1330628233877634 0.62865 1.3435223177691897 -3.341066438737204
47121 11322591 -0.1609442596962245 1.5623221756186136 0.7010400000000001 1.3435223177691897 -3.341066438737204
47122 11322591 -0.15796095146249378 1.5116922406365731 0.7010400000000001 1.3435223177691897 -3.341066438737204
47122 10532852 -3.611291452411721 0.1299582975242156 0.6248400000000001 1.3435223177691897 -3.341066438737204
47123 11322591 -0.15842804872187544 1.4613725894268386 0.7010400000000001 1.3435223177691897 -3.341066438737204
47123 10532852 -3.5573239865746284 0.12818270611442614 0.61722 1.3435223177691897 -3.341066438737204
47124 10532852 -3.476827614125966 0.12006022521492152 0.6248400000000001 1.3435223177691897 -3.341066438737204
47124 11322591 -0.1556599089489461 1.4127992757722405 0.7010400000000001 1.3435223177691897 -3.341066438737204
47125 11322591 -0.15353862144816666 1.3595304626306557 0.7010400000000001 1.3435223177691897 -3.341066438737204
47125 10532852 -3.431777166377721 0.11384310057173538 0.61722 1.3435223177691897 -3.341066438737204
47126 11322591 -0.15142568013002355 1.308951609208308 0.7010400000000001 1.3435223177691897 -3.341066438737204
47126 10532852 -3.378096351123224 0.11227948088081172 0.6096 1.3435223177691897 -3.341066438737204
47127 11322591 -0.14863518237819995 1.2590859870750513 0.7010400000000001 1.3435223177691897 -3.341066438737204
47127 10532852 -3.3324162600913905 0.10527263378052884 0.6096 1.3435223177691897 -3.341066438737204
47128 10532852 -3.2821626116839315 0.10518204252505745 0.6019800000000001 1.3435223177691897 -3.341066438737204
47128 11322591 -0.14584468462637634 1.2092203649417945 0.7010400000000001 1.3435223177691897 -3.341066438737204
47129 11322591 -0.1414276570714812 1.1575379009361506 0.7010400000000001 1.3435223177691897 -3.341066438737204
47129 10532852 -3.204096178500908 0.09832530286222738 0.59436 1.3435223177691897 -3.341066438737204
47130 10532852 -3.1501292594270156 0.09655281469490404 0.58674 1.3435223177691897 -3.341066438737204
47130 11322591 -0.13541438871342026 1.1080208256462347 0.7010400000000001 1.3435223177691897 -3.341066438737204
47131 11322591 -0.1333002590169392 1.0574418422740735 0.7010400000000001 1.3435223177691897 -3.341066438737204
47131 10532852 -3.128763900270128 0.09668760627980175 0.58293 1.3435223177691897 -3.341066438737204
47132 10532852 -3.1073985411132403 0.09682239786469946 0.57912 1.3435223177691897 -3.341066438737204
47132 11322591 -0.12859602797861958 1.0055488356482334 0.7010400000000001 1.3435223177691897 -3.341066438737204
47133 10532852 -3.0479040738019583 0.09511103310950494 0.5715 1.3435223177691897 -3.341066438737204
47133 11322591 -0.1261380452623031 0.95439021480236 0.7010400000000001 1.3435223177691897 -3.341066438737204
47134 11322591 -0.12001138328725924 0.9024996942367471 0.7010400000000001 1.3435223177691897 -3.341066438737204
47134 10532852 -2.969691424456073 0.0952196098072465 0.5715 1.3435223177691897 -3.341066438737204
47135 11322591 -0.11388472131221539 0.8506091736711344 0.7010400000000001 1.3435223177691897 -3.341066438737204
47135 10532852 -2.9141992529190306 0.09376752200701607 0.5715 1.3435223177691897 -3.341066438737204
47136 10532852 -2.8629425894268516 0.09837573703158595 0.56388 1.3435223177691897 -3.341066438737204
47136 11322591 -0.11032846867047852 0.7962877141574128 0.7010400000000001 1.3435223177691897 -3.341066438737204
47137 10532852 -2.7794324255973732 0.09838838153968452 0.5715 1.3435223177691897 -3.341066438737204
47137 11322591 -0.10533560716591428 0.7450016709318187 0.7010400000000001 1.3435223177691897 -3.341066438737204
47138 10532852 -2.7375545801249848 0.09809208462760347 0.5715 1.3435223177691897 -3.341066438737204
47138 11322591 -0.10061851392174503 0.69287117945786 0.7010400000000001 1.3435223177691897 -3.341066438737204
47139 10532852 -2.6956767346525967 0.09779578771552241 0.5715 1.3435223177691897 -3.341066438737204
47139 11322591 -0.09368820865056193 0.6407182666683277 0.7010400000000001 1.3435223177691897 -3.341066438737204
47140 10532852 -2.63821970608244 0.0976016266750234 0.5715 1.3435223177691897 -3.341066438737204
47140 11322591 -0.08766334043535451 0.5885109472707054 0.7010400000000001 1.3435223177691897 -3.341066438737204
47141 11322591 -0.08163847222014708 0.5363036278730832 0.7010400000000001 1.3435223177691897 -3.341066438737204
47141 10532852 -2.5807626775122836 0.09740746563452438 0.5715 1.3435223177691897 -3.341066438737204
47142 11322591 -0.07160125663600114 0.48278485611584443 0.7010400000000001 1.3435223177691897 -3.341066438737204
47142 10532852 -2.5298786213954054 0.09816705725411831 0.5715 1.3435223177691897 -3.341066438737204
47143 10532852 -2.5054686056600577 0.09403567188159109 0.5715 1.3435223177691897 -3.341066438737204
47143 11322591 -0.0639406116531337 0.4315034700177107 0.7010400000000001 1.3435223177691897 -3.341066438737204
47144 11322591 -0.056279966670266246 0.380222083919577 0.7010400000000001 1.3435223177691897 -3.341066438737204
47144 10532852 -2.4319603654782833 0.09335211677135954 0.5715 1.3435223177691897 -3.341066438737204
47145 10532852 -2.3756404336719834 0.09443728260235315 0.57912 1.3435223177691897 -3.341066438737204
47145 11322591 -0.04948585423352647 0.32764683543808004 0.7010400000000001 1.3435223177691897 -3.341066438737204
47146 11322591 -0.03934380601487719 0.2744446612575816 0.7010400000000001 1.3435223177691897 -3.341066438737204
47146 10532852 -2.3276047849108066 0.09192384563968223 0.57912 1.3435223177691897 -3.341066438737204
47147 11322591 -0.03241105811548972 0.22229158931165563 0.7010400000000001 1.3435223177691897 -3.341066438737204
47147 10532852 -2.2874635388557047 0.09514831533153909 0.57912 1.3435223177691897 -3.341066438737204
47148 11322591 -0.022371841348550192 0.16877272248671668 0.7010400000000001 1.3435223177691897 -3.341066438737204
47148 10532852 -2.246538084255703 0.09262495639072824 0.57531 1.3435223177691897 -3.341066438737204
47149 11322591 -0.014851950888309595 0.11841403341596549 0.7010400000000001 1.3435223177691897 -3.341066438737204
47149 10532852 -2.2056126296557013 0.09010159744991739 0.5715 1.3435223177691897 -3.341066438737204
47150 10532852 -2.159302139704913 0.09317781733076211 0.5715 1.3435223177691897 -3.341066438737204
47150 11322591 -0.007436824767574124 0.06610353837313562 0.7010400000000001 1.3435223177691897 -3.341066438737204
47151 11322591 -0.0003198796735640608 0.013423261138371806 0.7010400000000001 1.3435223177691897 -3.341066438737204
47151 10532852 -2.089307035205315 0.08990794868603955 0.5715 1.3435223177691897 -3.341066438737204
47152 11322591 0.0070156174002207194 -0.03886104636178844 0.7010400000000001 1.3435223177691897 -3.341066438737204
47152 10532852 -2.041799938643985 0.08686818452764308 0.5715 1.3435223177691897 -3.341066438737204
47153 11322591 0.013845710168737424 -0.09255725835907576 0.7010400000000001 1.3435223177691897 -3.341066438737204
47153 10532852 -1.9893197685685438 0.08056608816464758 0.5715 1.3435223177691897 -3.341066438737204
47154 10532852 -1.9356759417135316 0.07890784275678983 0.5715 1.3435223177691897 -3.341066438737204
47154 11322591 0.02067580293725413 -0.14625347035636307 0.7010400000000001 1.3435223177691897 -3.341066438737204
47155 10532852 -1.8579248042253036 0.06948089689027734 0.5715 1.3435223177691897 -3.341066438737204
47155 11322591 0.028057974321991752 -0.1986696221395187 0.7010400000000001 1.3435223177691897 -3.341066438737204
47156 10532852 -1.804246623770221 0.06792919328936817 0.5715 1.3435223177691897 -3.341066438737204
47156 11322591 0.034929131530896884 -0.2523790141284163 0.7010400000000001 1.3435223177691897 -3.341066438737204
47157 10532852 -1.7256586680103518 0.05834676784419121 0.57912 1.3435223177691897 -3.341066438737204
47157 11322591 0.041800288739802016 -0.3060884061173139 0.7010400000000001 1.3435223177691897 -3.341066438737204
47158 10532852 -1.6867831935335367 0.05363445035674211 0.58293 1.3435223177691897 -3.341066438737204
47158 11322591 0.04859841074129789 -0.3586639236334883 0.7010400000000001 1.3435223177691897 -3.341066438737204
47159 11322591 0.05755025556772719 -0.4141629618062152 0.7010400000000001 1.3435223177691897 -3.341066438737204
47159 10532852 -1.6479077190567215 0.048922132869293006 0.58674 1.3435223177691897 -3.341066438737204
47160 11322591 0.0665021003941565 -0.4696619999789421 0.7010400000000001 1.3435223177691897 -3.341066438737204
47160 10532852 -1.590062694960152 0.04110184129445968 0.58674 1.3435223177691897 -3.341066438737204
47161 11322591 0.07495808804699938 -0.5226037893688742 0.7010400000000001 1.3435223177691897 -3.341066438737204
47161 10532852 -1.5346764013915462 0.039343911389616765 0.59436 1.3435223177691897 -3.341066438737204
47162 10532852 -1.481394122738889 0.032783136921066575 0.6019800000000001 1.3435223177691897 -3.341066438737204
47162 11322591 0.08341407569984227 -0.5755455787588064 0.7010400000000001 1.3435223177691897 -3.341066438737204
47163 10532852 -1.4210571121401736 0.028238489333591715 0.6096 1.3435223177691897 -3.341066438737204
47163 11322591 0.0976453417396067 -0.6278043213042088 0.7010400000000001 1.3435223177691897 -3.341066438737204
47164 10532852 -1.3680716612042756 0.022943999189836223 0.6096 1.3435223177691897 -3.341066438737204
47164 11322591 0.11187660777937114 -0.6800630638496113 0.7010400000000001 1.3435223177691897 -3.341066438737204
47165 10532852 -1.313270684451439 0.02102861530247377 0.6096 1.3435223177691897 -3.341066438737204
47165 11322591 0.12785324904683426 -0.7303801743217512 0.7010400000000001 1.3435223177691897 -3.341066438737204
47166 11322591 0.14430052293696605 -0.7806172882595549 0.73152 1.3435223177691897 -3.341066438737204
47166 10532852 -1.2703227413867773 0.017907625911258246 0.6172200000000001 1.3435223177691897 -3.341066438737204
47167 10532852 -1.2273747983221155 0.014786636520042723 0.6248400000000001 1.3435223177691897 -3.341066438737204
47167 11322591 0.16322616736658968 -0.829794902914978 0.73152 1.3435223177691897 -3.341066438737204
47168 11322591 0.18561716819565288 -0.8770672352151971 0.73152 1.3435223177691897 -3.341066438737204
47168 10532852 -1.1719890191361093 0.013031543229636261 0.61722 1.3435223177691897 -3.341066438737204
47169 10532852 -1.0861019983175277 0.009481317453726018 0.6248400000000001 1.3435223177691897 -3.341066438737204
47169 11322591 0.2088246501364036 -0.9223863595890094 0.73152 1.3435223177691897 -3.341066438737204
47170 10532852 -1.028727654290127 0.001585720873380686 0.63246 1.3435223177691897 -3.341066438737204
47170 11322591 0.23203213207715434 -0.9677054839628215 0.73152 1.3435223177691897 -3.341066438737204
47171 10532852 -0.9962979216654062 0.001613500105784843 0.63246 1.3435223177691897 -3.341066438737204
47171 11322591 0.25822363231151857 -1.010961878137137 0.73152 1.3435223177691897 -3.341066438737204
47172 11322591 0.2879945599758944 -1.0530511205473703 0.73152 1.3435223177691897 -3.341066438737204
47172 10532852 -0.9065284942719662 -0.006358727154452654 0.6400800000000001 1.3435223177691897 -3.341066438737204
47173 11322591 0.3207599210174863 -1.0941324918776438 0.73152 1.3435223177691897 -3.341066438737204
47173 10532852 -0.8368201691178121 -0.00777057716265514 0.6400800000000001 1.3435223177691897 -3.341066438737204
47174 10532852 -0.8061593957214311 -0.010434909625813948 0.6438900000000001 1.3435223177691897 -3.341066438737204
47174 11322591 0.3560368604115658 -1.1356837529570982 0.73152 1.3435223177691897 -3.341066438737204
47175 11322591 0.392693819001879 -1.173012539831934 0.73152 1.3435223177691897 -3.341066438737204
47175 10532852 -0.7754986223250502 -0.013099242088972757 0.6477 1.3435223177691897 -3.341066438737204
47176 11322591 0.4350633217730538 -1.2091699932569602 0.73152 1.3435223177691897 -3.341066438737204
47176 10532852 -0.7246175603616589 -0.012326695692717743 0.6477 1.3435223177691897 -3.341066438737204
47177 10532852 -0.665725107181443 -0.015575093931621792 0.6629400000000001 1.3435223177691897 -3.341066438737204
47177 11322591 0.4781229810595511 -1.2432160340500382 0.73152 1.3435223177691897 -3.341066438737204
47178 11322591 0.52259699031123 -1.2729339217119366 0.73152 1.3435223177691897 -3.341066438737204
47178 10532852 -0.589369107590469 -0.01974224891911755 0.6629400000000001 1.3435223177691897 -3.341066438737204
47179 11322591 0.5722004860141531 -1.299186723060155 0.73152 1.3435223177691897 -3.341066438737204
47179 10532852 -0.530654061686745 -0.016739423528830094 0.6781800000000001 1.3435223177691897 -3.341066438737204
47180 11322591 0.6218039817170762 -1.3254395244083736 0.73152 1.3435223177691897 -3.341066438737204
47180 10532852 -0.47219766319442225 -0.01996059741680309 0.6858000000000001 1.3435223177691897 -3.341066438737204
47181 10532852 -0.4217143449403695 -0.014966890894551194 0.7010400000000001 1.3435223177691897 -3.341066438737204
47181 11322591 0.6750941551026658 -1.3453022130973946 0.73152 1.3435223177691897 -3.341066438737204
47182 10532852 -0.3352955610691011 -0.0005734382354350698 0.7162800000000001 1.3435223177691897 -3.341066438737204
47182 11322591 0.7283843284882554 -1.3651649017864156 0.73152 1.3435223177691897 -3.341066438737204
47183 10532852 -0.3136069180273766 0.003961510249279182 0.7239 1.3435223177691897 -3.341066438737204
47183 11322591 0.7807610543706456 -1.3799386981258082 0.73152 1.3435223177691897 -3.341066438737204
47184 10532852 -0.29191827498565215 0.008496458733993434 0.73152 1.3435223177691897 -3.341066438737204
47184 11322591 0.8367418639353988 -1.390749135439339 0.73152 1.3435223177691897 -3.341066438737204
47185 11322591 0.8903838769071715 -1.4005614869781777 0.73152 1.3435223177691897 -3.341066438737204
47185 10532852 -0.24133533884414948 0.022221074126251933 0.73914 1.3435223177691897 -3.341066438737204
47186 10532852 -0.1924907754644829 0.040953805086881706 0.74676 1.3435223177691897 -3.341066438737204
47186 11322591 0.9458016625303876 -1.4049368498171704 0.71628 1.3435223177691897 -3.341066438737204
47187 10532852 -0.1495458293419194 0.05413796891664294 0.762 1.3435223177691897 -3.341066438737204
47187 11322591 1.0012194481536036 -1.409312212656163 0.7010400000000001 1.3435223177691897 -3.341066438737204
47188 10532852 -0.11003320690169982 0.07557095509210324 0.762 1.3435223177691897 -3.341066438737204
47188 11322591 1.0564704516532544 -1.4060387830939272 0.7010400000000001 1.3435223177691897 -3.341066438737204
47189 10532852 -0.05662551814963668 0.10636522917348293 0.77724 1.3435223177691897 -3.341066438737204
47189 11322591 1.1117214551529053 -1.4027653535316915 0.7010400000000001 1.3435223177691897 -3.341066438737204
47190 11322591 1.1648919765419354 -1.3977020204477673 0.7010400000000001 1.3435223177691897 -3.341066438737204
47190 10532852 -0.025165754904202586 0.1280940915623737 0.78105 1.3435223177691897 -3.341066438737204
47191 11322591 1.221366535005226 -1.3906800967014925 0.7010400000000001 1.3435223177691897 -3.341066438737204
47191 10532852 0.006294008341231505 0.14982295395126446 0.78486 1.3435223177691897 -3.341066438737204
47192 11322591 1.2752607154338376 -1.3833991474567653 0.7010400000000001 1.3435223177691897 -3.341066438737204
47192 10532852 0.05158418722760538 0.18852832663188032 0.7924800000000001 1.3435223177691897 -3.341066438737204
47193 10532852 0.0700236826284655 0.2078537009830419 0.79629 1.3435223177691897 -3.341066438737204
47193 11322591 1.330804008405161 -1.3792265306909486 0.7010400000000001 1.3435223177691897 -3.341066438737204
47194 10532852 0.08846317802932563 0.22717907533420345 0.8001 1.3435223177691897 -3.341066438737204
47194 11322591 1.3841117269488863 -1.3737393172376082 0.7010400000000001 1.3435223177691897 -3.341066438737204
47195 10532852 0.10556561004560591 0.25138105933701305 0.80391 1.3435223177691897 -3.341066438737204
47195 11322591 1.4373158485811524 -1.3685683938183948 0.7010400000000001 1.3435223177691897 -3.341066438737204
47196 10532852 0.1226680420618862 0.2755830433398226 0.80772 1.3435223177691897 -3.341066438737204
47196 11322591 1.4904508535720056 -1.3636081996671034 0.7010400000000001 1.3435223177691897 -3.341066438737204
47197 10532852 0.14176538662836524 0.3177090963265984 0.8153400000000001 1.3435223177691897 -3.341066438737204
47197 11322591 1.5429133939009723 -1.3607058967723198 0.7010400000000001 1.3435223177691897 -3.341066438737204
47198 10532852 0.15789569861183061 0.3507574737017002 0.8153400000000001 1.3435223177691897 -3.341066438737204
47198 11322591 1.595375934229939 -1.3578035938775364 0.7010400000000001 1.3435223177691897 -3.341066438737204
47199 10532852 0.17001399680069673 0.3851171500973163 0.8153400000000001 1.3435223177691897 -3.341066438737204
47199 11322591 1.647200536155414 -1.3568536367266224 0.7010400000000001 1.3435223177691897 -3.341066438737204
47200 10532852 0.17560967225205604 0.4212582061164927 0.8153400000000001 1.3435223177691897 -3.341066438737204
47200 11322591 1.696513835525799 -1.3554337477199903 0.7010400000000001 1.3435223177691897 -3.341066438737204
47201 11322591 1.745137615062533 -1.3561247962266065 0.7010400000000001 1.3435223177691897 -3.341066438737204
47201 10532852 0.17710881002902734 0.4421482374805019 0.8153400000000001 1.3435223177691897 -3.341066438737204
47202 11322591 1.7924539760784346 -1.3567389399820384 0.7010400000000001 1.3435223177691897 -3.341066438737204
47202 10532852 0.1772091683504099 0.47506169999306735 0.8153400000000001 1.3435223177691897 -3.341066438737204
47203 11322591 1.8397703370943361 -1.3573530837374703 0.7010400000000001 1.3435223177691897 -3.341066438737204
47203 10532852 0.16864706865447954 0.5140777439126298 0.8153400000000001 1.3435223177691897 -3.341066438737204
47204 11322591 1.8875666281472994 -1.360576701299324 0.7010400000000001 1.3435223177691897 -3.341066438737204
47204 10532852 0.15903401095286718 0.556942284541368 0.8153400000000001 1.3435223177691897 -3.341066438737204
47205 10532852 0.14967055272255203 0.5791046471006981 0.8153400000000001 1.3435223177691897 -3.341066438737204
47205 11322591 1.9333810269098382 -1.3603492484884179 0.7010400000000001 1.3435223177691897 -3.341066438737204
47206 10532852 0.14030709449223688 0.6012670096600282 0.8153400000000001 1.3435223177691897 -3.341066438737204
47206 11322591 1.97678756654454 -1.3593353507188057 0.7010400000000001 1.3435223177691897 -3.341066438737204
47207 11322591 2.020595320963894 -1.3584522103746763 0.7010400000000001 1.3435223177691897 -3.341066438737204
47207 10532852 0.12992677342887848 0.6211330935861045 0.8153400000000001 1.3435223177691897 -3.341066438737204
47208 10532852 0.09617292696886037 0.6700193111497876 0.82296 1.3435223177691897 -3.341066438737204
47208 11322591 2.063610242649424 -1.3599966738034133 0.7010400000000001 1.3435223177691897 -3.341066438737204
47209 10532852 0.07560373690368594 0.6940337863415796 0.82296 1.3435223177691897 -3.341066438737204
47209 11322591 2.106625164334954 -1.3615411372321502 0.7010400000000001 1.3435223177691897 -3.341066438737204
47210 10532852 0.04757603977531999 0.7237576512203133 0.8305800000000001 1.3435223177691897 -3.341066438737204
47210 11322591 2.1506347160294172 -1.3681994973894744 0.7010400000000001 1.3435223177691897 -3.341066438737204
47211 10532852 0.02393987163945499 0.7533313480309906 0.8305800000000001 1.3435223177691897 -3.341066438737204
47211 11322591 2.1904268539418754 -1.3700928926715685 0.7010400000000001 1.3435223177691897 -3.341066438737204
47212 10532852 -0.0015979014383454837 0.773011899287659 0.8382000000000001 1.3435223177691897 -3.341066438737204
47212 11322591 2.2302189918543336 -1.3719862879536626 0.7010400000000001 1.3435223177691897 -3.341066438737204
47213 10532852 -0.033412179768049555 0.7993007664091792 0.8382000000000001 1.3435223177691897 -3.341066438737204
47213 11322591 2.2674922908148147 -1.3666321078007087 0.7010400000000001 1.3435223177691897 -3.341066438737204
47214 11322591 2.3082025326917477 -1.3670724677492265 0.7010400000000001 1.3435223177691897 -3.341066438737204
47214 10532852 -0.07148992536301113 0.8335958100487909 0.8382000000000001 1.3435223177691897 -3.341066438737204
47215 11322591 2.3426506521296426 -1.3687392091783557 0.7010400000000001 1.3435223177691897 -3.341066438737204
47215 10532852 -0.09819203325568682 0.8578634640255841 0.84582 1.3435223177691897 -3.341066438737204
47216 11322591 2.3830742166466834 -1.3689687694417825 0.7010400000000001 1.3435223177691897 -3.341066438737204
47216 10532852 -0.12951806263691024 0.878852714692184 0.8534400000000001 1.3435223177691897 -3.341066438737204
47217 10532852 -0.1539957424645868 0.9028608328621138 0.8534400000000001 1.3435223177691897 -3.341066438737204
47217 11322591 2.422476995513752 -1.369332059199075 0.7010400000000001 1.3435223177691897 -3.341066438737204
47218 10532852 -0.18344771913851554 0.9284952678925967 0.8534400000000001 1.3435223177691897 -3.341066438737204
47218 11322591 2.4618797743808205 -1.3696953489563672 0.7010400000000001 1.3435223177691897 -3.341066438737204
47219 11322591 2.5044928449261508 -1.3711062703852608 0.7010400000000001 1.3435223177691897 -3.341066438737204
47219 10532852 -0.21159858300473333 0.9591956978701731 0.8534400000000001 1.3435223177691897 -3.341066438737204
47220 11322591 2.5422558382575926 -1.371050591994485 0.67056 1.3435223177691897 -3.341066438737204
47220 10532852 -0.24785873787580437 0.9976881618034793 0.86106 1.3435223177691897 -3.341066438737204
47221 11322591 2.5852700962314166 -1.372592020682254 0.67056 1.3435223177691897 -3.341066438737204
47221 10532852 -0.270713730947721 1.02665761555584 0.86106 1.3435223177691897 -3.341066438737204
47222 11322591 2.625221804341048 -1.3753530517256238 0.67056 1.3435223177691897 -3.341066438737204
47222 10532852 -0.2822558676656479 1.0410630561294147 0.86106 1.3435223177691897 -3.341066438737204
47223 11322591 2.6668084955383993 -1.3763695225111978 0.67056 1.3435223177691897 -3.341066438737204
47223 10532852 -0.29379800438357484 1.0554684967029895 0.86106 1.3435223177691897 -3.341066438737204
47224 10532852 -0.3145112675749493 1.0926173974868638 0.8686800000000001 1.3435223177691897 -3.341066438737204
47224 11322591 2.708395186735751 -1.377385993296772 0.67056 1.3435223177691897 -3.341066438737204
47225 10532852 -0.3313421699390815 1.1253425798984176 0.8686800000000001 1.3435223177691897 -3.341066438737204
47225 11322591 2.7492026979911737 -1.3769795494398591 0.67056 1.3435223177691897 -3.341066438737204
47226 10532852 -0.3503208435323293 1.1650791427000782 0.8686800000000001 1.3435223177691897 -3.341066438737204
47226 11322591 2.7900102092465966 -1.3765731055829462 0.67056 1.3435223177691897 -3.341066438737204
47227 10532852 -0.3653753361273737 1.2179034693184396 0.8686800000000001 1.3435223177691897 -3.341066438737204
47227 11322591 2.8303315823841193 -1.373437654640245 0.67056 1.3435223177691897 -3.341066438737204
47228 10532852 -0.3763026887229113 1.25944755853913 0.8763000000000001 1.3435223177691897 -3.341066438737204
47228 11322591 2.870652955521642 -1.3703022036975436 0.67056 1.3435223177691897 -3.341066438737204
47229 10532852 -0.38673137050267625 1.295454272182656 0.8763000000000001 1.3435223177691897 -3.341066438737204
47229 11322591 2.913230982571389 -1.3718162385811563 0.67056 1.3435223177691897 -3.341066438737204
47230 11322591 2.951429143843524 -1.3717837860365518 0.67056 1.3435223177691897 -3.341066438737204
47230 10532852 -0.3928118405619363 1.333894888852691 0.88392 1.3435223177691897 -3.341066438737204
47231 10532852 -0.394315544746199 1.374110478132417 0.88392 1.3435223177691897 -3.341066438737204
47231 11322591 2.9944428131273977 -1.3733227332098246 0.67056 1.3435223177691897 -3.341066438737204
47232 11322591 3.0358410658624218 -1.3716475270588393 0.6400800000000001 1.3435223177691897 -3.341066438737204
47232 10532852 -0.3936698438413134 1.3930603188083723 0.8877300000000001 1.3435223177691897 -3.341066438737204
47233 10532852 -0.39302414293642784 1.4120101594843277 0.8915400000000001 1.3435223177691897 -3.341066438737204
47233 11322591 3.075172866357276 -1.3746711431301335 0.6400800000000001 1.3435223177691897 -3.341066438737204
47234 10532852 -0.39061867075357104 1.4723284650827646 0.8915400000000001 1.3435223177691897 -3.341066438737204
47234 11322591 3.118037593107589 -1.37557672079877 0.6400800000000001 1.3435223177691897 -3.341066438737204
47235 11322591 3.160982137847557 -1.3773257977331235 0.6400800000000001 1.3435223177691897 -3.341066438737204
47235 10532852 -0.3832019435071994 1.5126651169899663 0.8915400000000001 1.3435223177691897 -3.341066438737204
47236 11322591 3.2031533396891763 -1.3773619923293712 0.6400800000000001 1.3435223177691897 -3.341066438737204
47236 10532852 -0.3690682731631971 1.5721863809018048 0.8991600000000001 1.3435223177691897 -3.341066438737204
47237 11322591 3.2453245415307954 -1.377398186925619 0.6400800000000001 1.3435223177691897 -3.341066438737204
47237 10532852 -0.3584808287439465 1.6181459212673237 0.8991600000000001 1.3435223177691897 -3.341066438737204
47238 11322591 3.2847708406303493 -1.380341258678994 0.6400800000000001 1.3435223177691897 -3.341066438737204
47238 10532852 -0.3456767361780828 1.6573052392671 0.8991600000000001 1.3435223177691897 -3.341066438737204
47239 11322591 3.3273827734607497 -1.3817472351428293 0.6400800000000001 1.3435223177691897 -3.341066438737204
47239 10532852 -0.3279556408965161 1.6952073343800633 0.8991600000000001 1.3435223177691897 -3.341066438737204
47240 11322591 3.3656148275152225 -1.381606981604456 0.6400800000000001 1.3435223177691897 -3.341066438737204
47240 10532852 -0.31354779199898786 1.7229765864718694 0.8991600000000001 1.3435223177691897 -3.341066438737204
47241 11322591 3.406323505983157 -1.3820410406924142 0.6400800000000001 1.3435223177691897 -3.341066438737204
47241 10532852 -0.29913994310145964 1.7507458385636752 0.8991600000000001 1.3435223177691897 -3.341066438737204
47242 11322591 3.4436219445774863 -1.3793178526634917 0.6400800000000001 1.3435223177691897 -3.341066438737204
47242 10532852 -0.2742158022462826 1.7916671891958396 0.8991600000000001 1.3435223177691897 -3.341066438737204
47243 11322591 3.4809203831718154 -1.3765946646345693 0.6400800000000001 1.3435223177691897 -3.341066438737204
47243 10532852 -0.24336101018891387 1.8357901744750607 0.8991600000000001 1.3435223177691897 -3.341066438737204
47244 11322591 3.5144256253599675 -1.3674644756022687 0.6400800000000001 1.3435223177691897 -3.341066438737204
47244 10532852 -0.21424890577958888 1.8800156575863376 0.8991600000000001 1.3435223177691897 -3.341066438737204
47245 10532852 -0.1815966933841584 1.9119843556409406 0.9067800000000001 1.3435223177691897 -3.341066438737204
47245 11322591 3.54793086754812 -1.358334286569968 0.6400800000000001 1.3435223177691897 -3.341066438737204
47246 11322591 3.5814361097362726 -1.3492040975376671 0.6400800000000001 1.3435223177691897 -3.341066438737204
47246 10532852 -0.15293817016639966 1.9507501399474478 0.9067800000000001 1.3435223177691897 -3.341066438737204
47247 10532852 -0.1250459744505662 1.9810623393832891 0.9067800000000001 1.3435223177691897 -3.341066438737204
47247 11322591 3.6149413519244247 -1.3400739085053666 0.6400800000000001 1.3435223177691897 -3.341066438737204
47248 10532852 -0.09715377873473274 2.01137453881913 0.9067800000000001 1.3435223177691897 -3.341066438737204
47248 11322591 3.6452105107823165 -1.3221488726361965 0.6096 1.3435223177691897 -3.341066438737204
47249 10532852 -0.07879222334140557 2.0281539272883755 0.9067800000000001 1.3435223177691897 -3.341066438737204
47249 11322591 3.6728881839478653 -1.3037286777533448 0.6096 1.3435223177691897 -3.341066438737204
47250 10532852 -0.023763927423422926 2.07967900091699 0.9067800000000001 1.3435223177691897 -3.341066438737204
47250 11322591 3.6983185021864067 -1.284575192345706 0.6096 1.3435223177691897 -3.341066438737204
47251 10532852 0.007593295018315405 2.1131229733859445 0.9067800000000001 1.3435223177691897 -3.341066438737204
47251 11322591 3.720001667335225 -1.258942635103707 0.6096 1.3435223177691897 -3.341066438737204
47252 10532852 0.05201849726896135 2.145799568521312 0.9067800000000001 1.3435223177691897 -3.341066438737204
47252 11322591 3.738662491279267 -1.2349522129071893 0.6096 1.3435223177691897 -3.341066438737204
47253 11322591 3.757323315223309 -1.2109617907106716 0.6096 1.3435223177691897 -3.341066438737204
47253 10532852 0.088749035621418 2.1766691125818447 0.9144000000000001 1.3435223177691897 -3.341066438737204
47254 11322591 3.771794440353628 -1.1832098111162244 0.6096 1.3435223177691897 -3.341066438737204
47254 10532852 0.14482788459678153 2.2259819873944586 0.9144000000000001 1.3435223177691897 -3.341066438737204
47255 11322591 3.781387076990042 -1.1538077781655094 0.6096 1.3435223177691897 -3.341066438737204
47255 10532852 0.18286461360900597 2.256775238664614 0.9144000000000001 1.3435223177691897 -3.341066438737204
47256 11322591 3.790979713626456 -1.1244057452147946 0.6096 1.3435223177691897 -3.341066438737204
47256 10532852 0.2226264695039466 2.292846297406849 0.9144000000000001 1.3435223177691897 -3.341066438737204
47257 11322591 3.7957283875570242 -1.0932481127783895 0.6096 1.3435223177691897 -3.341066438737204
47257 10532852 0.2595974495608109 2.324455503829035 0.9144000000000001 1.3435223177691897 -3.341066438737204
47258 11322591 3.79868635240845 -1.0667627120722656 0.6096 1.3435223177691897 -3.341066438737204
47258 10532852 0.2880929584847115 2.342362042769559 0.9144000000000001 1.3435223177691897 -3.341066438737204
47259 11322591 3.800728842772873 -1.036007060290802 0.6096 1.3435223177691897 -3.341066438737204
47259 10532852 0.32612874502227396 2.3731559904177586 0.9144000000000001 1.3435223177691897 -3.341066438737204
47260 10532852 0.35600075700914446 2.3974474678994957 0.9105900000000001 1.3435223177691897 -3.341066438737204
47260 11322591 3.8027713331372963 -1.0052514085093385 0.6096 1.3435223177691897 -3.341066438737204
47261 11322591 3.8013040469700625 -0.9770885732115288 0.6096 1.3435223177691897 -3.341066438737204
47261 10532852 0.38587276899601497 2.4217389453812332 0.9067800000000001 1.3435223177691897 -3.341066438737204
47262 11322591 3.7970737342397767 -0.9481410549625756 0.57912 1.3435223177691897 -3.341066438737204
47262 10532852 0.44383577442037403 2.467048879729141 0.9144000000000001 1.3435223177691897 -3.341066438737204
47263 10532852 0.4625535832115224 2.4862828037669975 0.9144000000000001 1.3435223177691897 -3.341066438737204
47263 11322591 3.7933030149069005 -0.9172408675434746 0.57912 1.3435223177691897 -3.341066438737204
47264 11322591 3.7933842635591497 -0.8884150997508621 0.57912 1.3435223177691897 -3.341066438737204
47264 10532852 0.5302920382626425 2.54031448254616 0.9144000000000001 1.3435223177691897 -3.341066438737204
47265 10532852 0.5683200322620003 2.5653868363340537 0.9144000000000001 1.3435223177691897 -3.341066438737204
47265 11322591 3.793465512211399 -0.8595893319582496 0.57912 1.3435223177691897 -3.341066438737204
47266 11322591 3.7927564045251785 -0.8291039440061808 0.57912 1.3435223177691897 -3.341066438737204
47266 10532852 0.6345547442665163 2.618625428916202 0.9067800000000001 1.3435223177691897 -3.341066438737204
47267 11322591 3.7924021495607243 -0.8002528550643786 0.57912 1.3435223177691897 -3.341066438737204
47267 10532852 0.6555963319988194 2.635464342810883 0.9067800000000001 1.3435223177691897 -3.341066438737204
47268 10532852 0.6957449003861151 2.6666202287846934 0.9144000000000001 1.3435223177691897 -3.341066438737204
47268 11322591 3.79204789459627 -0.7714017661225765 0.57912 1.3435223177691897 -3.341066438737204
47269 10532852 0.735893468773411 2.6977761147585038 0.9220200000000001 1.3435223177691897 -3.341066438737204
47269 11322591 3.7930060268875962 -0.7439717458669171 0.57912 1.3435223177691897 -3.341066438737204
47270 10532852 0.7742342147973544 2.7270696225261526 0.9144000000000001 1.3435223177691897 -3.341066438737204
47270 11322591 3.7939641591789224 -0.7165417256112577 0.57912 1.3435223177691897 -3.341066438737204
47271 10532852 0.8140721168681113 2.7631174446364644 0.9220200000000001 1.3435223177691897 -3.341066438737204
47271 11322591 3.7936325156009234 -0.6889828886146665 0.57912 1.3435223177691897 -3.341066438737204
47272 11322591 3.7933008720229244 -0.6614240516180753 0.57912 1.3435223177691897 -3.341066438737204
47272 10532852 0.8727312423035244 2.80948679576154 0.9144000000000001 1.3435223177691897 -3.341066438737204
47273 11322591 3.7922236386845376 -0.6347900314135234 0.57912 1.3435223177691897 -3.341066438737204
47273 10532852 0.913803500917516 2.8427948059460446 0.9144000000000001 1.3435223177691897 -3.341066438737204
47274 11322591 3.7911464053461508 -0.6081560112089716 0.57912 1.3435223177691897 -3.341066438737204
47274 10532852 0.9573292443859025 2.876819830871492 0.9144000000000001 1.3435223177691897 -3.341066438737204
47275 11322591 3.7913298112198763 -0.5831014098294511 0.57912 1.3435223177691897 -3.341066438737204
47275 10532852 1.0034421488349707 2.91876173493534 0.9144000000000001 1.3435223177691897 -3.341066438737204
47276 11322591 3.790655855680315 -0.5525105414083544 0.57912 1.3435223177691897 -3.341066438737204
47276 10532852 1.0494037264327074 2.958883942780732 0.9144000000000001 1.3435223177691897 -3.341066438737204
47277 11322591 3.787402255760493 -0.5216620131975785 0.57912 1.3435223177691897 -3.341066438737204
47277 10532852 1.0709655608375526 2.97596236960336 0.9105900000000001 1.3435223177691897 -3.341066438737204
47278 10532852 1.092527395242398 2.993040796425988 0.9067800000000001 1.3435223177691897 -3.341066438737204
47278 11322591 3.7865759108407238 -0.49861413830152057 0.57912 1.3435223177691897 -3.341066438737204
47279 10532852 1.1316057861284048 3.0284030632649084 0.9067800000000001 1.3435223177691897 -3.341066438737204
47279 11322591 3.7845595175860574 -0.47050549007012166 0.54864 1.3435223177691897 -3.341066438737204
47280 11322591 3.783883984734483 -0.4440024449725515 0.5638799999999999 1.3435223177691897 -3.341066438737204
47280 10532852 1.1993519424081782 3.0862908781839082 0.9067800000000001 1.3435223177691897 -3.341066438737204
47281 11322591 3.783208451882909 -0.4174993998749813 0.57912 1.3435223177691897 -3.341066438737204
47281 10532852 1.234453727174962 3.1122046589614336 0.9067800000000001 1.3435223177691897 -3.341066438737204
47282 11322591 3.781777102187478 -0.38923116583989925 0.57912 1.3435223177691897 -3.341066438737204
47282 10532852 1.2784125913519921 3.146205959418826 0.9067800000000001 1.3435223177691897 -3.341066438737204
47283 11322591 3.776641514950003 -0.36279135091802517 0.57912 1.3435223177691897 -3.341066438737204
47283 10532852 1.3446391666170392 3.199450563860148 0.9144000000000001 1.3435223177691897 -3.341066438737204
47284 10532852 1.382094488559615 3.229852924944865 0.9067800000000001 1.3435223177691897 -3.341066438737204
47284 11322591 3.776280379238105 -0.33872707600762275 0.57912 1.3435223177691897 -3.341066438737204
47285 11322591 3.7759192435262063 -0.31466280109722033 0.57912 1.3435223177691897 -3.341066438737204
47285 10532852 1.4379795593580633 3.2704719223237646 0.9067800000000001 1.3435223177691897 -3.341066438737204
47286 10532852 1.4839549698528782 3.3052168435366513 0.9067800000000001 1.3435223177691897 -3.341066438737204
47286 11322591 3.772011861290374 -0.28582020429519117 0.54864 1.3435223177691897 -3.341066438737204
47287 10532852 1.5140960944800907 3.3295396867976788 0.9067800000000001 1.3435223177691897 -3.341066438737204
47287 11322591 3.7673467125378197 -0.2593001892763247 0.54864 1.3435223177691897 -3.341066438737204
47288 10532852 1.5442372191073035 3.3538625300587066 0.9067800000000001 1.3435223177691897 -3.341066438737204
47288 11322591 3.761455702193908 -0.23109519943957196 0.54864 1.3435223177691897 -3.341066438737204
47289 11322591 3.7555646918499965 -0.20289020960281925 0.54864 1.3435223177691897 -3.341066438737204
47289 10532852 1.58567545917036 3.38559260162687 0.9105900000000001 1.3435223177691897 -3.341066438737204
47290 10532852 1.6271136992334163 3.417322673195033 0.9144000000000001 1.3435223177691897 -3.341066438737204
47290 11322591 3.74367769498361 -0.17401357224132766 0.54864 1.3435223177691897 -3.341066438737204
47291 11322591 3.728603388184246 -0.14538171787743417 0.54864 1.3435223177691897 -3.341066438737204
47291 10532852 1.665638178450053 3.4526337273956647 0.9067800000000001 1.3435223177691897 -3.341066438737204
47292 11322591 3.7135290813848822 -0.11674986351354069 0.54864 1.3435223177691897 -3.341066438737204
47292 10532852 1.7315740281558147 3.506092007868594 0.9067800000000001 1.3435223177691897 -3.341066438737204
47293 10532852 1.7739425373208038 3.535240458676965 0.9067800000000001 1.3435223177691897 -3.341066438737204
47293 11322591 3.690105898645485 -0.0927526333303337 0.54864 1.3435223177691897 -3.341066438737204
47294 10532852 1.7956905676025887 3.5520839320785917 0.9067800000000001 1.3435223177691897 -3.341066438737204
47294 11322591 3.666682715906088 -0.06875540314712672 0.54864 1.3435223177691897 -3.341066438737204
47295 10532852 1.8174385978843737 3.568927405480219 0.9067800000000001 1.3435223177691897 -3.341066438737204
47295 11322591 3.6409994714247107 -0.047875292215639825 0.54864 1.3435223177691897 -3.341066438737204
47296 11322591 3.613479531101958 -0.03153545202862987 0.54864 1.3435223177691897 -3.341066438737204
47296 10532852 1.8771344071238596 3.6190512490912465 0.9067800000000001 1.3435223177691897 -3.341066438737204
47297 10532852 1.899950480478146 3.6383497599217147 0.8991600000000001 1.3435223177691897 -3.341066438737204
47297 11322591 3.580133789646699 -0.018083548127046628 0.54864 1.3435223177691897 -3.341066438737204
47298 10532852 1.9606938331284645 3.693856234338509 0.9067800000000001 1.3435223177691897 -3.341066438737204
47298 11322591 3.5467880481914404 -0.004631644225463388 0.54864 1.3435223177691897 -3.341066438737204
47299 11322591 3.5083450038768214 0.006804517708851127 0.54864 1.3435223177691897 -3.341066438737204
47299 10532852 1.9975156074469098 3.7250513881977296 0.8991600000000001 1.3435223177691897 -3.341066438737204
47300 11322591 3.4699019595622023 0.01824067964316564 0.54864 1.3435223177691897 -3.341066438737204
47300 10532852 2.046040503471409 3.7692460084697146 0.8915400000000001 1.3435223177691897 -3.341066438737204
47301 10532852 2.0784435752130106 3.794933916076906 0.8991600000000002 1.3435223177691897 -3.341066438737204
47301 11322591 3.4410143051939306 0.027668408457109467 0.54864 1.3435223177691897 -3.341066438737204
47302 11322591 3.399935615748173 0.031029088022509727 0.54864 1.3435223177691897 -3.341066438737204
47302 10532852 2.110846646954612 3.8206218236840983 0.9067800000000001 1.3435223177691897 -3.341066438737204
47303 11322591 3.3588569263024155 0.034389767587909986 0.54864 1.3435223177691897 -3.341066438737204
47303 10532852 2.1786847182705578 3.878834708528789 0.9144000000000001 1.3435223177691897 -3.341066438737204
47304 10532852 2.2036677588065556 3.900287993017654 0.9105900000000001 1.3435223177691897 -3.341066438737204
47304 11322591 3.3213202290112873 0.03636113081801637 0.54864 1.3435223177691897 -3.341066438737204
47305 10532852 2.228650799342553 3.921741277506519 0.9067800000000001 1.3435223177691897 -3.341066438737204
47305 11322591 3.283311057383143 0.03416473648777282 0.54864 1.3435223177691897 -3.341066438737204
47306 10532852 2.2755856363670395 3.9594465324890584 0.8991600000000001 1.3435223177691897 -3.341066438737204
47306 11322591 3.2443270958107817 0.03170260592690741 0.54864 1.3435223177691897 -3.341066438737204
47307 10532852 2.3354370126722874 4.009521447285962 0.8915400000000001 1.3435223177691897 -3.341066438737204
47307 11322591 3.204382949230311 0.034460304942603076 0.5181600000000001 1.3435223177691897 -3.341066438737204
47308 11322591 3.163129379174624 0.03320662510905234 0.5181600000000001 1.3435223177691897 -3.341066438737204
47308 10532852 2.354226031329798 4.026281058719805 0.8915400000000001 1.3435223177691897 -3.341066438737204
47309 10532852 2.373015049987309 4.043040670153648 0.8915400000000001 1.3435223177691897 -3.341066438737204
47309 11322591 3.123046356334383 0.03390740017195823 0.5181600000000001 1.3435223177691897 -3.341066438737204
47310 10532852 2.426325240455837 4.0853227155465355 0.8915400000000001 1.3435223177691897 -3.341066438737204
47310 11322591 3.0867903869482323 0.03055560844783764 0.5181600000000001 1.3435223177691897 -3.341066438737204
47311 10532852 2.461031578033743 4.1127707570344105 0.8991600000000001 1.3435223177691897 -3.341066438737204
47311 11322591 3.0485986243872363 0.030522619637247866 0.5181600000000001 1.3435223177691897 -3.341066438737204
47312 10532852 2.520445543485441 4.162872519179507 0.8915400000000001 1.3435223177691897 -3.341066438737204
47312 11322591 3.0128190068013794 0.02835913396707332 0.5181600000000001 1.3435223177691897 -3.341066438737204
47313 11322591 2.9770393892155225 0.02619564829689877 0.5181600000000001 1.3435223177691897 -3.341066438737204
47313 10532852 2.5579277067220874 4.193386066853257 0.8915400000000001 1.3435223177691897 -3.341066438737204
47314 11322591 2.939571121351765 0.028380167828643693 0.5181600000000001 1.3435223177691897 -3.341066438737204
47314 10532852 2.5878174298969956 4.21831903961701 0.8915400000000001 1.3435223177691897 -3.341066438737204
47315 10532852 2.617707153071904 4.243252012380763 0.8915400000000001 1.3435223177691897 -3.341066438737204
47315 11322591 2.901275752522116 0.0280312688186187 0.5181600000000001 1.3435223177691897 -3.341066438737204
47316 10532852 2.652869458079164 4.269383323227692 0.8915400000000001 1.3435223177691897 -3.341066438737204
47316 11322591 2.8683684304026333 0.026507822652370644 0.5181600000000001 1.3435223177691897 -3.341066438737204
47317 10532852 2.6852872678685715 4.301785228254324 0.8991600000000001 1.3435223177691897 -3.341066438737204
47317 11322591 2.835461108283151 0.02498437648612259 0.5181600000000001 1.3435223177691897 -3.341066438737204
47318 10532852 2.706250031924964 4.315965986708521 0.8991600000000001 1.3435223177691897 -3.341066438737204
47318 11322591 2.8030706443163904 0.02504466261992025 0.48768 1.3435223177691897 -3.341066438737204
47319 11322591 2.7683108867107107 0.022607740611533478 0.48768 1.3435223177691897 -3.341066438737204
47319 10532852 2.7587768779984434 4.3572201141862985 0.8991600000000001 1.3435223177691897 -3.341066438737204
47320 11322591 2.733551129105031 0.020170818603146706 0.48768 1.3435223177691897 -3.341066438737204
47320 10532852 2.7996031679559326 4.387109223789387 0.8991600000000001 1.3435223177691897 -3.341066438737204
47321 11322591 2.700163636317323 0.02125799794336594 0.48768 1.3435223177691897 -3.341066438737204
47321 10532852 2.832634445765576 4.414871707606627 0.8991600000000001 1.3435223177691897 -3.341066438737204
47322 10532852 2.8674329406648296 4.4453281044354265 0.8991600000000001 1.3435223177691897 -3.341066438737204
47322 11322591 2.6667761435296153 0.022345177283585177 0.48768 1.3435223177691897 -3.341066438737204
47323 11322591 2.630853182110802 0.021106256374920945 0.48768 1.3435223177691897 -3.341066438737204
47323 10532852 2.9176737328334577 4.482306107620169 0.8991600000000001 1.3435223177691897 -3.341066438737204
47324 11322591 2.5963077189706016 0.022455045586965566 0.48768 3.092412895851043 -3.4457962915956255
47324 10532852 2.935397138892801 4.495267274385295 0.8991600000000001 3.092412895851043 -3.4457962915956255
47325 11322591 2.5606339405592733 0.025515868819312892 0.48768 3.092412895851043 -3.4457962915956255
47325 10532852 2.953120544952144 4.508228441150422 0.8991600000000001 3.092412895851043 -3.4457962915956255
47326 11322591 2.524960162147945 0.02857669205166022 0.48768 3.092412895851043 -3.4457962915956255
47326 10532852 2.9970471449277207 4.545984126702172 0.8991600000000001 3.092412895851043 -3.4457962915956255
47327 10532852 3.0336169481764834 4.572357635618912 0.8991600000000001 3.092412895851043 -3.4457962915956255
47327 11322591 2.491925776796447 0.02639532028194172 0.48768 3.092412895851043 -3.4457962915956255
47328 10532852 3.0379988172410806 4.565213545898319 0.8987790000000001 3.092412895851043 -3.4457962915956255
47328 11322591 2.4564614115321453 0.0254747475821476 0.48768 3.092412895851043 -3.4457962915956255
47329 10532852 3.0423806863056773 4.5580694561777255 0.898398 3.092412895851043 -3.4457962915956255
47329 11322591 2.4208593643847705 0.024540958296271814 0.48768 3.092412895851043 -3.4457962915956255
47330 10532852 3.0467625553702744 4.5509253664571325 0.8980170000000001 3.092412895851043 -3.4457962915956255
47330 11322591 2.385257317237396 0.02360716901039603 0.48768 3.092412895851043 -3.4457962915956255
47331 11322591 2.3539638009793347 0.018872021565578684 0.48768 3.092412895851043 -3.4457962915956255
47331 10532852 3.051144424434871 4.543781276736539 0.8976360000000001 3.092412895851043 -3.4457962915956255
47332 11322591 2.31905921719542 0.015316144248573221 0.48768 3.092412895851043 -3.4457962915956255
47332 10532852 3.0555262934994682 4.536637187015946 0.897255 3.092412895851043 -3.4457962915956255
47333 11322591 2.284154633411506 0.011760266931567759 0.48768 3.092412895851043 -3.4457962915956255
47333 10532852 3.059908162564065 4.529493097295353 0.8968740000000001 3.092412895851043 -3.4457962915956255
47334 10532852 3.064290031628662 4.522349007574759 0.8964930000000001 3.092412895851043 -3.4457962915956255
47334 11322591 2.251500109498523 0.012376334900409652 0.45720000000000005 3.092412895851043 -3.4457962915956255
47335 11322591 2.2148946657855064 0.011771104784447317 0.45720000000000005 3.092412895851043 -3.4457962915956255
47335 10532852 3.0686719006932592 4.515204917854166 0.896112 3.092412895851043 -3.4457962915956255
47336 10532852 3.073053769757856 4.508060828133573 0.895731 3.092412895851043 -3.4457962915956255
47336 11322591 2.1782892220724897 0.011165874668484982 0.45720000000000005 3.092412895851043 -3.4457962915956255
47337 10532852 3.077435638822453 4.500916738412979 0.8953500000000001 3.092412895851043 -3.4457962915956255
47337 11322591 2.1455656300703523 0.011571301855928445 0.45720000000000005 3.092412895851043 -3.4457962915956255
47338 10532852 3.08181750788705 4.493772648692386 0.894969 3.092412895851043 -3.4457962915956255
47338 11322591 2.111365430301725 0.015613207577505533 0.45720000000000005 3.092412895851043 -3.4457962915956255
47339 10532852 3.086199376951647 4.486628558971792 0.894588 3.092412895851043 -3.4457962915956255
47339 11322591 2.0788237115832047 0.013856758947783016 0.45720000000000005 3.092412895851043 -3.4457962915956255
47340 10532852 3.090581246016244 4.479484469251199 0.8942070000000001 3.092412895851043 -3.4457962915956255
47340 11322591 2.04362375866428 0.014837644556066315 0.45720000000000005 3.092412895851043 -3.4457962915956255
47341 10532852 3.0949631150808408 4.472340379530606 0.8938260000000001 3.092412895851043 -3.4457962915956255
47341 11322591 2.010634951489666 0.013344297005959155 0.45720000000000005 3.092412895851043 -3.4457962915956255
47342 11322591 1.9754170691068953 0.013455269012231666 0.44196 3.092412895851043 -3.4457962915956255
47342 10532852 3.099344984145438 4.465196289810012 0.893445 3.092412895851043 -3.4457962915956255
47343 10532852 3.1037268532100346 4.458052200089419 0.8930640000000001 3.092412895851043 -3.4457962915956255
47343 11322591 1.9401991867241244 0.013566241018504177 0.42672000000000004 3.092412895851043 -3.4457962915956255
47344 11322591 1.9088388489336106 0.012709779624193104 0.44196 3.092412895851043 -3.4457962915956255
47344 10532852 3.1081087222746318 4.450908110368826 0.8926830000000001 3.092412895851043 -3.4457962915956255
47345 11322591 1.8774785111430967 0.011853318229882032 0.45720000000000005 3.092412895851043 -3.4457962915956255
47345 10532852 3.1124905913392285 4.443764020648232 0.892302 3.092412895851043 -3.4457962915956255
47346 11322591 1.8418639744002472 0.010750982164150893 0.44196 3.092412895851043 -3.4457962915956255
47346 10532852 3.1168724604038256 4.436619930927639 0.8919210000000001 3.092412895851043 -3.4457962915956255
47347 11322591 1.8062494376573976 0.009648646098419755 0.42672000000000004 3.092412895851043 -3.4457962915956255
47347 10532852 3.1212543294684227 4.429475841207045 0.8915400000000001 3.092412895851043 -3.4457962915956255
47348 10532852 3.1256361985330194 4.422331751486452 0.891159 3.092412895851043 -3.4457962915956255
47348 11322591 1.772536271346981 0.005939590612279194 0.42672000000000004 3.092412895851043 -3.4457962915956255
47349 10532852 3.1300180675976166 4.415187661765859 0.8907780000000001 3.092412895851043 -3.4457962915956255
47349 11322591 1.7373008058569974 0.005998962178787662 0.42672000000000004 3.092412895851043 -3.4457962915956255
47350 11322591 1.7020653403670136 0.0060583337452961294 0.42672000000000004 3.092412895851043 -3.4457962915956255
47350 10532852 3.1343999366622133 4.4080435720452655 0.8903970000000001 3.092412895851043 -3.4457962915956255
47351 10532852 3.1387818057268104 4.4008994823246725 0.890016 3.092412895851043 -3.4457962915956255
47351 11322591 1.6682830280230234 0.002138647376684011 0.42672000000000004 3.092412895851043 -3.4457962915956255
47352 10532852 3.1431636747914076 4.3937553926040795 0.8896350000000001 3.092412895851043 -3.4457962915956255
47352 11322591 1.6300890853238226 0.002113287715023976 0.42672000000000004 3.092412895851043 -3.4457962915956255
47353 10532852 3.1475455438560043 4.386611302883486 0.8892540000000001 3.092412895851043 -3.4457962915956255
47353 11322591 1.5955423927479886 0.003466950682015621 0.39624000000000004 3.092412895851043 -3.4457962915956255
47354 11322591 1.5615592412647255 0.007089990926962525 0.39624000000000004 3.092412895851043 -3.4457962915956255
47354 10532852 3.1519274129206014 4.379467213162893 0.888873 3.092412895851043 -3.4457962915956255
47355 10532852 3.156309281985198 4.372323123442299 0.8884920000000001 3.092412895851043 -3.4457962915956255
47355 11322591 1.5258069556697298 0.006384463032743107 0.39624000000000004 3.092412895851043 -3.4457962915956255
47356 11322591 1.4891487100351832 0.005624631823476785 0.39624000000000004 3.092412895851043 -3.4457962915956255
47356 10532852 3.1606911510497953 4.365179033721706 0.8881110000000001 3.092412895851043 -3.4457962915956255
47357 10532852 3.165073020114392 4.358034944001113 0.88773 3.092412895851043 -3.4457962915956255
47357 11322591 1.4524904644006364 0.004864800614210463 0.39624000000000004 3.092412895851043 -3.4457962915956255
47358 10532852 3.169454889178989 4.350890854280519 0.887349 3.092412895851043 -3.4457962915956255
47358 11322591 1.419110843257526 0.0032679198612668298 0.39624000000000004 3.092412895851043 -3.4457962915956255
47359 10532852 3.1738367582435862 4.343746764559926 0.8869680000000001 3.092412895851043 -3.4457962915956255
47359 11322591 1.3837940378470237 0.002537610427873621 0.39624000000000004 3.092412895851043 -3.4457962915956255
47360 11322591 1.3493110188586603 0.0050399044460280595 0.39624000000000004 3.092412895851043 -3.4457962915956255
47360 10532852 3.178218627308183 4.336602674839332 0.886587 3.092412895851043 -3.4457962915956255
47361 10532852 3.18260049637278 4.329458585118739 0.886206 3.092412895851043 -3.4457962915956255
47361 11322591 1.314827999870297 0.007542198464182498 0.39624000000000004 3.092412895851043 -3.4457962915956255
47362 11322591 1.2833806281750402 0.006424597457105767 0.39624000000000004 3.092412895851043 -3.4457962915956255
47362 10532852 3.186982365437377 4.322314495398146 0.8858250000000001 3.092412895851043 -3.4457962915956255
47363 10532852 3.191364234501974 4.315170405677552 0.8854440000000001 3.092412895851043 -3.4457962915956255
47363 11322591 1.2519332564797836 0.005306996450029036 0.39624000000000004 3.092412895851043 -3.4457962915956255
47364 10532852 3.195746103566571 4.308026315956959 0.885063 3.092412895851043 -3.4457962915956255
47364 11322591 1.2227299505960123 0.00725330962962302 0.39624000000000004 3.092412895851043 -3.4457962915956255
47365 10532852 3.2001279726311678 4.300882226236366 0.8846820000000001 3.092412895851043 -3.4457962915956255
47365 11322591 1.1945830625177218 0.004006437630904192 0.39624000000000004 3.092412895851043 -3.4457962915956255
47366 11322591 1.1664361744394312 0.0007595656321853633 0.39624000000000004 3.092412895851043 -3.4457962915956255
47366 10532852 3.204509841695765 4.293738136515772 0.8843010000000001 3.092412895851043 -3.4457962915956255
47367 11322591 1.137393264688288 0.0026538016617871085 0.39624000000000004 3.092412895851043 -3.4457962915956255
47367 10532852 3.2088917107603616 4.286594046795179 0.88392 3.092412895851043 -3.4457962915956255
47368 11322591 1.110349779899789 0.0027851627832274073 0.39624000000000004 3.092412895851043 -3.4457962915956255
47368 10532852 3.2132735798249588 4.279449957074585 0.8835390000000001 3.092412895851043 -3.4457962915956255
47369 11322591 1.0833062951112902 0.002916523904667706 0.39624000000000004 3.092412895851043 -3.4457962915956255
47369 10532852 3.2176554488895555 4.272305867353992 0.8831580000000001 3.092412895851043 -3.4457962915956255
47370 11322591 1.057803302405204 0.0009676042271163088 0.39624000000000004 3.092412895851043 -3.4457962915956255
47370 10532852 3.2220373179541526 4.265161777633399 0.882777 3.092412895851043 -3.4457962915956255
47371 11322591 1.0319806314539957 0.000758806847311895 0.39624000000000004 3.092412895851043 -3.4457962915956255
47371 10532852 3.2264191870187497 4.2580176879128055 0.8823960000000001 3.092412895851043 -3.4457962915956255
47372 10532852 3.2308010560833464 4.2508735981922126 0.8820150000000001 3.092412895851043 -3.4457962915956255
47372 11322591 1.0061579605027875 0.0005500094675074813 0.39624000000000004 3.092412895851043 -3.4457962915956255
47373 11322591 0.983043708272447 0.0031949080805220714 0.39624000000000004 3.092412895851043 -3.4457962915956255
47373 10532852 3.2351829251479436 4.243729508471619 0.881634 3.092412895851043 -3.4457962915956255
47374 10532852 3.2395647942125403 4.236585418751026 0.8812530000000001 3.092412895851043 -3.4457962915956255
47374 11322591 0.9611423351813674 0.002756617565017383 0.39624000000000004 3.092412895851043 -3.4457962915956255
47375 11322591 0.9408550400700739 -0.0008959580968291858 0.39624000000000004 3.092412895851043 -3.4457962915956255
47375 10532852 3.2439466632771374 4.229441329030433 0.8808720000000001 3.092412895851043 -3.4457962915956255
47376 10532852 3.248328532341734 4.222297239309839 0.880491 3.092412895851043 -3.4457962915956255
47376 11322591 0.9177407465462579 0.0017491537085666253 0.39624000000000004 3.092412895851043 -3.4457962915956255
47377 10532852 3.2527104014063313 4.215153149589246 0.8801100000000001 3.092412895851043 -3.4457962915956255
47377 11322591 0.8950322638572921 0.002918282503423769 0.39624000000000004 3.092412895851043 -3.4457962915956255
47378 11322591 0.8723237811683262 0.004087411298280913 0.39624000000000004 3.092412895851043 -3.4457962915956255
47378 10532852 3.2570922704709284 4.208009059868653 0.8797290000000001 3.092412895851043 -3.4457962915956255
47379 10532852 3.261474139535525 4.200864970148059 0.879348 3.092412895851043 -3.4457962915956255
47379 11322591 0.8528183579717379 0.003100262010272109 0.39624000000000004 3.092412895851043 -3.4457962915956255
47380 11322591 0.8339097955967687 0.002852784394600766 0.39624000000000004 3.092412895851043 -3.4457962915956255
47380 10532852 3.2658560086001223 4.193720880427466 0.878967 3.092412895851043 -3.4457962915956255
47381 10532852 3.270237877664719 4.186576790706873 0.8785860000000001 3.092412895851043 -3.4457962915956255
47381 11322591 0.8150012332217995 0.0026053067789294226 0.39624000000000004 3.092412895851043 -3.4457962915956255
47382 10532852 3.274619746729316 4.179432700986279 0.878205 3.092412895851043 -3.4457962915956255
47382 11322591 0.7935607311844194 0.004937575908455283 0.39624000000000004 3.092412895851043 -3.4457962915956255
47383 11322591 0.7751230316747016 0.005587814566596377 0.39624000000000004 3.092412895851043 -3.4457962915956255
47383 10532852 3.2790016157939132 4.172288611265686 0.877824 3.092412895851043 -3.4457962915956255
47384 10532852 3.28338348485851 4.165144521545092 0.8774430000000001 3.092412895851043 -3.4457962915956255
47384 11322591 0.7572290766082117 0.005184251273356824 0.39624000000000004 3.092412895851043 -3.4457962915956255
47385 11322591 0.7393351215417218 0.004780687980117271 0.39624000000000004 3.092412895851043 -3.4457962915956255
47385 10532852 3.287765353923107 4.158000431824499 0.877062 3.092412895851043 -3.4457962915956255
47386 11322591 0.7210353501069278 0.005853298145931662 0.39624000000000004 3.092412895851043 -3.4457962915956255
47386 10532852 3.292147222987704 4.150856342103906 0.876681 3.092412895851043 -3.4457962915956255
47387 11322591 0.7048219060818908 0.006244248518157858 0.39624000000000004 3.092412895851043 -3.4457962915956255
47387 10532852 3.296529092052301 4.143712252383312 0.8763000000000001 3.092412895851043 -3.4457962915956255
47388 11322591 0.6883100022983902 0.006265445369104505 0.39624000000000004 3.092412895851043 -3.4457962915956255
47389 11322591 0.6748248254165377 0.0057649956732331725 0.39624000000000004 3.092412895851043 -3.4457962915956255
47390 11322591 0.6639141283794386 0.005533215734354599 0.39624000000000004 3.092412895851043 -3.4457962915956255
47391 11322591 0.6530034313423396 0.0053014357954760255 0.39624000000000004 3.092412895851043 -3.4457962915956255
47392 11322591 0.6397955870586386 0.007280634428608018 0.39624000000000004 3.092412895851043 -3.4457962915956255
47393 11322591 0.6318838225067387 0.00752931885561902 0.39624000000000004 3.092412895851043 -3.4457962915956255
47394 11322591 0.6239720579548389 0.007778003282630022 0.39624000000000004 3.092412895851043 -3.4457962915956255
47395 11322591 0.6159568146208756 0.007710029470671426 0.39624000000000004 3.092412895851043 -3.4457962915956255
47396 11322591 0.6127561887999546 0.006068830568162389 0.39624000000000004 3.092412895851043 -3.4457962915956255
47397 11322591 0.6077810819880738 0.007694507657618636 0.39624000000000004 3.092412895851043 -3.4457962915956255
47398 11322591 0.6028059751761928 0.009320184747074883 0.39624000000000004 3.092412895851043 -3.4457962915956255
47399 11322591 0.597911113709289 0.010919646399770888 0.39624000000000004 3.092412895851043 -3.4457962915956255
47400 11322591 0.5926952789439535 0.012623994529728094 0.39624000000000004 3.092412895851043 -3.4457962915956255
47401 11322591 0.593725499122669 0.01376180563712861 0.39624000000000004 3.092412895851043 -3.4457962915956255
47402 11322591 0.5947557193013845 0.014899616744529127 0.39624000000000004 3.092412895851043 -3.4457962915956255
47403 11322591 0.5957859394801001 0.016037427851929645 0.39624000000000004 3.092412895851043 -3.4457962915956255
47404 11322591 0.5968161596588156 0.01717523895933016 0.39624000000000004 3.092412895851043 -3.4457962915956255
47405 11322591 0.5978463798375311 0.018313050066730674 0.39624000000000004 3.092412895851043 -3.4457962915956255
47406 11322591 0.5988766000162467 0.019450861174131192 0.39624000000000004 3.092412895851043 -3.4457962915956255
47407 11322591 0.5999068201949622 0.02058867228153171 0.39624000000000004 3.092412895851043 -3.4457962915956255
47408 11322591 0.6009370403736777 0.021726483388932225 0.39624000000000004 3.092412895851043 -3.4457962915956255
47409 11322591 0.6019672605523932 0.02286429449633274 0.39624000000000004 3.092412895851043 -3.4457962915956255
47410 11322591 0.6029974807311088 0.024002105603733257 0.39624000000000004 3.092412895851043 -3.4457962915956255
47411 11322591 0.6040277009098243 0.025139916711133775 0.39624000000000004 3.092412895851043 -3.4457962915956255
47412 11322591 0.6050579210885398 0.02627772781853429 0.39624000000000004 3.092412895851043 -3.4457962915956255
47413 11322591 0.6060881412672554 0.027415538925934804 0.39624000000000004 3.092412895851043 -3.4457962915956255
47414 11322591 0.6071183614459709 0.028553350033335322 0.39624000000000004 3.092412895851043 -3.4457962915956255
47415 11322591 0.6081485816246864 0.02969116114073584 0.39624000000000004 3.092412895851043 -3.4457962915956255
47416 11322591 0.6091788018034019 0.030828972248136355 0.39624000000000004 3.092412895851043 -3.4457962915956255
47417 11322591 0.6102090219821175 0.03196678335553687 0.39624000000000004 3.092412895851043 -3.4457962915956255
47418 11322591 0.611239242160833 0.033104594462937384 0.39624000000000004 3.092412895851043 -3.4457962915956255
47419 11322591 0.6122694623395485 0.034242405570337905 0.39624000000000004 3.092412895851043 -3.4457962915956255
47420 11322591 0.613299682518264 0.03538021667773842 0.39624000000000004 3.092412895851043 -3.4457962915956255
47421 11322591 0.6143299026969796 0.036518027785138935 0.39624000000000004 3.092412895851043 -3.4457962915956255
47422 11322591 0.6153601228756951 0.037655838892539456 0.39624000000000004 3.092412895851043 -3.4457962915956255
47423 11322591 0.6163903430544106 0.03879364999993997 0.39624000000000004 3.092412895851043 -3.4457962915956255
47424 11322591 0.6174205632331262 0.039931461107340485 0.39624000000000004 3.092412895851043 -3.4457962915956255
47425 11322591 0.6184507834118417 0.041069272214741 0.39624000000000004 3.092412895851043 -3.4457962915956255
47426 11322591 0.6194810035905572 0.042207083322141514 0.39624000000000004 3.092412895851043 -3.4457962915956255
47427 11322591 0.6205112237692728 0.043344894429542036 0.39624000000000004 3.092412895851043 -3.4457962915956255
47428 11322591 0.6215414439479883 0.04448270553694255 0.39624000000000004 3.092412895851043 -3.4457962915956255
47429 11322591 0.6225716641267038 0.045620516644343065 0.39624000000000004 3.092412895851043 -3.4457962915956255
47430 11322591 0.6236018843054194 0.046758327751743586 0.39624000000000004 3.092412895851043 -3.4457962915956255
47431 11322591 0.6246321044841349 0.0478961388591441 0.39624000000000004 3.092412895851043 -3.4457962915956255
47432 11322591 0.6256623246628504 0.049033949966544615 0.39624000000000004 3.092412895851043 -3.4457962915956255
47433 11322591 0.626692544841566 0.05017176107394513 0.39624000000000004 3.092412895851043 -3.4457962915956255
47434 11322591 0.6277227650202815 0.051309572181345645 0.39624000000000004 3.092412895851043 -3.4457962915956255
47435 11322591 0.628752985198997 0.052447383288746166 0.39624000000000004 3.092412895851043 -3.4457962915956255
47436 11322591 0.6297832053777126 0.05358519439614668 0.39624000000000004 3.092412895851043 -3.4457962915956255
47437 11322591 0.630813425556428 0.054723005503547195 0.39624000000000004 3.092412895851043 -3.4457962915956255
47438 11322591 0.6318436457351436 0.05586081661094772 0.39624000000000004 3.092412895851043 -3.4457962915956255
47439 11322591 0.6328738659138591 0.05699862771834823 0.39624000000000004 3.092412895851043 -3.4457962915956255
47440 11322591 0.6339040860925746 0.058136438825748746 0.39624000000000004 3.092412895851043 -3.4457962915956255
47441 11322591 0.6349343062712902 0.05927424993314926 0.39624000000000004 3.092412895851043 -3.4457962915956255
47442 11322591 0.6359645264500058 0.060412061040549775 0.39624000000000004 3.092412895851043 -3.4457962915956255
47443 11322591 0.6369947466287212 0.061549872147950296 0.39624000000000004 3.092412895851043 -3.4457962915956255
47444 11322591 0.6380249668074368 0.06268768325535082 0.39624000000000004 3.092412895851043 -3.4457962915956255
47445 11322591 0.6390551869861523 0.06382549436275133 0.39624000000000004 3.092412895851043 -3.4457962915956255
47446 11322591 0.6400854071648678 0.06496330547015185 0.39624000000000004 3.092412895851043 -3.4457962915956255
47447 11322591 0.6411156273435834 0.06610111657755235 0.39624000000000004 3.092412895851043 -3.4457962915956255
47448 11322591 0.6421458475222989 0.06723892768495288 0.39624000000000004 3.092412895851043 -3.4457962915956255
47449 11322591 0.6431760677010144 0.0683767387923534 0.39624000000000004 3.092412895851043 -3.4457962915956255
47450 11322591 0.64420628787973 0.0695145498997539 0.39624000000000004 3.092412895851043 -3.4457962915956255
47451 11322591 0.6452365080584455 0.07065236100715443 0.39624000000000004 3.092412895851043 -3.4457962915956255
47452 11322591 0.646266728237161 0.07179017211455493 0.39624000000000004 3.092412895851043 -3.4457962915956255
47453 11322591 0.6472969484158766 0.07292798322195546 0.39624000000000004 3.092412895851043 -3.4457962915956255
47454 11322591 0.648327168594592 0.07406579432935598 0.39624000000000004 3.092412895851043 -3.4457962915956255
47455 11322591 0.6493573887733076 0.07520360543675648 0.39624000000000004 3.092412895851043 -3.4457962915956255
47456 11322591 0.6503876089520232 0.076341416544157 0.39624000000000004 3.092412895851043 -3.4457962915956255
47457 11322591 0.6514178291307386 0.07747922765155753 0.39624000000000004 3.092412895851043 -3.4457962915956255
47458 11322591 0.6524480493094542 0.07861703875895804 0.39624000000000004 3.092412895851043 -3.4457962915956255
47459 11322591 0.657590292073787 0.07804663088664568 0.39624000000000004 3.092412895851043 -3.4457962915956255
47460 11322591 0.6627325348381199 0.07747622301433334 0.39624000000000004 3.092412895851043 -3.4457962915956255
47461 11322591 0.6712178966178466 0.07762426281256316 0.39624000000000004 3.092412895851043 -3.4457962915956255
47462 11322591 0.6766990666122545 0.07781932698248106 0.39624000000000004 3.092412895851043 -3.4457962915956255
47463 11322591 0.682627912127599 0.07856908034930749 0.39624000000000004 3.092412895851043 -3.4457962915956255
47464 11322591 0.6893704429549882 0.07881931063012221 0.39624000000000004 3.092412895851043 -3.4457962915956255
47465 11322591 0.6961129737823774 0.07906954091093693 0.39624000000000004 3.092412895851043 -3.4457962915956255
47466 11322591 0.7017208411294183 0.07992418850562283 0.39624000000000004 3.092412895851043 -3.4457962915956255
47467 11322591 0.7096670080063106 0.0797811464689581 0.39624000000000004 3.092412895851043 -3.4457962915956255
47468 11322591 0.7176131748832029 0.07963810443229338 0.39624000000000004 3.092412895851043 -3.4457962915956255
47469 11322591 0.7243120661901752 0.08247282355675063 0.39624000000000004 3.092412895851043 -3.4457962915956255
47470 11322591 0.7343424192560798 0.07919542196822235 0.39624000000000004 3.092412895851043 -3.4457962915956255
47471 11322591 0.7374395177956901 0.08051999996592235 0.39624000000000004 3.092412895851043 -3.4457962915956255
47472 11322591 0.7446613735366671 0.07816028284938048 0.39624000000000004 3.092412895851043 -3.4457962915956255
47473 11322591 0.7503382072519039 0.07922608402044704 0.39624000000000004 3.092412895851043 -3.4457962915956255
47474 11322591 0.7558080960191117 0.07965854349929379 0.39624000000000004 3.092412895851043 -3.4457962915956255
47475 11322591 0.7610193053458567 0.07929932619185712 0.39624000000000004 3.092412895851043 -3.4457962915956255
47476 11322591 0.7662305146726018 0.07894010888442045 0.39624000000000004 3.092412895851043 -3.4457962915956255
47477 11322591 0.7686378001925187 0.07815354553482792 0.39624000000000004 3.092412895851043 -3.4457962915956255
