50523 10520887 1.372209118948 0.0029010109920300556 0.05225142857142857 3.6437884419960906 -2.8564550393058363
50524 10520887 1.338792160721461 0.003035939016091251 0.10450285714285713 3.6437884419960906 -2.8564550393058363
50525 10520887 1.3053752024949223 0.0031708670401524456 0.1567542857142857 3.6437884419960906 -2.8564550393058363
50526 10520887 1.2719582442683834 0.0033057950642136407 0.20900571428571427 3.6437884419960906 -2.8564550393058363
50527 10520887 1.2385412860418448 0.0034407230882748355 0.26125714285714285 3.6437884419960906 -2.8564550393058363
50528 10520887 1.2051243278153059 0.0035756511123360302 0.3135085714285714 3.6437884419960906 -2.8564550393058363
50529 10520887 1.1717073695887672 0.0037105791363972254 0.36576 3.6437884419960906 -2.8564550393058363
50530 10520887 1.1414994358715802 0.004350554699358424 0.37044923076923075 3.6437884419960906 -2.8564550393058363
50531 10520887 1.1112915021543934 0.004990530262319623 0.37513846153846153 3.6437884419960906 -2.8564550393058363
50532 10520887 1.0810835684372064 0.00563050582528082 0.3798276923076923 3.6437884419960906 -2.8564550393058363
50533 10520887 1.0508756347200194 0.006270481388242019 0.3845169230769231 3.6437884419960906 -2.8564550393058363
50534 10520887 1.0206677010028327 0.0069104569512032175 0.38920615384615387 3.6437884419960906 -2.8564550393058363
50535 10520887 0.9904597672856457 0.007550432514164415 0.39389538461538465 3.6437884419960906 -2.8564550393058363
50536 10520887 0.9602518335684587 0.008190408077125615 0.3985846153846154 3.6437884419960906 -2.8564550393058363
50537 10520887 0.9300438998512718 0.008830383640086812 0.40327384615384615 3.6437884419960906 -2.8564550393058363
50538 10520887 0.8998359661340849 0.00947035920304801 0.40796307692307693 3.6437884419960906 -2.8564550393058363
50539 10520887 0.8696280324168979 0.01011033476600921 0.4126523076923077 3.6437884419960906 -2.8564550393058363
50540 10520887 0.839420098699711 0.010750310328970407 0.4173415384615385 3.6437884419960906 -2.8564550393058363
50541 10520887 0.8092121649825241 0.011390285891931605 0.42203076923076926 3.6437884419960906 -2.8564550393058363
50542 10520887 0.7790042312653371 0.012030261454892804 0.42672000000000004 3.6437884419960906 -2.8564550393058363
50543 10520887 0.7535492030084667 0.012948473223474352 0.42672000000000004 3.6437884419960906 -2.8564550393058363
50544 10520887 0.7280941747515963 0.0138666849920559 0.42672000000000004 3.6437884419960906 -2.8564550393058363
50545 10520887 0.7026391464947259 0.014784896760637448 0.42672000000000004 3.6437884419960906 -2.8564550393058363
50546 10520887 0.6877307164696718 0.012646582480443869 0.42672000000000004 3.6437884419960906 -2.8564550393058363
50547 10520887 0.6412914097706885 0.013217385373335541 0.42672000000000004 3.6437884419960906 -2.8564550393058363
50548 10520887 0.6076364702460768 0.01282384273948304 0.42672000000000004 3.6437884419960906 -2.8564550393058363
50549 10520887 0.5739815307214651 0.012430300105630537 0.42672000000000004 3.6437884419960906 -2.8564550393058363
50550 10520887 0.539807326661863 0.00840973976121663 0.42672000000000004 3.6437884419960906 -2.8564550393058363
50551 10520887 0.5026556687940793 0.008867131649772 0.42672000000000004 3.6437884419960906 -2.8564550393058363
50552 10520887 0.46504646654136766 0.010642505178304895 0.45720000000000005 3.6437884419960906 -2.8564550393058363
50553 10520887 0.43890518915607424 0.013810956264786373 0.45720000000000005 3.6437884419960906 -2.8564550393058363
50554 10520887 0.39694638752656203 0.011517109094774158 0.45720000000000005 3.6437884419960906 -2.8564550393058363
50555 10520887 0.34152907429081336 0.013154395735359176 0.45720000000000005 3.6437884419960906 -2.8564550393058363
50556 10520887 0.3248339669852327 0.013703556792053206 0.45720000000000005 3.6437884419960906 -2.8564550393058363
50557 10520887 0.2886044281986173 0.01970210139018655 0.45720000000000005 3.6437884419960906 -2.8564550393058363
50558 10520887 0.27224152798833456 0.019909154043981192 0.45720000000000005 3.6437884419960906 -2.8564550393058363
50559 10520887 0.20028860409824267 0.021226858353855682 0.45720000000000005 3.6437884419960906 -2.8564550393058363
50560 10520887 0.1670122377959662 0.02158765230407514 0.45720000000000005 3.6437884419960906 -2.8564550393058363
50561 10520887 0.14926263582356714 0.022715496186101164 0.45720000000000005 3.6437884419960906 -2.8564550393058363
50562 10520887 0.11211051160680419 0.02317493457823025 0.45720000000000005 3.6437884419960906 -2.8564550393058363
50563 10520887 0.07475516024642281 0.027089153143547248 0.47244 3.6437884419960906 -2.8564550393058363
50564 10520887 0.03739980888604144 0.031003371708864247 0.48768 3.6437884419960906 -2.8564550393058363
50565 10520887 -0.019501591158765708 0.02810463643418784 0.48768 3.6437884419960906 -2.8564550393058363
50566 10520887 -0.06062268364713452 0.027291896305437574 0.48768 3.6437884419960906 -2.8564550393058363
50567 10520887 -0.08048432680454443 0.02630666894490527 0.48768 3.6437884419960906 -2.8564550393058363
50568 10520887 -0.11428900066466663 0.0261403721221731 0.48768 3.6437884419960906 -2.8564550393058363
50569 10520887 -0.1735813534979127 0.029515344147621275 0.5181600000000001 3.6437884419960906 -2.8564550393058363
50570 10520887 -0.20612672338884824 0.02736065395279688 0.5181600000000001 3.6437884419960906 -2.8564550393058363
50571 10520887 -0.23867209327978378 0.025205963757972488 0.5181600000000001 3.6437884419960906 -2.8564550393058363
50572 10520887 -0.27395628669805167 0.024998321311200195 0.5181600000000001 3.6437884419960906 -2.8564550393058363
50573 10520887 -0.30924048011631955 0.0247906788644279 0.5181600000000001 3.6437884419960906 -2.8564550393058363
50574 10520887 -0.3252370139792302 0.02476240122977133 0.5181600000000001 3.6437884419960906 -2.8564550393058363
50575 10520887 -0.3762550765659822 0.02356478983625057 0.5181600000000001 3.6437884419960906 -2.8564550393058363
50576 10520887 -0.41524552237684786 0.021122726195810154 0.54864 3.6437884419960906 -2.8564550393058363
50577 10520887 -0.45316634573535364 0.021952998992687628 0.54864 3.6437884419960906 -2.8564550393058363
50578 10520887 -0.49386532531589733 0.019719363209568158 0.54864 3.6437884419960906 -2.8564550393058363
50579 10520887 -0.524426313158147 0.018611244986269232 0.54864 3.6437884419960906 -2.8564550393058363
50580 10520887 -0.5665706455329222 0.01603266322090338 0.54864 3.6437884419960906 -2.8564550393058363
50581 10520887 -0.6093969471672027 0.019518948118153107 0.54864 3.6437884419960906 -2.8564550393058363
50582 10520887 -0.6595425056864299 0.01990725938578411 0.54864 3.6437884419960906 -2.8564550393058363
50583 10520887 -0.6982935727905037 0.016570476790901317 0.57912 3.6437884419960906 -2.8564550393058363
50584 10520887 -0.732638345843905 0.016116095325648033 0.57912 3.6437884419960906 -2.8564550393058363
50585 10520887 -0.7552465650167713 0.015563250629740899 0.57912 3.6437884419960906 -2.8564550393058363
50586 10520887 -0.7778547841896377 0.015010405933833765 0.57912 3.6437884419960906 -2.8564550393058363
50587 10520887 -0.8189323068022001 0.013252701138011386 0.57912 3.6437884419960906 -2.8564550393058363
50588 10520887 -0.8613594190392766 0.014974193011770137 0.57912 3.6437884419960906 -2.8564550393058363
50589 10520887 -0.9223443638982873 0.013183448924568547 0.57912 3.6437884419960906 -2.8564550393058363
50590 10520887 -0.9602917854777215 0.011220843957672505 0.6096 3.6437884419960906 -2.8564550393058363
50591 10520887 -1.0001979074651215 0.011417757763924813 0.6096 3.6437884419960906 -2.8564550393058363
50592 10520887 -1.0387581179350627 0.004865634557029902 0.6096 3.6437884419960906 -2.8564550393058363
50593 10520887 -1.0819950054718679 0.00031030677365426196 0.6096 3.6437884419960906 -2.8564550393058363
50594 10520887 -1.1244124040289696 -0.009887241517465256 0.6400800000000001 3.6437884419960906 -2.8564550393058363
50595 10520887 -1.1668213897419528 -0.022774580898608315 0.6400800000000001 3.6437884419960906 -2.8564550393058363
50596 10520887 -1.2245161604159722 -0.045734907372766115 0.6400800000000001 3.6437884419960906 -2.8564550393058363
50597 10520887 -1.2411931154895266 -0.053951067971308025 0.6400800000000001 3.6437884419960906 -2.8564550393058363
50598 10520887 -1.257870070563081 -0.062167228569849936 0.6400800000000001 3.6437884419960906 -2.8564550393058363
50599 10520887 -1.3058803918109023 -0.10032836030092354 0.6400800000000001 3.6437884419960906 -2.8564550393058363
50600 10520887 -1.348170026195109 -0.12914382503876523 0.6400800000000001 3.6437884419960906 -2.8564550393058363
50601 10520887 -1.384661628081662 -0.1619583945933102 0.6400800000000001 3.6437884419960906 -2.8564550393058363
50602 10520887 -1.4128267404222286 -0.193757181950076 0.67056 3.6437884419960906 -2.8564550393058363
50603 10520887 -1.4417258227224454 -0.23594808531804282 0.67056 3.6437884419960906 -2.8564550393058363
50604 10520887 -1.4717467489650293 -0.27613633911734325 0.67056 3.6437884419960906 -2.8564550393058363
50605 10520887 -1.497518315003776 -0.32098573993009805 0.67056 3.6437884419960906 -2.8564550393058363
50606 10520887 -1.518533855747082 -0.368675777832445 0.67056 3.6437884419960906 -2.8564550393058363
50607 10520887 -1.5407912658526415 -0.4193479443438505 0.67056 3.6437884419960906 -2.8564550393058363
50608 10520887 -1.5573604985775351 -0.47001100891836123 0.67056 3.6437884419960906 -2.8564550393058363
50609 10520887 -1.5751452737361162 -0.5417746205658587 0.67056 3.6437884419960906 -2.8564550393058363
50610 10520887 -1.579673736224963 -0.572190219343715 0.67056 3.6437884419960906 -2.8564550393058363
50611 10520887 -1.588645439541083 -0.6498738472792132 0.67056 3.6437884419960906 -2.8564550393058363
50612 10520887 -1.5878780210317476 -0.6828392644304442 0.67056 3.6437884419960906 -2.8564550393058363
50613 10520887 -1.58588952391945 -0.7270114242929602 0.67056 3.6437884419960906 -2.8564550393058363
50614 10520887 -1.5839010268071523 -0.7711835841554763 0.67056 3.6437884419960906 -2.8564550393058363
50615 10520887 -1.5730844471664984 -0.823675691328412 0.67056 3.6437884419960906 -2.8564550393058363
50616 10520887 -1.5634497210521598 -0.8879322181815775 0.67056 3.6437884419960906 -2.8564550393058363
50617 10520887 -1.5350495727038729 -0.9613630967365544 0.67056 3.6437884419960906 -2.8564550393058363
50618 10520887 -1.5278780344872847 -0.9910480662403481 0.67056 3.6437884419960906 -2.8564550393058363
50619 10520887 -1.485224504828058 -1.079304214140978 0.67056 3.6437884419960906 -2.8564550393058363
50620 10520887 -1.457345067860116 -1.1258084569822542 0.67056 3.6437884419960906 -2.8564550393058363
50621 10520887 -1.4158039804330163 -1.1821541954345463 0.67056 3.6437884419960906 -2.8564550393058363
50622 10520887 -1.3769553413699904 -1.225000869391537 0.67056 3.6437884419960906 -2.8564550393058363
50623 10520887 -1.331586099109438 -1.2737180017508714 0.67056 3.6437884419960906 -2.8564550393058363
50624 10520887 -1.2895220564838612 -1.3135260267618667 0.67056 2.4470759487019955 -3.930438767222336
50625 10520887 -1.243142845748643 -1.35100585804221 0.67056 2.4470759487019955 -3.930438767222336
50626 10520887 -1.1972897148984047 -1.3873785708584057 0.67056 2.4470759487019955 -3.930438767222336
50627 10520887 -1.140304331074496 -1.416875448189881 0.67056 2.4470759487019955 -3.930438767222336
50628 10520887 -1.081110500998124 -1.4521176110781944 0.67056 2.4470759487019955 -3.930438767222336
50629 10520887 -1.0285333265508998 -1.4744473358461798 0.67056 2.4470759487019955 -3.930438767222336
50630 10520887 -0.9813520835980656 -1.4904560928106003 0.67056 2.4470759487019955 -3.930438767222336
50631 10520887 -0.9161682616906359 -1.511181386891678 0.67056 2.4470759487019955 -3.930438767222336
50632 10520887 -0.8475450230712231 -1.5336145147613427 0.67056 2.4470759487019955 -3.930438767222336
50633 10520887 -0.8053287172534254 -1.5423908718159591 0.67056 2.4470759487019955 -3.930438767222336
50634 10520887 -0.7631124114356276 -1.5511672288705756 0.67056 2.4470759487019955 -3.930438767222336
50635 10520887 -0.7041676456616897 -1.559452939749568 0.67056 2.4470759487019955 -3.930438767222336
50636 10520887 -0.6394622002861456 -1.564246906903257 0.67056 2.4470759487019955 -3.930438767222336
50637 10520887 -0.5882000940984355 -1.5704877879492771 0.67056 2.4470759487019955 -3.930438767222336
50638 10520887 -0.536066392024622 -1.5767795253689874 0.67056 2.4470759487019955 -3.930438767222336
50639 10520887 -0.4513019727611518 -1.5821697555201568 0.67056 2.4470759487019955 -3.930438767222336
50640 10520887 -0.3929959472221096 -1.5861551143406154 0.67056 2.4470759487019955 -3.930438767222336
50641 10520887 -0.336442394619495 -1.5873475081538022 0.67056 2.4470759487019955 -3.930438767222336
50642 10520887 -0.2803725974710687 -1.590834802673182 0.67056 2.4470759487019955 -3.930438767222336
50643 10520887 -0.21546856745393028 -1.5906663288101879 0.67056 2.4470759487019955 -3.930438767222336
50644 10520887 -0.1549930977103784 -1.5920876244147197 0.67056 2.4470759487019955 -3.930438767222336
50645 10520887 -0.10169487342344796 -1.5904620330084267 0.67056 2.4470759487019955 -3.930438767222336
50646 10520887 -0.03675679475187765 -1.5901863699131016 0.67056 2.4470759487019955 -3.930438767222336
50647 10520887 0.009739409730788073 -1.5892578273462 0.6553200000000001 2.4470759487019955 -3.930438767222336
50648 10520887 0.0562356142134538 -1.5883292847792982 0.6400800000000001 2.4470759487019955 -3.930438767222336
50649 10520887 0.11788123756377955 -1.588612060340932 0.6400800000000001 2.4470759487019955 -3.930438767222336
50650 10520887 0.18648888905828453 -1.5882485019524437 0.6400800000000001 2.4470759487019955 -3.930438767222336
50651 10520887 0.2303818437330858 -1.5865850119361435 0.6400800000000001 2.4470759487019955 -3.930438767222336
50652 10520887 0.28718197373522314 -1.5788577646493749 0.6400800000000001 2.4470759487019955 -3.930438767222336
50653 10520887 0.336177592954238 -1.5781599539084175 0.6400800000000001 2.4470759487019955 -3.930438767222336
50654 10520887 0.37410228155441627 -1.5743703613525128 0.6400800000000001 2.4470759487019955 -3.930438767222336
50655 10520887 0.41202697015459455 -1.570580768796608 0.6400800000000001 2.4470759487019955 -3.930438767222336
50656 10520887 0.4734553082254745 -1.5688037423293033 0.6400800000000001 2.4470759487019955 -3.930438767222336
50657 10520887 0.5264246174453568 -1.5602906086106507 0.6400800000000001 2.4470759487019955 -3.930438767222336
50658 10520887 0.583416243943383 -1.5557781951906366 0.6400800000000001 2.4470759487019955 -3.930438767222336
50659 10520887 0.6369308213158595 -1.5537510565785153 0.6400800000000001 2.4470759487019955 -3.930438767222336
50660 10520887 0.6986373591767987 -1.5470397363031556 0.6400800000000001 2.4470759487019955 -3.930438767222336
50661 10520887 0.7474958667046859 -1.5443086065276768 0.6400800000000001 2.4470759487019955 -3.930438767222336
50662 10520887 0.820646656875148 -1.5389983736965431 0.6400800000000001 2.4470759487019955 -3.930438767222336
50663 10520887 0.8488819444253787 -1.5395766870747651 0.6400800000000001 2.4470759487019955 -3.930438767222336
50664 10520887 0.9245317515289321 -1.5353154783126446 0.6400800000000001 2.4470759487019955 -3.930438767222336
50665 10520887 0.9738034693099216 -1.5313160698202468 0.6400800000000001 2.4470759487019955 -3.930438767222336
50666 10520887 1.0303234521700662 -1.5268801233465938 0.6400800000000001 2.4470759487019955 -3.930438767222336
50667 10520887 1.055473505655435 -1.5273845062761007 0.6553200000000001 2.4470759487019955 -3.930438767222336
50668 10520887 1.080623559140804 -1.5278888892056075 0.67056 2.4470759487019955 -3.930438767222336
50669 10520887 1.12482824837372 -1.5203643913558633 0.67056 2.4470759487019955 -3.930438767222336
50670 10520887 1.1945591490897431 -1.5162702482670247 0.67056 2.4470759487019955 -3.930438767222336
50671 10520887 1.2449623300603885 -1.5169611660175026 0.67056 2.4470759487019955 -3.930438767222336
50672 10520887 1.3006207043151448 -1.5135269769256994 0.67056 2.4470759487019955 -3.930438767222336
50673 10520887 1.351116334055438 -1.5128455445050084 0.67056 2.4470759487019955 -3.930438767222336
50674 10520887 1.3979984980249107 -1.5134369519439508 0.67056 2.4470759487019955 -3.930438767222336
50675 10520887 1.4514296505630853 -1.5130126240545165 0.67056 2.4470759487019955 -3.930438767222336
50676 10520887 1.5127402241816732 -1.5113059788955174 0.67056 2.4470759487019955 -3.930438767222336
50677 10520887 1.5398166007675929 -1.5116201650010492 0.67056 2.4470759487019955 -3.930438767222336
50678 10520887 1.5934985072780736 -1.5131458800339168 0.6400800000000001 2.4470759487019955 -3.930438767222336
50679 10520887 1.6391984652991585 -1.5146347988833422 0.6400800000000001 2.4470759487019955 -3.930438767222336
50680 10520887 1.6973830830265608 -1.522770191044581 0.6400800000000001 2.4470759487019955 -3.930438767222336
50681 10520887 1.7419381510186753 -1.52096414321135 0.6400800000000001 2.4470759487019955 -3.930438767222336
50682 10520887 1.766289349000795 -1.5233665318674685 0.6400800000000001 2.4470759487019955 -3.930438767222336
50683 10520887 1.7906405469829145 -1.5257689205235867 0.6400800000000001 2.4470759487019955 -3.930438767222336
50684 10520887 1.8838603251223551 -1.5337773904658762 0.6400800000000001 2.4470759487019955 -3.930438767222336
50685 10520887 1.9162220678396582 -1.5359911266805955 0.6400800000000001 2.4470759487019955 -3.930438767222336
50686 10520887 1.948583810556961 -1.5382048628953147 0.6400800000000001 2.4470759487019955 -3.930438767222336
50687 10520887 1.9906691878218707 -1.5426001323628926 0.6400800000000001 2.4470759487019955 -3.930438767222336
50688 10520887 2.055980821137254 -1.5411441258437801 0.6400800000000001 2.4470759487019955 -3.930438767222336
50689 10520887 2.101566896765692 -1.5402567093617383 0.6400800000000001 2.4470759487019955 -3.930438767222336
50690 10520887 2.1473450738205746 -1.544221268064376 0.6400800000000001 2.4470759487019955 -3.930438767222336
50691 10520887 2.1897550090835782 -1.5421795965872074 0.6400800000000001 2.4470759487019955 -3.930438767222336
50692 10520887 2.235031593571171 -1.540606277102761 0.6400800000000001 2.4470759487019955 -3.930438767222336
50693 10520887 2.2812512708260178 -1.5339669933715137 0.6400800000000001 2.4470759487019955 -3.930438767222336
50694 10520887 2.3259453875557625 -1.5276471629440187 0.6400800000000001 2.4470759487019955 -3.930438767222336
50695 10520887 2.3840325233504016 -1.52383004976553 0.6400800000000001 2.4470759487019955 -3.930438767222336
50696 10520887 2.426810977209537 -1.5179356850522097 0.6400800000000001 2.4470759487019955 -3.930438767222336
50697 10520887 2.4661476731536904 -1.5144221052615678 0.6400800000000001 2.4470759487019955 -3.930438767222336
50698 10520887 2.4843852495676004 -1.5075255626644488 0.6400800000000001 2.4470759487019955 -3.930438767222336
50699 10520887 2.5541261761271414 -1.497932437058239 0.6400800000000001 2.4470759487019955 -3.930438767222336
50700 10520887 2.5860014024209064 -1.4914278156919096 0.63246 2.4470759487019955 -3.930438767222336
50701 10520887 2.6178766287146713 -1.4849231943255803 0.6248400000000001 2.4470759487019955 -3.930438767222336
50702 10520887 2.648961284442459 -1.4767585413140596 0.6172200000000001 2.4470759487019955 -3.930438767222336
50703 10520887 2.6800459401702463 -1.4685938883025391 0.6096 2.4470759487019955 -3.930438767222336
50704 10520887 2.7353053617846 -1.4527539645930123 0.6096 2.4470759487019955 -3.930438767222336
50705 10520887 2.773983859980473 -1.433838223432738 0.6096 2.4470759487019955 -3.930438767222336
50706 10520887 2.8050211806335414 -1.4220071931322946 0.6096 2.4470759487019955 -3.930438767222336
50707 10520887 2.847004604952388 -1.3978618755297798 0.6096 2.4470759487019955 -3.930438767222336
50708 10520887 2.872895725198296 -1.3800289022499153 0.6096 2.4470759487019955 -3.930438767222336
50709 10520887 2.8970696895349652 -1.3560283539609304 0.6096 2.4470759487019955 -3.930438767222336
50710 10520887 2.930565773781681 -1.3105392471329074 0.6096 2.4470759487019955 -3.930438767222336
50711 10520887 2.9517614031992228 -1.279609060164418 0.57912 2.4470759487019955 -3.930438767222336
50712 10520887 2.9682291696803635 -1.2551375965077238 0.57912 2.4470759487019955 -3.930438767222336
50713 10520887 2.9846969361615043 -1.2306661328510295 0.57912 2.4470759487019955 -3.930438767222336
50714 10520887 3.0026504344350204 -1.1930707018944064 0.57912 2.4470759487019955 -3.930438767222336
50715 10520887 3.0170036647790717 -1.1545338876860867 0.57912 2.4470759487019955 -3.930438767222336
50716 10520887 3.0232169335288166 -1.1126395744251545 0.57912 2.4470759487019955 -3.930438767222336
50717 10520887 3.0278996311744333 -1.081693513291988 0.57912 2.4470759487019955 -3.930438767222336
50718 10520887 3.034247291194177 -1.0690465970437126 0.57912 2.4470759487019955 -3.930438767222336
50719 10520887 3.0362079934903727 -1.0354891399175288 0.57912 2.4470759487019955 -3.930438767222336
50720 10520887 3.0381686957865686 -1.0019316827913447 0.57912 2.4470759487019955 -3.930438767222336
50721 10520887 3.0387086869253226 -0.9774893024984719 0.57912 2.4470759487019955 -3.930438767222336
50722 10520887 3.0392486780640766 -0.953046922205599 0.57912 2.4470759487019955 -3.930438767222336
50723 10520887 3.0374134188317434 -0.9096938680132446 0.57912 2.4470759487019955 -3.930438767222336
50724 10520887 3.0339101482336437 -0.8768937589677259 0.54864 2.4470759487019955 -3.930438767222336
50725 10520887 3.0282808084162376 -0.8533289601935828 0.54864 2.4470759487019955 -3.930438767222336
50726 10520887 3.023101616958958 -0.8243039534186525 0.54864 2.4470759487019955 -3.930438767222336
50727 10520887 3.021341648865544 -0.8130993967539464 0.54864 2.4470759487019955 -3.930438767222336
50728 10520887 3.0138784132364513 -0.7668579885866611 0.54864 2.4470759487019955 -3.930438767222336
50729 10520887 3.0076579926490297 -0.7342222376769487 0.54864 2.4470759487019955 -3.930438767222336
50730 10520887 3.0010686993524613 -0.705437762528936 0.54864 2.4470759487019955 -3.930438767222336
50731 10520887 2.9946429552950766 -0.6924766675456547 0.54864 2.4470759487019955 -3.930438767222336
50732 10520887 2.9845503406823335 -0.654021169558607 0.54864 2.4470759487019955 -3.930438767222336
50733 10520887 2.977471157055042 -0.6410219630808391 0.54864 2.4470759487019955 -3.930438767222336
50734 10520887 2.97039197342775 -0.6280227566030713 0.54864 2.4470759487019955 -3.930438767222336
50735 10520887 2.9600807478219453 -0.5915984464127818 0.54864 2.4470759487019955 -3.930438767222336
50736 10520887 2.945880519555499 -0.5589277536951957 0.5181600000000001 2.4470759487019955 -3.930438767222336
50737 10520887 2.9364286879050057 -0.5380087523206898 0.5181600000000001 2.4470759487019955 -3.930438767222336
50738 10520887 2.926976856254513 -0.5170897509461838 0.5181600000000001 2.4470759487019955 -3.930438767222336
50739 10520887 2.9175250246040196 -0.49617074957167795 0.5181600000000001 2.4470759487019955 -3.930438767222336
50740 10520887 2.9024104708318363 -0.4592296286794951 0.5181600000000001 2.4470759487019955 -3.930438767222336
50741 10520887 2.885871516231391 -0.42719699866433414 0.5181600000000001 2.4470759487019955 -3.930438767222336
50742 10520887 2.868403385661205 -0.3963795315020651 0.5181600000000001 2.4470759487019955 -3.930438767222336
50743 10520887 2.850935255091019 -0.3655620643397961 0.5181600000000001 2.4470759487019955 -3.930438767222336
50744 10520887 2.8374491354828266 -0.3395487588764777 0.5181600000000001 2.4470759487019955 -3.930438767222336
50745 10520887 2.823963015874634 -0.31353545341315925 0.5181600000000001 2.4470759487019955 -3.930438767222336
50746 10520887 2.8152652328658756 -0.3050890117442375 0.5181600000000001 2.4470759487019955 -3.930438767222336
50747 10520887 2.8025787083465277 -0.2846517329664692 0.5181600000000001 2.4470759487019955 -3.930438767222336
50748 10520887 2.7898921838271793 -0.2642144541887008 0.5181600000000001 2.4470759487019955 -3.930438767222336
50749 10520887 2.759974470226784 -0.23073420972794748 0.5181600000000001 2.4470759487019955 -3.930438767222336
50750 10520887 2.739287701571037 -0.2152197907829191 0.5181600000000001 2.4470759487019955 -3.930438767222336
50751 10520887 2.731208967045947 -0.2073257171686186 0.5181600000000001 2.4470759487019955 -3.930438767222336
50752 10520887 2.6879478342279217 -0.16983945974751688 0.5181600000000001 2.4470759487019955 -3.930438767222336
50753 10520887 2.656945174670218 -0.14920471549550332 0.5181600000000001 2.4470759487019955 -3.930438767222336
50754 10520887 2.630129808492992 -0.1252640969937727 0.48768 2.4470759487019955 -3.930438767222336
50755 10520887 2.604386571098382 -0.11055151173153946 0.5181600000000001 2.4470759487019955 -3.930438767222336
50756 10520887 2.573338544716086 -0.08978463895397612 0.48768 2.4470759487019955 -3.930438767222336
50757 10520887 2.548285854828518 -0.07132541509013937 0.48768 2.4470759487019955 -3.930438767222336
50758 10520887 2.5194128424271987 -0.05640833646398144 0.48768 2.4470759487019955 -3.930438767222336
50759 10520887 2.496260411106128 -0.04300838006903282 0.48768 2.4470759487019955 -3.930438767222336
50760 10520887 2.468736673199402 -0.034021991231818566 0.48768 2.4470759487019955 -3.930438767222336
50761 10520887 2.441212935292675 -0.02503560239460431 0.48768 2.4470759487019955 -3.930438767222336
50762 10520887 2.422837059934688 -0.019035847540036316 0.48768 2.4470759487019955 -3.930438767222336
50763 10520887 2.372268295784089 -0.0080152909744238 0.48768 2.4470759487019955 -3.930438767222336
50764 10520887 2.332429071473123 -0.0008482008735599955 0.48768 2.4470759487019955 -3.930438767222336
50765 10520887 2.300981529657466 0.004280035445282049 0.48768 2.4470759487019955 -3.930438767222336
50766 10520887 2.2695339878418093 0.009408271764124093 0.48768 2.4470759487019955 -3.930438767222336
50767 10520887 2.204327138726069 0.009322270767902457 0.48768 2.4470759487019955 -3.930438767222336
50768 10520887 2.186164964492452 0.009178241088533906 0.48768 2.4470759487019955 -3.930438767222336
50769 10520887 2.1282261778573623 0.007420498385801583 0.45720000000000005 2.4470759487019955 -3.930438767222336
50770 10520887 2.1067010123560745 0.002416976801097509 0.45720000000000005 2.4470759487019955 -3.930438767222336
50771 10520887 2.0612715953922844 0.000897160422118265 0.45720000000000005 2.4470759487019955 -3.930438767222336
50772 10520887 2.022526649924962 -0.0008193296225516566 0.45720000000000005 2.4470759487019955 -3.930438767222336
50773 10520887 1.9721778427986454 -0.0027181127821492845 0.42672000000000004 2.4470759487019955 -3.930438767222336
50774 10520887 1.927229607300536 -0.004394303152714635 0.42672000000000004 2.4470759487019955 -3.930438767222336
50775 10520887 1.910718444124974 -0.0043759505816078625 0.42672000000000004 2.4470759487019955 -3.930438767222336
50776 10520887 1.8583401023791095 -0.005961678394523884 0.42672000000000004 2.4470759487019955 -3.930438767222336
50777 10520887 1.8332223763663482 -0.004923574843750593 0.41656000000000004 2.4470759487019955 -3.930438767222336
50778 10520887 1.8081046503535871 -0.0038854712929773014 0.40640000000000004 2.4470759487019955 -3.930438767222336
50779 10520887 1.7829869243408258 -0.00284736774220401 0.39624000000000004 2.4470759487019955 -3.930438767222336
50780 10520887 1.7294195886648533 0.0006289829608113473 0.39624000000000004 2.4470759487019955 -3.930438767222336
50781 10520887 1.6968196021401964 -0.0015741752069332593 0.39624000000000004 2.4470759487019955 -3.930438767222336
50782 10520887 1.657550492325422 0.0019056963613223454 0.39624000000000004 2.4470759487019955 -3.930438767222336
50783 10520887 1.6411883731862513 0.0021095913619621487 0.39624000000000004 2.4470759487019955 -3.930438767222336
50784 10520887 1.5918339117104656 0.00461997245108909 0.381 2.4470759487019955 -3.930438767222336
50785 10520887 1.5424794502346801 0.007130353540216031 0.36576 2.4470759487019955 -3.930438767222336
50786 10520887 1.5011492265828967 0.007020324921950247 0.36576 2.4470759487019955 -3.930438767222336
50787 10520887 1.4598190029311133 0.006910296303684463 0.36576 2.4470759487019955 -3.930438767222336
50788 10520887 1.4280568270825207 0.00618694213645378 0.36576 2.4470759487019955 -3.930438767222336
50789 10520887 1.3959968335920836 0.005911469961418947 0.36576 2.4470759487019955 -3.930438767222336
50790 10520887 1.3630998805106178 0.005792701850693499 0.36576 2.4470759487019955 -3.930438767222336
50791 10520887 1.3478033204299982 0.0051818517629256405 0.36576 2.4470759487019955 -3.930438767222336
50792 10520887 1.3198013458818323 0.00373697386461085 0.36576 2.4470759487019955 -3.930438767222336
50793 10520887 1.2917993713336666 0.00229209596629606 0.36576 2.4470759487019955 -3.930438767222336
50794 10520887 1.2637973967855007 0.0008472180679812702 0.36576 2.4470759487019955 -3.930438767222336
50795 10520887 1.2289975962324053 0.001701164813488719 0.36576 2.4470759487019955 -3.930438767222336
50796 10520887 1.19419779567931 0.0025551115589961676 0.36576 2.4470759487019955 -3.930438767222336
50797 10520887 1.1640871849050238 0.00281213362519539 0.36576 2.4470759487019955 -3.930438767222336
50798 10520887 1.1339765741307375 0.003069155691394612 0.36576 2.4470759487019955 -3.930438767222336
50799 10520887 1.1038659633564514 0.0033261777575938345 0.36576 2.4470759487019955 -3.930438767222336
50800 10520887 1.0803816989084778 0.0021195908995931823 0.36576 2.4470759487019955 -3.930438767222336
50801 10520887 1.0591356373652714 0.0036866559091014925 0.36576 2.4470759487019955 -3.930438767222336
50802 10520887 1.037889575822065 0.005253720918609803 0.36576 2.4470759487019955 -3.930438767222336
50803 10520887 1.0182920967880433 0.003712133520306797 0.36576 2.4470759487019955 -3.930438767222336
50804 10520887 0.9986946177540218 0.0021705461220037914 0.36576 2.4470759487019955 -3.930438767222336
50805 10520887 0.9743071821708382 0.0020967892734604088 0.36576 2.4470759487019955 -3.930438767222336
50806 10520887 0.9499197465876547 0.002023032424917026 0.36576 2.4470759487019955 -3.930438767222336
50807 10520887 0.9255323110044711 0.0019492755763736436 0.36576 2.4470759487019955 -3.930438767222336
50808 10520887 0.9011448754212875 0.001875518727830261 0.36576 2.4470759487019955 -3.930438767222336
50809 10520887 0.876757439838104 0.0018017618792868784 0.36576 2.4470759487019955 -3.930438767222336
50810 10520887 0.8523700042549204 0.0017280050307434958 0.36576 2.4470759487019955 -3.930438767222336
50811 10520887 0.8226313179405712 0.008290189440335965 0.36576 2.4470759487019955 -3.930438767222336
50812 10520887 0.8108482303768794 0.006882908936600041 0.36576 2.4470759487019955 -3.930438767222336
50813 10520887 0.7990651428131874 0.005475628432864116 0.36576 2.4470759487019955 -3.930438767222336
50814 10520887 0.7727157213413638 0.006374375698156937 0.36576 2.4470759487019955 -3.930438767222336
50815 10520887 0.7504083700662689 0.007412840607917727 0.36576 2.4470759487019955 -3.930438767222336
50816 10520887 0.7286711676668782 0.004760256253474773 0.36576 2.4470759487019955 -3.930438767222336
50817 10520887 0.7088182493666303 0.006515646953584066 0.36576 2.4470759487019955 -3.930438767222336
50818 10520887 0.6889653310663824 0.008271037653693358 0.36576 2.4470759487019955 -3.930438767222336
50819 10520887 0.6749582153279121 0.007532248751204104 0.36576 2.4470759487019955 -3.930438767222336
50820 10520887 0.660951099589442 0.00679345984871485 0.36576 2.4470759487019955 -3.930438767222336
50821 10520887 0.654584365557364 0.003616580662697544 0.36576 2.4470759487019955 -3.930438767222336
50822 10520887 0.6434565097351321 0.0042151830259430575 0.36576 2.4470759487019955 -3.930438767222336
50823 10520887 0.6323286539129003 0.004813785389188571 0.36576 2.4470759487019955 -3.930438767222336
50824 10520887 0.6212007980906684 0.005412387752434085 0.36576 2.4470759487019955 -3.930438767222336
50825 10520887 0.6100729422684366 0.006010990115679599 0.36576 2.4470759487019955 -3.930438767222336
50826 10520887 0.6007196406435787 0.010001922084414819 0.36576 2.4470759487019955 -3.930438767222336
50827 10520887 0.5959050238031117 0.011575166100186385 0.36576 2.4470759487019955 -3.930438767222336
50828 10520887 0.5910904069626447 0.01314841011595795 0.36576 2.4470759487019955 -3.930438767222336
50829 10520887 0.5898939802354309 0.016553522616856928 0.36576 2.4470759487019955 -3.930438767222336
50830 10520887 0.5886975535082172 0.019958635117755905 0.36576 2.4470759487019955 -3.930438767222336
50831 10520887 0.5875011267810033 0.02336374761865488 0.36576 2.4470759487019955 -3.930438767222336
50832 10520887 0.5863047000537895 0.02676886011955386 0.36576 2.4470759487019955 -3.930438767222336
50833 10520887 0.5851082733265758 0.030173972620452835 0.36576 2.4470759487019955 -3.930438767222336
50834 10520887 0.5846488364361639 0.04235738521113534 0.36576 2.4470759487019955 -3.930438767222336
50835 10520887 0.5877052205899833 0.042197392093874166 0.36576 2.4470759487019955 -3.930438767222336
50836 10520887 0.5907616047438027 0.04203739897661299 0.36576 2.4470759487019955 -3.930438767222336
50837 10520887 0.5938179888976219 0.04187740585935181 0.36576 2.4470759487019955 -3.930438767222336
50838 10520887 0.5968743730514413 0.041717412742090634 0.36576 2.4470759487019955 -3.930438767222336
50839 10520887 0.5999307572052607 0.04155741962482946 0.36576 2.4470759487019955 -3.930438767222336
50840 10520887 0.60298714135908 0.04139742650756828 0.36576 2.4470759487019955 -3.930438767222336
50841 10520887 0.6060435255128994 0.0412374333903071 0.36576 2.4470759487019955 -3.930438767222336
50842 10520887 0.6090999096667187 0.041077440273045926 0.36576 2.4470759487019955 -3.930438767222336
50843 10520887 0.612156293820538 0.04091744715578475 0.36576 2.4470759487019955 -3.930438767222336
50844 10520887 0.6152126779743574 0.04075745403852357 0.36576 2.4470759487019955 -3.930438767222336
50845 10520887 0.6182690621281768 0.040597460921262395 0.36576 2.4470759487019955 -3.930438767222336
50846 10520887 0.6213254462819962 0.04043746780400122 0.36576 2.4470759487019955 -3.930438767222336
50847 10520887 0.6243818304358154 0.04027747468674004 0.36576 2.4470759487019955 -3.930438767222336
50848 10520887 0.6274382145896348 0.04011748156947886 0.36576 2.4470759487019955 -3.930438767222336
50849 10520887 0.6304945987434541 0.039957488452217686 0.36576 2.4470759487019955 -3.930438767222336
50850 10520887 0.6335509828972735 0.03979749533495651 0.36576 2.4470759487019955 -3.930438767222336
50851 10520887 0.6366073670510928 0.03963750221769533 0.36576 2.4470759487019955 -3.930438767222336
50852 10520887 0.6396637512049121 0.039477509100434155 0.36576 2.4470759487019955 -3.930438767222336
50853 10520887 0.6427201353587315 0.03931751598317298 0.36576 2.4470759487019955 -3.930438767222336
50854 10520887 0.6457765195125509 0.0391575228659118 0.36576 2.4470759487019955 -3.930438767222336
50855 10520887 0.6488329036663703 0.038997529748650624 0.36576 2.4470759487019955 -3.930438767222336
50856 10520887 0.6518892878201896 0.03883753663138945 0.36576 2.4470759487019955 -3.930438767222336
50857 10520887 0.6549456719740089 0.03867754351412827 0.36576 2.4470759487019955 -3.930438767222336
50858 10520887 0.6580020561278282 0.03851755039686709 0.36576 2.4470759487019955 -3.930438767222336
50859 10520887 0.6610584402816476 0.038357557279605915 0.36576 2.4470759487019955 -3.930438767222336
50860 10520887 0.664114824435467 0.03819756416234474 0.36576 2.4470759487019955 -3.930438767222336
50861 10520887 0.6671712085892862 0.03803757104508356 0.36576 2.4470759487019955 -3.930438767222336
50862 10520887 0.6702275927431056 0.037877577927822384 0.36576 2.4470759487019955 -3.930438767222336
50863 10520887 0.673283976896925 0.03771758481056121 0.36576 2.4470759487019955 -3.930438767222336
50864 10520887 0.6763403610507444 0.03755759169330003 0.36576 2.4470759487019955 -3.930438767222336
50865 10520887 0.6793967452045637 0.03739759857603885 0.36576 2.4470759487019955 -3.930438767222336
50866 10520887 0.682453129358383 0.037237605458777676 0.36576 2.4470759487019955 -3.930438767222336
50867 10520887 0.6855095135122024 0.0370776123415165 0.36576 2.4470759487019955 -3.930438767222336
50868 10520887 0.6885658976660217 0.03691761922425532 0.36576 2.4470759487019955 -3.930438767222336
50869 10520887 0.6916222818198411 0.036757626106994144 0.36576 2.4470759487019955 -3.930438767222336
50870 10520887 0.6946786659736603 0.03659763298973297 0.36576 2.4470759487019955 -3.930438767222336
50871 10520887 0.6977350501274797 0.03643763987247179 0.36576 2.4470759487019955 -3.930438767222336
50872 10520887 0.7007914342812991 0.03627764675521061 0.36576 2.4470759487019955 -3.930438767222336
50873 10520887 0.7038478184351185 0.03611765363794944 0.36576 2.4470759487019955 -3.930438767222336
50874 10520887 0.7069042025889378 0.03595766052068826 0.36576 2.4470759487019955 -3.930438767222336
50875 10520887 0.7099605867427572 0.03579766740342709 0.36576 2.4470759487019955 -3.930438767222336
50876 10520887 0.7130169708965765 0.035637674286165905 0.36576 2.4470759487019955 -3.930438767222336
50877 10520887 0.7160733550503958 0.035477681168904734 0.36576 2.4470759487019955 -3.930438767222336
50878 10520887 0.7191297392042152 0.03531768805164355 0.36576 2.4470759487019955 -3.930438767222336
50879 10520887 0.7221861233580346 0.03515769493438238 0.36576 2.4470759487019955 -3.930438767222336
50880 10520887 0.7252425075118538 0.034997701817121196 0.36576 2.4470759487019955 -3.930438767222336
50881 10520887 0.7282988916656732 0.034837708699860026 0.36576 2.4470759487019955 -3.930438767222336
50882 10520887 0.7313552758194926 0.03467771558259884 0.36576 2.4470759487019955 -3.930438767222336
50883 10520887 0.7344116599733119 0.03451772246533767 0.36576 2.4470759487019955 -3.930438767222336
50884 10520887 0.7374680441271313 0.03435772934807649 0.36576 2.4470759487019955 -3.930438767222336
50885 10520887 0.7405244282809507 0.03419773623081532 0.36576 2.4470759487019955 -3.930438767222336
50886 10520887 0.7435808124347699 0.034037743113554134 0.36576 2.4470759487019955 -3.930438767222336
50887 10520887 0.7466371965885893 0.03387774999629296 0.36576 2.4470759487019955 -3.930438767222336
50888 10520887 0.7496935807424087 0.033717756879031786 0.36576 2.4470759487019955 -3.930438767222336
50889 10520887 0.7527499648962279 0.03355776376177061 0.36576 2.4470759487019955 -3.930438767222336
50890 10520887 0.7558063490500473 0.03339777064450943 0.36576 2.4470759487019955 -3.930438767222336
50891 10520887 0.7588627332038667 0.033237777527248255 0.36576 2.4470759487019955 -3.930438767222336
50892 10520887 0.761919117357686 0.03307778440998708 0.36576 2.4470759487019955 -3.930438767222336
50893 10520887 0.7649755015115054 0.0329177912927259 0.36576 2.4470759487019955 -3.930438767222336
50894 10520887 0.7680318856653248 0.032757798175464724 0.36576 2.4470759487019955 -3.930438767222336
