65789 11276220 1.2202961558147196 0.0036090247209260296 0.39624000000000004 -0.06844913464651836 2.0566212421265475
65790 11276220 1.2082782157859095 0.0021610506909127275 0.39624000000000004 -0.06844913464651836 2.0566212421265475
65791 11276220 1.1648458771654617 0.005134317562485988 0.39624000000000004 -0.06844913464651836 2.0566212421265475
65792 11276220 1.1241046388563984 0.003840749940590943 0.39624000000000004 -0.06844913464651836 2.0566212421265475
65793 11276220 1.0930027118259884 0.0025137560381229924 0.39624000000000004 -0.06844913464651836 2.0566212421265475
65794 11276220 1.0619007847955781 0.0011867621356550415 0.39624000000000004 -0.06844913464651836 2.0566212421265475
65795 11276220 1.030798857765168 -0.00014023176681290939 0.39624000000000004 -0.06844913464651836 2.0566212421265475
65796 11276220 0.9926729289023979 4.905861883325313e-05 0.39624000000000004 -0.06844913464651836 2.0566212421265475
65797 11276220 0.9545470000396276 0.00023834900447941565 0.39624000000000004 -0.06844913464651836 2.0566212421265475
65798 11276220 0.9149933972251096 0.0006468199666878182 0.39624000000000004 -0.06844913464651836 2.0566212421265475
65799 11276220 0.8754397944105917 0.0010552909288962208 0.39624000000000004 -0.06844913464651836 2.0566212421265475
65800 11276220 0.8358861915960738 0.0014637618911046233 0.39624000000000004 -0.06844913464651836 2.0566212421265475
65801 11276220 0.7963325887815559 0.0018722328533130259 0.39624000000000004 -0.06844913464651836 2.0566212421265475
65802 11276220 0.756778985967038 0.0022807038155214284 0.39624000000000004 -0.06844913464651836 2.0566212421265475
65803 11276220 0.71722538315252 0.002689174777729831 0.39624000000000004 -0.06844913464651836 2.0566212421265475
65804 11276220 0.6776717803380021 0.0030976457399382335 0.39624000000000004 -0.06844913464651836 2.0566212421265475
65805 11276220 0.6381181775234842 0.003506116702146636 0.39624000000000004 -0.06844913464651836 2.0566212421265475
65806 11276220 0.5882091748449754 0.0031082297103460013 0.39624000000000004 -0.06844913464651836 2.0566212421265475
65807 11276220 0.5383001721664666 0.0027103427185453666 0.39624000000000004 -0.06844913464651836 2.0566212421265475
65808 11276220 0.49326972790714996 0.001887008847364549 0.39624000000000004 -0.06844913464651836 2.0566212421265475
65809 11276220 0.4649638312078723 0.0015569528493264567 0.39624000000000004 -0.06844913464651836 2.0566212421265475
65810 11276220 0.43665793450859475 0.0012268968512883643 0.39624000000000004 -0.06844913464651836 2.0566212421265475
65811 11276220 0.3979983363611149 0.0018271470437427398 0.39624000000000004 -0.06844913464651836 2.0566212421265475
65812 11276220 0.35933873821363516 0.0024273972361971152 0.39624000000000004 -0.06844913464651836 2.0566212421265475
65813 11276220 0.3264749631558723 0.002418988620310175 0.39624000000000004 -0.06844913464651836 2.0566212421265475
65814 11276220 0.2712479693530462 -0.0007954452099937503 0.42672000000000004 -0.06844913464651836 2.0566212421265475
65815 11276220 0.22033448482503437 -0.0016806797062891288 0.42672000000000004 -0.06844913464651836 2.0566212421265475
65816 11276220 0.17385981196201605 -0.0012123755597108488 0.42672000000000004 -0.06844913464651836 2.0566212421265475
65817 11276220 0.13043129289354238 -0.0050106096993235705 0.42672000000000004 -0.06844913464651836 2.0566212421265475
65818 11276220 0.0861695382733344 -0.004564052457605716 0.42672000000000004 -0.06844913464651836 2.0566212421265475
65819 11276220 0.03090741004042241 -0.00788217571183944 0.42672000000000004 -0.06844913464651836 2.0566212421265475
65820 11276220 -0.022767849951607966 -0.006344371486351447 0.42672000000000004 -0.06844913464651836 2.0566212421265475
65821 11276220 -0.06846223050412714 -0.0048445224217835425 0.42672000000000004 -0.06844913464651836 2.0566212421265475
65822 11276220 -0.09024824536884912 -0.003565117928706757 0.42672000000000004 -0.06844913464651836 2.0566212421265475
65823 11276220 -0.13528874276680658 -0.0016944391029478367 0.42672000000000004 -0.06844913464651836 2.0566212421265475
65824 11276220 -0.19397388627236567 0.0013653121769990617 0.42672000000000004 -0.06844913464651836 2.0566212421265475
65825 11276220 -0.25119793063683304 0.009439014613889712 0.42672000000000004 -0.06844913464651836 2.0566212421265475
65826 11276220 -0.30813551704722864 0.017302703786506918 0.45720000000000005 -0.06844913464651836 2.0566212421265475
65827 11276220 -0.3417302808685794 0.021041143932502948 0.45720000000000005 -0.06844913464651836 2.0566212421265475
65828 11276220 -0.3753250446899301 0.02477958407849898 0.45720000000000005 -0.06844913464651836 2.0566212421265475
65829 11276220 -0.43199378578537995 0.03781385293420961 0.45720000000000005 -0.06844913464651836 2.0566212421265475
65830 11276220 -0.47029249656201166 0.03911827147178146 0.45720000000000005 -0.06844913464651836 2.0566212421265475
65831 11276220 -0.5197858628919259 0.049106510487650884 0.45720000000000005 -0.06844913464651836 2.0566212421265475
65832 11276220 -0.5767234969983899 0.05697236628886451 0.45720000000000005 -0.06844913464651836 2.0566212421265475
65833 11276220 -0.6286740188692763 0.06379235559977267 0.45720000000000005 -0.06844913464651836 2.0566212421265475
65834 11276220 -0.6655338498994923 0.07058589835507476 0.45720000000000005 -0.06844913464651836 2.0566212421265475
65835 11276220 -0.7154050766403206 0.08104957521112496 0.45720000000000005 -0.06844913464651836 2.0566212421265475
65836 11276220 -0.7627135933901843 0.08576865636423922 0.45720000000000005 -0.06844913464651836 2.0566212421265475
65837 11276220 -0.8136330632275253 0.09166870926408485 0.45720000000000005 -0.06844913464651836 2.0566212421265475
65838 11276220 -0.8621452797088405 0.09678200817120727 0.45720000000000005 -0.06844913464651836 2.0566212421265475
65839 11276220 -0.9046048181090369 0.10003334991221766 0.45720000000000005 -0.06844913464651836 2.0566212421265475
65840 11276220 -0.9615770769791878 0.10779675925888796 0.48768 -0.06844913464651836 2.0566212421265475
65841 11276220 -1.0232603527238682 0.11745162724109401 0.48768 -0.06844913464651836 2.0566212421265475
65842 11276220 -1.0817858302832948 0.12046627064442103 0.48768 -0.06844913464651836 2.0566212421265475
65843 11276220 -1.1349531471004022 0.126285790188942 0.48768 -0.06844913464651836 2.0566212421265475
65844 11276220 -1.1774959310289277 0.1296244957703535 0.48768 -0.06844913464651836 2.0566212421265475
65845 11276220 -1.2200387149574532 0.132963201351765 0.48768 -0.06844913464651836 2.0566212421265475
65846 11276220 -1.2978811160769286 0.13598749160087084 0.48768 -0.06844913464651836 2.0566212421265475
65847 11276220 -1.3333133066032061 0.1376441923923137 0.48768 -0.06844913464651836 2.0566212421265475
65848 11276220 -1.3687454971294837 0.13930089318375657 0.48768 -0.06844913464651836 2.0566212421265475
65849 11276220 -1.3895224733874467 0.14095515786108634 0.48768 -0.06844913464651836 2.0566212421265475
65850 11276220 -1.474476947466621 0.14735887991855798 0.48768 -0.06844913464651836 2.0566212421265475
65851 11276220 -1.526041622272006 0.15102132068330062 0.48768 -0.06844913464651836 2.0566212421265475
65852 11276220 -1.5818656912492968 0.15035218430056949 0.48768 -0.06844913464651836 2.0566212421265475
65853 11276220 -1.6243258382468346 0.153607845493665 0.48768 -0.06844913464651836 2.0566212421265475
65854 11276220 -1.6791246500011912 0.15716078990706425 0.48768 -0.06844913464651836 2.0566212421265475
65855 11276220 -1.7237588280152216 0.16463331591296967 0.48768 -0.06844913464651836 2.0566212421265475
65856 11276220 -1.8083126753702452 0.17090981036928385 0.48768 -0.06844913464651836 2.0566212421265475
65857 11276220 -1.8652379258129843 0.1801838459303284 0.48768 -0.06844913464651836 2.0566212421265475
65858 11276220 -1.9009074387540494 0.1851923145463282 0.48768 -0.06844913464651836 2.0566212421265475
65859 11276220 -1.9756696389678259 0.1999516988398193 0.5181600000000001 -0.06844913464651836 2.0566212421265475
65860 11276220 -2.0332216962811636 0.21247001923958628 0.5181600000000001 -0.06844913464651836 2.0566212421265475
65861 11276220 -2.099788979521521 0.22349824487724665 0.5181600000000001 -0.06844913464651836 2.0566212421265475
65862 11276220 -2.157408026981341 0.23744162484298678 0.5181600000000001 -0.06844913464651836 2.0566212421265475
65863 11276220 -2.2112566732753907 0.24933402925163148 0.5181600000000001 -0.06844913464651836 2.0566212421265475
65864 11276220 -2.2353289309615647 0.25720988982784254 0.5181600000000001 -0.06844913464651836 2.0566212421265475
65865 11276220 -2.3251821628382894 0.2812337422342237 0.5181600000000001 -0.06844913464651836 2.0566212421265475
65866 11276220 -2.3511831119752955 0.28728744127340633 0.5181600000000001 -0.06844913464651836 2.0566212421265475
65867 11276220 -2.3771840611123016 0.29334114031258895 0.5181600000000001 -0.06844913464651836 2.0566212421265475
65868 11276220 -2.4229210417604525 0.30830642384604456 0.5181600000000001 -0.06844913464651836 2.0566212421265475
65869 11276220 -2.489642301489317 0.3242962483388442 0.5181600000000001 -0.06844913464651836 2.0566212421265475
65870 11276220 -2.543884506482261 0.3420454488186748 0.5181600000000001 -0.06844913464651836 2.0566212421265475
65871 11276220 -2.61240922672875 0.3644688528768898 0.54864 -0.06844913464651836 2.0566212421265475
65872 11276220 -2.6580951626071547 0.3741611172380883 0.54864 -0.06844913464651836 2.0566212421265475
65873 11276220 -2.7214842591840496 0.39490508416568093 0.54864 -0.06844913464651836 2.0566212421265475
65874 11276220 -2.7768492666550344 0.4130236994993095 0.54864 -0.06844913464651836 2.0566212421265475
65875 11276220 -2.8193759147548594 0.4269411924805725 0.54864 -0.06844913464651836 2.0566212421265475
65876 11276220 -2.90763850095545 0.45582737522458383 0.54864 -0.06844913464651836 2.0566212421265475
65877 11276220 -2.9613982623327537 0.4734222288517801 0.54864 -0.06844913464651836 2.0566212421265475
65878 11276220 -3.014004633047114 0.49589811481348256 0.54864 0.2897192923595062 2.0372626117500676
65879 11276220 -3.0654371893792955 0.5127321688246544 0.54864 0.2897192923595062 2.0372626117500676
65880 11276220 -3.0936808935995077 0.5219766708398782 0.5638799999999999 0.2897192923595062 2.0372626117500676
65881 11276220 -3.12192459781972 0.531221172855102 0.57912 0.2897192923595062 2.0372626117500676
65882 11276220 -3.1853122800588016 0.5519693165439328 0.54864 0.2897192923595062 2.0372626117500676
65883 11276220 -3.2607353547463616 0.5766577248475415 0.57912 0.2897192923595062 2.0372626117500676
65884 11276220 -3.316149020015322 0.6000551334237544 0.57912 0.2897192923595062 2.0372626117500676
65885 11276220 -3.3602792730810727 0.6145012008745067 0.57912 0.2897192923595062 2.0372626117500676
65886 11276220 -3.414667441521887 0.6328898673468054 0.57912 0.2897192923595062 2.0372626117500676
65887 11276220 -3.4677962377854694 0.6496982324464093 0.57912 0.2897192923595062 2.0372626117500676
65888 11276220 -3.523036416409057 0.6736249595978552 0.57912 0.2897192923595062 2.0372626117500676
65889 11276220 -3.574009678156993 0.6899622424788845 0.57912 0.2897192923595062 2.0372626117500676
65890 11276220 -3.6281454079007283 0.7080364103012053 0.57912 0.2897192923595062 2.0372626117500676
65891 11276220 -3.6804174498433495 0.7301748568508446 0.57912 0.2897192923595062 2.0372626117500676
65892 11276220 -3.756537303044893 0.755447883368179 0.6096 0.2897192923595062 2.0372626117500676
65893 11276220 -3.8124043153512233 0.7733893853914244 0.6096 0.2897192923595062 2.0372626117500676
65894 11276220 -3.8548291163038764 0.7927724902350054 0.6096 0.2897192923595062 2.0372626117500676
65895 11276220 -3.9009751458879984 0.8081160781328531 0.6096 0.2897192923595062 2.0372626117500676
65896 11276220 -3.9606695566456604 0.8276626932747451 0.6096 0.2897192923595062 2.0372626117500676
65897 11276220 -4.039131314679289 0.8582632074685548 0.6096 0.2897192923595062 2.0372626117500676
65898 11276220 -4.069412843648205 0.8688804392452781 0.6096 0.2897192923595062 2.0372626117500676
