3399 10866934 0.9338143158885234 0.1623911177675373 0.3048 1.6958058802865736 3.176793915693223
3400 10866934 0.9340412766253781 0.16153255784904905 0.3048 1.6958058802865736 3.176793915693223
3401 10866934 0.9342682373622326 0.1606739979305608 0.3048 1.6958058802865736 3.176793915693223
3402 10866934 0.9344951980990873 0.15981543801207254 0.3048 1.6958058802865736 3.176793915693223
3403 10866934 0.934722158835942 0.1589568780935843 0.3048 1.6958058802865736 3.176793915693223
3404 10866934 0.9349491195727967 0.15809831817509604 0.3048 1.6958058802865736 3.176793915693223
3405 10866934 0.9351760803096513 0.1572397582566078 0.3048 1.6958058802865736 3.176793915693223
3406 10866934 0.935403041046506 0.15638119833811953 0.3048 1.6958058802865736 3.176793915693223
3407 10866934 0.9337982018991517 0.15690553597607948 0.3048 1.6958058802865736 3.176793915693223
3408 10866934 0.9321933627517976 0.15742987361403943 0.3048 1.6958058802865736 3.176793915693223
3409 10866934 0.9321939673262474 0.15742996297909784 0.3048 1.6958058802865736 3.176793915693223
3410 10866934 0.9321945719006972 0.15743005234415625 0.3048 1.6958058802865736 3.176793915693223
3411 10866934 0.9321951764751469 0.15743014170921465 0.3048 1.6958058802865736 3.176793915693223
3412 10866934 0.9321957810495968 0.15743023107427306 0.3048 1.6958058802865736 3.176793915693223
3413 10866934 0.9321963856240465 0.15743032043933147 0.3048 1.6958058802865736 3.176793915693223
3414 10866934 0.9321969901984962 0.15743040980438988 0.3048 1.6958058802865736 3.176793915693223
3415 10866934 0.9321975947729461 0.1574304991694483 0.3048 1.6958058802865736 3.176793915693223
3416 10866934 0.9321981993473958 0.1574305885345067 0.3048 1.6958058802865736 3.176793915693223
3417 10866934 0.9321988039218456 0.1574306778995651 0.3048 1.6958058802865736 3.176793915693223
3418 10866934 0.9321994084962953 0.15743076726462354 0.3048 1.6958058802865736 3.176793915693223
3419 10866934 0.9322000130707451 0.15743085662968195 0.3048 1.6958058802865736 3.176793915693223
3420 10866934 0.9322006176451949 0.15743094599474036 0.3048 1.6958058802865736 3.176793915693223
3421 10866934 0.9322012222196446 0.15743103535979877 0.3048 1.6958058802865736 3.176793915693223
3422 10866934 0.9322018267940945 0.15743112472485718 0.3048 1.6958058802865736 3.176793915693223
3423 10866934 0.9322024313685442 0.1574312140899156 0.3048 1.6958058802865736 3.176793915693223
3424 10866934 0.9322030359429939 0.157431303454974 0.3048 1.6958058802865736 3.176793915693223
3425 10866934 0.9322036405174438 0.1574313928200324 0.3048 1.6958058802865736 3.176793915693223
3426 10866934 0.9322042450918935 0.15743148218509082 0.3048 1.6958058802865736 3.176793915693223
3427 10866934 0.9322048496663433 0.15743157155014922 0.3048 1.6958058802865736 3.176793915693223
3428 10866934 0.932205454240793 0.15743166091520763 0.3048 1.6958058802865736 3.176793915693223
3429 10866934 0.9322060588152428 0.15743175028026604 0.3048 1.6958058802865736 3.176793915693223
3430 10866934 0.9322066633896926 0.15743183964532445 0.3048 1.6958058802865736 3.176793915693223
3431 10866934 0.9322072679641423 0.15743192901038286 0.3048 1.6958058802865736 3.176793915693223
3432 10866934 0.9322078725385922 0.15743201837544127 0.3048 1.6958058802865736 3.176793915693223
3433 10866934 0.9322084771130419 0.15743210774049968 0.3048 1.6958058802865736 3.176793915693223
3434 10866934 0.9322090816874916 0.15743219710555809 0.3048 1.6958058802865736 3.176793915693223
3435 10866934 0.9322096862619415 0.1574322864706165 0.3048 1.6958058802865736 3.176793915693223
3436 10866934 0.9322102908363912 0.1574323758356749 0.3048 1.6958058802865736 3.176793915693223
3437 10866934 0.932210895410841 0.15743246520073334 0.3048 1.6958058802865736 3.176793915693223
3438 10866934 0.9322114999852907 0.15743255456579175 0.3048 1.6958058802865736 3.176793915693223
3439 10866934 0.9322121045597405 0.15743264393085016 0.3048 1.6958058802865736 3.176793915693223
3440 10866934 0.9322127091341903 0.15743273329590857 0.3048 1.6958058802865736 3.176793915693223
3441 10866934 0.93221331370864 0.15743282266096698 0.3048 1.6958058802865736 3.176793915693223
3442 10866934 0.9322139182830899 0.15743291202602538 0.3048 1.6958058802865736 3.176793915693223
3443 10866934 0.9322145228575396 0.1574330013910838 0.3048 1.6958058802865736 3.176793915693223
3444 10866934 0.9322151274319893 0.1574330907561422 0.3048 1.6958058802865736 3.176793915693223
3445 10866934 0.9322157320064391 0.1574331801212006 0.3048 1.6958058802865736 3.176793915693223
3446 10866934 0.9322163365808889 0.15743326948625902 0.3048 1.6958058802865736 3.176793915693223
3447 10866934 0.9322169411553387 0.15743335885131743 0.3048 1.6958058802865736 3.176793915693223
3448 10866934 0.9322175457297884 0.15743344821637584 0.3048 1.6958058802865736 3.176793915693223
3449 10866934 0.9322181503042382 0.15743353758143425 0.3048 1.6958058802865736 3.176793915693223
3450 10866934 0.932218754878688 0.15743362694649266 0.3048 1.6958058802865736 3.176793915693223
3451 10866934 0.9322193594531377 0.15743371631155106 0.3048 1.6958058802865736 3.176793915693223
3452 10866934 0.9322199640275876 0.15743380567660947 0.3048 1.6958058802865736 3.176793915693223
3453 10866934 0.9322205686020373 0.15743389504166788 0.3048 1.6958058802865736 3.176793915693223
3454 10866934 0.932221173176487 0.1574339844067263 0.3048 1.6958058802865736 3.176793915693223
3455 10866934 0.9322217777509368 0.1574340737717847 0.3048 1.6958058802865736 3.176793915693223
3456 10866934 0.9322223823253866 0.1574341631368431 0.3048 1.6958058802865736 3.176793915693223
3457 10866934 0.9322229868998364 0.15743425250190154 0.3048 1.6958058802865736 3.176793915693223
3458 10866934 0.9322235914742861 0.15743434186695995 0.3048 1.6958058802865736 3.176793915693223
3459 10866934 0.9322241960487359 0.15743443123201836 0.3048 1.6958058802865736 3.176793915693223
3460 10866934 0.9322248006231857 0.15743452059707677 0.3048 1.6958058802865736 3.176793915693223
3461 10866934 0.9322254051976354 0.15743460996213518 0.3048 1.6958058802865736 3.176793915693223
3462 10866934 0.9322260097720853 0.1574346993271936 0.3048 1.6958058802865736 3.176793915693223
3463 10866934 0.932226614346535 0.157434788692252 0.3048 1.6958058802865736 3.176793915693223
3464 10866934 0.9322272189209847 0.1574348780573104 0.3048 1.6958058802865736 3.176793915693223
3465 10866934 0.9322278234954345 0.15743496742236882 0.3048 1.6958058802865736 3.176793915693223
3466 10866934 0.9322284280698843 0.15743505678742722 0.3048 1.6958058802865736 3.176793915693223
3467 10866934 0.9322290326443341 0.15743514615248563 0.3048 1.6958058802865736 3.176793915693223
3468 10866934 0.9322296372187838 0.15743523551754404 0.3048 1.6958058802865736 3.176793915693223
