21227 11217673 5.7966770539305195 -0.20071592655580797 0.5181600000000001 1.21459614733203 -0.9521516797686119
21228 11217673 5.760677465312509 -0.20276218557173822 0.5181600000000001 1.21459614733203 -0.9521516797686119
21229 11217673 5.727784785058046 -0.20453630443678086 0.5181600000000001 1.21459614733203 -0.9521516797686119
21230 11217673 5.692220990297798 -0.20538094441093838 0.5181600000000001 1.21459614733203 -0.9521516797686119
21231 11217673 5.6566571955375515 -0.2062255843850959 0.5181600000000001 1.21459614733203 -0.9521516797686119
21232 11217673 5.6230026689604715 -0.2052979419953951 0.5181600000000001 1.21459614733203 -0.9521516797686119
21233 11217673 5.5893481423833915 -0.20437029960569433 0.5181600000000001 1.21459614733203 -0.9521516797686119
21234 11217673 5.556995747523721 -0.20012920813841176 0.5181600000000001 1.21459614733203 -0.9521516797686119
21235 11217673 5.52464335266405 -0.19588811667112918 0.5181600000000001 1.21459614733203 -0.9521516797686119
21236 11217673 5.489648528715376 -0.19090193504772593 0.5181600000000001 1.21459614733203 -0.9521516797686119
21237 11217673 5.454653704766701 -0.18591575342432268 0.5181600000000001 1.21459614733203 -0.9521516797686119
21238 11217673 5.422956611162144 -0.17558037120286887 0.5181600000000001 1.21459614733203 -0.9521516797686119
21239 11217673 5.388450967233982 -0.16432903335625562 0.48768 1.21459614733203 -0.9521516797686119
21240 11217673 5.354212917737293 -0.1531645814630483 0.48768 1.21459614733203 -0.9521516797686119
21241 11217673 5.319974868240602 -0.14200012956984098 0.48768 1.21459614733203 -0.9521516797686119
21242 11217673 5.285736818743913 -0.13083567767663365 0.48768 1.21459614733203 -0.9521516797686119
21243 11217673 5.252023253244886 -0.11715537131409284 0.48768 1.21459614733203 -0.9521516797686119
21244 11217673 5.220326469270912 -0.10681907664846083 0.48768 1.21459614733203 -0.9521516797686119
21245 11217673 5.188589041465207 -0.0983088269180922 0.48768 1.21459614733203 -0.9521516797686119
21246 11217673 5.1568516136595015 -0.08979857718772358 0.48768 1.21459614733203 -0.9521516797686119
21247 11217673 5.125114185853797 -0.08128832745735495 0.48768 1.21459614733203 -0.9521516797686119
21248 11217673 5.093376758048092 -0.07277807772698633 0.48768 1.21459614733203 -0.9521516797686119
21249 11217673 5.05951841741947 -0.0643057125486455 0.48768 1.21459614733203 -0.9521516797686119
21250 11217673 5.025660076790848 -0.05583334737030468 0.48768 1.21459614733203 -0.9521516797686119
21251 11217673 4.992517405182336 -0.04993026038423745 0.48768 1.21459614733203 -0.9521516797686119
21252 11217673 4.954983766267097 -0.04387971031190199 0.47244 1.21459614733203 -0.9521516797686119
21253 11217673 4.9174501273518585 -0.037829160239566534 0.45720000000000005 1.21459614733203 -0.9521516797686119
21254 11217673 4.881773788521937 -0.03180003861301475 0.45720000000000005 1.21459614733203 -0.9521516797686119
21255 11217673 4.843013126231366 -0.026516865024146657 0.45720000000000005 1.21459614733203 -0.9521516797686119
21256 11217673 4.806407670878247 -0.02170281806233257 0.45720000000000005 1.21459614733203 -0.9521516797686119
21257 11217673 4.768941316718744 -0.019527976113260653 0.45720000000000005 1.21459614733203 -0.9521516797686119
21258 11217673 4.73306257204164 -0.017929104337529728 0.45720000000000005 1.21459614733203 -0.9521516797686119
21259 11217673 4.697183827364536 -0.016330232561798802 0.45720000000000005 1.21459614733203 -0.9521516797686119
21260 11217673 4.65899419040155 -0.016371893754744044 0.45720000000000005 1.21459614733203 -0.9521516797686119
21261 11217673 4.6239401700290195 -0.016326418222840783 0.45720000000000005 1.21459614733203 -0.9521516797686119
21262 11217673 4.588886149656488 -0.016280942690937522 0.45720000000000005 1.21459614733203 -0.9521516797686119
21263 11217673 4.553172551232162 -0.016896140507945773 0.45720000000000005 1.21459614733203 -0.9521516797686119
21264 11217673 4.518581599302216 -0.019512640607132675 0.45720000000000005 1.21459614733203 -0.9521516797686119
21265 11217673 4.483990647372271 -0.022129140706319578 0.45720000000000005 1.21459614733203 -0.9521516797686119
21266 11217673 4.448207995959667 -0.022954960366086047 0.45720000000000005 1.21459614733203 -0.9521516797686119
21267 11217673 4.414872174206183 -0.02580525351529092 0.45720000000000005 1.21459614733203 -0.9521516797686119
21268 11217673 4.381536352452698 -0.028655546664495796 0.45720000000000005 1.21459614733203 -0.9521516797686119
21269 11217673 4.346679873350303 -0.03480586875300953 0.45720000000000005 1.21459614733203 -0.9521516797686119
21270 11217673 4.31090725248101 -0.0383209786139799 0.45720000000000005 1.21459614733203 -0.9521516797686119
21271 11217673 4.276302824089967 -0.04437796029563837 0.44196 1.21459614733203 -0.9521516797686119
21272 11217673 4.241698395698924 -0.05043494197729684 0.42672000000000004 1.21459614733203 -0.9521516797686119
21273 11217673 4.206527324379137 -0.05414578677238094 0.42672000000000004 1.21459614733203 -0.9521516797686119
21274 11217673 4.171356253059351 -0.05785663156746504 0.42672000000000004 1.21459614733203 -0.9521516797686119
21275 11217673 4.136075640888437 -0.06258273761748903 0.42672000000000004 1.21459614733203 -0.9521516797686119
21276 11217673 4.100795028717524 -0.06730884366751302 0.42672000000000004 1.21459614733203 -0.9521516797686119
21277 11217673 4.065666091738559 -0.06612685707704316 0.42672000000000004 1.21459614733203 -0.9521516797686119
21278 11217673 4.028339594318323 -0.06895847066020963 0.42672000000000004 1.21459614733203 -0.9521516797686119
21279 11217673 3.9910130968980866 -0.0717900842433761 0.42672000000000004 1.21459614733203 -0.9521516797686119
21280 11217673 3.9523763294137573 -0.06911252186215369 0.42672000000000004 1.21459614733203 -0.9521516797686119
21281 11217673 3.913739561929428 -0.06643495948093128 0.42672000000000004 1.21459614733203 -0.9521516797686119
21282 11217673 3.8766845380496804 -0.0646236463424186 0.42672000000000004 1.21459614733203 -0.9521516797686119
21283 11217673 3.837853960870609 -0.0595461100802365 0.42672000000000004 1.21459614733203 -0.9521516797686119
21284 11217673 3.8003022222805236 -0.053542214383584114 0.42672000000000004 1.21459614733203 -0.9521516797686119
21285 11217673 3.7627504836904384 -0.04753831868693173 0.42672000000000004 1.21459614733203 -0.9521516797686119
21286 11217673 3.7217650561337647 -0.04117293233405464 0.42672000000000004 1.21459614733203 -0.9521516797686119
21287 11217673 3.683621564507909 -0.03766201152330831 0.42672000000000004 1.21459614733203 -0.9521516797686119
21288 11217673 3.645478072882053 -0.03415109071256198 0.42672000000000004 1.21459614733203 -0.9521516797686119
21289 11217673 3.6080792132433785 -0.031758970727771146 0.42672000000000004 1.21459614733203 -0.9521516797686119
21290 11217673 3.5697917346547703 -0.029368607338692315 0.42672000000000004 1.21459614733203 -0.9521516797686119
21291 11217673 3.531504256066162 -0.026978243949613484 0.42672000000000004 1.21459614733203 -0.9521516797686119
21292 11217673 3.4940708300395364 -0.024690992708162635 0.42672000000000004 1.21459614733203 -0.9521516797686119
21293 11217673 3.456637404012911 -0.022403741466711785 0.42672000000000004 1.21459614733203 -0.9521516797686119
21294 11217673 3.4170255599108676 -0.019989327923434247 0.42672000000000004 1.21459614733203 -0.9521516797686119
21295 11217673 3.379792643559765 -0.017766944729615958 0.42672000000000004 1.21459614733203 -0.9521516797686119
21296 11217673 3.3425597272086627 -0.015544561535797669 0.42672000000000004 1.21459614733203 -0.9521516797686119
21297 11217673 3.305160607306214 -0.013150840684824333 0.42672000000000004 1.21459614733203 -0.9521516797686119
21298 11217673 3.2705010618124675 -0.01188463462670139 0.42672000000000004 1.21459614733203 -0.9521516797686119
21299 11217673 3.235841516318721 -0.010618428568578447 0.42672000000000004 1.21459614733203 -0.9521516797686119
21300 11217673 3.198591204853932 -0.008447876673602889 0.41148000000000007 1.21459614733203 -0.9521516797686119
21301 11217673 3.161340893389143 -0.00627732477862733 0.39624000000000004 1.21459614733203 -0.9521516797686119
21302 11217673 3.1266123104619643 -0.005221636576398764 0.39624000000000004 1.21459614733203 -0.9521516797686119
21303 11217673 3.0891785332645334 -0.0029323430583674537 0.39624000000000004 1.21459614733203 -0.9521516797686119
21304 11217673 3.0519967804338473 -0.0009587586507809054 0.39624000000000004 1.21459614733203 -0.9521516797686119
21305 11217673 3.0143207500985536 -0.0010431556430084143 0.39624000000000004 1.21459614733203 -0.9521516797686119
21306 11217673 2.976128742795054 -0.0010757588149979125 0.39624000000000004 1.21459614733203 -0.9521516797686119
21307 11217673 2.9385914296659985 0.000897627388815464 0.39624000000000004 1.21459614733203 -0.9521516797686119
21308 11217673 2.9020386298675778 0.0004472043848114393 0.39624000000000004 1.21459614733203 -0.9521516797686119
21309 11217673 2.865485830069157 -3.2186191925853702e-06 0.39624000000000004 1.21459614733203 -0.9521516797686119
21310 11217673 2.8247829133869926 0.0004341373791846015 0.39624000000000004 1.21459614733203 -0.9521516797686119
21311 11217673 2.7893878505063263 -0.000276967192054417 0.39624000000000004 1.21459614733203 -0.9521516797686119
21312 11217673 2.7514189925368173 -0.0004396301846881223 0.39624000000000004 1.21459614733203 -0.9521516797686119
21313 11217673 2.713450134567308 -0.0006022931773218276 0.39624000000000004 1.21459614733203 -0.9521516797686119
21314 11217673 2.6750963970301296 -0.0018071135389562953 0.39624000000000004 1.21459614733203 -0.9521516797686119
21315 11217673 2.636742659492951 -0.003011933900590763 0.39624000000000004 1.21459614733203 -0.9521516797686119
21316 11217673 2.5965440021614654 -0.0023875576551153077 0.39624000000000004 1.21459614733203 -0.9521516797686119
21317 11217673 2.5582135212347885 -0.0028401764041073585 0.39624000000000004 1.21459614733203 -0.9521516797686119
21318 11217673 2.5202787822961 -0.002896037635859855 0.39624000000000004 1.21459614733203 -0.9521516797686119
21319 11217673 2.4823440433574118 -0.0029518988676123514 0.39624000000000004 1.21459614733203 -0.9521516797686119
21320 11217673 2.44447223221264 -0.003086438334852032 0.39624000000000004 1.21459614733203 -0.9521516797686119
21321 11217673 2.404679321264611 -0.003936862061606233 0.381 1.21459614733203 -0.9521516797686119
21322 11217673 2.3648864103165823 -0.004787285788360435 0.36576 1.21459614733203 -0.9521516797686119
21323 11217673 2.327111871742514 -0.004894516891001843 0.36576 1.21459614733203 -0.9521516797686119
21324 11217673 2.2893373331684455 -0.005001747993643252 0.36576 1.21459614733203 -0.9521516797686119
21325 11217673 2.253551572536236 -0.005816506048103104 0.36576 1.21459614733203 -0.9521516797686119
21326 11217673 2.215759661306155 -0.005976027468796469 0.36576 1.21459614733203 -0.9521516797686119
21327 11217673 2.1786226393133106 -0.004129628376487643 0.36576 1.21459614733203 -0.9521516797686119
21328 11217673 2.1429799460807253 -0.005048927251111446 0.36576 1.21459614733203 -0.9521516797686119
21329 11217673 2.1073372528481396 -0.005968226125735249 0.36576 1.21459614733203 -0.9521516797686119
21330 11217673 2.072153891786611 -0.005752172856500468 0.36576 1.21459614733203 -0.9521516797686119
21331 11217673 2.036970530725082 -0.0055361195872656865 0.36576 1.21459614733203 -0.9521516797686119
21332 11217673 1.9987770880030107 -0.005563464195406653 0.36576 1.21459614733203 -0.9521516797686119
21333 11217673 1.964150527137677 -0.004185308574268687 0.36576 1.21459614733203 -0.9521516797686119
21334 11217673 1.9295239662723431 -0.0028071529531307204 0.36576 1.21459614733203 -0.9521516797686119
21335 11217673 1.8951511533467662 0.000707981276886066 0.36576 1.21459614733203 -0.9521516797686119
21336 11217673 1.8592863679745668 0.0023741819559597588 0.35052 1.21459614733203 -0.9521516797686119
21337 11217673 1.8234215826023674 0.0040403826350334515 0.33528 1.21459614733203 -0.9521516797686119
21338 11217673 1.7939714832072557 0.00495535136340669 0.33528 1.21459614733203 -0.9521516797686119
21339 11217673 1.764521383812144 0.005870320091779929 0.33528 1.21459614733203 -0.9521516797686119
21340 11217673 1.729257379799423 0.0061142826445805265 0.33528 1.21459614733203 -0.9521516797686119
21341 11217673 1.693993375786702 0.006358245197381124 0.33528 1.21459614733203 -0.9521516797686119
21342 11217673 1.6612685530492977 0.005948422076977308 0.33528 1.21459614733203 -0.9521516797686119
21343 11217673 1.6285437303118933 0.005538598956573493 0.33528 1.21459614733203 -0.9521516797686119
21344 11217673 1.5942584647897946 0.003886382799465085 0.33528 1.21459614733203 -0.9521516797686119
21345 11217673 1.559973199267696 0.0022341666423566775 0.33528 1.21459614733203 -0.9521516797686119
21346 11217673 1.5274212347750447 0.0031702506841513184 0.33528 1.21459614733203 -0.9521516797686119
21347 11217673 1.4944429073864312 0.0014420416774913944 0.32004 1.21459614733203 -0.9521516797686119
21348 11217673 1.4614645799978176 -0.0002861673291685296 0.3048 1.21459614733203 -0.9521516797686119
21349 11217673 1.4291930125187537 0.00014992293142414292 0.3048 1.21459614733203 -0.9521516797686119
21350 11217673 1.3969214450396898 0.0005860131920168155 0.3048 1.21459614733203 -0.9521516797686119
21351 11217673 1.368312496935145 1.1843462761063073e-06 0.3048 1.21459614733203 -0.9521516797686119
21352 11217673 1.3397035488306002 -0.0005836444994646028 0.3048 1.21459614733203 -0.9521516797686119
21353 11217673 1.3093862257179198 -0.0009607296015842481 0.3048 1.21459614733203 -0.9521516797686119
21354 11217673 1.2824855133421373 -0.0017528414486851635 0.3048 1.21459614733203 -0.9521516797686119
21355 11217673 1.2553187848908474 -0.0017276660008260086 0.3048 1.21459614733203 -0.9521516797686119
21356 11217673 1.2281520564395572 -0.0017024905529668538 0.3048 1.21459614733203 -0.9521516797686119
21357 11217673 1.2009853279882672 -0.001677315105107699 0.3048 1.21459614733203 -0.9521516797686119
21358 11217673 1.1738185995369772 -0.0016521396572485442 0.3048 1.21459614733203 -0.9521516797686119
21359 11217673 1.1505465954031524 -0.0027530095563157095 0.3048 1.21459614733203 -0.9521516797686119
21360 11217673 1.1272745912693274 -0.003853879455382875 0.3048 1.21459614733203 -0.9521516797686119
21361 11217673 1.1013657612971084 -0.004326828063844483 0.3048 1.21459614733203 -0.9521516797686119
21362 11217673 1.0754569313248892 -0.004799776672306091 0.3048 1.21459614733203 -0.9521516797686119
21363 11217673 1.0524381680573025 -0.0045811848224640225 0.3048 1.21459614733203 -0.9521516797686119
21364 11217673 1.0294194047897158 -0.004362592972621954 0.3048 1.21459614733203 -0.9521516797686119
21365 11217673 1.0099253677399125 -0.0055875079746441625 0.3048 1.21459614733203 -0.9521516797686119
21366 11217673 1.0100293679783154 -0.005584649163123106 0.3048136314847943 1.21459614733203 -0.9521516797686119
21367 11217673 1.0101333682167184 -0.00558179035160205 0.30482726296958856 1.21459614733203 -0.9521516797686119
21368 11217673 1.0102373684551214 -0.0055789315400809935 0.30484089445438284 1.21459614733203 -0.9521516797686119
21369 11217673 1.010341368693524 -0.005576072728559937 0.3048545259391771 1.21459614733203 -0.9521516797686119
21370 11217673 1.010445368931927 -0.00557321391703888 0.3048681574239714 1.21459614733203 -0.9521516797686119
21371 11217673 1.01054936917033 -0.0055703551055178244 0.30488178890876566 1.21459614733203 -0.9521516797686119
21372 11217673 1.010653369408733 -0.005567496293996768 0.30489542039355993 1.21459614733203 -0.9521516797686119
21373 11217673 1.010757369647136 -0.005564637482475711 0.3049090518783542 1.21459614733203 -0.9521516797686119
21374 11217673 1.0108613698855389 -0.0055617786709546545 0.3049226833631485 1.21459614733203 -0.9521516797686119
21375 11217673 1.0109653701239418 -0.005558919859433599 0.30493631484794276 1.21459614733203 -0.9521516797686119
21376 11217673 1.0110693703623446 -0.005556061047912542 0.30494994633273703 1.21459614733203 -0.9521516797686119
21377 11217673 1.0111733706007475 -0.0055532022363914855 0.3049635778175313 1.21459614733203 -0.9521516797686119
21378 11217673 1.0112773708391505 -0.005550343424870429 0.3049772093023256 1.21459614733203 -0.9521516797686119
21379 11217673 1.0113813710775534 -0.005547484613349373 0.30499084078711985 1.21459614733203 -0.9521516797686119
21380 11217673 1.0114853713159564 -0.0055446258018283165 0.30500447227191413 1.21459614733203 -0.9521516797686119
21381 11217673 1.0115893715543594 -0.00554176699030726 0.3050181037567084 1.21459614733203 -0.9521516797686119
21382 11217673 1.0116933717927623 -0.005538908178786203 0.3050317352415027 1.21459614733203 -0.9521516797686119
21383 11217673 1.011797372031165 -0.0055360493672651475 0.30504536672629695 1.21459614733203 -0.9521516797686119
21384 11217673 1.011901372269568 -0.005533190555744091 0.3050589982110912 1.21459614733203 -0.9521516797686119
21385 11217673 1.012005372507971 -0.005530331744223034 0.3050726296958855 1.21459614733203 -0.9521516797686119
21386 11217673 1.012109372746374 -0.005527472932701978 0.3050862611806798 1.21459614733203 -0.9521516797686119
21387 11217673 1.0122133729847769 -0.005524614121180922 0.3050998926654741 1.21459614733203 -0.9521516797686119
21388 11217673 1.0123173732231798 -0.005521755309659865 0.3051135241502684 1.21459614733203 -0.9521516797686119
21389 11217673 1.0124213734615828 -0.0055188964981388085 0.30512715563506265 1.21459614733203 -0.9521516797686119
21390 11217673 1.0125253736999855 -0.005516037686617752 0.3051407871198569 1.21459614733203 -0.9521516797686119
21391 11217673 1.0126293739383885 -0.005513178875096696 0.3051544186046512 1.21459614733203 -0.9521516797686119
21392 11217673 1.0127333741767914 -0.0055103200635756395 0.3051680500894455 1.21459614733203 -0.9521516797686119
21393 11217673 1.0128373744151944 -0.005507461252054583 0.30518168157423975 1.21459614733203 -0.9521516797686119
21394 11217673 1.0129413746535973 -0.005504602440533526 0.305195313059034 1.21459614733203 -0.9521516797686119
21395 11217673 1.0130453748920003 -0.0055017436290124705 0.3052089445438283 1.21459614733203 -0.9521516797686119
21396 11217673 1.0131493751304033 -0.005498884817491414 0.30522257602862257 1.21459614733203 -0.9521516797686119
21397 11217673 1.013253375368806 -0.005496026005970357 0.30523620751341685 1.21459614733203 -0.9521516797686119
21398 11217673 1.013357375607209 -0.005493167194449301 0.3052498389982111 1.21459614733203 -0.9521516797686119
21399 11217673 1.013461375845612 -0.005490308382928245 0.3052634704830054 1.21459614733203 -0.9521516797686119
21400 11217673 1.0135653760840149 -0.005487449571407188 0.30527710196779967 1.21459614733203 -0.9521516797686119
21401 11217673 1.0136693763224178 -0.005484590759886132 0.30529073345259394 1.21459614733203 -0.9521516797686119
21402 11217673 1.0137733765608208 -0.005481731948365076 0.3053043649373882 1.21459614733203 -0.9521516797686119
21403 11217673 1.0138773767992235 -0.005478873136844019 0.3053179964221825 1.21459614733203 -0.9521516797686119
21404 11217673 1.0139813770376265 -0.0054760143253229625 0.30533162790697677 1.21459614733203 -0.9521516797686119
21405 11217673 1.0140853772760294 -0.005473155513801906 0.30534525939177104 1.21459614733203 -0.9521516797686119
21406 11217673 1.0141893775144324 -0.00547029670228085 0.3053588908765653 1.21459614733203 -0.9521516797686119
21407 11217673 1.0142933777528353 -0.0054674378907597935 0.3053725223613596 1.21459614733203 -0.9521516797686119
21408 11217673 1.0143973779912383 -0.005464579079238737 0.30538615384615386 1.21459614733203 -0.9521516797686119
21409 11217673 1.0145013782296413 -0.00546172026771768 0.30539978533094814 1.21459614733203 -0.9521516797686119
21410 11217673 1.014605378468044 -0.0054588614561966245 0.3054134168157424 1.21459614733203 -0.9521516797686119
21411 11217673 1.014709378706447 -0.005456002644675568 0.3054270483005367 1.21459614733203 -0.9521516797686119
21412 11217673 1.01481337894485 -0.005453143833154511 0.30544067978533096 1.21459614733203 -0.9521516797686119
21413 11217673 1.0149173791832529 -0.005450285021633455 0.30545431127012523 1.21459614733203 -0.9521516797686119
21414 11217673 1.0150213794216558 -0.005447426210112399 0.3054679427549195 1.21459614733203 -0.9521516797686119
21415 11217673 1.0151253796600588 -0.005444567398591342 0.3054815742397138 1.21459614733203 -0.9521516797686119
21416 11217673 1.0152293798984617 -0.005441708587070286 0.30549520572450806 1.21459614733203 -0.9521516797686119
21417 11217673 1.0153333801368645 -0.005438849775549229 0.30550883720930233 1.21459614733203 -0.9521516797686119
21418 11217673 1.0154373803752674 -0.005435990964028173 0.3055224686940966 1.21459614733203 -0.9521516797686119
21419 11217673 1.0155413806136704 -0.0054331321525071165 0.3055361001788909 1.21459614733203 -0.9521516797686119
21420 11217673 1.0156453808520733 -0.00543027334098606 0.30554973166368515 1.21459614733203 -0.9521516797686119
21421 11217673 1.0157493810904763 -0.005427414529465003 0.3055633631484794 1.21459614733203 -0.9521516797686119
21422 11217673 1.0158533813288793 -0.0054245557179439475 0.3055769946332737 1.21459614733203 -0.9521516797686119
21423 11217673 1.0159573815672822 -0.005421696906422891 0.305590626118068 1.21459614733203 -0.9521516797686119
21424 11217673 1.016061381805685 -0.005418838094901834 0.30560425760286225 1.21459614733203 -0.9521516797686119
21425 11217673 1.016165382044088 -0.005415979283380778 0.3056178890876565 1.21459614733203 -0.9521516797686119
