22548 10866934 0.9411965716314277 0.15997916898885084 0.3048 5.537098811094331 1.1674788656664163
22549 10866934 0.9386288301169193 0.16081810651074782 0.3048 5.537098811094331 1.1674788656664163
22550 10866934 0.9384920766858464 0.16080437376654538 0.30463787234042555 5.537098811094331 1.1674788656664163
22551 10866934 0.9383553232547736 0.16079064102234292 0.3044757446808511 5.537098811094331 1.1674788656664163
22552 10866934 0.9382185698237007 0.16077690827814048 0.30431361702127663 5.537098811094331 1.1674788656664163
22553 10866934 0.9380818163926278 0.160763175533938 0.30415148936170217 5.537098811094331 1.1674788656664163
22554 10866934 0.9379450629615549 0.16074944278973557 0.30398936170212765 5.537098811094331 1.1674788656664163
22555 10866934 0.937808309530482 0.16073571004553314 0.3038272340425532 5.537098811094331 1.1674788656664163
22556 10866934 0.9376715560994091 0.16072197730133067 0.3036651063829787 5.537098811094331 1.1674788656664163
22557 10866934 0.9375348026683361 0.16070824455712823 0.30350297872340426 5.537098811094331 1.1674788656664163
22558 10866934 0.9373980492372632 0.16069451181292577 0.3033408510638298 5.537098811094331 1.1674788656664163
22559 10866934 0.9372612958061903 0.16068077906872333 0.30317872340425533 5.537098811094331 1.1674788656664163
22560 10866934 0.9371245423751174 0.1606670463245209 0.30301659574468087 5.537098811094331 1.1674788656664163
22561 10866934 0.9369877889440446 0.16065331358031842 0.3028544680851064 5.537098811094331 1.1674788656664163
22562 10866934 0.9368510355129717 0.16063958083611599 0.30269234042553195 5.537098811094331 1.1674788656664163
22563 10866934 0.9367142820818988 0.16062584809191352 0.3025302127659575 5.537098811094331 1.1674788656664163
22564 10866934 0.9365775286508259 0.16061211534771108 0.30236808510638297 5.537098811094331 1.1674788656664163
22565 10866934 0.936440775219753 0.16059838260350864 0.3022059574468085 5.537098811094331 1.1674788656664163
22566 10866934 0.9363040217886801 0.16058464985930618 0.30204382978723404 5.537098811094331 1.1674788656664163
22567 10866934 0.9361672683576072 0.16057091711510374 0.3018817021276596 5.537098811094331 1.1674788656664163
22568 10866934 0.9360305149265343 0.1605571843709013 0.3017195744680851 5.537098811094331 1.1674788656664163
22569 10866934 0.9358937614954614 0.16054345162669884 0.30155744680851065 5.537098811094331 1.1674788656664163
22570 10866934 0.9357570080643886 0.1605297188824964 0.3013953191489362 5.537098811094331 1.1674788656664163
22571 10866934 0.9356202546333157 0.16051598613829393 0.30123319148936173 5.537098811094331 1.1674788656664163
22572 10866934 0.9354835012022428 0.1605022533940915 0.30107106382978727 5.537098811094331 1.1674788656664163
22573 10866934 0.9353467477711698 0.16048852064988905 0.30090893617021275 5.537098811094331 1.1674788656664163
22574 10866934 0.9352099943400969 0.1604747879056866 0.3007468085106383 5.537098811094331 1.1674788656664163
22575 10866934 0.935073240909024 0.16046105516148415 0.3005846808510638 5.537098811094331 1.1674788656664163
22576 10866934 0.9349364874779511 0.16044732241728168 0.30042255319148936 5.537098811094331 1.1674788656664163
22577 10866934 0.9347997340468782 0.16043358967307925 0.3002604255319149 5.537098811094331 1.1674788656664163
22578 10866934 0.9346629806158053 0.1604198569288768 0.30009829787234044 5.537098811094331 1.1674788656664163
22579 10866934 0.9345262271847324 0.16040612418467434 0.299936170212766 5.537098811094331 1.1674788656664163
22580 10866934 0.9343894737536595 0.1603923914404719 0.2997740425531915 5.537098811094331 1.1674788656664163
22581 10866934 0.9342527203225867 0.16037865869626944 0.29961191489361705 5.537098811094331 1.1674788656664163
22582 10866934 0.9341159668915138 0.160364925952067 0.29944978723404253 5.537098811094331 1.1674788656664163
22583 10866934 0.9339792134604409 0.16035119320786456 0.29928765957446807 5.537098811094331 1.1674788656664163
22584 10866934 0.933842460029368 0.1603374604636621 0.2991255319148936 5.537098811094331 1.1674788656664163
22585 10866934 0.9337057065982951 0.16032372771945966 0.29896340425531914 5.537098811094331 1.1674788656664163
22586 10866934 0.9335689531672222 0.1603099949752572 0.2988012765957447 5.537098811094331 1.1674788656664163
22587 10866934 0.9334321997361493 0.16029626223105475 0.2986391489361702 5.537098811094331 1.1674788656664163
22588 10866934 0.9332954463050764 0.16028252948685232 0.29847702127659576 5.537098811094331 1.1674788656664163
22589 10866934 0.9331586928740034 0.16026879674264985 0.2983148936170213 5.537098811094331 1.1674788656664163
22590 10866934 0.9330219394429305 0.1602550639984474 0.29815276595744683 5.537098811094331 1.1674788656664163
22591 10866934 0.9328851860118577 0.16024133125424495 0.29799063829787237 5.537098811094331 1.1674788656664163
22592 10866934 0.9327484325807848 0.1602275985100425 0.29782851063829785 5.537098811094331 1.1674788656664163
22593 10866934 0.9326116791497119 0.16021386576584007 0.2976663829787234 5.537098811094331 1.1674788656664163
22594 10866934 0.932474925718639 0.1602001330216376 0.2975042553191489 5.537098811094331 1.1674788656664163
22595 10866934 0.9323381722875661 0.16018640027743516 0.29734212765957446 5.537098811094331 1.1674788656664163
22596 10866934 0.9322014188564932 0.16017266753323273 0.29718 5.537098811094331 1.1674788656664163
22597 10866934 0.9320646654254203 0.16015893478903026 0.29701787234042554 5.537098811094331 1.1674788656664163
22598 10866934 0.9319279119943474 0.16014520204482782 0.2968557446808511 5.537098811094331 1.1674788656664163
22599 10866934 0.9317911585632745 0.16013146930062536 0.2966936170212766 5.537098811094331 1.1674788656664163
22600 10866934 0.9316544051322017 0.16011773655642292 0.29653148936170215 5.537098811094331 1.1674788656664163
22601 10866934 0.9315176517011288 0.16010400381222048 0.29636936170212763 5.537098811094331 1.1674788656664163
22602 10866934 0.9313808982700559 0.16009027106801801 0.29620723404255317 5.537098811094331 1.1674788656664163
22603 10866934 0.931244144838983 0.16007653832381558 0.2960451063829787 5.537098811094331 1.1674788656664163
22604 10866934 0.93110739140791 0.1600628055796131 0.29588297872340424 5.537098811094331 1.1674788656664163
22605 10866934 0.9309706379768371 0.16004907283541067 0.2957208510638298 5.141553105316369 0.17112283661629846
22606 10866934 0.9308338845457642 0.16003534009120823 0.2955587234042553 5.141553105316369 0.17112283661629846
22607 10866934 0.9306971311146913 0.16002160734700577 0.29539659574468086 5.141553105316369 0.17112283661629846
22608 10866934 0.9305603776836184 0.16000787460280333 0.2952344680851064 5.141553105316369 0.17112283661629846
22609 10866934 0.9304236242525455 0.15999414185860086 0.29507234042553193 5.141553105316369 0.17112283661629846
