46934 10628960 -4.0362711767810175 0.004196656817703287 0.5181600000000001 0.0 0.0
46935 10628960 -4.014586177583262 0.0025885147372946837 0.5181600000000001 0.0 0.0
46936 10628960 -3.928913714945785 0.003750785808509155 0.5181600000000001 0.0 0.0
46937 10628960 -3.8523581871195596 0.005561841581746302 0.5181600000000001 0.0 0.0
46938 10628960 -3.8087063667308696 0.007278919267846046 0.5181600000000001 0.0 0.0
46939 10628960 -3.772057649164033 0.007958825779466466 0.50292 0.0 0.0
46940 10628960 -3.7354089315971963 0.008638732291086887 0.48768 0.0 0.0
46941 10628960 -3.6944566811639312 0.0072673631235652125 0.48768 0.0 0.0
46942 10628960 -3.6716640702123273 0.01067262903116592 0.48768 0.0 0.0
46943 10628960 -3.573964118437975 0.010588849546250362 0.48768 0.0 0.0
46944 10628960 -3.545107701697286 0.011892596242652681 0.48768 0.0 0.0
46945 10628960 -3.4930309028720936 0.010853483970778649 0.48768 0.0 0.0
46946 10628960 -3.445630623945183 0.011812916330784157 0.48768 0.0 0.0
46947 10628960 -3.369358488463047 0.00869699773635721 0.48768 0.0 0.0
46948 10628960 -3.319931121786783 0.007708359472926224 0.48768 0.0 0.0
46949 10628960 -3.2706341017975316 0.0036078440823746616 0.48768 0.0 0.0
46950 10628960 -3.2289336627260514 0.0047983815527035956 0.48768 0.0 0.0
46951 10628960 -3.176007125435027 0.005002294373112365 0.48768 0.0 0.0
46952 10628960 -3.140572288518957 0.003336577838640248 0.48768 0.0 0.0
46953 10628960 -3.1051374516028867 0.0016708613041681308 0.48768 0.0 0.0
46954 10628960 -3.051491072077787 4.1923333396753915e-06 0.48768 0.0 0.0
46955 10628960 -3.00662905620206 -0.0013577974018980365 0.45720000000000005 0.0 0.0
46956 10628960 -2.9681440548565403 -0.0032031158206215216 0.45720000000000005 0.0 0.0
46957 10628960 -2.8951598531407194 -0.0027845001275542958 0.45720000000000005 0.0 0.0
46958 10628960 -2.8516957062841604 -0.0029870505624115806 0.45720000000000005 0.0 0.0
46959 10628960 -2.7971782491356567 -0.004703312627624717 0.45720000000000005 0.0 0.0
46960 10628960 -2.7704802424896053 -0.0045598511468426806 0.45720000000000005 0.0 0.0
46961 10628960 -2.743782235843554 -0.004416389666060644 0.45720000000000005 0.0 0.0
46962 10628960 -2.6837505182541457 -0.002853382276873956 0.45720000000000005 0.0 0.0
46963 10628960 -2.6237188006647374 -0.0012903748876872678 0.45720000000000005 0.0 0.0
46964 10628960 -2.5795298632903236 0.0007251363560142055 0.42672000000000004 0.0 0.0
46965 10628960 -2.52265645186678 0.0034978420931223997 0.42672000000000004 0.0 0.0
46966 10628960 -2.4625897782246016 0.010600884777316216 0.42672000000000004 0.0 0.0
46967 10628960 -2.4375924502203627 0.008263974822933368 0.42672000000000004 0.0 0.0
46968 10628960 -2.394823005329874 0.012731382249297124 0.42672000000000004 0.0 0.0
46969 10628960 -2.3520535604393853 0.01719878967566088 0.42672000000000004 0.0 0.0
46970 10628960 -2.3064198588040083 0.019560987349989983 0.42672000000000004 0.0 0.0
46971 10628960 -2.2542894924292822 0.017344254382568564 0.42672000000000004 0.0 0.0
46972 10628960 -2.2165879295417374 0.022886329336081673 0.42672000000000004 0.0 0.0
46973 10628960 -2.1615213042595434 0.021228519626384695 0.39624000000000004 0.0 0.0
46974 10628960 -2.112441423007371 0.019192842472337407 0.39624000000000004 0.0 0.0
46975 10628960 -2.0684179203331974 0.017993753750925462 0.39624000000000004 0.0 0.0
46976 10628960 -2.005118098459289 0.015980462683028412 0.39624000000000004 0.0 0.0
46977 10628960 -1.9711005849355465 0.01460852004071625 0.39624000000000004 0.0 0.0
46978 10628960 -1.9370830714118041 0.013236577398404087 0.39624000000000004 0.0 0.0
46979 10628960 -1.888027791824251 0.0100419990388598 0.39624000000000004 0.0 0.0
46980 10628960 -1.8456720444286943 0.004832998808184857 0.39624000000000004 0.0 0.0
46981 10628960 -1.7955120642544984 0.005016538035140544 0.39624000000000004 0.0 0.0
46982 10628960 -1.7545279742804076 0.003761914216567658 0.36576 0.0 0.0
46983 10628960 -1.686091265233795 0.0017067699775973055 0.36576 0.0 0.0
46984 10628960 -1.635632996361309 0.0022611331375456956 0.36576 0.0 0.0
46985 10628960 -1.5909196983271652 0.00317595125124423 0.36576 0.0 0.0
46986 10628960 -1.5676141198029774 0.0011031958193069291 0.36576 0.0 0.0
46987 10628960 -1.5443085412787896 -0.0009695596126303718 0.36576 0.0 0.0
46988 10628960 -1.4978524339167112 -0.00015686745733348162 0.39624000000000004 0.0 0.0
46989 10628960 -1.4440194346069755 -0.006663727915765999 0.39624000000000004 0.0 0.0
46990 10628960 -1.3703841254949174 -0.015089745987377917 0.39624000000000004 0.0 0.0
46991 10628960 -1.3342913746878462 -0.02151898501989183 0.39624000000000004 0.0 0.0
46992 10628960 -1.2937049480704712 -0.029417608028317194 0.39624000000000004 0.0 0.0
46993 10628960 -1.2284723190178355 -0.04560952938615073 0.39624000000000004 0.0 0.0
46994 10628960 -1.2098522260344273 -0.053860103115277586 0.41148000000000007 0.0 0.0
46995 10628960 -1.1912321330510192 -0.06211067684440444 0.42672000000000004 0.0 0.0
46996 10628960 -1.1336804619099865 -0.08712296458306182 0.42672000000000004 0.0 0.0
46997 10628960 -1.0957928914120985 -0.10979384349031643 0.42672000000000004 0.0 0.0
46998 10628960 -1.0549541851787374 -0.128872866784443 0.42672000000000004 0.0 0.0
46999 10628960 -1.040337436475494 -0.14393394076363678 0.42672000000000004 0.0 0.0
47000 10628960 -0.9946491086469269 -0.17534714788004283 0.42672000000000004 0.0 0.0
47001 10628960 -0.976175244689024 -0.18676214827402374 0.42672000000000004 0.0 0.0
47002 10628960 -0.9111406550714691 -0.2405067798785803 0.42672000000000004 0.0 0.0
47003 10628960 -0.8748219337693601 -0.27341189781112873 0.42672000000000004 0.0 0.0
47004 10628960 -0.8524816471575889 -0.29473630525697214 0.44196 0.0 0.0
47005 10628960 -0.8301413605458177 -0.31606071270281555 0.45720000000000005 0.0 0.0
47006 10628960 -0.7972733998117221 -0.34865481946900034 0.45720000000000005 0.0 0.0
47007 10628960 -0.7664176681206916 -0.3754501181210905 0.45720000000000005 0.0 0.0
47008 10628960 -0.7331679457018705 -0.4052477299660088 0.45720000000000005 0.0 0.0
47009 10628960 -0.6824542687293533 -0.44846552288108843 0.45720000000000005 0.0 0.0
47010 10628960 -0.6504309160166624 -0.47821211496789584 0.45720000000000005 0.0 0.0
47011 10628960 -0.6237664180342357 -0.4998976277060292 0.48768 0.0 0.0
47012 10628960 -0.5783062193144588 -0.5456028368116422 0.48768 0.0 0.0
47013 10628960 -0.5461016667976237 -0.566645503114294 0.48768 0.0 0.0
47014 10628960 -0.529683774674047 -0.5829946888459079 0.48768 0.0 0.0
47015 10628960 -0.5132658825504703 -0.5993438745775217 0.48768 0.0 0.0
47016 10628960 -0.45546513069857686 -0.6453432802008824 0.48768 0.0 0.0
47017 10628960 -0.4249850388581702 -0.6716630603905919 0.48768 0.0 0.0
47018 10628960 -0.37676242028232565 -0.7089227308894341 0.48768 0.0 0.0
47019 10628960 -0.3429337288958261 -0.7358692200377098 0.48768 0.0 0.0
47020 10628960 -0.32299070644465355 -0.7482293707486782 0.48768 0.0 0.0
47021 10628960 -0.2656580757681126 -0.7943071958224062 0.48768 0.0 0.0
47022 10628960 -0.23623171081230432 -0.8142061069793127 0.48768 0.0 0.0
47023 10628960 -0.20680534585649601 -0.8341050181362193 0.48768 0.0 0.0
47024 10628960 -0.16930028280149378 -0.8677429221431969 0.5181600000000001 0.0 0.0
47025 10628960 -0.11495972244453534 -0.9015085973491183 0.5181600000000001 0.0 0.0
47026 10628960 -0.08310339229031138 -0.9301452967946872 0.5181600000000001 0.0 0.0
47027 10628960 -0.06469106280288084 -0.9431140466822462 0.5181600000000001 0.0 0.0
47028 10628960 -0.04627873331545029 -0.9560827965698052 0.5181600000000001 0.0 0.0
47029 10628960 -0.006105668841417278 -0.9826469878602687 0.5181600000000001 0.0 0.0
47030 10628960 0.032515350222085404 -1.0139609659875535 0.5181600000000001 0.0 0.0
47031 10628960 0.08996018624109081 -1.0539962631947801 0.5181600000000001 0.0 0.0
47032 10628960 0.1358231000272474 -1.0797316743799708 0.5181600000000001 0.0 0.0
47033 10628960 0.17157396345289622 -1.1021623735366775 0.5181600000000001 0.0 0.0
47034 10628960 0.2297909814528919 -1.1251579792992714 0.54864 0.0 0.0
47035 10628960 0.27395066915477584 -1.1449616547911903 0.54864 0.0 0.0
47036 10628960 0.2980466409298257 -1.1507321821709495 0.54864 0.0 0.0
47037 10628960 0.32214261270487554 -1.1565027095507086 0.54864 0.0 0.0
47038 10628960 0.36233409707515396 -1.1626254847792097 0.54864 0.0 0.0
47039 10628960 0.429963541794544 -1.1758437382005764 0.54864 0.0 0.0
47040 10628960 0.47701139132703113 -1.1840892220025308 0.54864 0.0 0.0
47041 10628960 0.5294077894304013 -1.1868386378558624 0.54864 0.0 0.0
47042 10628960 0.5733487911253945 -1.193717944384616 0.54864 0.0 0.0
47043 10628960 0.6186705228406817 -1.194739483241447 0.54864 0.0 0.0
47044 10628960 0.6723866134798041 -1.1961666648222629 0.54864 0.0 0.0
47045 10628960 0.6999431088361345 -1.1982764944319906 0.54864 0.0 0.0
47046 10628960 0.7274996041924651 -1.2003863240417183 0.54864 0.0 0.0
47047 10628960 0.8020479891287756 -1.2087350508449748 0.57912 0.0 0.0
47048 10628960 0.8483242913662352 -1.2057445438788734 0.57912 0.0 0.0
47049 10628960 0.8908573981340069 -1.2087741072731517 0.57912 0.0 0.0
47050 10628960 0.9433756853723112 -1.2165838852560162 0.57912 0.0 0.0
47051 10628960 0.9902664254644695 -1.2198680859478943 0.57912 0.0 0.0
47052 10628960 1.0633615165927233 -1.2234169708424465 0.57912 0.0 0.0
47053 10628960 1.1072594109742262 -1.226073323695348 0.57912 0.0 0.0
47054 10628960 1.1616394491673239 -1.2281811883852192 0.57912 0.0 0.0
47055 10628960 1.2146900737799924 -1.2289198708040787 0.57912 0.0 0.0
47056 10628960 1.254579964325529 -1.2312007525883035 0.57912 0.0 0.0
47057 10628960 1.2944698548710658 -1.2334816343725283 0.57912 0.0 0.0
47058 10628960 1.3430371247013928 -1.2329887764602945 0.57912 0.0 0.0
47059 10628960 1.4027601361104647 -1.2361389988986349 0.57912 0.0 0.0
47060 10628960 1.4622795138683362 -1.2350166702549636 0.57912 0.0 0.0
47061 10628960 1.5044564937108613 -1.2380432666950447 0.57912 0.0 0.0
47062 10628960 1.5632732360075114 -1.241246720566702 0.57912 0.0 0.0
47063 10628960 1.6126894772790237 -1.2395107466695314 0.57912 0.0 0.0
47064 10628960 1.6770691056499687 -1.2409085062695802 0.57912 0.0 0.0
47065 10628960 1.7434426822358227 -1.2443586772009867 0.57912 0.0 0.0
47066 10628960 1.773246757039136 -1.2455630574690357 0.6096 0.0 0.0
47067 10628960 1.8270891241218932 -1.2438691885294366 0.6096 0.0 0.0
47068 10628960 1.913551578259035 -1.2510738042407636 0.6096 0.0 0.0
47069 10628960 1.9686418188400776 -1.2523564246812617 0.6096 0.0 0.0
47070 10628960 1.993274457022947 -1.2523970589432534 0.6096 0.0 0.0
47071 10628960 2.0179070952058162 -1.252437693205245 0.6096 0.0 0.0
47072 10628960 2.0677434410694735 -1.2562096576402508 0.6096 0.0 0.0
47073 10628960 2.134820360357626 -1.2520592098905332 0.6096 0.0 0.0
47074 10628960 2.183268047309718 -1.2573629445656713 0.6096 0.0 0.0
47075 10628960 2.2563073307844137 -1.2539898743994595 0.57912 0.0 0.0
47076 10628960 2.2857455227410286 -1.2525028201361896 0.57912 0.0 0.0
47077 10628960 2.339745436045635 -1.2541277401542545 0.57912 0.0 0.0
47078 10628960 2.3653736806633923 -1.2572374577227066 0.57912 0.0 0.0
47079 10628960 2.414271374983924 -1.257079236984803 0.57912 0.0 0.0
47080 10628960 2.463169069304456 -1.2569210162468993 0.57912 0.0 0.0
47081 10628960 2.526478622563352 -1.261583643445411 0.57912 0.0 0.0
47082 10628960 2.5708707384410205 -1.2589024809874891 0.57912 0.0 0.0
47083 10628960 2.624238999530247 -1.2613705491124485 0.57912 0.0 0.0
47084 10628960 2.6890989093351476 -1.2612811729360922 0.57912 0.0 0.0
47085 10628960 2.7138454171414077 -1.2616487612429883 0.57912 0.0 0.0
47086 10628960 2.7660461630554454 -1.2595294097955216 0.57912 0.0 0.0
47087 10628960 2.8100831477492356 -1.2552124050697226 0.54864 0.0 0.0
47088 10628960 2.880245408006644 -1.2454042528809477 0.54864 0.0 0.0
47089 10628960 2.8992962680942345 -1.2381883808759142 0.54864 0.0 0.0
47090 10628960 2.918347128181825 -1.2309725088708807 0.54864 0.0 0.0
47091 10628960 2.975810718404791 -1.2059216998712101 0.54864 0.0 0.0
47092 10628960 2.9975139649304934 -1.1913943288590176 0.54864 0.0 0.0
47093 10628960 3.0402781801671415 -1.1621298585787856 0.54864 0.0 0.0
47094 10628960 3.0722390738927174 -1.1349465537712335 0.54864 0.0 0.0
47095 10628960 3.1105655392881317 -1.081454870840288 0.5181600000000001 0.0 0.0
47096 10628960 3.141877462044267 -1.0208845391082018 0.5181600000000001 0.0 0.0
47097 10628960 3.1579671012685386 -0.9715834423524404 0.5181600000000001 0.0 0.0
47098 10628960 3.164375394741321 -0.9519474583678321 0.5181600000000001 0.0 0.0
47099 10628960 3.1715228644296887 -0.9217474318095367 0.5181600000000001 0.0 0.0
47100 10628960 3.178670334118056 -0.8915474052512412 0.5181600000000001 0.0 0.0
47101 10628960 3.179503598484004 -0.8536212224360143 0.5181600000000001 0.0 0.0
47102 10628960 3.1838848574315355 -0.8064564992374008 0.5181600000000001 0.0 0.0
47103 10628960 3.180014955437156 -0.7502909436143251 0.48768 0.0 0.0
47104 10628960 3.178317562952281 -0.7065157648781218 0.48768 0.0 0.0
47105 10628960 3.1779052144905844 -0.6615245464828252 0.48768 0.0 0.0
47106 10628960 3.173456092397145 -0.6180193633440002 0.48768 0.0 0.0
47107 10628960 3.1678557887900256 -0.5834835727918958 0.48768 0.0 0.0
47108 10628960 3.1668525326691013 -0.5294214904367865 0.48768 0.0 0.0
47109 10628960 3.160567841019674 -0.4888215208998947 0.48768 0.0 0.0
47110 10628960 3.156690804952313 -0.44900730881136197 0.48768 0.0 0.0
47111 10628960 3.154809497576289 -0.42946930023411867 0.48768 0.0 0.0
47112 10628960 3.1529281902002646 -0.40993129165687536 0.48768 0.0 0.0
47113 10628960 3.1437867663967287 -0.35251196236721505 0.48768 0.0 0.0
47114 10628960 3.1400825835099475 -0.3121699522229232 0.48768 0.0 0.0
47115 10628960 3.1266333288188317 -0.27039942843280995 0.45720000000000005 0.0 0.0
47116 10628960 3.1133474179748024 -0.24445218560199614 0.45720000000000005 0.0 0.0
47117 10628960 3.092706412388102 -0.20839430522777136 0.45720000000000005 0.0 0.0
47118 10628960 3.0720654068014017 -0.17233642485354658 0.45720000000000005 0.0 0.0
47119 10628960 3.045681205388948 -0.1450338656615126 0.45720000000000005 0.0 0.0
47120 10628960 3.0192970039764946 -0.11773130646947863 0.45720000000000005 0.0 0.0
47121 10628960 3.0041610066079905 -0.1001745573973192 0.42672000000000004 0.0 0.0
47122 10628960 2.9486984543076167 -0.06606656445884959 0.42672000000000004 0.0 0.0
47123 10628960 2.919382181030685 -0.05386845179251293 0.42672000000000004 0.0 0.0
47124 10628960 2.890065907753753 -0.041670339126176265 0.42672000000000004 0.0 0.0
47125 10628960 2.868665838207405 -0.031063234228975528 0.42672000000000004 0.0 0.0
47126 10628960 2.8134868971541063 -0.02192852267568099 0.42672000000000004 0.0 0.0
47127 10628960 2.7673317753400593 -0.01235154535706165 0.39624000000000004 0.0 0.0
47128 10628960 2.711953292516127 -0.010627216435374759 0.39624000000000004 0.0 0.0
47129 10628960 2.669886468259868 -0.008926074823646518 0.39624000000000004 0.0 0.0
47130 10628960 2.653822757582585 -0.00917220015969164 0.39624000000000004 0.0 0.0
47131 10628960 2.5956329254839554 -0.010617837797275348 0.39624000000000004 0.0 0.0
47132 10628960 2.550972341176654 -0.012508333691224699 0.39624000000000004 0.0 0.0
47133 10628960 2.5151421940197203 -0.011557443227147218 0.381 0.0 0.0
47134 10628960 2.4793120468627867 -0.010606552763069738 0.36576 0.0 0.0
47135 10628960 2.458330179317355 -0.009596974882344095 0.36576 0.0 0.0
47136 10628960 2.4030889998540044 -0.007447971792143598 0.36576 0.0 0.0
47137 10628960 2.3593258806486905 -0.004139896770954804 0.36576 0.0 0.0
47138 10628960 2.3101558890079334 -0.0017528032847916875 0.36576 0.0 0.0
47139 10628960 2.2609858973671764 0.0006342902013714291 0.36576 0.0 0.0
47140 10628960 2.2441539766661354 0.0007566744153794935 0.36576 0.0 0.0
47141 10628960 2.2052493768553454 -9.074437455741657e-05 0.35052 0.0 0.0
47142 10628960 2.1663447770445554 -0.0009381631644943267 0.33528 0.0 0.0
47143 10628960 2.114989858503667 0.0008784724899667251 0.33528 0.0 0.0
47144 10628960 2.0780691575311097 0.0006687786983854693 0.33528 0.0 0.0
47145 10628960 2.0385562741519223 -0.0006801965895105733 0.33528 0.0 0.0
47146 10628960 1.9960308563124338 0.002342622895959323 0.33528 0.0 0.0
47147 10628960 1.9569315305650707 0.002260862274457265 0.33528 0.0 0.0
47148 10628960 1.919963663652191 0.0005486434003686702 0.33528 0.0 0.0
47149 10628960 1.8911306205708955 0.0010865395307392647 0.33528 0.0 0.0
47150 10628960 1.8622975774895998 0.0016244356611098594 0.33528 0.0 0.0
47151 10628960 1.8334645344083043 0.002162331791480454 0.33528 0.0 0.0
47152 10628960 1.7842331484907852 0.002781745983295993 0.32512 0.0 0.0
47153 10628960 1.7350017625732663 0.0034011601751115323 0.31496 0.0 0.0
47154 10628960 1.6857703766557472 0.004020574366927071 0.3048 0.0 0.0
47155 10628960 1.6554781081684415 0.002956627386582486 0.3048 0.0 0.0
47156 10628960 1.6251858396811358 0.0018926804062379008 0.3048 0.0 0.0
47157 10628960 1.59489357119383 0.0008287334258933157 0.3048 0.0 0.0
47158 10628960 1.5646013027065242 -0.00023521355445126936 0.3048 0.0 0.0
47159 10628960 1.5343090342192185 -0.001299160534795854 0.3048 0.0 0.0
47160 10628960 1.5033763279296841 0.0029632961864553414 0.3048 0.0 0.0
47161 10628960 1.4678683793839373 0.002100494742190373 0.29464 0.0 0.0
47162 10628960 1.4323604308381905 0.0012376932979254046 0.28448 0.0 0.0
47163 10628960 1.3968524822924437 0.0003748918536604362 0.27432 0.0 0.0
47164 10628960 1.3679145018461307 0.004219984206888558 0.27432 0.0 0.0
47165 10628960 1.3362210998945527 0.003708373602644272 0.27432 0.0 0.0
47166 10628960 1.3045276979429745 0.0031967629983999865 0.27432 0.0 0.0
47167 10628960 1.2728342959913963 0.002685152394155701 0.27432 0.0 0.0
47168 10628960 1.2411408940398183 0.002173541789911415 0.27432 0.0 0.0
47169 10628960 1.2106581139244394 0.002990118619532585 0.27432 0.0 0.0
47170 10628960 1.1801753338090606 0.0038066954491537547 0.27432 0.0 0.0
47171 10628960 1.1496925536936815 0.0046232722787749245 0.27432 0.0 0.0
47172 10628960 1.1192097735783026 0.005439849108396094 0.27432 0.0 0.0
47173 10628960 1.093180231659153 0.004597568966307981 0.27432 0.0 0.0
47174 10628960 1.0671506897400036 0.0037552888242198684 0.27432 0.0 0.0
47175 10628960 1.0411211478208542 0.0029130086821317555 0.27432 0.0 0.0
47176 10628960 1.0150916059017046 0.0020707285400436426 0.27432 0.0 0.0
47177 10628960 0.9663550088020885 0.0019495490569244368 0.27432 0.0 0.0
47178 10628960 0.9176184117024723 0.0018283695738052312 0.27432 0.0 0.0
47179 10628960 0.8688818146028562 0.0017071900906860255 0.27432 0.0 0.0
47180 10628960 0.8338657046013376 0.002447309998035585 0.277368 0.0 0.0
47181 10628960 0.7988495945998189 0.0031874299053851448 0.280416 0.0 0.0
47182 10628960 0.7638334845983001 0.003927549812734704 0.283464 0.0 0.0
47183 10628960 0.7288173745967815 0.004667669720084264 0.286512 0.0 0.0
47184 10628960 0.6938012645952629 0.005407789627433823 0.28956000000000004 0.0 0.0
47185 10628960 0.6587851545937442 0.0061479095347833825 0.29260800000000003 0.0 0.0
47186 10628960 0.6237690445922255 0.006888029442132943 0.29565600000000003 0.0 0.0
47187 10628960 0.5887529345907069 0.007628149349482502 0.298704 0.0 0.0
47188 10628960 0.5537368245891883 0.00836826925683206 0.301752 0.0 0.0
47189 10628960 0.5187207145876696 0.009108389164181621 0.3048 0.0 0.0
47190 10628960 0.43890518915607424 0.013810956264786373 0.3048 0.0 0.0
47191 10628960 0.4038749593151866 0.01451028573496213 0.3048 0.0 0.0
47192 10628960 0.36884472947429886 0.015209615205137889 0.3048 0.0 0.0
47193 10628960 0.32628279644373226 0.018136902559209606 0.3048 0.0 0.0
47194 10628960 0.28424877756559075 0.021592882706290117 0.3048 0.0 0.0
47195 10628960 0.2453434726212107 0.02320878495957493 0.3048 0.0 0.0
47196 10628960 0.17870982724964823 0.02313876960126285 0.3048 0.0 0.0
47197 10628960 0.15656371154489196 0.02535302951973452 0.3048 0.0 0.0
47198 10628960 0.13441759584013568 0.02756728943820619 0.3048 0.0 0.0
47199 10628960 0.0686423603326125 0.026049368270505552 0.33528 0.0 0.0
47200 10628960 0.03199716702737643 0.02914744631565827 0.33528 0.0 0.0
47201 10628960 -0.03474783662495251 0.03308792517504314 0.33528 0.0 0.0
47202 10628960 -0.07546771397839747 0.032144132160832034 0.33528 0.0 0.0
47203 10628960 -0.11050412797313935 0.032964671771017 0.33528 0.0 0.0
47204 10628960 -0.14554054196788124 0.03378521138120197 0.33528 0.0 0.0
47205 10628960 -0.1891485693159869 0.034603885311585786 0.33528 0.0 0.0
47206 10628960 -0.23862884200361223 0.03430471442346464 0.33528 0.0 0.0
47207 10628960 -0.27535855285066146 0.03334279388139996 0.36576 0.0 0.0
47208 10628960 -0.3130721063858508 0.03480563838008452 0.36576 0.0 0.0
47209 10628960 -0.36014289239007025 0.03617307437695408 0.36576 0.0 0.0
47210 10628960 -0.41512576579561955 0.037790671631338174 0.36576 0.0 0.0
47211 10628960 -0.45962095152455196 0.03481174111909954 0.36576 0.0 0.0
47212 10628960 -0.5002163628614891 0.032894800893685155 0.36576 0.0 0.0
47213 10628960 -0.5357644542346345 0.03283296797933441 0.36576 0.0 0.0
47214 10628960 -0.6014765672251239 0.027444532992892984 0.36576 0.0 0.0
47215 10628960 -0.623858238959522 0.029621233687025877 0.39624000000000004 0.0 0.0
47216 10628960 -0.6570984065106348 0.02711137517886958 0.39624000000000004 0.0 0.0
47217 10628960 -0.6903385740617476 0.02460151667071328 0.39624000000000004 0.0 0.0
47218 10628960 -0.7362667013198751 0.022676779297050337 0.39624000000000004 0.0 0.0
47219 10628960 -0.7960863729697905 0.016298035450523468 0.39624000000000004 0.0 0.0
47220 10628960 -0.837722222431295 0.017994358614879385 0.39624000000000004 0.0 0.0
47221 10628960 -0.895915775184388 0.009799468057998334 0.39624000000000004 0.0 0.0
47222 10628960 -0.917680742256004 0.009789206967017489 0.39624000000000004 0.0 0.0
47223 10628960 -0.9394457093276201 0.009778945876036643 0.39624000000000004 0.0 0.0
47224 10628960 -0.9850810459304162 0.003320140672810029 0.39624000000000004 0.0 0.0
47225 10628960 -1.0539786078519024 0.0017810161581577055 0.42672000000000004 0.0 0.0
47226 10628960 -1.0907960394847633 -0.0048734195274187375 0.42672000000000004 0.0 0.0
47227 10628960 -1.146095599166552 -0.008287943950816473 0.42672000000000004 0.0 0.0
47228 10628960 -1.184742373824579 -0.009670300280734151 0.42672000000000004 0.0 0.0
47229 10628960 -1.245088127303948 -0.013303342465061513 0.42672000000000004 0.0 0.0
47230 10628960 -1.287559406513673 -0.019860526177509025 0.42672000000000004 0.0 0.0
47231 10628960 -1.305316834141904 -0.019836700594679152 0.42672000000000004 0.0 0.0
47232 10628960 -1.3230742617701348 -0.01981287501184928 0.42672000000000004 0.0 0.0
47233 10628960 -1.3742071963650273 -0.02949564948805075 0.42672000000000004 0.0 0.0
47234 10628960 -1.442398728679182 -0.034300135826051986 0.45720000000000005 0.0 0.0
47235 10628960 -1.4808650187045942 -0.03784318970144354 0.45720000000000005 0.0 0.0
47236 10628960 -1.5243362395970037 -0.04582471943645375 0.45720000000000005 0.0 0.0
47237 10628960 -1.5587559936672026 -0.05057405082531555 0.45720000000000005 0.0 0.0
47238 10628960 -1.6038147254530613 -0.05254455367799585 0.45720000000000005 0.0 0.0
47239 10628960 -1.6625420062440341 -0.06371421122996526 0.45720000000000005 0.0 0.0
47240 10628960 -1.686721598670071 -0.06865774116392945 0.45720000000000005 0.0 0.0
47241 10628960 -1.7222973877374887 -0.07612445303555868 0.47244 0.0 0.0
47242 10628960 -1.7578731768049065 -0.0835911649071879 0.48768 0.0 0.0
47243 10628960 -1.795976366406302 -0.08982201703689066 0.48768 0.0 0.0
47244 10628960 -1.8251006233155003 -0.09630243571664424 0.48768 0.0 0.0
47245 10628960 -1.870525016976759 -0.10644750661735206 0.48768 0.0 0.0
47246 10628960 -1.9064264544512424 -0.11246337577843638 0.48768 0.0 0.0
47247 10628960 -1.9648705957341666 -0.1254762485290081 0.48768 0.0 0.0
47248 10628960 -1.9955311188024838 -0.13121988813775035 0.48768 0.0 0.0
47249 10628960 -2.0524398456771156 -0.14496814770745495 0.48768 0.0 0.0
47250 10628960 -2.0897497715796653 -0.14876989768556717 0.5181600000000001 0.0 0.0
47251 10628960 -2.138238571990854 -0.16013109924837268 0.5181600000000001 0.0 0.0
47252 10628960 -2.16779338016186 -0.16629424307444016 0.5181600000000001 0.0 0.0
47253 10628960 -2.1973481883328656 -0.17245738690050763 0.5181600000000001 0.0 0.0
47254 10628960 -2.2393895741187526 -0.1814873678192739 0.5181600000000001 0.0 0.0
47255 10628960 -2.298879521577823 -0.1949738134939594 0.5181600000000001 0.0 0.0
47256 10628960 -2.3486021129809966 -0.21118811418256803 0.5181600000000001 0.0 0.0
47257 10628960 -2.3666245273697406 -0.21604111054701094 0.5181600000000001 0.0 0.0
47258 10628960 -2.396528510374463 -0.23073558134164393 0.5181600000000001 0.0 0.0
47259 10628960 -2.4264324933791857 -0.24543005213627692 0.5181600000000001 0.0 0.0
47260 10628960 -2.4609434375396653 -0.2667376049509398 0.54864 0.0 0.0
47261 10628960 -2.4950715211397734 -0.29366187483587 0.54864 0.0 0.0
47262 10628960 -2.5291996047398815 -0.32058614472080016 0.54864 0.0 0.0
47263 10628960 -2.5498289486551196 -0.35648386719546676 0.54864 0.0 0.0
47264 10628960 -2.5889040665004748 -0.42432002714047534 0.54864 0.0 0.0
47265 10628960 -2.598796238328462 -0.44369237928281013 0.54864 0.0 0.0
47266 10628960 -2.608688410156449 -0.4630647314251449 0.54864 0.0 0.0
47267 10628960 -2.615551448837623 -0.5098346178034865 0.54864 0.0 0.0
47268 10628960 -2.622414487518797 -0.556604504181828 0.54864 0.0 0.0
47269 10628960 -2.6256833647802935 -0.6046087784367526 0.54864 0.0 0.0
47270 10628960 -2.622239219452257 -0.6592494761377119 0.54864 0.0 0.0
47271 10628960 -2.621620049041708 -0.7075910546033501 0.54864 0.0 0.0
47272 10628960 -2.6210008786311594 -0.7559326330689884 0.54864 0.0 0.0
47273 10628960 -2.6104011092819066 -0.799749957488646 0.55372 0.0 0.0
47274 10628960 -2.5998013399326543 -0.8435672819083037 0.5588 0.0 0.0
47275 10628960 -2.5892015705834015 -0.8873846063279612 0.5638799999999999 0.0 0.0
47276 10628960 -2.5786018012341487 -0.9312019307476188 0.56896 0.0 0.0
47277 10628960 -2.5680020318848964 -0.9750192551672765 0.57404 0.0 0.0
47278 10628960 -2.5574022625356436 -1.018836579586934 0.57912 0.0 0.0
47279 10628960 -2.5488864180156323 -1.0289252248764775 0.57912 0.0 0.0
47280 10628960 -2.540370573495621 -1.0390138701660212 0.57912 0.0 0.0
47281 10628960 -2.461406271563689 -1.1316803075836328 0.57912 0.0 0.0
47282 10628960 -2.4445532227944797 -1.1480598543508076 0.57912 0.0 0.0
47283 10628960 -2.3859671534302382 -1.188957837811042 0.6096 0.0 0.0
47284 10628960 -2.3674220039723357 -1.2001654851319759 0.6096 0.0 0.0
47285 10628960 -2.286215836881741 -1.2398158772346035 0.6096 0.0 0.0
47286 10628960 -2.2367235863628423 -1.2596273795804713 0.6096 0.0 0.0
47287 10628960 -2.1931164984385703 -1.2702694177032374 0.6096 0.0 0.0
47288 10628960 -2.150902211504381 -1.2802802032327183 0.6096 0.0 0.0
47289 10628960 -2.1086879245701917 -1.2902909887621992 0.6096 0.0 0.0
47290 10628960 -2.055960472327711 -1.2991249099382594 0.6096 0.0 0.0
47291 10628960 -2.0288363840114894 -1.300402107553513 0.6096 0.0 0.0
47292 10628960 -1.9468429465582988 -1.313199119998949 0.6096 0.0 0.0
47293 10628960 -1.8999234647541006 -1.3153419564196847 0.6096 0.0 0.0
47294 10628960 -1.8427136282170238 -1.3262244739124995 0.6096 0.0 0.0
47295 10628960 -1.7888108554780746 -1.3298326109776113 0.6096 0.0 0.0
47296 10628960 -1.716793756469179 -1.3405326768260413 0.6096 0.0 0.0
47297 10628960 -1.653441296587306 -1.345127083875205 0.6096 0.0 0.0
47298 10628960 -1.6017219337526665 -1.3526932807967624 0.6096 0.0 0.0
47299 10628960 -1.5754825887898554 -1.3553151482894068 0.6096 0.0 0.0
47300 10628960 -1.5492432438270443 -1.3579370157820512 0.6096 0.0 0.0
47301 10628960 -1.500734281370016 -1.3644526651540712 0.6096 0.0 0.0
47302 10628960 -1.4237250830254868 -1.3721087714908355 0.6096 0.0 0.0
47303 10628960 -1.3343407383370292 -1.3799548753221824 0.6096 0.0 0.0
47304 10628960 -1.2787056395199417 -1.3826068562283866 0.6096 0.0 0.0
47305 10628960 -1.2218314239115393 -1.3847288919471874 0.6096 0.0 0.0
47306 10628960 -1.1748002523356214 -1.3892403501113404 0.6096 0.0 0.0
47307 10628960 -1.1347404783749693 -1.3917058084071554 0.6096 0.0 0.0
47308 10628960 -1.0946807044143172 -1.3941712667029706 0.6096 0.0 0.0
47309 10628960 -1.039113403098044 -1.3953973102588053 0.6096 0.0 0.0
47310 10628960 -0.9824586188130326 -1.3987309703516215 0.6096 0.0 0.0
47311 10628960 -0.931069613800348 -1.403497225202042 0.6096 0.0 0.0
47312 10628960 -0.8486191996351862 -1.4050983702720794 0.6096 0.0 0.0
47313 10628960 -0.826306931991774 -1.4061417305663793 0.6096 0.0 0.0
47314 10628960 -0.8039946643483618 -1.4071850908606793 0.6096 0.0 0.0
47315 10628960 -0.7460980666432648 -1.4067169663130945 0.6096 0.0 0.0
47316 10628960 -0.653586516417912 -1.4047118214184882 0.6096 0.0 0.0
47317 10628960 -0.5984881083686311 -1.4035616111947287 0.6096 0.0 0.0
47318 10628960 -0.5414726630325359 -1.4003505085833592 0.6096 0.0 0.0
47319 10628960 -0.4616578435589671 -1.3980484785620906 0.6096 0.0 0.0
47320 10628960 -0.4175006108191235 -1.396124826290648 0.6096 0.0 0.0
47321 10628960 -0.3683913245178252 -1.3969877412859315 0.6096 0.0 0.0
47322 10628960 -0.3280603885438397 -1.3964415901634535 0.6096 0.0 0.0
47323 10628960 -0.28772945256985416 -1.3958954390409752 0.6096 0.0 0.0
47324 10628960 -0.23206798998417266 -1.392473274466305 0.6096 0.0 0.0
47325 10628960 -0.17223318930079135 -1.3904146097233772 0.6096 0.0 0.0
47326 10628960 -0.11774628241382223 -1.3922155884396372 0.6096 0.0 0.0
47327 10628960 -0.06296880874462207 -1.3893211599629822 0.6096 0.0 0.0
47328 10628960 -0.016139904013997786 -1.387100075524682 0.6096 0.0 0.0
47329 10628960 0.06693981660582748 -1.3870279193127757 0.6096 0.0 0.0
47330 10628960 0.0939243444688933 -1.3887191661685259 0.6096 0.0 0.0
47331 10628960 0.12090887233195913 -1.390410413024276 0.6096 0.0 0.0
47332 10628960 0.16499598050956643 -1.388694257324319 0.6096 0.0 0.0
47333 10628960 0.22349523156456752 -1.3918038964831103 0.6096 0.0 0.0
47334 10628960 0.27236324078339613 -1.3917661285349232 0.6096 0.0 0.0
47335 10628960 0.3521927018332993 -1.3964702388512404 0.6096 0.0 0.0
47336 10628960 0.42490465757283946 -1.3952264375232908 0.6096 0.0 0.0
47337 10628960 0.45362736838388823 -1.3956734971700002 0.6096 0.0 0.0
47338 10628960 0.482350079194937 -1.3961205568167097 0.6096 0.0 0.0
47339 10628960 0.5295998960863786 -1.3969543874961323 0.6096 0.0 0.0
47340 10628960 0.5846592736704443 -1.3983532851241331 0.6096 0.0 0.0
47341 10628960 0.6370317882683513 -1.4038974919639637 0.6096 0.0 0.0
47342 10628960 0.7110051665338681 -1.4017780332608119 0.6096 0.0 0.0
47343 10628960 0.7639240449338447 -1.3972192733103623 0.6096 0.0 0.0
47344 10628960 0.8073910991360214 -1.394946483543173 0.6096 0.0 0.0
47345 10628960 0.8794031707811027 -1.3923015942532786 0.6096 0.0 0.0
47346 10628960 0.9096229776466781 -1.3914252305144954 0.6096 0.0 0.0
47347 10628960 0.9398427845122534 -1.3905488667757122 0.6096 0.0 0.0
47348 10628960 0.9870364782148084 -1.3885578185258534 0.6096 0.0 0.0
47349 10628960 1.0439776963751852 -1.3871802748571302 0.6096 0.0 0.0
47350 10628960 1.1137269736975768 -1.3884670752665198 0.6096 0.0 0.0
47351 10628960 1.1483404164908846 -1.3852865259507878 0.6096 0.0 0.0
47352 10628960 1.1829538592841926 -1.3821059766350559 0.6096 0.0 0.0
47353 10628960 1.2354797480015822 -1.3801026985515952 0.6096 0.0 0.0
47354 10628960 1.283289460555368 -1.38193258036045 0.6096 0.0 0.0
47355 10628960 1.35621786613337 -1.3786480711536229 0.57912 0.0 0.0
47356 10628960 1.411750158508971 -1.3734199151520878 0.57912 0.0 0.0
47357 10628960 1.4602603497344606 -1.3733746917424587 0.57912 0.0 0.0
47358 10628960 1.4990477546348708 -1.369920344272052 0.57912 0.0 0.0
47359 10628960 1.5472361938109138 -1.3705872568961206 0.57912 0.0 0.0
47360 10628960 1.5615834565631495 -1.369489911818092 0.57912 0.0 0.0
47361 10628960 1.575930719315385 -1.3683925667400636 0.57912 0.0 0.0
47362 10628960 1.658913143063521 -1.368855815045415 0.57912 0.0 0.0
47363 10628960 1.705795032598795 -1.3678100708436982 0.57912 0.0 0.0
47364 10628960 1.7594412494437808 -1.3694401194013668 0.57912 0.0 0.0
47365 10628960 1.798113860915311 -1.3652459284136986 0.57912 0.0 0.0
47366 10628960 1.8435508002174565 -1.3637275491310352 0.57912 0.0 0.0
47367 10628960 1.9096404359627266 -1.3636954678568884 0.57912 0.0 0.0
47368 10628960 1.9516708059339845 -1.3628164600675865 0.57912 0.0 0.0
47369 10628960 1.9714648398404413 -1.3620365697599945 0.57912 0.0 0.0
47370 10628960 2.039516784945932 -1.3592563561146254 0.54864 0.0 0.0
47371 10628960 2.0745505888005855 -1.359947274271508 0.54864 0.0 0.0
47372 10628960 2.109584392655239 -1.3606381924283906 0.54864 0.0 0.0
47373 10628960 2.1255820074384104 -1.3606043481998915 0.54864 0.0 0.0
47374 10628960 2.2088983352789544 -1.3556803314250365 0.54864 0.0 0.0
47375 10628960 2.2507558419058227 -1.3553273854195467 0.54864 0.0 0.0
47376 10628960 2.2840581479547355 -1.3553353486781863 0.54864 0.0 0.0
47377 10628960 2.3065414826614856 -1.3537971013784655 0.54864 0.0 0.0
47378 10628960 2.3290248173682357 -1.3522588540787448 0.54864 0.0 0.0
47379 10628960 2.3798035265569473 -1.3422596212267042 0.54864 0.0 0.0
47380 10628960 2.4305822357456592 -1.3322603883746635 0.54864 0.0 0.0
47381 10628960 2.475496297665429 -1.3198206197387223 0.5181600000000001 0.0 0.0
47382 10628960 2.493414316127069 -1.3095490117195208 0.5181600000000001 0.0 0.0
47383 10628960 2.547695887331173 -1.278205320360332 0.5181600000000001 0.0 0.0
47384 10628960 2.583258488680331 -1.2536008534479361 0.5181600000000001 0.0 0.0
47385 10628960 2.6303559104611134 -1.2099823693624943 0.5181600000000001 0.0 0.0
47386 10628960 2.6467852533701435 -1.1950192277810125 0.5181600000000001 0.0 0.0
47387 10628960 2.6632145962791736 -1.1800560861995306 0.5181600000000001 0.0 0.0
47388 10628960 2.6849082528351946 -1.1421631412480029 0.5181600000000001 0.0 0.0
47389 10628960 2.7137748154930508 -1.0931777011952712 0.48768 0.0 0.0
47390 10628960 2.7297347502327876 -1.055165407178285 0.48768 0.0 0.0
47391 10628960 2.7454223227055645 -0.9907806744990478 0.48768 0.0 0.0
47392 10628960 2.7492567048660206 -0.9722319978803813 0.48768 0.0 0.0
47393 10628960 2.753091087026476 -0.9536833212617147 0.48768 0.0 0.0
47394 10628960 2.7557188153894643 -0.9086324448751583 0.48768 0.0 0.0
47395 10628960 2.7553270628750104 -0.8603180094168104 0.48768 0.0 0.0
47396 10628960 2.7549353103605565 -0.8120035739584626 0.48768 0.0 0.0
47397 10628960 2.7509777379989364 -0.7737978743287567 0.48768 0.0 0.0
47398 10628960 2.750569677281229 -0.724718718243396 0.45720000000000005 0.0 0.0
47399 10628960 2.7518632437098756 -0.6881102356579094 0.45720000000000005 0.0 0.0
47400 10628960 2.7482723580261244 -0.6310998891015364 0.45720000000000005 0.0 0.0
47401 10628960 2.7473852732235082 -0.5984521824269238 0.45720000000000005 0.0 0.0
47402 10628960 2.74888147701575 -0.5789065710663266 0.45720000000000005 0.0 0.0
47403 10628960 2.7503776808079916 -0.5593609597057295 0.45720000000000005 0.0 0.0
47404 10628960 2.7485797652742785 -0.5159024040833513 0.45720000000000005 0.0 0.0
47405 10628960 2.7473381933615766 -0.46257919263150027 0.45720000000000005 0.0 0.0
47406 10628960 2.7456982496982825 -0.42407843060753947 0.45720000000000005 0.0 0.0
47407 10628960 2.742281169473042 -0.3855815949294604 0.45720000000000005 0.0 0.0
47408 10628960 2.740882731805793 -0.3463418933151533 0.45720000000000005 0.0 0.0
47409 10628960 2.7394351851401226 -0.2936521802642147 0.42672000000000004 0.0 0.0
47410 10628960 2.73639519607742 -0.25808194739350343 0.42672000000000004 0.0 0.0
47411 10628960 2.731302397555948 -0.22336016896600722 0.42672000000000004 0.0 0.0
47412 10628960 2.7252472851695737 -0.1875064840464282 0.42672000000000004 0.0 0.0
47413 10628960 2.70882430057242 -0.15621168778143155 0.42672000000000004 0.0 0.0
47414 10628960 2.690324076953008 -0.1285608139775614 0.41656000000000004 0.0 0.0
47415 10628960 2.671823853333595 -0.10090994017369123 0.40640000000000004 0.0 0.0
47416 10628960 2.653323629714183 -0.07325906636982107 0.39624000000000004 0.0 0.0
47417 10628960 2.6082891826322516 -0.031688451713148186 0.39624000000000004 0.0 0.0
47418 10628960 2.593845248166793 -0.026972834067542556 0.39624000000000004 0.0 0.0
47419 10628960 2.5365316262727884 -0.002887260684761944 0.39624000000000004 0.0 0.0
47420 10628960 2.4960855912388142 0.005411617949117847 0.39624000000000004 0.0 0.0
47421 10628960 2.468828598371606 0.007146128959800574 0.38608000000000003 0.0 0.0
47422 10628960 2.4415716055043974 0.0088806399704833 0.37592 0.0 0.0
47423 10628960 2.414314612637189 0.010615150981166027 0.36576 0.0 0.0
47424 10628960 2.357350064754475 0.007486252451968961 0.36576 0.0 0.0
47425 10628960 2.3349700995014357 0.009653599676569674 0.36576 0.0 0.0
47426 10628960 2.2844593098166337 0.004534779721053012 0.36576 0.0 0.0
47427 10628960 2.22406708313786 0.0028765084058140766 0.36576 0.0 0.0
47428 10628960 2.1942946682586366 0.001442077447874085 0.35814 0.0 0.0
47429 10628960 2.1645222533794133 7.646489934093337e-06 0.35052 0.0 0.0
47430 10628960 2.13474983850019 -0.0014267844680058983 0.3429 0.0 0.0
47431 10628960 2.1049774236209666 -0.00286121542594589 0.33528 0.0 0.0
47432 10628960 2.04520751562142 0.0006524126211957804 0.33528 0.0 0.0
47433 10628960 2.0119214386316107 0.0004243267717481125 0.33528 0.0 0.0
47434 10628960 1.9737981007191217 0.002243359952705054 0.33528 0.0 0.0
47435 10628960 1.934645980455719 0.00326948559325103 0.33528 0.0 0.0
47436 10628960 1.8954938601923164 0.004295611233797006 0.33528 0.0 0.0
47437 10628960 1.8563417399289137 0.0053217368743429805 0.33528 0.0 0.0
47438 10628960 1.80100381221795 0.002016063375809729 0.33528 0.0 0.0
47439 10628960 1.7736651765262947 0.002689377681213458 0.32512 0.0 0.0
47440 10628960 1.7463265408346396 0.0033626919866171874 0.31496 0.0 0.0
47441 10628960 1.7189879051429844 0.004036006292020916 0.3048 0.0 0.0
47442 10628960 1.695399622824801 0.0008755837650651077 0.3048 0.0 0.0
47443 10628960 1.6382870806144358 0.0016553241790847328 0.3048 0.0 0.0
47444 10628960 1.6021700000210117 0.0036386938211642877 0.3048 0.0 0.0
47445 10628960 1.5722040325806133 0.0025228896445374975 0.3048 0.0 0.0
47446 10628960 1.542238065140215 0.0014070854679107078 0.3048 0.0 0.0
47447 10628960 1.5122720976998165 0.000291281291283918 0.3048 0.0 0.0
47448 10628960 1.4804986820439947 -0.00019497552690908582 0.3048 0.0 0.0
47449 10628960 1.4430623796092665 0.0012855537205298875 0.28956000000000004 0.0 0.0
47450 10628960 1.4056260771745386 0.002766082967968861 0.27432 0.0 0.0
47451 10628960 1.368793160707757 0.00256054365358881 0.27432 0.0 0.0
47452 10628960 1.3319602442409755 0.002355004339208759 0.27432 0.0 0.0
47453 10628960 1.2951273277741937 0.0021494650248287082 0.27432 0.0 0.0
47454 10628960 1.2582944113074122 0.0019439257104486574 0.27432 0.0 0.0
47455 10628960 1.2238387922571254 0.003035936864147888 0.27432 0.0 0.0
47456 10628960 1.189383173206839 0.004127948017847119 0.27432 0.0 0.0
47457 10628960 1.1633364605940382 0.0032326309853736197 0.27432 0.0 0.0
47458 10628960 1.1372897479812374 0.0023373139529001205 0.27432 0.0 0.0
47459 10628960 1.1112430353684368 0.0014419969204266213 0.27432 0.0 0.0
47460 10628960 1.085196322755636 0.0005466798879531221 0.27432 0.0 0.0
47461 10628960 1.058734423435258 0.003817701282145383 0.27432 0.0 0.0
47462 10628960 1.0251817961681273 0.0016948748060361118 0.27432 0.0 0.0
47463 10628960 0.9952089161280194 0.002374975004091709 0.27432 0.0 0.0
47464 10628960 0.9652360360879116 0.003055075202147306 0.27432 0.0 0.0
47465 10628960 0.9352631560478037 0.0037351754002029032 0.27432 0.0 0.0
47466 10628960 0.905290276007696 0.0044152755982585 0.27432 0.0 0.0
47467 10628960 0.8753173959675881 0.005095375796314097 0.27432 0.0 0.0
47468 10628960 0.8472344063860636 0.0034059467518977316 0.27432 0.0 0.0
47469 10628960 0.8011748720097372 0.0033266511274761246 0.2794 0.0 0.0
47470 10628960 0.7551153376334109 0.0032473555030545173 0.28448 0.0 0.0
47471 10628960 0.7090558032570844 0.0031680598786329103 0.28956000000000004 0.0 0.0
47472 10628960 0.662996268880758 0.0030887642542113034 0.29464 0.0 0.0
47473 10628960 0.6169367345044316 0.003009468629789696 0.29972 0.0 0.0
47474 10628960 0.5708772001281053 0.002930173005368089 0.3048 0.0 0.0
47475 10628960 0.5376814382113784 0.003263083379652039 0.3048 0.0 0.0
47476 10628960 0.5044856762946516 0.0035959937539359887 0.3048 0.0 0.0
47477 10628960 0.4843049450667382 0.0043491974605934375 0.3048 0.0 0.0
47478 10628960 0.4335856391991536 0.004871839449804299 0.3048 0.0 0.0
47479 10628960 0.38286633333156894 0.0053944814390151615 0.3048 0.0 0.0
47480 10628960 0.33214702746398433 0.005917123428226023 0.3048 0.0 0.0
47481 10628960 0.2814277215963997 0.0064397654174368855 0.3048 0.0 0.0
47482 10628960 0.23070841572881506 0.006962407406647747 0.3048 0.0 0.0
47483 10628960 0.20810856732410404 0.008331735114871675 0.3048 0.0 0.0
47484 10628960 0.18550871891939302 0.009701062823095602 0.3048 0.0 0.0
47485 10628960 0.13241821594346662 0.010852364660578465 0.31496 0.0 0.0
47486 10628960 0.07932771296754022 0.01200366649806133 0.32512 0.0 0.0
47487 10628960 0.02623720999161383 0.013154968335544193 0.33528 0.0 0.0
47488 10628960 -0.0329665885403464 0.012994944541942971 0.33528 0.0 0.0
47489 10628960 -0.04935295241284776 0.012859847685493447 0.33528 0.0 0.0
47490 10628960 -0.08418880481799235 0.01361468384308362 0.33528 0.0 0.0
47491 10628960 -0.11902465722313693 0.014369520000673791 0.33528 0.0 0.0
47492 10628960 -0.17844624172883816 0.014632286906767128 0.33528 0.0 0.0
47493 10628960 -0.22905001808559944 0.014700259621267947 0.33528 0.0 0.0
47494 10628960 -0.25449438180114914 0.015657182806321363 0.33528 0.0 0.0
47495 10628960 -0.3171950096157039 0.016759223053498 0.33528 0.0 0.0
47496 10628960 -0.35699663339435905 0.017269180551732405 0.36576 0.0 0.0
47497 10628960 -0.4264965289558731 0.019309637381906025 0.36576 0.0 0.0
47498 10628960 -0.4707847882483054 0.016964088133981065 0.36576 0.0 0.0
47499 10628960 -0.4935416122688324 0.01663432176508306 0.36576 0.0 0.0
47500 10628960 -0.5162984362893595 0.016304555396185055 0.36576 0.0 0.0
47501 10628960 -0.5885511103644905 0.018078081750744907 0.36576 0.0 0.0
47502 10628960 -0.6333660557521159 0.016840301799605856 0.36576 0.0 0.0
47503 10628960 -0.6832027609806726 0.016543613383453032 0.36576 0.0 0.0
47504 10628960 -0.7215293814593675 0.013418669538897393 0.36576 0.0 0.0
47505 10628960 -0.7730401691608801 0.013436224014016201 0.36576 0.0 0.0
47506 10628960 -0.8156249685167889 0.006796919676797936 0.36576 0.0 0.0
47507 10628960 -0.8809542328608766 0.006659946853039361 0.39624000000000004 0.0 0.0
47508 10628960 -0.9307931905682347 0.004729862257573297 0.39624000000000004 0.0 0.0
47509 10628960 -0.9817591312454945 -0.00010279627819034798 0.39624000000000004 0.0 0.0
47510 10628960 -1.0035897836409644 -0.0024864801044326146 0.39624000000000004 0.0 0.0
47511 10628960 -1.0254204360364345 -0.004870163930674881 0.39624000000000004 0.0 0.0
47512 10628960 -1.0643327734306074 -0.00815247885107609 0.39624000000000004 0.0 0.0
47513 10628960 -1.1013745376246282 -0.01006008163487529 0.39624000000000004 0.0 0.0
47514 10628960 -1.1767353662410993 -0.017780028243345264 0.39624000000000004 0.0 0.0
47515 10628960 -1.1929050886014563 -0.018334099143097277 0.39624000000000004 0.0 0.0
47516 10628960 -1.2626837607271464 -0.02799556500685721 0.42672000000000004 0.0 0.0
47517 10628960 -1.3102181638648245 -0.02939176441182037 0.42672000000000004 0.0 0.0
47518 10628960 -1.3709458905572165 -0.035819913698007216 0.42672000000000004 0.0 0.0
47519 10628960 -1.395847843205277 -0.03591290015215995 0.42672000000000004 0.0 0.0
47520 10628960 -1.4207497958533375 -0.03600588660631268 0.42672000000000004 0.0 0.0
47521 10628960 -1.4612051862949433 -0.04427304167558069 0.42672000000000004 0.0 0.0
47522 10628960 -1.5070428231457236 -0.04563882690750634 0.42672000000000004 0.0 0.0
47523 10628960 -1.546701743317415 -0.04902519640897965 0.42672000000000004 0.0 0.0
47524 10628960 -1.615706687505296 -0.05251066643153482 0.45720000000000005 0.0 0.0
47525 10628960 -1.6594349832010662 -0.054214976588045444 0.45720000000000005 0.0 0.0
47526 10628960 -1.6910637630364254 -0.05993499927899901 0.45720000000000005 0.0 0.0
47527 10628960 -1.7226925428717845 -0.06565502196995257 0.45720000000000005 0.0 0.0
47528 10628960 -1.7678505708755974 -0.06385328258192394 0.45720000000000005 0.0 0.0
47529 10628960 -1.822009179221708 -0.07055742169174664 0.45720000000000005 0.0 0.0
47530 10628960 -1.8658219606741937 -0.07550449470111334 0.45720000000000005 0.0 0.0
47531 10628960 -1.908435922802732 -0.08493288676788083 0.45720000000000005 0.0 0.0
47532 10628960 -1.9709190739532574 -0.09019822111044953 0.45720000000000005 0.0 0.0
47533 10628960 -2.0158138102862804 -0.09817895147918013 0.48768 0.0 0.0
47534 10628960 -2.0518843210399442 -0.1014515333231524 0.48768 0.0 0.0
47535 10628960 -2.0734775789077995 -0.10554584152322213 0.48768 0.0 0.0
47536 10628960 -2.0950708367756548 -0.10964014972329186 0.48768 0.0 0.0
47537 10628960 -2.159884173283901 -0.12582587221614863 0.48768 0.0 0.0
47538 10628960 -2.208052105630525 -0.13729160155280432 0.48768 0.0 0.0
47539 10628960 -2.244709638715908 -0.15158809819708977 0.48768 0.0 0.0
47540 10628960 -2.27665617978709 -0.16777625509273233 0.48768 0.0 0.0
47541 10628960 -2.336675495990198 -0.2018870435658974 0.48768 0.0 0.0
47542 10628960 -2.3646889908502002 -0.22777434250650377 0.48768 0.0 0.0
47543 10628960 -2.3821720187526396 -0.246591124489133 0.50292 0.0 0.0
47544 10628960 -2.399655046655079 -0.26540790647176227 0.5181600000000001 0.0 0.0
47545 10628960 -2.433087025483724 -0.3146433113003122 0.5181600000000001 0.0 0.0
47546 10628960 -2.4506786472833078 -0.3521192361111106 0.5181600000000001 0.0 0.0
47547 10628960 -2.4536334294756452 -0.3774419429726743 0.5181600000000001 0.0 0.0
47548 10628960 -2.464549977325728 -0.4433912488292433 0.5181600000000001 0.0 0.0
47549 10628960 -2.462504100883789 -0.48148893383991537 0.5181600000000001 0.0 0.0
47550 10628960 -2.4604582244418496 -0.5195866188505874 0.5181600000000001 0.0 0.0
47551 10628960 -2.4584123479999107 -0.5576843038612594 0.5181600000000001 0.0 0.0
47552 10628960 -2.449141330545766 -0.6026636459768615 0.5181600000000001 0.0 0.0
47553 10628960 -2.429870919152525 -0.6686742409506518 0.5181600000000001 0.0 0.0
47554 10628960 -2.418961130862088 -0.7129918440035661 0.5181600000000001 0.0 0.0
47555 10628960 -2.4080513425716514 -0.7573094470564804 0.5181600000000001 0.0 0.0
47556 10628960 -2.393009222551664 -0.7956717967658333 0.5225142857142858 0.0 0.0
47557 10628960 -2.3779671025316764 -0.8340341464751863 0.5268685714285715 0.0 0.0
47558 10628960 -2.362924982511689 -0.8723964961845392 0.5312228571428572 0.0 0.0
47559 10628960 -2.347882862491701 -0.9107588458938921 0.5355771428571429 0.0 0.0
47560 10628960 -2.3328407424717135 -0.949121195603245 0.5399314285714286 0.0 0.0
47561 10628960 -2.317798622451726 -0.987483545312598 0.5442857142857143 0.0 0.0
47562 10628960 -2.3027565024317385 -1.025845895021951 0.54864 0.0 0.0
47563 10628960 -2.2564854229493587 -1.0837456478285206 0.54864 0.0 0.0
47564 10628960 -2.228569627837871 -1.1151937207012492 0.57912 0.0 0.0
47565 10628960 -2.1828759776987114 -1.1466148856362675 0.57912 0.0 0.0
47566 10628960 -2.163166003551087 -1.1624092215717232 0.57912 0.0 0.0
47567 10628960 -2.1170908963308417 -1.186418280978573 0.57912 0.0 0.0
47568 10628960 -2.0710157891105965 -1.2104273403854229 0.57912 0.0 0.0
47569 10628960 -2.031208011496534 -1.2234477883912336 0.57912 0.0 0.0
47570 10628960 -1.9816984202448296 -1.2377717765748641 0.57912 0.0 0.0
47571 10628960 -1.917940715862512 -1.2492778025143785 0.57912 0.0 0.0
47572 10628960 -1.8886853319626102 -1.2521863290056403 0.57912 0.0 0.0
47573 10628960 -1.817704373867288 -1.2660538600280888 0.57912 0.0 0.0
47574 10628960 -1.770006923878425 -1.2696187982565432 0.57912 0.0 0.0
47575 10628960 -1.7209589019132234 -1.2758450123803267 0.57912 0.0 0.0
47576 10628960 -1.6957919878458094 -1.2783503419382862 0.57912 0.0 0.0
47577 10628960 -1.6706250737783954 -1.280855671496246 0.57912 0.0 0.0
47578 10628960 -1.618962244253847 -1.2872352825844036 0.6096 0.0 0.0
47579 10628960 -1.544443219369456 -1.29571424998419 0.6096 0.0 0.0
47580 10628960 -1.4958527314528094 -1.30062095851936 0.6096 0.0 0.0
47581 10628960 -1.4468779665491132 -1.3111442658797645 0.6096 0.0 0.0
47582 10628960 -1.401131079035524 -1.3152373312852463 0.6096 0.0 0.0
47583 10628960 -1.347461883923606 -1.322271043867876 0.6096 0.0 0.0
47584 10628960 -1.288925785425284 -1.3252876218387606 0.6096 0.0 0.0
47585 10628960 -1.2405810256758636 -1.335019323134936 0.6096 0.0 0.0
47586 10628960 -1.1654667213967842 -1.344390013487886 0.6096 0.0 0.0
47587 10628960 -1.112919668498572 -1.3494194150081549 0.6096 0.0 0.0
47588 10628960 -1.0559840125699276 -1.3586872334033016 0.6096 0.0 0.0
47589 10628960 -1.0193266302430692 -1.3627269578432086 0.6096 0.0 0.0
47590 10628960 -0.9826692479162109 -1.3667666822831155 0.6096 0.0 0.0
47591 10628960 -0.9566485670022664 -1.3697822734084504 0.6096 0.0 0.0
47592 10628960 -0.8928502499752955 -1.3746328595523682 0.6096 0.0 0.0
47593 10628960 -0.8191943756870439 -1.385742982833812 0.6096 0.0 0.0
47594 10628960 -0.7544289549514206 -1.3989114844810078 0.6096 0.0 0.0
47595 10628960 -0.711330041403412 -1.4073627020010446 0.6096 0.0 0.0
47596 10628960 -0.6682311278554034 -1.4158139195210815 0.6096 0.0 0.0
47597 10628960 -0.6161237916020033 -1.4249018940545828 0.6096 0.0 0.0
47598 10628960 -0.5431233816116572 -1.4380146515138579 0.6096 0.0 0.0
47599 10628960 -0.4889141329924296 -1.4501835111178916 0.6096 0.0 0.0
47600 10628960 -0.434704884373202 -1.4623523707219253 0.6096 0.0 0.0
47601 10628960 -0.4087029145594152 -1.4670538271809814 0.6096 0.0 0.0
47602 10628960 -0.38270094474562844 -1.4717552836400378 0.6096 0.0 0.0
47603 10628960 -0.3433732536563403 -1.4846087986223948 0.6096 0.0 0.0
47604 10628960 -0.25736757252744913 -1.4986977673498338 0.6096 0.0 0.0
47605 10628960 -0.20621675479031332 -1.5134283323401663 0.6096 0.0 0.0
47606 10628960 -0.154049405552382 -1.5196117078060967 0.6096 0.0 0.0
47607 10628960 -0.10726570324781837 -1.5313955722254524 0.6096 0.0 0.0
47608 10628960 -0.057841893528617794 -1.5405370058158618 0.6096 0.0 0.0
47609 10628960 -0.007728195970240659 -1.5475669655566653 0.6096 0.0 0.0
47610 10628960 0.05924969481638287 -1.562794300777326 0.6096 0.0 0.0
47611 10628960 0.10735686651589571 -1.5691677716212244 0.6096 0.0 0.0
47612 10628960 0.13464282193864635 -1.5746956292023429 0.6096 0.0 0.0
47613 10628960 0.161928777361397 -1.5802234867834615 0.6096 0.0 0.0
47614 10628960 0.2442320116788328 -1.5920450405709565 0.6096 0.0 0.0
47615 10628960 0.2974088624141398 -1.5978539818374728 0.6096 0.0 0.0
47616 10628960 0.3447259204198455 -1.602565779880184 0.6096 0.0 0.0
47617 10628960 0.39086598866314987 -1.6016355564859357 0.6096 0.0 0.0
47618 10628960 0.4421772216458076 -1.6022777161078363 0.6096 0.0 0.0
47619 10628960 0.5019202026928092 -1.5999497636662 0.6096 0.0 0.0
47620 10628960 0.5585328009241722 -1.5965986851122216 0.6096 0.0 0.0
47621 10628960 0.6083449493506794 -1.5923106637421858 0.6096 0.0 0.0
47622 10628960 0.6801470535372229 -1.5818879941120039 0.6096 0.0 0.0
47623 10628960 0.7316550262156654 -1.5792046421960522 0.6096 0.0 0.0
47624 10628960 0.7568821906871412 -1.5767561143101125 0.6096 0.0 0.0
47625 10628960 0.7821093551586171 -1.5743075864241731 0.6096 0.0 0.0
47626 10628960 0.8373792311157078 -1.5709832546890843 0.6096 0.0 0.0
47627 10628960 0.9150839876774071 -1.5642390636018475 0.6096 0.0 0.0
47628 10628960 0.9383216049962566 -1.5610817311659781 0.6096 0.0 0.0
47629 10628960 0.9935565332970786 -1.557861749338507 0.6096 0.0 0.0
47630 10628960 1.0670061747446966 -1.5505440189731796 0.6096 0.0 0.0
47631 10628960 1.1153122521384269 -1.5494993398311059 0.6096 0.0 0.0
47632 10628960 1.1640568096907846 -1.544391971563808 0.6096 0.0 0.0
47633 10628960 1.214667073618826 -1.5444497299766555 0.6096 0.0 0.0
47634 10628960 1.2700046480619847 -1.5409109192581092 0.6096 0.0 0.0
47635 10628960 1.3427884417819438 -1.5329059705200798 0.6096 0.0 0.0
47636 10628960 1.3637479528464367 -1.5312814454347796 0.6096 0.0 0.0
47637 10628960 1.3847074639109296 -1.5296569203494792 0.6096 0.0 0.0
47638 10628960 1.4373264221609088 -1.5262805216470638 0.6096 0.0 0.0
47639 10628960 1.5206468441710075 -1.5213645110425367 0.6096 0.0 0.0
47640 10628960 1.5653524913214922 -1.5177395089108752 0.6096 0.0 0.0
47641 10628960 1.6195638164584125 -1.516283766572957 0.6096 0.0 0.0
47642 10628960 1.6689397956634164 -1.5078749960446207 0.6096 0.0 0.0
47643 10628960 1.717062260403291 -1.5046638370896175 0.59436 0.0 0.0
47644 10628960 1.7651847251431656 -1.5014526781346145 0.57912 0.0 0.0
47645 10628960 1.816153106905011 -1.494964847751373 0.57912 0.0 0.0
47646 10628960 1.8564706856518018 -1.4925337995108217 0.57912 0.0 0.0
47647 10628960 1.896788264398593 -1.4901027512702703 0.57912 0.0 0.0
47648 10628960 1.9447747731128817 -1.4832246203368038 0.57912 0.0 0.0
47649 10628960 2.0016380025119833 -1.4752726062474346 0.57912 0.0 0.0
47650 10628960 2.042916268624026 -1.4669046253952776 0.57912 0.0 0.0
47651 10628960 2.0924262735676513 -1.4621585275229483 0.57912 0.0 0.0
47652 10628960 2.1184441240917273 -1.4572771753071518 0.57912 0.0 0.0
47653 10628960 2.144461974615804 -1.4523958230913556 0.57912 0.0 0.0
47654 10628960 2.2074283877164396 -1.4390754750450199 0.57912 0.0 0.0
47655 10628960 2.2549336593858333 -1.4295853441090678 0.57912 0.0 0.0
47656 10628960 2.318150694953208 -1.4182151069916544 0.54864 0.0 0.0
47657 10628960 2.3413862099595164 -1.4150532158412836 0.54864 0.0 0.0
47658 10628960 2.3831549059060135 -1.4095305287811302 0.54864 0.0 0.0
47659 10628960 2.44889697945594 -1.3931427999565988 0.54864 0.0 0.0
47660 10628960 2.4819845938556306 -1.3870052717368964 0.54864 0.0 0.0
47661 10628960 2.5150722082553214 -1.3808677435171937 0.54864 0.0 0.0
47662 10628960 2.537229114394476 -1.378287768935861 0.54864 0.0 0.0
47663 10628960 2.6023055587513313 -1.3612143855249736 0.54864 0.0 0.0
47664 10628960 2.6215276201247866 -1.3567416932690897 0.54864 0.0 0.0
47665 10628960 2.677158259126089 -1.3321455698412432 0.5181600000000001 0.0 0.0
47666 10628960 2.7194377652143302 -1.3125365598397238 0.5181600000000001 0.0 0.0
47667 10628960 2.7493468275677957 -1.2977676197211245 0.5181600000000001 0.0 0.0
47668 10628960 2.779255889921261 -1.2829986796025254 0.5181600000000001 0.0 0.0
47669 10628960 2.816493712818799 -1.2546180087341525 0.5181600000000001 0.0 0.0
47670 10628960 2.8742747073613595 -1.1932252054621622 0.5181600000000001 0.0 0.0
47671 10628960 2.887071747106801 -1.1717027167007859 0.5181600000000001 0.0 0.0
47672 10628960 2.900738113319886 -1.1543188361078203 0.50292 0.0 0.0
47673 10628960 2.914404479532971 -1.136934955514855 0.48768 0.0 0.0
47674 10628960 2.931830659998929 -1.0998683750358278 0.48768 0.0 0.0
47675 10628960 2.9499218176545474 -0.9965512795644474 0.48768 0.0 0.0
47676 10628960 2.952891203613321 -0.953714906318541 0.48768 0.0 0.0
47677 10628960 2.9541646072324133 -0.930767565826368 0.48768 0.0 0.0
47678 10628960 2.9540569536594785 -0.9066101601365184 0.48768 0.0 0.0
47679 10628960 2.9539493000865438 -0.8824527544466687 0.48768 0.0 0.0
47680 10628960 2.9484230985979307 -0.8164008222563092 0.48768 0.0 0.0
47681 10628960 2.943981098091954 -0.7606319580411997 0.48768 0.0 0.0
47682 10628960 2.942708338969336 -0.7182798745010632 0.48768 0.0 0.0
47683 10628960 2.9383390431055103 -0.6772533586585431 0.48768 0.0 0.0
47684 10628960 2.935068061056871 -0.6410242779429387 0.48768 0.0 0.0
47685 10628960 2.9364989002913946 -0.603993546688008 0.45720000000000005 0.0 0.0
47686 10628960 2.93152123704144 -0.5444283019939578 0.45720000000000005 0.0 0.0
47687 10628960 2.929080941584682 -0.4999427147989959 0.45720000000000005 0.0 0.0
47688 10628960 2.9335244335977224 -0.4689183421741214 0.45720000000000005 0.0 0.0
47689 10628960 2.9319671531086406 -0.42472092752841695 0.45720000000000005 0.0 0.0
47690 10628960 2.9314052614646915 -0.40467882609458095 0.45720000000000005 0.0 0.0
47691 10628960 2.9292058657404154 -0.36108945666652675 0.45720000000000005 0.0 0.0
47692 10628960 2.9270064700161393 -0.31750008723847256 0.45720000000000005 0.0 0.0
47693 10628960 2.922072759452151 -0.2836483937713046 0.45720000000000005 0.0 0.0
47694 10628960 2.914588836489261 -0.2385675752822237 0.45720000000000005 0.0 0.0
47695 10628960 2.9036684566778654 -0.1980305219234644 0.42672000000000004 0.0 0.0
47696 10628960 2.880930964550084 -0.16343369843785752 0.42672000000000004 0.0 0.0
47697 10628960 2.8581934724223026 -0.12883687495225063 0.42672000000000004 0.0 0.0
47698 10628960 2.835455980294521 -0.09424005146664374 0.42672000000000004 0.0 0.0
47699 10628960 2.8127184881667397 -0.059643227981036856 0.42672000000000004 0.0 0.0
47700 10628960 2.789446526168084 -0.04456979863467414 0.41148000000000007 0.0 0.0
47701 10628960 2.766174564169428 -0.029496369288311425 0.39624000000000004 0.0 0.0
47702 10628960 2.7268786569732244 -0.015499770387121886 0.39624000000000004 0.0 0.0
47703 10628960 2.682263082108082 -0.0009344074941786962 0.39624000000000004 0.0 0.0
47704 10628960 2.6257523971589545 0.005482463719239855 0.39624000000000004 0.0 0.0
47705 10628960 2.602077898994425 0.009123014077506403 0.39624000000000004 0.0 0.0
47706 10628960 2.5519263919468127 0.008908406917099293 0.39624000000000004 0.0 0.0
47707 10628960 2.518652842073267 0.009258172155207273 0.36576 0.0 0.0
47708 10628960 2.4795516444835624 0.005085751958253809 0.36576 0.0 0.0
47709 10628960 2.4174058519022372 0.0037648905947567923 0.36576 0.0 0.0
47710 10628960 2.3802997639200676 -7.097212687851018e-06 0.36576 0.0 0.0
47711 10628960 2.339666160279932 0.0022792854241955596 0.36576 0.0 0.0
47712 10628960 2.305341263663534 -0.00018081815456855166 0.36576 0.0 0.0
47713 10628960 2.271016367047136 -0.002640921733332663 0.36576 0.0 0.0
47714 10628960 2.238831931424298 -0.0019446760356095216 0.33528 0.0 0.0
47715 10628960 2.198388598446753 -0.006144781125968585 0.33528 0.0 0.0
47716 10628960 2.15711391532136 -0.0020126181246964137 0.33528 0.0 0.0
47717 10628960 2.113473105655039 -0.003766338393500074 0.33528 0.0 0.0
47718 10628960 2.0765179105814235 -0.004081588641266759 0.33528 0.0 0.0
47719 10628960 2.0209064236459593 -0.005780812799463797 0.33528 0.0 0.0
47720 10628960 2.0037640755700843 -0.006607909429563033 0.33528 0.0 0.0
47721 10628960 1.9866217274942095 -0.007435006059662269 0.33528 0.0 0.0
47722 10628960 1.9488418899341486 -0.00619532221374039 0.33528 0.0 0.0
47723 10628960 1.8887506932899598 -0.0025755539863099586 0.3048 0.0 0.0
47724 10628960 1.8498924866087978 -0.0019176790003204852 0.3048 0.0 0.0
47725 10628960 1.811034279927636 -0.0012598040143310119 0.3048 0.0 0.0
47726 10628960 1.7723233847682613 -0.00286936759879855 0.3048 0.0 0.0
47727 10628960 1.734129570584433 -0.002895287783008571 0.3048 0.0 0.0
47728 10628960 1.6978858823017033 -0.0015716164994034499 0.3048 0.0 0.0
47729 10628960 1.6616421940189736 -0.0002479452157983287 0.3048 0.0 0.0
47730 10628960 1.6253985057362441 0.0010757260678067922 0.3048 0.0 0.0
47731 10628960 1.5891548174535144 0.0023993973514119136 0.3048 0.0 0.0
47732 10628960 1.5529111291707847 0.003723068635017035 0.3048 0.0 0.0
47733 10628960 1.517980004541733 0.0023600986890498915 0.3048 0.0 0.0
47734 10628960 1.4830488799126818 0.000997128743082748 0.3048 0.0 0.0
47735 10628960 1.4481177552836302 -0.0003658412028843955 0.3048 0.0 0.0
47736 10628960 1.4180498459732396 0.00038248137942958893 0.29464 0.0 0.0
47737 10628960 1.3879819366628492 0.0011308039617435733 0.28448 0.0 0.0
47738 10628960 1.3579140273524586 0.0018791265440575577 0.27432 0.0 0.0
47739 10628960 1.3242609805194188 0.002708445613161664 0.27432 0.0 0.0
47740 10628960 1.2965910454528402 0.0006488459228010668 0.27432 0.0 0.0
47741 10628960 1.2636142656528238 0.0013746942689536142 0.27432 0.0 0.0
47742 10628960 1.230637485852807 0.0021005426151061617 0.27432 0.0 0.0
47743 10628960 1.1976607060527904 0.0028263909612587096 0.27432 0.0 0.0
47744 10628960 1.164683926252774 0.003552239307411257 0.27432 0.0 0.0
47745 10628960 1.1317071464527575 0.0042780876535638045 0.27432 0.0 0.0
47746 10628960 1.0987303666527408 0.005003935999716352 0.27432 0.0 0.0
47747 10628960 1.0697052411005201 0.004235002583422284 0.27432 0.0 0.0
47748 10628960 1.0406801155482996 0.0034660691671282162 0.27432 0.0 0.0
47749 10628960 1.011654989996079 0.002697135750834148 0.27432 0.0 0.0
47750 10628960 0.9826298644438584 0.00192820233454008 0.27432 0.0 0.0
47751 10628960 0.9501853054950582 0.0018386780215533527 0.27432 0.0 0.0
47752 10628960 0.9177407465462579 0.0017491537085666253 0.27432 0.0 0.0
47753 10628960 0.8776085725614782 0.002594500607690668 0.27432 0.0 0.0
47754 10628960 0.8374763985766985 0.003439847506814711 0.27432 0.0 0.0
47755 10628960 0.7990651428131874 0.005475628432864116 0.27432 0.0 0.0
47756 10628960 0.7611362954401208 0.005251371769573687 0.27432 0.0 0.0
47757 10628960 0.7232074480670544 0.005027115106283259 0.27432 0.0 0.0
47758 10628960 0.6852786006939879 0.00480285844299283 0.27432 0.0 0.0
47759 10628960 0.6473497533209214 0.0045786017797024015 0.27432 0.0 0.0
47760 10628960 0.6150608711504821 0.005987716113944358 0.28194 0.0 0.0
47761 10628960 0.5827719889800429 0.0073968304481863145 0.28956000000000004 0.0 0.0
47762 10628960 0.5504831068096036 0.008805944782428271 0.29718 0.0 0.0
47763 10628960 0.5181942246391643 0.010215059116670228 0.3048 0.0 0.0
47764 10628960 0.4535491209231661 0.014866963160533667 0.3048 0.0 0.0
47765 10628960 0.4129933825284931 0.017138170947275377 0.3048 0.0 0.0
47766 10628960 0.3656514005352668 0.02174414925421858 0.3048 0.0 0.0
47767 10628960 0.32315848921309964 0.024882568240567254 0.3048 0.0 0.0
47768 10628960 0.28537665777666943 0.026131117499311907 0.3048 0.0 0.0
47769 10628960 0.24350311814770698 0.029534891789577605 0.3048 0.0 0.0
47770 10628960 0.1733508106933005 0.031199045421126698 0.3048 0.0 0.0
47771 10628960 0.1442831098645136 0.03193695992186403 0.3048 0.0 0.0
47772 10628960 0.11521540903572669 0.03267487442260136 0.3048 0.0 0.0
47773 10628960 0.06751920402403078 0.03891732374202084 0.3048 0.0 0.0
47774 10628960 0.018658906207024373 0.038881218756671915 0.33528 0.0 0.0
47775 10628960 -0.027543762938946115 0.03610746806652207 0.33528 0.0 0.0
47776 10628960 -0.0661284280994423 0.03762016963569978 0.33528 0.0 0.0
47777 10628960 -0.13750834430617442 0.039337932940150006 0.33528 0.0 0.0
47778 10628960 -0.1756574167402254 0.04082563913432288 0.33528 0.0 0.0
47779 10628960 -0.19708308939980224 0.041169810766687076 0.33528 0.0 0.0
47780 10628960 -0.21850876205937908 0.04151398239905127 0.33528 0.0 0.0
47781 10628960 -0.2638252407049595 0.04254105687421525 0.33528 0.0 0.0
47782 10628960 -0.3301390521714882 0.04237090037243038 0.33528 0.0 0.0
47783 10628960 -0.3539095427823584 0.04301466263908896 0.33528 0.0 0.0
47784 10628960 -0.4184220943965 0.044008918026750526 0.36576 0.0 0.0
47785 10628960 -0.4788793467030057 0.04110763115375718 0.36576 0.0 0.0
47786 10628960 -0.5277751524857441 0.040969735339226904 0.36576 0.0 0.0
47787 10628960 -0.574859135260964 0.040940805172929 0.36576 0.0 0.0
47788 10628960 -0.6158688266942898 0.037757904882365384 0.36576 0.0 0.0
47789 10628960 -0.6647649071547077 0.0376209519538189 0.36576 0.0 0.0
47790 10628960 -0.6856107419514557 0.03906204368224783 0.36576 0.0 0.0
47791 10628960 -0.7508591956649715 0.038897646078371734 0.39624000000000004 0.0 0.0
47792 10628960 -0.7719113040875025 0.04052328234393032 0.39624000000000004 0.0 0.0
47793 10628960 -0.7929634125100335 0.04214891860948891 0.39624000000000004 0.0 0.0
47794 10628960 -0.8532836124044971 0.03967301923966879 0.39624000000000004 0.0 0.0
47795 10628960 -0.8970894263418514 0.03880783760461512 0.39624000000000004 0.0 0.0
47796 10628960 -0.9624186516711131 0.038671622042861425 0.39624000000000004 0.0 0.0
47797 10628960 -1.0074024072664975 0.04099628489434623 0.39624000000000004 0.0 0.0
47798 10628960 -1.0501817723526978 0.03512288251680293 0.39624000000000004 0.0 0.0
47799 10628960 -1.0926073462355332 0.038480893310218506 0.42672000000000004 0.0 0.0
47800 10628960 -1.1422636621252493 0.036025140355429 0.42672000000000004 0.0 0.0
47801 10628960 -1.1750601456416987 0.03623478564462865 0.42672000000000004 0.0 0.0
47802 10628960 -1.211597171215694 0.034513300643154915 0.42672000000000004 0.0 0.0
47803 10628960 -1.2481341967896895 0.03279181564168118 0.42672000000000004 0.0 0.0
47804 10628960 -1.2896800322776951 0.03340964649924058 0.42672000000000004 0.0 0.0
47805 10628960 -1.331605629926962 0.03286668817675928 0.42672000000000004 0.0 0.0
47806 10628960 -1.3657916108219499 0.03154531840670813 0.42672000000000004 0.0 0.0
47807 10628960 -1.410262722649845 0.031367924466537994 0.42672000000000004 0.0 0.0
47808 10628960 -1.4587721299387681 0.029707425864466924 0.45720000000000005 0.0 0.0
47809 10628960 -1.5187489160049361 0.028292650464089214 0.45720000000000005 0.0 0.0
47810 10628960 -1.561123695913034 0.02637892760440405 0.45720000000000005 0.0 0.0
47811 10628960 -1.5952969876043144 0.02645645642650249 0.45720000000000005 0.0 0.0
47812 10628960 -1.6389791356394878 0.02462024148046557 0.45720000000000005 0.0 0.0
47813 10628960 -1.658596297299468 0.023033257793534906 0.47244 0.0 0.0
47814 10628960 -1.678213458959448 0.02144627410660424 0.48768 0.0 0.0
47815 10628960 -1.7353608568841559 0.01782244386667084 0.48768 0.0 0.0
47816 10628960 -1.79880760012804 0.011235458316759511 0.48768 0.0 0.0
47817 10628960 -1.8407864815289428 0.005104316299393202 0.48768 0.0 0.0
47818 10628960 -1.862116487127931 0.005071220521269931 0.48768 0.0 0.0
47819 10628960 -1.8920911684217754 -0.0030584858051929398 0.48768 0.0 0.0
47820 10628960 -1.9220658497156198 -0.01118819213165581 0.48768 0.0 0.0
47821 10628960 -1.96329862513791 -0.0163944061736713 0.48768 0.0 0.0
47822 10628960 -2.0001193593875604 -0.033909895678320284 0.48768 0.0 0.0
47823 10628960 -2.0411251241411765 -0.05064039066356987 0.48768 0.0 0.0
47824 10628960 -2.0728041949309324 -0.07416076011526898 0.48768 0.0 0.0
47825 10628960 -2.1310801923289224 -0.11924180645809171 0.48768 0.0 0.0
47826 10628960 -2.1574975004447055 -0.15383061730896533 0.48768 0.0 0.0
47827 10628960 -2.1804634119221467 -0.18873063153081818 0.48768 0.0 0.0
47828 10628960 -2.203131786753085 -0.22407848848157577 0.48768 0.0 0.0
47829 10628960 -2.2252649192281346 -0.29173272522945237 0.48768 0.0 0.0
47830 10628960 -2.2357697772656246 -0.3404071507895806 0.48768 0.0 0.0
47831 10628960 -2.23656842182943 -0.35153787045708235 0.50292 0.0 0.0
47832 10628960 -2.2373670663932357 -0.3626685901245841 0.5181600000000001 0.0 0.0
47833 10628960 -2.2395415108736785 -0.4372027696880173 0.5181600000000001 0.0 0.0
47834 10628960 -2.2332168322492167 -0.4816850607421258 0.5181600000000001 0.0 0.0
47835 10628960 -2.2339311435934546 -0.5042353189715714 0.5181600000000001 0.0 0.0
47836 10628960 -2.222781298864966 -0.5814924538552775 0.5181600000000001 0.0 0.0
47837 10628960 -2.219802979720094 -0.6144810452129209 0.5181600000000001 0.0 0.0
47838 10628960 -2.216824660575222 -0.6474696365705643 0.5181600000000001 0.0 0.0
47839 10628960 -2.2079129248929603 -0.7174511903018185 0.5181600000000001 0.0 0.0
47840 10628960 -2.1990011892106986 -0.7874327440330726 0.5181600000000001 0.0 0.0
47841 10628960 -2.193040714922507 -0.8311333110385342 0.52832 0.0 0.0
47842 10628960 -2.187080240634315 -0.8748338780439956 0.5384800000000001 0.0 0.0
47843 10628960 -2.1811197663461233 -0.9185344450494571 0.54864 0.0 0.0
47844 10628960 -2.1653976852656944 -0.9617960996452053 0.54864 0.0 0.0
47845 10628960 -2.149675604185265 -1.0050577542409536 0.54864 0.0 0.0
47846 10628960 -2.133953523104836 -1.0483194088367016 0.54864 0.0 0.0
47847 10628960 -2.118231442024407 -1.0915810634324499 0.54864 0.0 0.0
47848 10628960 -2.0967747688409544 -1.125121912433159 0.54864 0.0 0.0
47849 10628960 -2.0669773617579494 -1.167115880690255 0.54864 0.0 0.0
47850 10628960 -2.024286695891357 -1.2185844650450155 0.54864 0.0 0.0
47851 10628960 -1.981646909499913 -1.2539122898724433 0.54864 0.0 0.0
47852 10628960 -1.9404824356283228 -1.2856025929436121 0.54864 0.0 0.0
47853 10628960 -1.8980058810391822 -1.3132818498024212 0.54864 0.0 0.0
47854 10628960 -1.857047970977648 -1.3347390615608743 0.54864 0.0 0.0
47855 10628960 -1.8096001094586736 -1.3580847946877306 0.57912 0.0 0.0
47856 10628960 -1.73935325873673 -1.3839790072499902 0.57912 0.0 0.0
47857 10628960 -1.6819875637770767 -1.3998181975669592 0.57912 0.0 0.0
47858 10628960 -1.6575083272885274 -1.4078233547344075 0.57912 0.0 0.0
47859 10628960 -1.633029090799978 -1.4158285119018557 0.57912 0.0 0.0
47860 10628960 -1.5777619972239492 -1.4315646902548862 0.57912 0.0 0.0
47861 10628960 -1.5271898925669702 -1.4399233700270944 0.57912 0.0 0.0
47862 10628960 -1.457059990153495 -1.4574809185963915 0.57912 0.0 0.0
47863 10628960 -1.404960459037232 -1.463884618028133 0.57912 0.0 0.0
47864 10628960 -1.37385068477346 -1.470902269502036 0.57912 0.0 0.0
47865 10628960 -1.3234165626161503 -1.479681688961809 0.57912 0.0 0.0
47866 10628960 -1.2648183126306607 -1.4906627440352076 0.57912 0.0 0.0
47867 10628960 -1.1860256602116583 -1.5050913132640797 0.57912 0.0 0.0
47868 10628960 -1.1592708089782857 -1.508581153084671 0.6096 0.0 0.0
47869 10628960 -1.0760179964719543 -1.5245835246155315 0.6096 0.0 0.0
47870 10628960 -1.0266969666774979 -1.534048388748535 0.6096 0.0 0.0
47871 10628960 -1.001398830586333 -1.5376455159580977 0.6096 0.0 0.0
47872 10628960 -0.9761006944951685 -1.5412426431676605 0.6096 0.0 0.0
47873 10628960 -0.8974571732002719 -1.555852854513162 0.6096 0.0 0.0
47874 10628960 -0.8441192588326802 -1.5625404284334823 0.6096 0.0 0.0
47875 10628960 -0.7901204775236914 -1.574000076215648 0.6096 0.0 0.0
47876 10628960 -0.7283550882210157 -1.5834416060273326 0.6096 0.0 0.0
47877 10628960 -0.6859905585323658 -1.5870083530998487 0.6096 0.0 0.0
47878 10628960 -0.6241216912022611 -1.5961323110595274 0.6096 0.0 0.0
47879 10628960 -0.5575933225212528 -1.6018718161257435 0.6096 0.0 0.0
47880 10628960 -0.4982013654804738 -1.6104187622136432 0.6096 0.0 0.0
47881 10628960 -0.47466832993216146 -1.612619298236335 0.6096 0.0 0.0
47882 10628960 -0.45113529438384914 -1.6148198342590268 0.6096 0.0 0.0
47883 10628960 -0.36034754497278243 -1.6180885189033625 0.6096 0.0 0.0
47884 10628960 -0.31309854460124376 -1.6230158189371573 0.6096 0.0 0.0
47885 10628960 -0.23772560193312642 -1.6261520194247685 0.6096 0.0 0.0
47886 10628960 -0.1830864366256859 -1.6261334202185325 0.6096 0.0 0.0
47887 10628960 -0.15880831099322612 -1.6286348625898694 0.6096 0.0 0.0
47888 10628960 -0.13453018536076633 -1.6311363049612064 0.6096 0.0 0.0
47889 10628960 -0.061584016958568855 -1.6281036080558813 0.6096 0.0 0.0
47890 10628960 -0.006879540077171731 -1.6319604312386393 0.6096 0.0 0.0
47891 10628960 0.04358620239614719 -1.629758672337837 0.6096 0.0 0.0
47892 10628960 0.09726231529619134 -1.6286056130407194 0.6096 0.0 0.0
47893 10628960 0.14313768076160116 -1.6295763674184967 0.6096 0.0 0.0
47894 10628960 0.20971517990361477 -1.629717401726028 0.6096 0.0 0.0
47895 10628960 0.24750451963571363 -1.6309661508817241 0.6096 0.0 0.0
47896 10628960 0.32365682494164405 -1.6330663742583058 0.6096 0.0 0.0
47897 10628960 0.37638237497907917 -1.6293811279034967 0.6096 0.0 0.0
47898 10628960 0.4277972628235242 -1.6297067119875746 0.6096 0.0 0.0
47899 10628960 0.4810806669412554 -1.6311097096532832 0.57912 0.0 0.0
47900 10628960 0.5116858571538392 -1.6304188978663707 0.57912 0.0 0.0
47901 10628960 0.5422910473664231 -1.629728086079458 0.57912 0.0 0.0
47902 10628960 0.6132743193464395 -1.6261647109096353 0.57912 0.0 0.0
47903 10628960 0.6436908916943581 -1.624418820182394 0.57912 0.0 0.0
47904 10628960 0.7222636406892868 -1.6242684069623825 0.57912 0.0 0.0
47905 10628960 0.7723484535917606 -1.6232226330805362 0.57912 0.0 0.0
47906 10628960 0.82640224961436 -1.6209029071523213 0.57912 0.0 0.0
47907 10628960 0.8817412639186104 -1.6173670992962903 0.57912 0.0 0.0
47908 10628960 0.9366115754968898 -1.61145817277364 0.57912 0.0 0.0
47909 10628960 1.0101522733797426 -1.6060397156647523 0.57912 0.0 0.0
47910 10628960 1.0629590919765561 -1.5982877281967358 0.57912 0.0 0.0
47911 10628960 1.0902102456758391 -1.5956230387976098 0.57912 0.0 0.0
47912 10628960 1.117461399375122 -1.5929583493984838 0.57912 0.0 0.0
47913 10628960 1.1889501088801202 -1.5851157551422628 0.57912 0.0 0.0
47914 10628960 1.2180470983558012 -1.5830535510820338 0.57912 0.0 0.0
47915 10628960 1.2968165639891327 -1.5771206393230675 0.57912 0.0 0.0
47916 10628960 1.3253548041672518 -1.569969064857409 0.57912 0.0 0.0
47917 10628960 1.4038258782575022 -1.5635872237327815 0.57912 0.0 0.0
47918 10628960 1.4543129317707475 -1.558579844273082 0.57912 0.0 0.0
47919 10628960 1.5044443135692187 -1.5535728295587028 0.57912 0.0 0.0
47920 10628960 1.5557691921569377 -1.5470861274130199 0.57912 0.0 0.0
47921 10628960 1.6329195337043454 -1.542023119765896 0.57912 0.0 0.0
47922 10628960 1.659218990083879 -1.537643995211026 0.57912 0.0 0.0
47923 10628960 1.7402244603148298 -1.5289324047380257 0.57912 0.0 0.0
47924 10628960 1.774451342285736 -1.5240748573812297 0.57912 0.0 0.0
47925 10628960 1.8086782242566422 -1.519217310024434 0.57912 0.0 0.0
47926 10628960 1.8469020113135488 -1.5136786464739465 0.57912 0.0 0.0
47927 10628960 1.8851257983704557 -1.5081399829234587 0.57912 0.0 0.0
47928 10628960 1.9547976052172513 -1.502851710509393 0.57912 0.0 0.0
47929 10628960 1.9995268337800494 -1.496428369637281 0.57912 0.0 0.0
47930 10628960 2.0325320945619927 -1.4959897764120416 0.57912 0.0 0.0
47931 10628960 2.100967324448806 -1.4863247216992344 0.54864 0.0 0.0
47932 10628960 2.1440342511192103 -1.4781897309697802 0.54864 0.0 0.0
47933 10628960 2.1918354687641672 -1.4732355748167503 0.54864 0.0 0.0
47934 10628960 2.2359191223037933 -1.4715065586472906 0.54864 0.0 0.0
47935 10628960 2.270853909043967 -1.4651551477161877 0.54864 0.0 0.0
47936 10628960 2.3220510966081305 -1.456869837007045 0.54864 0.0 0.0
47937 10628960 2.3724205611697813 -1.4519353364156051 0.54864 0.0 0.0
47938 10628960 2.3952547895361054 -1.4486422631767224 0.54864 0.0 0.0
47939 10628960 2.433044965094952 -1.4417036975105526 0.54864 0.0 0.0
47940 10628960 2.502785602934222 -1.4321110978669258 0.54864 0.0 0.0
47941 10628960 2.543051321408891 -1.4273819254742013 0.54864 0.0 0.0
47942 10628960 2.5807439459997585 -1.4196514568064789 0.5410200000000001 0.0 0.0
47943 10628960 2.618436570590626 -1.4119209881387562 0.5334000000000001 0.0 0.0
47944 10628960 2.6569215370381487 -1.401762139740394 0.5257800000000001 0.0 0.0
47945 10628960 2.695406503485671 -1.391603291342032 0.5181600000000001 0.0 0.0
47946 10628960 2.715089910053913 -1.3819074485850023 0.5181600000000001 0.0 0.0
47947 10628960 2.751897094161853 -1.3668200706070794 0.5181600000000001 0.0 0.0
47948 10628960 2.7962266487011105 -1.3405203585407899 0.5181600000000001 0.0 0.0
47949 10628960 2.8405562032403675 -1.3142206464745003 0.5181600000000001 0.0 0.0
47950 10628960 2.8999888707779116 -1.2518481201201275 0.5181600000000001 0.0 0.0
47951 10628960 2.9180167825654735 -1.2265425493165352 0.50292 0.0 0.0
47952 10628960 2.9360446943530354 -1.2012369785129429 0.48768 0.0 0.0
47953 10628960 2.9490099445716256 -1.1642330244722041 0.48768 0.0 0.0
47954 10628960 2.9598448073167845 -1.1223284388611243 0.48768 0.0 0.0
47955 10628960 2.9706796700619433 -1.0804238532500443 0.48768 0.0 0.0
47956 10628960 2.975377362962461 -1.0208630814924498 0.48768 0.0 0.0
47957 10628960 2.974607641526754 -1.0014542703522276 0.48768 0.0 0.0
47958 10628960 2.9732292293286458 -0.9621440211358099 0.47752 0.0 0.0
47959 10628960 2.9718508171305373 -0.9228337719193923 0.46736000000000005 0.0 0.0
47960 10628960 2.970472404932429 -0.8835235227029746 0.45720000000000005 0.0 0.0
47961 10628960 2.9696871692558284 -0.8505590733963534 0.45720000000000005 0.0 0.0
47962 10628960 2.968171485301438 -0.789904676018895 0.45720000000000005 0.0 0.0
47963 10628960 2.968859361553032 -0.7687520440407453 0.45720000000000005 0.0 0.0
47964 10628960 2.9669108638765715 -0.7246608608990507 0.45720000000000005 0.0 0.0
47965 10628960 2.9608473112905687 -0.6572652368317433 0.45720000000000005 0.0 0.0
47966 10628960 2.962484737452442 -0.619601086227988 0.45720000000000005 0.0 0.0
47967 10628960 2.9608007458240575 -0.5959219923397637 0.45720000000000005 0.0 0.0
47968 10628960 2.954361725988341 -0.5247823471275469 0.45720000000000005 0.0 0.0
47969 10628960 2.9563798012611757 -0.5145188023292834 0.45720000000000005 0.0 0.0
47970 10628960 2.9583978765340104 -0.5042552575310199 0.45720000000000005 0.0 0.0
47971 10628960 2.9459785199831447 -0.4253226552758097 0.45720000000000005 0.0 0.0
47972 10628960 2.939099500990631 -0.3838271537069652 0.45720000000000005 0.0 0.0
47973 10628960 2.9375425091617897 -0.33962978212115913 0.45720000000000005 0.0 0.0
47974 10628960 2.9316929267654768 -0.3031428486392027 0.45720000000000005 0.0 0.0
47975 10628960 2.9179000229679692 -0.26242758074312156 0.45720000000000005 0.0 0.0
47976 10628960 2.91817392510029 -0.24499455960939073 0.45720000000000005 0.0 0.0
47977 10628960 2.8973722598770566 -0.1906601387266851 0.42672000000000004 0.0 0.0
47978 10628960 2.89094756456336 -0.1776990067264276 0.42672000000000004 0.0 0.0
47979 10628960 2.862876201071898 -0.12496301937894574 0.42672000000000004 0.0 0.0
47980 10628960 2.8441141934367673 -0.10300968187970108 0.42672000000000004 0.0 0.0
47981 10628960 2.825352185801637 -0.08105634438045642 0.42672000000000004 0.0 0.0
47982 10628960 2.8039895176233816 -0.06543810470251607 0.42672000000000004 0.0 0.0
47983 10628960 2.7826268494451263 -0.04981986502457572 0.42672000000000004 0.0 0.0
47984 10628960 2.713597287554472 -0.02191113819924259 0.42672000000000004 0.0 0.0
47985 10628960 2.667075346994322 -0.012096955878518362 0.39624000000000004 0.0 0.0
47986 10628960 2.6273962671985593 -0.005801479587529329 0.39624000000000004 0.0 0.0
47987 10628960 2.58755459952211 -0.0027236084874137922 0.39624000000000004 0.0 0.0
47988 10628960 2.5673257943610457 -0.007567462344395953 0.39624000000000004 0.0 0.0
47989 10628960 2.5090129420129887 -0.0039490891143176 0.39624000000000004 0.0 0.0
47990 10628960 2.476117352417856 -0.00407301645833083 0.39624000000000004 0.0 0.0
47991 10628960 2.4327404739467298 -0.006381956761137203 0.36576 0.0 0.0
47992 10628960 2.388733402631225 -0.007900804198690575 0.36576 0.0 0.0
47993 10628960 2.347675390442758 -0.00582636262322847 0.36576 0.0 0.0
47994 10628960 2.3037178050536253 -0.0017535503475481218 0.36576 0.0 0.0
47995 10628960 2.276744422034304 -0.0014155049041556511 0.36576 0.0 0.0
47996 10628960 2.2497710390149823 -0.0010774594607631804 0.36576 0.0 0.0
47997 10628960 2.207556118695634 0.002894170866875073 0.36576 0.0 0.0
47998 10628960 2.1678959699146625 0.003812222092277523 0.33528 0.0 0.0
47999 10628960 2.142670041750443 0.002703925311911576 0.33528 0.0 0.0
48000 10628960 2.094748884772015 0.004158912916626956 0.33528 0.0 0.0
48001 10628960 2.0468277277935862 0.005613900521342335 0.33528 0.0 0.0
48002 10628960 2.0014897548052697 0.0038309314499068714 0.33528 0.0 0.0
48003 10628960 1.9588279636588648 0.0033551548891150307 0.33528 0.0 0.0
48004 10628960 1.91616617251246 0.00287937832832319 0.33528 0.0 0.0
48005 10628960 1.873504381366055 0.0024036017675313492 0.33528 0.0 0.0
48006 10628960 1.8538214765854528 0.0005958051111212836 0.32004 0.0 0.0
48007 10628960 1.8341385718048508 -0.001211991545288782 0.3048 0.0 0.0
48008 10628960 1.790000236819064 -0.00040645383527172785 0.3048 0.0 0.0
48009 10628960 1.745861901833277 0.00039908387474532625 0.3048 0.0 0.0
48010 10628960 1.7003301518435356 0.0010177106844024425 0.3048 0.0 0.0
48011 10628960 1.6547984018537942 0.0016363374940595588 0.3048 0.0 0.0
48012 10628960 1.6154921971194096 0.0017410807765016688 0.3048 0.0 0.0
48013 10628960 1.576185992385025 0.0018458240589437791 0.3048 0.0 0.0
48014 10628960 1.5368797876506406 0.0019505673413858892 0.3048 0.0 0.0
48015 10628960 1.497573582916256 0.0020553106238279995 0.3048 0.0 0.0
48016 10628960 1.4582673781818714 0.0021600539062701096 0.3048 0.0 0.0
48017 10628960 1.4276440199379803 0.0012984761731579995 0.29464 0.0 0.0
48018 10628960 1.397020661694089 0.00043689844004588907 0.28448 0.0 0.0
48019 10628960 1.366397303450198 -0.0004246792930662213 0.27432 0.0 0.0
48020 10628960 1.351953433142702 0.004293486630140425 0.27432 0.0 0.0
48021 10628960 1.3083644692633842 0.004747086575254307 0.27432 0.0 0.0
48022 10628960 1.2647755053840664 0.005200686520368189 0.27432 0.0 0.0
48023 10628960 1.2365729139891173 0.004749564928014664 0.27432 0.0 0.0
48024 10628960 1.2083703225941684 0.004298443335661139 0.27432 0.0 0.0
48025 10628960 1.1801677311992194 0.003847321743307614 0.27432 0.0 0.0
48026 10628960 1.1519651398042705 0.0033962001509540898 0.27432 0.0 0.0
48027 10628960 1.1237625484093214 0.0029450785586005645 0.27432 0.0 0.0
48028 10628960 1.0955599570143724 0.0024939569662470397 0.27432 0.0 0.0
48029 10628960 1.0673573656194235 0.002042835373893515 0.27432 0.0 0.0
48030 10628960 1.0391547742244744 0.00159171378153999 0.27432 0.0 0.0
48031 10628960 1.0109521828295256 0.0011405921891864653 0.27432 0.0 0.0
48032 10628960 0.9827495914345765 0.00068947059683294 0.27432 0.0 0.0
48033 10628960 0.9545470000396276 0.00023834900447941565 0.27432 0.0 0.0
48034 10628960 0.9093243704482037 0.0018119338684299963 0.27432 0.0 0.0
48035 10628960 0.888852274625685 0.001218461862442626 0.27432 0.0 0.0
48036 10628960 0.8683801788031661 0.0006249898564552557 0.27432 0.0 0.0
48037 10628960 0.8479080829806473 3.1517850467885355e-05 0.27432 0.0 0.0
48038 10628960 0.8091758493124508 0.0021721150571111514 0.27432 0.0 0.0
48039 10628960 0.7963985992167169 0.0025694997713047916 0.27432 0.0 0.0
48040 10628960 0.7836213491209829 0.0029668844854984313 0.27432 0.0 0.0
48041 10628960 0.770844099025249 0.0033642691996920715 0.27432 0.0 0.0
48042 10628960 0.7513820257324563 0.002918206165842048 0.27432 0.0 0.0
48043 10628960 0.7319199524396636 0.0024721431319920245 0.27432 0.0 0.0
48044 10628960 0.7124578791468709 0.002026080098142001 0.27432 0.0 0.0
48045 10628960 0.6929958058540782 0.0015800170642919775 0.27432 0.0 0.0
48046 10628960 0.6769734527217601 0.004186738456503414 0.27432 0.0 0.0
48047 10628960 0.660951099589442 0.00679345984871485 0.27432 0.0 0.0
48048 10628960 0.6449551231415314 0.006762995013154027 0.27432 0.0 0.0
48049 10628960 0.6332233120131683 0.00510555380045645 0.27432 0.0 0.0
48050 10628960 0.6248927837065531 0.005105583822092366 0.27432 0.0 0.0
48051 10628960 0.616562255399938 0.005105613843728282 0.27432 0.0 0.0
48052 10628960 0.6082317270933228 0.005105643865364199 0.27432 0.0 0.0
48053 10628960 0.5999011987867077 0.005105673887000115 0.27432 0.0 0.0
48054 10628960 0.5915706704800925 0.005105703908636031 0.27432 0.0 0.0
48055 10628960 0.5832401421734774 0.005105733930271947 0.27432 0.0 0.0
48056 10628960 0.5749096138668622 0.005105763951907863 0.27432 0.0 0.0
48057 10628960 0.566579085560247 0.005105793973543779 0.27432 0.0 0.0
48058 10628960 0.558248557253632 0.005105823995179695 0.27432 0.0 0.0
48059 10628960 0.5499180289470168 0.005105854016815611 0.27432 0.0 0.0
48060 10628960 0.536867752691595 0.0037625786196418447 0.27432 0.0 0.0
48061 10628960 0.5238174764361732 0.0024193032224680785 0.27432 0.0 0.0
48062 10628960 0.5107672001807514 0.0010760278252943123 0.27432 0.0 0.0
48063 10628960 0.5024337556177741 0.001423727778579264 0.27432 0.0 0.0
48064 10628960 0.4941003110547969 0.0017714277318642156 0.27432 0.0 0.0
48065 10628960 0.48576686649181966 0.002119127685149167 0.27432 0.0 0.0
48066 10628960 0.4774334219288424 0.002466827638434119 0.27432 0.0 0.0
48067 10628960 0.46909997736586523 0.0028145275917190707 0.27432 0.0 0.0
48068 10628960 0.460766532802888 0.003162227545004022 0.27432 0.0 0.0
48069 10628960 0.45243308823991074 0.003509927498288974 0.27432 0.0 0.0
48070 10628960 0.4440996436769335 0.0038576274515739256 0.27432 0.0 0.0
48071 10628960 0.43576619911395625 0.004205327404858877 0.27432 0.0 0.0
48072 10628960 0.4286834728075912 0.004092455598783472 0.27432 0.0 0.0
48073 10628960 0.4216007465012262 0.003979583792708065 0.27432 0.0 0.0
48074 10628960 0.41451802019486117 0.0038667119866326594 0.27432 0.0 0.0
48075 10628960 0.40743529388849614 0.0037538401805572532 0.27432 0.0 0.0
48076 10628960 0.4003525675821311 0.0036409683744818475 0.27432 0.0 0.0
48077 10628960 0.3932698412757661 0.0035280965684064414 0.27432 0.0 0.0
48078 10628960 0.38618711496940106 0.0034152247623310357 0.27432 0.0 0.0
48079 10628960 0.37910438866303603 0.0033023529562556295 0.27432 0.0 0.0
48080 10628960 0.372021662356671 0.0031894811501802234 0.27432 0.0 0.0
48081 10628960 0.3665094293537787 0.003647329327127996 0.27432 0.0 0.0
48082 10628960 0.3609971963508865 0.004105177504075769 0.27432 0.0 0.0
48083 10628960 0.3554849633479943 0.0045630256810235414 0.27432 0.0 0.0
48084 10628960 0.349972730345102 0.005020873857971314 0.27432 0.0 0.0
48085 10628960 0.34152907429081336 0.013154395735359176 0.27432 0.0 0.0
48086 10628960 0.33993241955640585 0.016421669567229513 0.27432 0.0 0.0
48087 10628960 0.3383357648219983 0.01968894339909985 0.27432 0.0 0.0
48088 10628960 0.3367391100875907 0.02295621723097019 0.27432 0.0 0.0
48089 10628960 0.3351424553531832 0.026223491062840526 0.27432 0.0 0.0
48090 10628960 0.3359613267016732 0.03144685442200884 0.27432 0.0 0.0
48091 10628960 0.33540858771367904 0.035190782349787855 0.27432 0.0 0.0
48092 10628960 0.33485584872568486 0.03893471027756687 0.27432 0.0 0.0
48093 10628960 0.3343031097376907 0.042678638205345884 0.27432 0.0 0.0
48094 10628960 0.3337503707496965 0.0464225661331249 0.27432 0.0 0.0
48095 10628960 0.3331976317617023 0.05016649406090391 0.27432 0.0 0.0
48096 10628960 0.3326448927737081 0.05391042198868293 0.27432 0.0 0.0
48097 10628960 0.3347606606537763 0.05535696052267222 0.27432 0.0 0.0
48098 10628960 0.3368764285338445 0.05680349905666152 0.27432 0.0 0.0
48099 10628960 0.33899219641391265 0.05825003759065082 0.27432 0.0 0.0
48100 10628960 0.3411079642939808 0.05969657612464012 0.27432 0.0 0.0
48101 10628960 0.343223732174049 0.06114311465862941 0.27432 0.0 0.0
48102 10628960 0.3453395000541172 0.06258965319261871 0.27432 0.0 0.0
48103 10628960 0.34745526793418535 0.064036191726608 0.27432 0.0 0.0
48104 10628960 0.34957103581425353 0.06548273026059731 0.27432 0.0 0.0
48105 10628960 0.3516868036943217 0.0669292687945866 0.27432 0.0 0.0
48106 10628960 0.3538025715743899 0.0683758073285759 0.27432 0.0 0.0
48107 10628960 0.35591833945445805 0.0698223458625652 0.27432 0.0 0.0
48108 10628960 0.35803410733452623 0.07126888439655449 0.27432 0.0 0.0
48109 10628960 0.3601498752145944 0.0727154229305438 0.27432 0.0 0.0
48110 10628960 0.3622656430946626 0.07416196146453309 0.27432 0.0 0.0
48111 10628960 0.36438141097473076 0.07560849999852239 0.27432 0.0 0.0
48112 10628960 0.36649717885479893 0.07705503853251168 0.27432 0.0 0.0
48113 10628960 0.3686129467348671 0.07850157706650099 0.27432 0.0 0.0
48114 10628960 0.3707287146149353 0.07994811560049028 0.27432 0.0 0.0
48115 10628960 0.37284448249500346 0.08139465413447958 0.27432 0.0 0.0
48116 10628960 0.37496025037507164 0.08284119266846887 0.27432 0.0 0.0
48117 10628960 0.3785711776596564 0.0816611500253075 0.27432 0.0 0.0
48118 10628960 0.3821821049442412 0.0804811073821461 0.27432 0.0 0.0
48119 10628960 0.38579303222882605 0.07930106473898471 0.27432 0.0 0.0
48120 10628960 0.38940395951341084 0.07812102209582333 0.27432 0.0 0.0
48121 10628960 0.3947865281554386 0.0778974977860981 0.27432 0.0 0.0
48122 10628960 0.4001690967974663 0.07767397347637288 0.27432 0.0 0.0
48123 10628960 0.40555166543949406 0.07745044916664764 0.27432 0.0 0.0
48124 10628960 0.41093423408152174 0.07722692485692242 0.27432 0.0 0.0
48125 10628960 0.4163168027235495 0.07700340054719719 0.27432 0.0 0.0
48126 10628960 0.4216993713655772 0.07677987623747197 0.27432 0.0 0.0
48127 10628960 0.42708194000760497 0.07655635192774674 0.27432 0.0 0.0
48128 10628960 0.4314862468015344 0.07780413091290933 0.27432 0.0 0.0
48129 10628960 0.4358905535954638 0.07905190989807191 0.27432 0.0 0.0
48130 10628960 0.44029486038939325 0.0802996888832345 0.27432 0.0 0.0
48131 10628960 0.4446991671833227 0.08154746786839709 0.27432 0.0 0.0
48132 10628960 0.4510937994342089 0.08163858467825935 0.27432 0.0 0.0
48133 10628960 0.4574884316850952 0.08172970148812163 0.27432 0.0 0.0
48134 10628960 0.4638830639359814 0.08182081829798389 0.27432 0.0 0.0
48135 10628960 0.4676548947859981 0.08266195140229024 0.27432 0.0 0.0
48136 10628960 0.47142672563601473 0.08350308450659659 0.27432 0.0 0.0
48137 10628960 0.47519855648603143 0.08434421761090294 0.27432 0.0 0.0
48138 10628960 0.47897038733604813 0.08518535071520929 0.27432 0.0 0.0
48139 10628960 0.4827422181860648 0.08602648381951564 0.27432 0.0 0.0
48140 10628960 0.4865140490360815 0.08686761692382199 0.27432 0.0 0.0
48141 10628960 0.4902858798860981 0.08770875002812833 0.27432 0.0 0.0
48142 10628960 0.4940577107361148 0.08854988313243468 0.27432 0.0 0.0
48143 10628960 0.494833825397919 0.09092490467339553 0.27432 0.0 0.0
48144 10628960 0.4956099400597232 0.09329992621435639 0.27432 0.0 0.0
48145 10628960 0.4982841065617596 0.09604774102468573 0.27432 0.0 0.0
48146 10628960 0.49809201019353533 0.10105069386077926 0.27432 0.0 0.0
48147 10628960 0.49789991382531107 0.10605364669687281 0.27432 0.0 0.0
48148 10628960 0.4977078174570868 0.11105659953296634 0.27432 0.0 0.0
48149 10628960 0.4975157210888626 0.11605955236905989 0.27432 0.0 0.0
48150 10628960 0.49732362472063835 0.12106250520515342 0.27432 0.0 0.0
48151 10628960 0.4971315283524141 0.12606545804124697 0.27432 0.0 0.0
48152 10628960 0.49693943198418983 0.1310684108773405 0.27432 0.0 0.0
48153 10628960 0.49743351078072295 0.1369966456605499 0.27432 0.0 0.0
48154 10628960 0.49792758957725614 0.14292488044375928 0.27432 0.0 0.0
48155 10628960 0.49842166837378926 0.1488531152269687 0.27432 0.0 0.0
48156 10628960 0.4989157471703224 0.1547813500101781 0.27432 0.0 0.0
48157 10628960 0.49940982596685557 0.16070958479338748 0.27432 0.0 0.0
48158 10628960 0.4999039047633887 0.1666378195765969 0.27432 0.0 0.0
48159 10628960 0.5003979835599218 0.1725660543598063 0.27432 0.0 0.0
48160 10628960 0.500892062356455 0.17849428914301568 0.27432 0.0 0.0
48161 10628960 0.5042756715463717 0.179608320276385 0.27432 0.0 0.0
48162 10628960 0.5026167771268724 0.18377211052118625 0.27432 0.0 0.0
48163 10628960 0.507449142982797 0.1893195129102771 0.27432 0.0 0.0
48164 10628960 0.511361413558554 0.19177955911156086 0.27432 0.0 0.0
48165 10628960 0.5143759350283574 0.1926247783625764 0.27432 0.0 0.0
48166 10628960 0.5173904564981607 0.193469997613592 0.27432 0.0 0.0
48167 10628960 0.5204049779679641 0.19431521686460754 0.27432 0.0 0.0
48168 10628960 0.5234194994377676 0.1951604361156231 0.27432 0.0 0.0
48169 10628960 0.5264340209075709 0.19600565536663866 0.27432 0.0 0.0
48170 10628960 0.5294485423773743 0.19685087461765421 0.27432 0.0 0.0
48171 10628960 0.5341538898315501 0.19664218751365442 0.27432 0.0 0.0
48172 10628960 0.5388592372857258 0.19643350040965463 0.27432 0.0 0.0
48173 10628960 0.5435645847399017 0.19622481330565483 0.27432 0.0 0.0
48174 10628960 0.5482699321940774 0.19601612620165504 0.27432 0.0 0.0
48175 10628960 0.5529752796482532 0.19580743909765524 0.27432 0.0 0.0
48176 10628960 0.557680627102429 0.19559875199365545 0.27432 0.0 0.0
48177 10628960 0.5623859745566048 0.19539006488965566 0.27432 0.0 0.0
48178 10628960 0.5670913220107806 0.19518137778565586 0.27432 0.0 0.0
48179 10628960 0.5729151897841511 0.19397924846487224 0.27432 0.0 0.0
48180 10628960 0.5787390575575218 0.19277711914408863 0.27432 0.0 0.0
48181 10628960 0.5835535510027126 0.19120386503248016 0.27432 0.0 0.0
48182 10628960 0.5851402397564888 0.19605947697512688 0.27432 0.0 0.0
48183 10628960 0.5875474853571485 0.19527285210816486 0.27432 0.0 0.0
48184 10628960 0.5899547309578081 0.19448622724120285 0.27432 0.0 0.0
48185 10628960 0.5947692232351434 0.19291298080017596 0.27432 0.0 0.0
48186 10628960 0.5984171288973399 0.19211817061274078 0.27432 0.0 0.0
48187 10628960 0.6020650345595365 0.1913233604253056 0.27432 0.0 0.0
48188 10628960 0.6057129402217332 0.1905285502378704 0.27432 0.0 0.0
48189 10628960 0.6093608458839297 0.18973374005043522 0.27432 0.0 0.0
48190 10628960 0.6130087515461262 0.18893892986300004 0.27432 0.0 0.0
48191 10628960 0.6166566572083229 0.18814411967556482 0.27432 0.0 0.0
48192 10628960 0.6203045628705195 0.18734930948812964 0.27432 0.0 0.0
48193 10628960 0.623952468532716 0.18655449930069445 0.27432 0.0 0.0
48194 10628960 0.6276003741949125 0.18575968911325927 0.27432 0.0 0.0
48195 10628960 0.6312482798571092 0.18496487892582408 0.27432 0.0 0.0
48196 10628960 0.6319581141694358 0.18373989039129018 0.27432 0.0 0.0
48197 10628960 0.6326679484817626 0.18251490185675626 0.27432 0.0 0.0
48198 10628960 0.6333777827940892 0.18128991332222233 0.27432 0.0 0.0
48199 10628960 0.6340876171064158 0.18006492478768843 0.27432 0.0 0.0
48200 10628960 0.6346231859028472 0.1762682509945264 0.27432 0.0 0.0
48201 10628960 0.6351587546992784 0.17247157720136436 0.27432 0.0 0.0
48202 10628960 0.6356943234957098 0.16867490340820232 0.27432 0.0 0.0
