28182 11322591 1.4167035321302328 0.004054260763173764 0.36576 1.5424659315949105 0.05133685098488949
28183 11322591 1.4041591142253087 0.003712600283459744 0.36576 1.5424659315949105 0.05133685098488949
28184 11322591 1.3916146963203848 0.0033709398037457235 0.36576 1.5424659315949105 0.05133685098488949
28185 11322591 1.3790702784154607 0.0030292793240317027 0.36576 1.5424659315949105 0.05133685098488949
28186 11322591 1.3665258605105368 0.0026876188443176823 0.36576 1.5424659315949105 0.05133685098488949
28187 11322591 1.3539814426056127 0.002345958364603662 0.36576 1.5424659315949105 0.05133685098488949
28188 11322591 1.3344036932344703 0.0022224791050565323 0.36576 1.5424659315949105 0.05133685098488949
28189 11322591 1.314825943863328 0.0020989998455094028 0.36576 1.5424659315949105 0.05133685098488949
28190 11322591 1.2952481944921856 0.001975520585962273 0.36576 1.5424659315949105 0.05133685098488949
28191 11322591 1.2756704451210434 0.0018520413264151436 0.36576 1.5424659315949105 0.05133685098488949
28192 11322591 1.256092695749901 0.001728562066868014 0.36576 1.5424659315949105 0.05133685098488949
28193 11322591 1.2249804926998915 0.0018652777537828877 0.36829999999999996 1.5424659315949105 0.05133685098488949
28194 11322591 1.193868289649882 0.0020019934406977614 0.37084 1.5424659315949105 0.05133685098488949
28195 11322591 1.1627560865998725 0.002138709127612635 0.37338 1.5424659315949105 0.05133685098488949
28196 11322591 1.131643883549863 0.0022754248145275082 0.37592 1.5424659315949105 0.05133685098488949
28197 11322591 1.1005316804998535 0.0024121405014423817 0.37846 1.5424659315949105 0.05133685098488949
28198 11322591 1.069419477449844 0.0025488561883572555 0.381 1.5424659315949105 0.05133685098488949
28199 11322591 1.0383072743998345 0.002685571875272129 0.38354 1.5424659315949105 0.05133685098488949
28200 11322591 1.007195071349825 0.0028222875621870024 0.38608000000000003 1.5424659315949105 0.05133685098488949
28201 11322591 0.9760828682998154 0.0029590032491018763 0.38862 1.5424659315949105 0.05133685098488949
28202 11322591 0.9449706652498059 0.0030957189360167497 0.39116 1.5424659315949105 0.05133685098488949
28203 11322591 0.9138584621997964 0.003232434622931623 0.39370000000000005 1.5424659315949105 0.05133685098488949
28204 11322591 0.8827462591497869 0.003369150309846497 0.39624000000000004 1.5424659315949105 0.05133685098488949
28205 11322591 0.845286311786378 0.004918922053933277 0.39624000000000004 1.5424659315949105 0.05133685098488949
28206 11322591 0.8078263644229691 0.006468693798020057 0.39624000000000004 1.5424659315949105 0.05133685098488949
28207 11322591 0.7703664170595602 0.008018465542106838 0.39624000000000004 1.5424659315949105 0.05133685098488949
28208 11322591 0.7329064696961514 0.009568237286193618 0.39624000000000004 1.5424659315949105 0.05133685098488949
28209 11322591 0.6940759230145572 0.010865449839825896 0.39624000000000004 1.5424659315949105 0.05133685098488949
28210 11322591 0.6552453763329631 0.012162662393458173 0.39624000000000004 1.5424659315949105 0.05133685098488949
28211 11322591 0.617193224375528 0.012037637529079236 0.39624000000000004 1.5424659315949105 0.05133685098488949
28212 11322591 0.579141072418093 0.011912612664700298 0.39624000000000004 1.5424659315949105 0.05133685098488949
28213 11322591 0.5405053143744006 0.013263780408313372 0.39624000000000004 1.5424659315949105 0.05133685098488949
28214 11322591 0.5018695563307083 0.014614948151926446 0.39624000000000004 1.5424659315949105 0.05133685098488949
28215 11322591 0.46369119947657034 0.014648747404573711 0.39624000000000004 1.5424659315949105 0.05133685098488949
28216 11322591 0.42551284262243244 0.014682546657220977 0.39624000000000004 1.5424659315949105 0.05133685098488949
28217 11322591 0.3860242109493811 0.017773467822104982 0.42672000000000004 1.5424659315949105 0.05133685098488949
28218 11322591 0.34558166163999404 0.018489270013818754 0.42672000000000004 1.5424659315949105 0.05133685098488949
28219 11322591 0.30595497256361925 0.021158414110355572 0.42672000000000004 1.5424659315949105 0.05133685098488949
28220 11322591 0.2686612917518103 0.023357481930710938 0.42672000000000004 1.5424659315949105 0.05133685098488949
28221 11322591 0.23136761094000136 0.025556549751066304 0.42672000000000004 1.5424659315949105 0.05133685098488949
28222 11322591 0.19513655595187207 0.029920448884946937 0.42672000000000004 1.5424659315949105 0.05133685098488949
28223 11322591 0.15133253715273876 0.02904879941945604 0.42672000000000004 1.5424659315949105 0.05133685098488949
28224 11322591 0.11400421355868001 0.031143126963233278 0.42672000000000004 1.5424659315949105 0.05133685098488949
28225 11322591 0.07667588996462127 0.033237454507010517 0.42672000000000004 1.5424659315949105 0.05133685098488949
28226 11322591 0.03781996313387914 0.03881053060601408 0.45720000000000005 1.5424659315949105 0.05133685098488949
28227 11322591 -0.00034983773166746834 0.04240719531946811 0.45720000000000005 1.5424659315949105 0.05133685098488949
28228 11322591 -0.03851963859721408 0.046003860032922145 0.45720000000000005 1.5424659315949105 0.05133685098488949
28229 11322591 -0.07912315510887025 0.046774542829329274 0.45720000000000005 1.5424659315949105 0.05133685098488949
28230 11322591 -0.11747964667782185 0.05306154725064757 0.45720000000000005 1.5424659315949105 0.05133685098488949
28231 11322591 -0.15583613824677345 0.05934855167196587 0.45720000000000005 1.5424659315949105 0.05133685098488949
28232 11322591 -0.1933769089448496 0.06133853103037398 0.45720000000000005 1.5424659315949105 0.05133685098488949
28233 11322591 -0.2363533638322346 0.06300256162712134 0.45720000000000005 1.5424659315949105 0.05133685098488949
28234 11322591 -0.2738340413025999 0.06789420129348164 0.47244 1.5424659315949105 0.05133685098488949
28235 11322591 -0.31131471877296524 0.07278584095984195 0.48768 1.5424659315949105 0.05133685098488949
28236 11322591 -0.350866099686837 0.07677755790975191 0.48768 1.5424659315949105 0.05133685098488949
28237 11322591 -0.3904174806007088 0.08076927485966187 0.48768 1.5424659315949105 0.05133685098488949
28238 11322591 -0.4298955071841233 0.08362752419362979 0.48768 1.5424659315949105 0.05133685098488949
28239 11322591 -0.46937353376753777 0.0864857735275977 0.48768 1.5424659315949105 0.05133685098488949
28240 11322591 -0.5092355841779619 0.08952840823037048 0.48768 1.5424659315949105 0.05133685098488949
28241 11322591 -0.549097634588386 0.09257104293314325 0.48768 1.5424659315949105 0.05133685098488949
28242 11322591 -0.5895831785766219 0.09710312675209071 0.48768 1.5424659315949105 0.05133685098488949
28243 11322591 -0.6300687225648578 0.10163521057103816 0.48768 1.5424659315949105 0.05133685098488949
28244 11322591 -0.6702025978896491 0.1024892129888009 0.48768 1.5424659315949105 0.05133685098488949
28245 11322591 -0.7101165691711505 0.10537465301333213 0.50292 1.5424659315949105 0.05133685098488949
28246 11322591 -0.7500305404526519 0.10826009303786335 0.5181600000000001 1.5424659315949105 0.05133685098488949
28247 11322591 -0.7899100497353946 0.11125142153714815 0.5181600000000001 1.5424659315949105 0.05133685098488949
28248 11322591 -0.8298025453844076 0.11284529559245529 0.5181600000000001 1.5424659315949105 0.05133685098488949
28249 11322591 -0.8696950410334205 0.11443916964776243 0.5181600000000001 1.5424659315949105 0.05133685098488949
28250 11322591 -0.9107092835909517 0.11803596019141624 0.5181600000000001 1.5424659315949105 0.05133685098488949
28251 11322591 -0.9517235261484829 0.12163275073507004 0.5181600000000001 1.5424659315949105 0.05133685098488949
28252 11322591 -0.9916161870362212 0.12322753634916697 0.5181600000000001 1.5424659315949105 0.05133685098488949
28253 11322591 -1.0315088479239596 0.1248223219632639 0.5181600000000001 1.5424659315949105 0.05133685098488949
28254 11322591 -1.0729546711618152 0.12710068491462242 0.5181600000000001 1.5424659315949105 0.05133685098488949
28255 11322591 -1.1144004943996708 0.12937904786598095 0.5181600000000001 1.5424659315949105 0.05133685098488949
28256 11322591 -1.1540624768944046 0.13235971357139772 0.5334000000000001 1.5424659315949105 0.05133685098488949
28257 11322591 -1.1937244593891385 0.1353403792768145 0.54864 1.5424659315949105 0.05133685098488949
28258 11322591 -1.2337316861133703 0.13726600437515332 0.54864 1.5424659315949105 0.05133685098488949
28259 11322591 -1.273738912837602 0.13919162947349215 0.54864 1.5424659315949105 0.05133685098488949
28260 11322591 -1.3160951821832636 0.14276208783070618 0.54864 1.5424659315949105 0.05133685098488949
28261 11322591 -1.3538916407196244 0.14262169151608803 0.54864 1.5424659315949105 0.05133685098488949
28262 11322591 -1.3916880992559852 0.14248129520146988 0.54864 1.5424659315949105 0.05133685098488949
28263 11322591 -1.432258594614076 0.14336528276474833 0.57912 1.5424659315949105 0.05133685098488949
28264 11322591 -1.4725357390273042 0.1451467717976733 0.57912 1.5424659315949105 0.05133685098488949
28265 11322591 -1.5128128834405323 0.14692826083059826 0.57912 1.5424659315949105 0.05133685098488949
28266 11322591 -1.5513233426384996 0.14433497908400025 0.57912 1.5424659315949105 0.05133685098488949
28267 11322591 -1.5714482161595478 0.14472493804739991 0.57912 1.5424659315949105 0.05133685098488949
28268 11322591 -1.591573089680596 0.14511489701079958 0.57912 1.5424659315949105 0.05133685098488949
28269 11322591 -1.6703764671897747 0.1458868999703726 0.57912 1.5424659315949105 0.05133685098488949
28270 11322591 -1.7109777202621586 0.1453220303656286 0.57912 1.5424659315949105 0.05133685098488949
28271 11322591 -1.7515789733345424 0.1447571607608846 0.57912 1.5424659315949105 0.05133685098488949
28272 11322591 -1.7909981581473502 0.14509127743968112 0.59436 1.5424659315949105 0.05133685098488949
28273 11322591 -1.830417342960158 0.14542539411847763 0.6096 1.5424659315949105 0.05133685098488949
28274 11322591 -1.870552716692379 0.14628619230928427 0.6096 1.5424659315949105 0.05133685098488949
28275 11322591 -1.9106881433666805 0.14714721764188618 0.6096 1.5424659315949105 0.05133685098488949
28276 11322591 -1.9505391466695865 0.14616290188501238 0.6096 1.5424659315949105 0.05133685098488949
28277 11322591 -1.9903901499724925 0.14517858612813858 0.6096 1.5424659315949105 0.05133685098488949
28278 11322591 -2.0338074103966006 0.14442652266942466 0.6096 1.5424659315949105 0.05133685098488949
28279 11322591 -2.071524630645337 0.1442635955748903 0.6096 1.5424659315949105 0.05133685098488949
28280 11322591 -2.1136968463007557 0.14433160526166341 0.6096 1.5424659315949105 0.05133685098488949
28281 11322591 -2.1558690619561744 0.14439961494843653 0.6096 1.5424659315949105 0.05133685098488949
28282 11322591 -2.176223914151541 0.1446327048442488 0.6096 1.5424659315949105 0.05133685098488949
28283 11322591 -2.1965787663469074 0.1448657947400611 0.6096 1.5424659315949105 0.05133685098488949
28284 11322591 -2.278508135057601 0.14152564713139357 0.6096 1.5424659315949105 0.05133685098488949
28285 11322591 -2.3210260217315675 0.14053944946500294 0.6248400000000001 1.5424659315949105 0.05133685098488949
28286 11322591 -2.363543908405534 0.1395532517986123 0.6400800000000001 1.5424659315949105 0.05133685098488949
28287 11322591 -2.405947680829611 0.1382380659883691 0.6400800000000001 1.5424659315949105 0.05133685098488949
28288 11322591 -2.4483514532536885 0.1369228801781259 0.6400800000000001 1.5424659315949105 0.05133685098488949
28289 11322591 -2.4903582332865355 0.1368219433334852 0.6400800000000001 1.5424659315949105 0.05133685098488949
28290 11322591 -2.5323650133193825 0.13672100648884453 0.6400800000000001 1.5424659315949105 0.05133685098488949
28291 11322591 -2.574883360987227 0.13573632737810823 0.6400800000000001 1.5424659315949105 0.05133685098488949
28292 11322591 -2.6174017086550716 0.13475164826737193 0.6400800000000001 1.5424659315949105 0.05133685098488949
28293 11322591 -2.659945516172084 0.13640463141814071 0.6400800000000001 1.5424659315949105 0.05133685098488949
28294 11322591 -2.701969906811858 0.13625217536079123 0.6553200000000001 1.5424659315949105 0.05133685098488949
28295 11322591 -2.743994297451632 0.13609971930344175 0.67056 1.5424659315949105 0.05133685098488949
28296 11322591 -2.786530282598767 0.13506353591382567 0.67056 1.5424659315949105 0.05133685098488949
28297 11322591 -2.829066267745902 0.13402735252420958 0.67056 1.5424659315949105 0.05133685098488949
28298 11322591 -2.87243933286737 0.13314861212945592 0.67056 1.5424659315949105 0.05133685098488949
28299 11322591 -2.915847018307299 0.13216459522708876 0.67056 1.5424659315949105 0.05133685098488949
28300 11322591 -2.9596387660703205 0.1313650550930505 0.67056 1.5424659315949105 0.05133685098488949
28301 11322591 -3.003430513833342 0.13056551495901222 0.67056 1.5424659315949105 0.05133685098488949
28302 11322591 -3.0471705695202926 0.12992469047846641 0.67056 1.5424659315949105 0.05133685098488949
28303 11322591 -3.0895410468102185 0.12871912295678709 0.67056 1.5424659315949105 0.05133685098488949
28304 11322591 -3.1319115241001443 0.12751355543510776 0.67056 1.5424659315949105 0.05133685098488949
28305 11322591 -3.1768979106774395 0.1298519953949909 0.67056 1.5424659315949105 0.05133685098488949
28306 11322591 -3.219878293050498 0.13153411513295907 0.67056 1.5424659315949105 0.05133685098488949
28307 11322591 -3.2633887482274226 0.13566862292256018 0.67056 1.5424659315949105 0.05133685098488949
28308 11322591 -3.306899203404347 0.1398031307121613 0.67056 1.5424659315949105 0.05133685098488949
28309 11322591 -3.3517577826383134 0.15203295905284872 0.6858000000000001 1.5424659315949105 0.05133685098488949
28310 11322591 -3.3966163618722796 0.16426278739353614 0.7010400000000001 1.5424659315949105 0.05133685098488949
28311 11322591 -3.4376856916630087 0.17992659358203675 0.7010400000000001 1.5424659315949105 0.05133685098488949
28312 11322591 -3.4587970426843504 0.18952486061514048 0.7010400000000001 1.5424659315949105 0.05133685098488949
28313 11322591 -3.479908393705692 0.19912312764824422 0.7010400000000001 1.5424659315949105 0.05133685098488949
28314 11322591 -3.5606197489588087 0.25055021676675493 0.7010400000000001 1.5424659315949105 0.05133685098488949
28315 11322591 -3.59931779849191 0.2805123552104808 0.7010400000000001 1.5424659315949105 0.05133685098488949
28316 11322591 -3.6343054291379975 0.31475198285173633 0.7010400000000001 1.5424659315949105 0.05133685098488949
28317 11322591 -3.6690622491055045 0.3537657078411073 0.6858000000000001 1.5424659315949105 0.05133685098488949
28318 11322591 -3.7038190690730115 0.3927794328304782 0.67056 1.5424659315949105 0.05133685098488949
28319 11322591 -3.7328395633689837 0.43710178069529715 0.67056 1.5424659315949105 0.05133685098488949
28320 11322591 -3.7576566534831253 0.48530650983560386 0.67056 1.5424659315949105 0.05133685098488949
28321 11322591 -3.782473743597267 0.5335112389759106 0.67056 1.5424659315949105 0.05133685098488949
28322 11322591 -3.801415686212803 0.5836488135583983 0.67056 1.5424659315949105 0.05133685098488949
28323 11322591 -3.820357628828339 0.633786388140886 0.67056 1.5424659315949105 0.05133685098488949
28324 11322591 -3.8339442853663073 0.6872538175283347 0.6858000000000001 1.5424659315949105 0.05133685098488949
28325 11322591 -3.8475309419042754 0.7407212469157834 0.7010400000000001 1.5424659315949105 0.05133685098488949
28326 11322591 -3.8523576294581603 0.7757210129749996 0.7010400000000001 1.5424659315949105 0.05133685098488949
28327 11322591 -3.8571843170120457 0.8107207790342157 0.7010400000000001 1.5424659315949105 0.05133685098488949
28328 11322591 -3.8620110045659306 0.8457205450934319 0.7010400000000001 1.5424659315949105 0.05133685098488949
28329 11322591 -3.861887773311702 0.9535337610722063 0.7010400000000001 1.5424659315949105 0.05133685098488949
28330 11322591 -3.8609221146614483 1.00585906681111 0.71628 1.5424659315949105 0.05133685098488949
28331 11322591 -3.8599564560111945 1.0581843725500135 0.73152 1.5424659315949105 0.05133685098488949
28332 11322591 -3.856098446806497 1.1120165358406944 0.71628 1.5424659315949105 0.05133685098488949
28333 11322591 -3.8522404376017993 1.1658486991313752 0.7010400000000001 1.5424659315949105 0.05133685098488949
28334 11322591 -3.8450617544639005 1.2162565224505388 0.71628 1.5424659315949105 0.05133685098488949
28335 11322591 -3.8378830713260017 1.2666643457697022 0.73152 1.5424659315949105 0.05133685098488949
28336 11322591 -3.831302875623744 1.319313073779505 0.73152 1.5424659315949105 0.05133685098488949
28337 11322591 -3.8224983752371546 1.371700867761661 0.73152 1.5424659315949105 0.05133685098488949
28338 11322591 -3.81353322307666 1.4202383904543698 0.73152 1.5424659315949105 0.05133685098488949
28339 11322591 -3.804568070916165 1.4687759131470788 0.73152 1.5424659315949105 0.05133685098488949
28340 11322591 -3.7971331393067724 1.5023316641771627 0.74168 1.5424659315949105 0.05133685098488949
28341 11322591 -3.7896982076973793 1.5358874152072466 0.75184 1.5424659315949105 0.05133685098488949
28342 11322591 -3.7822632760879866 1.5694431662373305 0.762 1.5424659315949105 0.05133685098488949
28343 11322591 -3.7631943533315955 1.6683656231061386 0.762 1.5424659315949105 0.05133685098488949
28344 11322591 -3.7545113477178473 1.715768649363759 0.762 1.5424659315949105 0.05133685098488949
28345 11322591 -3.745828342104099 1.763171675621379 0.762 1.5424659315949105 0.05133685098488949
28346 11322591 -3.736966200696534 1.8113924520969387 0.762 1.5424659315949105 0.05133685098488949
28347 11322591 -3.7281040592889685 1.859613228572498 0.762 1.5424659315949105 0.05133685098488949
28348 11322591 -3.717987869171438 1.906780675694247 0.762 1.5424659315949105 0.05133685098488949
28349 11322591 -3.70885026033511 1.9550281267018925 0.77724 1.5424659315949105 0.05133685098488949
28350 11322591 -3.699712651498782 2.003275577709538 0.7924800000000001 1.5424659315949105 0.05133685098488949
28351 11322591 -3.6888359434574998 2.052764755038361 0.7924800000000001 1.5424659315949105 0.05133685098488949
28352 11322591 -3.6798585334277445 2.101064694182803 0.7924800000000001 1.5424659315949105 0.05133685098488949
28353 11322591 -3.670881123397989 2.1493646333272447 0.7924800000000001 1.5424659315949105 0.05133685098488949
28354 11322591 -3.667678090102224 2.1504891918320284 0.7925514821763603 1.5424659315949105 0.05133685098488949
28355 11322591 -3.664475056806459 2.151613750336812 0.7926229643527205 1.5424659315949105 0.05133685098488949
28356 11322591 -3.6612720235106937 2.1527383088415957 0.7926944465290807 1.5424659315949105 0.05133685098488949
28357 11322591 -3.6580689902149284 2.1538628673463793 0.7927659287054409 1.5424659315949105 0.05133685098488949
28358 11322591 -3.654865956919163 2.154987425851163 0.7928374108818012 1.5424659315949105 0.05133685098488949
28359 11322591 -3.651662923623398 2.1561119843559466 0.7929088930581615 1.5424659315949105 0.05133685098488949
28360 11322591 -3.648459890327633 2.1572365428607303 0.7929803752345217 1.5424659315949105 0.05133685098488949
28361 11322591 -3.6452568570318675 2.158361101365514 0.7930518574108819 1.5424659315949105 0.05133685098488949
28362 11322591 -3.6420538237361026 2.1594856598702976 0.7931233395872421 1.5424659315949105 0.05133685098488949
28363 11322591 -3.6388507904403373 2.160610218375081 0.7931948217636023 1.5424659315949105 0.05133685098488949
28364 11322591 -3.635647757144572 2.1617347768798645 0.7932663039399626 1.5424659315949105 0.05133685098488949
28365 11322591 -3.632444723848807 2.162859335384648 0.7933377861163228 1.5424659315949105 0.05133685098488949
28366 11322591 -3.629241690553042 2.163983893889432 0.793409268292683 1.5424659315949105 0.05133685098488949
28367 11322591 -3.6260386572572765 2.1651084523942155 0.7934807504690432 1.5424659315949105 0.05133685098488949
28368 11322591 -3.622835623961511 2.166233010898999 0.7935522326454034 1.5424659315949105 0.05133685098488949
28369 11322591 -3.6196325906657463 2.1673575694037828 0.7936237148217636 1.5424659315949105 0.05133685098488949
28370 11322591 -3.616429557369981 2.1684821279085664 0.7936951969981239 1.5424659315949105 0.05133685098488949
28371 11322591 -3.6132265240742156 2.16960668641335 0.7937666791744842 1.5424659315949105 0.05133685098488949
28372 11322591 -3.6100234907784507 2.1707312449181337 0.7938381613508444 1.5424659315949105 0.05133685098488949
28373 11322591 -3.6068204574826854 2.1718558034229174 0.7939096435272046 1.5424659315949105 0.05133685098488949
28374 11322591 -3.60361742418692 2.172980361927701 0.7939811257035648 1.5424659315949105 0.05133685098488949
28375 11322591 -3.600414390891155 2.1741049204324847 0.794052607879925 1.5424659315949105 0.05133685098488949
28376 11322591 -3.59721135759539 2.1752294789372684 0.7941240900562853 1.5424659315949105 0.05133685098488949
28377 11322591 -3.5940083242996246 2.176354037442052 0.7941955722326455 1.5424659315949105 0.05133685098488949
28378 11322591 -3.5908052910038593 2.1774785959468357 0.7942670544090057 1.5424659315949105 0.05133685098488949
28379 11322591 -3.5876022577080944 2.1786031544516193 0.7943385365853659 1.5424659315949105 0.05133685098488949
28380 11322591 -3.584399224412329 2.179727712956403 0.7944100187617261 1.5424659315949105 0.05133685098488949
28381 11322591 -3.5811961911165637 2.1808522714611867 0.7944815009380863 1.5424659315949105 0.05133685098488949
28382 11322591 -3.5779931578207984 2.1819768299659703 0.7945529831144466 1.5424659315949105 0.05133685098488949
28383 11322591 -3.5747901245250335 2.1831013884707535 0.7946244652908069 1.5424659315949105 0.05133685098488949
28384 11322591 -3.571587091229268 2.184225946975537 0.7946959474671671 1.5424659315949105 0.05133685098488949
28385 11322591 -3.568384057933503 2.185350505480321 0.7947674296435273 1.5424659315949105 0.05133685098488949
28386 11322591 -3.565181024637738 2.1864750639851045 0.7948389118198875 1.5424659315949105 0.05133685098488949
28387 11322591 -3.5619779913419727 2.187599622489888 0.7949103939962477 1.5424659315949105 0.05133685098488949
28388 11322591 -3.5587749580462074 2.188724180994672 0.794981876172608 1.5424659315949105 0.05133685098488949
28389 11322591 -3.5555719247504425 2.1898487394994555 0.7950533583489682 1.5424659315949105 0.05133685098488949
28390 11322591 -3.552368891454677 2.190973298004239 0.7951248405253284 1.5424659315949105 0.05133685098488949
28391 11322591 -3.549165858158912 2.192097856509023 0.7951963227016886 1.5424659315949105 0.05133685098488949
28392 11322591 -3.5459628248631465 2.1932224150138064 0.7952678048780488 1.5424659315949105 0.05133685098488949
28393 11322591 -3.5427597915673816 2.19434697351859 0.795339287054409 1.5424659315949105 0.05133685098488949
28394 11322591 -3.5395567582716163 2.1954715320233738 0.7954107692307693 1.5424659315949105 0.05133685098488949
28395 11322591 -3.536353724975851 2.1965960905281574 0.7954822514071296 1.5424659315949105 0.05133685098488949
28396 11322591 -3.533150691680086 2.197720649032941 0.7955537335834898 1.5424659315949105 0.05133685098488949
28397 11322591 -3.529947658384321 2.1988452075377247 0.79562521575985 1.5424659315949105 0.05133685098488949
28398 11322591 -3.5267446250885555 2.1999697660425084 0.7956966979362102 1.5424659315949105 0.05133685098488949
28399 11322591 -3.5235415917927906 2.201094324547292 0.7957681801125704 1.5424659315949105 0.05133685098488949
28400 11322591 -3.5203385584970253 2.2022188830520757 0.7958396622889307 1.5424659315949105 0.05133685098488949
28401 11322591 -3.51713552520126 2.2033434415568594 0.7959111444652909 1.5424659315949105 0.05133685098488949
28402 11322591 -3.5139324919054946 2.2044680000616426 0.7959826266416511 1.5424659315949105 0.05133685098488949
28403 11322591 -3.5107294586097297 2.205592558566426 0.7960541088180113 1.5424659315949105 0.05133685098488949
28404 11322591 -3.5075264253139644 2.20671711707121 0.7961255909943715 1.5424659315949105 0.05133685098488949
28405 11322591 -3.504323392018199 2.2078416755759935 0.7961970731707317 1.5424659315949105 0.05133685098488949
28406 11322591 -3.501120358722434 2.208966234080777 0.796268555347092 1.5424659315949105 0.05133685098488949
28407 11322591 -3.497917325426669 2.210090792585561 0.7963400375234523 1.5424659315949105 0.05133685098488949
28408 11322591 -3.4947142921309036 2.2112153510903445 0.7964115196998125 1.5424659315949105 0.05133685098488949
28409 11322591 -3.4915112588351382 2.212339909595128 0.7964830018761727 1.5424659315949105 0.05133685098488949
28410 11322591 -3.4883082255393734 2.213464468099912 0.7965544840525329 1.5424659315949105 0.05133685098488949
28411 11322591 -3.485105192243608 2.2145890266046955 0.7966259662288931 1.5424659315949105 0.05133685098488949
28412 11322591 -3.4819021589478427 2.215713585109479 0.7966974484052534 1.3101462557407784 0.8156919829006649
28413 11322591 -3.478699125652078 2.216838143614263 0.7967689305816136 1.3101462557407784 0.8156919829006649
