10015 11012351 0.24846208040930076 0.005032696905022913 0.3418114285714286 -2.1835770929012974 -1.359486638167775
10016 11012351 0.27967943352674335 0.004894801988328907 0.34072285714285716 -2.1835770929012974 -1.359486638167775
10017 11012351 0.3108967866441859 0.004756907071634901 0.3396342857142857 -2.1835770929012974 -1.359486638167775
10018 11012351 0.3421141397616285 0.004619012154940895 0.33854571428571434 -2.1835770929012974 -1.359486638167775
10019 11012351 0.3733314928790711 0.004481117238246889 0.3374571428571429 -2.1835770929012974 -1.359486638167775
10020 11012351 0.40454884599651364 0.004343222321552883 0.33636857142857146 -2.1835770929012974 -1.359486638167775
10021 11012351 0.43576619911395625 0.004205327404858877 0.33528 -2.1835770929012974 -1.359486638167775
10022 11012351 0.48109298910581466 0.0029455371249525256 0.33528 -2.1835770929012974 -1.359486638167775
10023 11012351 0.526419779097673 0.0016857468450461738 0.33528 -2.1835770929012974 -1.359486638167775
10024 11012351 0.5687855472100719 0.004139494213395184 0.33528 -2.1835770929012974 -1.359486638167775
10025 11012351 0.6111513153224708 0.006593241581744194 0.33528 -2.1835770929012974 -1.359486638167775
10026 11012351 0.6465745000803411 0.005377281371923966 0.33782 -2.1835770929012974 -1.359486638167775
10027 11012351 0.6819976848382114 0.0041613211621037375 0.34036000000000005 -2.1835770929012974 -1.359486638167775
10028 11012351 0.7174208695960818 0.00294536095228351 0.34290000000000004 -2.1835770929012974 -1.359486638167775
10029 11012351 0.7615689231194767 0.004876084430104455 0.34290000000000004 -2.1835770929012974 -1.359486638167775
10030 11012351 0.7908774713449462 0.00487978814963871 0.34544 -2.1835770929012974 -1.359486638167775
10031 11012351 0.8201860195704158 0.004883491869172964 0.34798000000000007 -2.1835770929012974 -1.359486638167775
10032 11012351 0.8494945677958854 0.004887195588707219 0.35052000000000005 -2.1835770929012974 -1.359486638167775
10033 11012351 0.9015518119695566 0.004235609107404878 0.3559628571428572 -2.1835770929012974 -1.359486638167775
10034 11012351 0.9536090561432278 0.003584022626102537 0.36140571428571433 -2.1835770929012974 -1.359486638167775
10035 11012351 1.005666300316899 0.002932436144800196 0.36684857142857147 -2.1835770929012974 -1.359486638167775
10036 11012351 1.0577235444905702 0.0022808496634978553 0.3722914285714286 -2.1835770929012974 -1.359486638167775
10037 11012351 1.1097807886642415 0.0016292631821955145 0.37773428571428574 -2.1835770929012974 -1.359486638167775
10038 11012351 1.1618380328379128 0.0009776767008931736 0.3831771428571429 -2.1835770929012974 -1.359486638167775
10039 11012351 1.2138952770115838 0.00032609021959083273 0.38862 -2.1835770929012974 -1.359486638167775
10040 11012351 1.2604590055030165 -0.0012163565756359504 0.39243000000000006 -2.1835770929012974 -1.359486638167775
10041 11012351 1.3070227339944491 -0.0027588033708627335 0.39624000000000004 -2.1835770929012974 -1.359486638167775
10042 11012351 1.366397303450198 -0.0004246792930662213 0.40386 -2.1835770929012974 -1.359486638167775
10043 11012351 1.4040744202567046 -0.0019841487488172216 0.40386 -2.1835770929012974 -1.359486638167775
10044 11012351 1.4567157534447506 -0.0025901884536224523 0.41148 -2.1835770929012974 -1.359486638167775
10045 11012351 1.4978908699506082 -0.0029552023774385427 0.41529000000000005 -2.1835770929012974 -1.359486638167775
10046 11012351 1.5390659864564658 -0.003320216301254633 0.41910000000000003 -2.1835770929012974 -1.359486638167775
10047 11012351 1.5863376808478131 -0.008129469175574597 0.41910000000000003 -2.1835770929012974 -1.359486638167775
10048 11012351 1.6351495725160685 -0.007950794859072477 0.42672000000000004 -1.746861674321038 -1.0875893105342198
10049 11012351 1.68368616305376 -0.007798721899990008 0.43434000000000006 -1.746861674321038 -1.0875893105342198
10050 11012351 1.7309232287927743 -0.012712570773326631 0.44196 -1.746861674321038 -1.0875893105342198
10051 11012351 1.8063111008358823 -0.015721869876484773 0.44958000000000004 -1.746861674321038 -1.0875893105342198
10052 11012351 1.8510278076058464 -0.017475388453153107 0.45720000000000005 -1.746861674321038 -1.0875893105342198
10053 11012351 1.8871732135259474 -0.019641945807757286 0.46101000000000003 -1.746861674321038 -1.0875893105342198
10054 11012351 1.923318619446048 -0.021808503162361464 0.46482000000000007 -1.746861674321038 -1.0875893105342198
10055 11012351 1.9705803989727373 -0.023925182263918737 0.47243999999999997 -1.746861674321038 -1.0875893105342198
10056 11012351 2.0258473885973274 -0.023281983306226606 0.48006 -1.746861674321038 -1.0875893105342198
10057 11012351 2.073621520063084 -0.03035498522859073 0.48768 -1.746861674321038 -1.0875893105342198
10058 11012351 2.0990640381217833 -0.03130355167195964 0.48768 -1.746861674321038 -1.0875893105342198
10059 11012351 2.150327069442586 -0.03367432081782898 0.4953 -1.746861674321038 -1.0875893105342198
10060 11012351 2.2214012719470055 -0.03900913008305376 0.50292 -1.746861674321038 -1.0875893105342198
10061 11012351 2.2687068045349665 -0.04370825803044778 0.51054 -1.746861674321038 -1.0875893105342198
10062 11012351 2.3067718086310034 -0.04679171766034182 0.5181600000000001 -1.746861674321038 -1.0875893105342198
10063 11012351 2.356924109623894 -0.0465788324497389 0.52578 -1.746861674321038 -1.0875893105342198
10064 11012351 2.390139353328766 -0.04901284684620957 0.52959 -1.746861674321038 -1.0875893105342198
10065 11012351 2.423354597033637 -0.05144686124268025 0.5334 -1.746861674321038 -1.0875893105342198
10066 11012351 2.4978697067813314 -0.05439793001887214 0.54102 -1.746861674321038 -1.0875893105342198
10067 11012351 2.541911274257351 -0.05277283251542561 0.54864 -1.746861674321038 -1.0875893105342198
10068 11012351 2.57560938870849 -0.05291049614035939 0.55245 -1.746861674321038 -1.0875893105342198
10069 11012351 2.609307503159629 -0.053048159765293174 0.55626 -1.746861674321038 -1.0875893105342198
10070 11012351 2.6605019203215416 -0.05399125593095308 0.56388 -1.746861674321038 -1.0875893105342198
10071 11012351 2.7045431841787364 -0.05236515028347541 0.5715 -1.746861674321038 -1.0875893105342198
10072 11012351 2.756200302058411 -0.04644962793439647 0.57912 -1.746861674321038 -1.0875893105342198
10073 11012351 2.800562327967829 -0.044927712754934485 0.58674 -1.746861674321038 -1.0875893105342198
10074 11012351 2.8395503958876955 -0.03756266864766564 0.59436 -1.746861674321038 -1.0875893105342198
10075 11012351 2.9066553166665505 -0.025124166502378725 0.6019800000000001 -1.746861674321038 -1.0875893105342198
10076 11012351 2.948693310350568 -0.01711880565778215 0.6096 -1.746861674321038 -1.0875893105342198
10077 11012351 2.9947778168925696 -0.010317301633897352 0.61722 -1.746861674321038 -1.0875893105342198
10078 11012351 3.03620803506856 -0.0019963135811965904 0.6248400000000001 -1.746861674321038 -1.0875893105342198
10079 11012351 3.0700922850873593 0.003881758766821536 0.6248400000000001 -1.746861674321038 -1.0875893105342198
10080 11012351 3.103976535106159 0.009759831114839662 0.6248400000000001 -1.746861674321038 -1.0875893105342198
10081 11012351 3.1676168681512493 0.02111169968895496 0.63246 -1.746861674321038 -1.0875893105342198
10082 11012351 3.207486968373538 0.02900818931884583 0.63246 -1.746861674321038 -1.0875893105342198
10083 11012351 3.232958977393932 0.031558180899417504 0.63246 -1.746861674321038 -1.0875893105342198
10084 11012351 3.258430986414326 0.03410817247998918 0.63246 -1.746861674321038 -1.0875893105342198
10085 11012351 3.3417937055171 0.0501216356295838 0.63246 -1.746861674321038 -1.0875893105342198
10086 11012351 3.404902933499181 0.05685918400491538 0.63246 -1.746861674321038 -1.0875893105342198
10087 11012351 3.4486266704989514 0.06840527472014421 0.63246 -1.746861674321038 -1.0875893105342198
10088 11012351 3.5028438110788747 0.08517122964934573 0.63246 -1.746861674321038 -1.0875893105342198
10089 11012351 3.573742848572099 0.1024509117749973 0.63246 -1.746861674321038 -1.0875893105342198
10090 11012351 3.620325392820635 0.12276037156638406 0.63246 -1.746861674321038 -1.0875893105342198
10091 11012351 3.6755327792165753 0.14936689772342046 0.6400800000000001 -1.746861674321038 -1.0875893105342198
10092 11012351 3.7032904431099563 0.16151033291310266 0.6362700000000001 -1.746861674321038 -1.0875893105342198
10093 11012351 3.731048107003337 0.17365376810278485 0.63246 -1.746861674321038 -1.0875893105342198
10094 11012351 3.7807890726525963 0.2063667398413432 0.63246 -1.746861674321038 -1.0875893105342198
10095 11012351 3.8549448110274964 0.251321617163035 0.6400800000000001 -1.746861674321038 -1.0875893105342198
10096 11012351 3.925938836522529 0.30291562608707423 0.63246 -1.746861674321038 -1.0875893105342198
10097 11012351 3.9554377231035254 0.3252966090627609 0.63246 -1.746861674321038 -1.0875893105342198
10098 11012351 4.022973909776944 0.38806526290109267 0.63246 -1.746861674321038 -1.0875893105342198
10099 11012351 4.042644920682928 0.406177258404845 0.63246 -1.746861674321038 -1.0875893105342198
10100 11012351 4.062315931588913 0.4242892539085973 0.63246 -1.746861674321038 -1.0875893105342198
10101 11012351 4.1047923298297535 0.4701205076633175 0.63246 -1.746861674321038 -1.0875893105342198
10102 11012351 4.167403044707061 0.5450099288870747 0.63246 -1.746861674321038 -1.0875893105342198
10103 11012351 4.208026701165029 0.6014917224920552 0.63246 -1.746861674321038 -1.0875893105342198
10104 11012351 4.246125370543649 0.6529568586969428 0.63246 -1.746861674321038 -1.0875893105342198
10105 11012351 4.281498608281055 0.7110350463162528 0.63246 -1.746861674321038 -1.0875893105342198
10106 11012351 4.321478036236135 0.7879939931193156 0.63246 -1.746861674321038 -1.0875893105342198
10107 11012351 4.361457464191214 0.8649529399223783 0.63246 -1.746861674321038 -1.0875893105342198
10108 11012351 4.3855376754261615 0.9224327289881928 0.63246 -1.746861674321038 -1.0875893105342198
10109 11012351 4.409617886661108 0.9799125180540074 0.63246 -1.746861674321038 -1.0875893105342198
10110 11012351 4.433698097896055 1.0373923071198219 0.63246 -1.746861674321038 -1.0875893105342198
10111 11012351 4.463944939441736 1.1382607556096795 0.6400800000000001 -1.746861674321038 -1.0875893105342198
10112 11012351 4.473348407769126 1.1670821688822388 0.6400800000000001 -1.746861674321038 -1.0875893105342198
10113 11012351 4.4994189711384465 1.238825499084774 0.6400800000000001 -1.746861674321038 -1.0875893105342198
10114 11012351 4.516303424914883 1.3028193336842981 0.6438900000000001 -1.746861674321038 -1.0875893105342198
10115 11012351 4.533187878691319 1.3668131682838223 0.6477 -1.746861674321038 -1.0875893105342198
10116 11012351 4.547310338170502 1.410098081871236 0.6477 -1.746861674321038 -1.0875893105342198
10117 11012351 4.582099815390944 1.5167267847455517 0.6477 -1.746861674321038 -1.0875893105342198
10118 11012351 4.602530126969629 1.5875069241223723 0.6477 -1.746861674321038 -1.0875893105342198
10119 11012351 4.622960438548316 1.6582870634991929 0.6477 -1.746861674321038 -1.0875893105342198
10120 11012351 4.632506159180979 1.6957061308626307 0.6477 -1.746861674321038 -1.0875893105342198
10121 11012351 4.673397026401417 1.8291966060484304 0.6477 -1.746861674321038 -1.0875893105342198
10122 11012351 4.696991982770943 1.9015141083478448 0.6477 -1.746861674321038 -1.0875893105342198
10123 11012351 4.719789259431775 1.982268678384238 0.65532 -1.746861674321038 -1.0875893105342198
10124 11012351 4.74228200612674 2.051207851793804 0.65532 -1.746861674321038 -1.0875893105342198
10125 11012351 4.761585880975731 2.1158141385968565 0.6629400000000001 -1.746861674321038 -1.0875893105342198
10126 11012351 4.777548605732031 2.170179838827556 0.6667500000000001 -1.746861674321038 -1.0875893105342198
10127 11012351 4.793511330488332 2.224545539058255 0.67056 -1.746861674321038 -1.0875893105342198
10128 11012351 4.816082324831992 2.310046450767797 0.6781800000000001 -1.746861674321038 -1.0875893105342198
10129 11012351 4.840243160621384 2.3895385145240993 0.6858000000000001 -1.746861674321038 -1.0875893105342198
10130 11012351 4.861033585453341 2.4478192453611594 0.69342 -1.746861674321038 -1.0875893105342198
10131 11012351 4.872700676390519 2.4862984046778807 0.69342 -1.746861674321038 -1.0875893105342198
10132 11012351 4.884367767327697 2.524777563994602 0.69342 -1.746861674321038 -1.0875893105342198
10133 11012351 4.915505145030337 2.637620958820157 0.7086600000000001 -1.746861674321038 -1.0875893105342198
10134 11012351 4.924838144035213 2.682819076018052 0.7086600000000001 -1.746861674321038 -1.0875893105342198
10135 11012351 4.955649633359734 2.7867743361419253 0.7162800000000001 -1.746861674321038 -1.0875893105342198
10136 11012351 4.982600749835276 2.893858144711811 0.73152 -1.746861674321038 -1.0875893105342198
