15085 6142568 0.5626173846096258 0.19290485154613535 0.35052000000000005 -2.570776552658184 -0.08556141830814801
15086 6142568 0.5569180446792412 0.19231387017248577 0.35052000000000005 -2.570776552658184 -0.08556141830814801
15087 6142568 0.5504173826617067 0.19321145733439282 0.35052000000000005 -2.570776552658184 -0.08556141830814801
15088 6142568 0.5439167206441721 0.1941090444962999 0.35052000000000005 -2.570776552658184 -0.08556141830814801
15089 6142568 0.5374160586266374 0.19500663165820695 0.35052000000000005 -2.570776552658184 -0.08556141830814801
15090 6142568 0.5309153966091029 0.195904218820114 0.35052000000000005 -2.570776552658184 -0.08556141830814801
15091 6142568 0.5301220353709722 0.19347641842502922 0.35052000000000005 -2.570776552658184 -0.08556141830814801
15092 6142568 0.5237762271154391 0.19444024827722647 0.35052000000000005 -2.570776552658184 -0.08556141830814801
15093 6142568 0.5174304188599061 0.19540407812942373 0.35052000000000005 -2.570776552658184 -0.08556141830814801
15094 6142568 0.5134228671944207 0.19537015414632525 0.35052000000000005 -2.570776552658184 -0.08556141830814801
15095 6142568 0.5094153155289352 0.19533623016322674 0.35052000000000005 -2.570776552658184 -0.08556141830814801
15096 6142568 0.500999002044729 0.19539950030817305 0.35052000000000005 -2.570776552658184 -0.08556141830814801
15097 6142568 0.49851151511184094 0.19621237702769362 0.35052000000000005 -2.570776552658184 -0.08556141830814801
15098 6142568 0.49272066393658787 0.19588500590901275 0.35052000000000005 -2.570776552658184 -0.08556141830814801
15099 6142568 0.48549892897390273 0.1982449814992826 0.35052000000000005 -2.570776552658184 -0.08556141830814801
15100 6142568 0.4830916846584602 0.19903164208755367 0.35052000000000005 -2.570776552658184 -0.08556141830814801
15101 6142568 0.4806844403430177 0.19981830267582473 0.35052000000000005 -2.570776552658184 -0.08556141830814801
15102 6142568 0.4750765738526221 0.19896383258327832 0.35052000000000005 -2.570776552658184 -0.08556141830814801
15103 6142568 0.47320728427564857 0.19867901068184554 0.35052000000000005 -2.570776552658184 -0.08556141830814801
15104 6142568 0.4713379946986751 0.19839418878041276 0.35052000000000005 -2.570776552658184 -0.08556141830814801
15105 6142568 0.4694687051217016 0.19810936687897998 0.35052000000000005 -2.570776552658184 -0.08556141830814801
15106 6142568 0.4688374936436669 0.19763258204799558 0.35052000000000005 -2.570776552658184 -0.08556141830814801
15107 6142568 0.4682062821656322 0.19715579721701115 0.35052000000000005 -2.570776552658184 -0.08556141830814801
15108 6142568 0.4675750706875975 0.19667901238602675 0.35052000000000005 -2.570776552658184 -0.08556141830814801
15109 6142568 0.4669438592095629 0.19620222755504232 0.35052000000000005 -2.570776552658184 -0.08556141830814801
15110 6142568 0.4663126477315282 0.19572544272405792 0.35052000000000005 -2.570776552658184 -0.08556141830814801
15111 6142568 0.4656814362534935 0.1952486578930735 0.35052000000000005 -2.570776552658184 -0.08556141830814801
15112 6142568 0.4650502247754588 0.1947718730620891 0.35052000000000005 -2.570776552658184 -0.08556141830814801
15113 6142568 0.46441901329742413 0.1942950882311047 0.35052000000000005 -2.570776552658184 -0.08556141830814801
15114 6142568 0.46378780181938944 0.19381830340012027 0.35052000000000005 -2.570776552658184 -0.08556141830814801
15115 6142568 0.46315659034135476 0.19334151856913587 0.35052000000000005 -2.570776552658184 -0.08556141830814801
15116 6142568 0.4625253788633201 0.19286473373815144 0.35052000000000005 -2.570776552658184 -0.08556141830814801
15117 6142568 0.46189416738528544 0.19238794890716704 0.35052000000000005 -2.570776552658184 -0.08556141830814801
15118 6142568 0.46126295590725075 0.19191116407618264 0.35052000000000005 -2.570776552658184 -0.08556141830814801
15119 6142568 0.46063174442921606 0.1914343792451982 0.35052000000000005 -2.570776552658184 -0.08556141830814801
15120 6142568 0.4600005329511814 0.1909575944142138 0.35052000000000005 -2.570776552658184 -0.08556141830814801
15121 6142568 0.4593693214731467 0.19048080958322938 0.35052000000000005 -2.570776552658184 -0.08556141830814801
15122 6142568 0.458738109995112 0.19000402475224498 0.35052000000000005 -2.570776552658184 -0.08556141830814801
15123 6142568 0.4581068985170773 0.18952723992126058 0.35052000000000005 -2.570776552658184 -0.08556141830814801
15124 6142568 0.4574756870390427 0.18905045509027615 0.35052000000000005 -2.570776552658184 -0.08556141830814801
15125 6142568 0.456844475561008 0.18857367025929175 0.35052000000000005 -2.570776552658184 -0.08556141830814801
15126 6142568 0.4562132640829733 0.18809688542830733 0.35052000000000005 -2.570776552658184 -0.08556141830814801
15127 6142568 0.4555820526049386 0.18762010059732293 0.35052000000000005 -2.570776552658184 -0.08556141830814801
15128 6142568 0.4549508411269039 0.1871433157663385 0.35052000000000005 -2.570776552658184 -0.08556141830814801
15129 6142568 0.45431962964886924 0.1866665309353541 0.35052000000000005 -2.570776552658184 -0.08556141830814801
15130 6142568 0.45368841817083455 0.1861897461043697 0.35052000000000005 -2.570776552658184 -0.08556141830814801
15131 6142568 0.4530572066927999 0.18571296127338527 0.35052000000000005 -2.570776552658184 -0.08556141830814801
15132 6142568 0.45242599521476523 0.18523617644240087 0.35052000000000005 -2.570776552658184 -0.08556141830814801
15133 6142568 0.45179478373673054 0.18475939161141644 0.35052000000000005 -2.570776552658184 -0.08556141830814801
15134 6142568 0.45116357225869586 0.18428260678043204 0.35052000000000005 -2.570776552658184 -0.08556141830814801
15135 6142568 0.45053236078066117 0.1838058219494476 0.35052000000000005 -2.570776552658184 -0.08556141830814801
15136 6142568 0.4499011493026265 0.1833290371184632 0.35052000000000005 -2.570776552658184 -0.08556141830814801
15137 6142568 0.4492699378245918 0.1828522522874788 0.35052000000000005 -2.570776552658184 -0.08556141830814801
15138 6142568 0.4486387263465571 0.18237546745649438 0.35052000000000005 -2.570776552658184 -0.08556141830814801
15139 6142568 0.44800751486852247 0.18189868262550998 0.35052000000000005 -2.570776552658184 -0.08556141830814801
15140 6142568 0.4473763033904878 0.18142189779452556 0.35052000000000005 -2.570776552658184 -0.08556141830814801
15141 6142568 0.4467450919124531 0.18094511296354115 0.35052000000000005 -2.570776552658184 -0.08556141830814801
15142 6142568 0.4461138804344184 0.18046832813255675 0.35052000000000005 -2.570776552658184 -0.08556141830814801
15143 6142568 0.4454826689563837 0.17999154330157233 0.35052000000000005 -2.570776552658184 -0.08556141830814801
15144 6142568 0.44485145747834903 0.17951475847058793 0.35052000000000005 -2.570776552658184 -0.08556141830814801
15145 6142568 0.4442202460003144 0.1790379736396035 0.35052000000000005 -2.570776552658184 -0.08556141830814801
15146 6142568 0.4435890345222797 0.1785611888086191 0.35052000000000005 -2.570776552658184 -0.08556141830814801
15147 6142568 0.442957823044245 0.1780844039776347 0.35052000000000005 -2.570776552658184 -0.08556141830814801
15148 6142568 0.44232661156621034 0.17760761914665027 0.35052000000000005 -2.516863095951969 -0.5306722116665519
15149 6142568 0.44169540008817565 0.17713083431566587 0.35052000000000005 -2.516863095951969 -0.5306722116665519
15150 6142568 0.44106418861014096 0.17665404948468144 0.35052000000000005 -2.516863095951969 -0.5306722116665519
15151 6142568 0.4404329771321063 0.17617726465369704 0.35052000000000005 -2.516863095951969 -0.5306722116665519
15152 6142568 0.4398017656540716 0.1757004798227126 0.35052000000000005 -2.516863095951969 -0.5306722116665519
15153 6142568 0.43917055417603695 0.1752236949917282 0.35052000000000005 -2.516863095951969 -0.5306722116665519
15154 6142568 0.43853934269800227 0.17474691016074378 0.35052000000000005 -2.516863095951969 -0.5306722116665519
15155 6142568 0.4379081312199676 0.17427012532975938 0.35052000000000005 -2.516863095951969 -0.5306722116665519
15156 6142568 0.4372769197419329 0.17379334049877498 0.35052000000000005 -2.516863095951969 -0.5306722116665519
15157 6142568 0.4366457082638982 0.17331655566779056 0.35052000000000005 -2.516863095951969 -0.5306722116665519
15158 6142568 0.4360144967858635 0.17283977083680616 0.35052000000000005 -2.516863095951969 -0.5306722116665519
15159 6142568 0.4353832853078288 0.17236298600582173 0.35052000000000005 -2.516863095951969 -0.5306722116665519
15160 6142568 0.4347520738297942 0.17188620117483733 0.35052000000000005 -2.516863095951969 -0.5306722116665519
15161 6142568 0.4341208623517595 0.17140941634385293 0.35052000000000005 -2.516863095951969 -0.5306722116665519
15162 6142568 0.4334896508737248 0.1709326315128685 0.35052000000000005 -2.516863095951969 -0.5306722116665519
15163 6142568 0.43285843939569013 0.1704558466818841 0.35052000000000005 -2.516863095951969 -0.5306722116665519
15164 6142568 0.43222722791765544 0.16997906185089967 0.35052000000000005 -2.516863095951969 -0.5306722116665519
15165 6142568 0.43159601643962076 0.16950227701991527 0.35052000000000005 -2.516863095951969 -0.5306722116665519
