15324 10523207 -4.063771434929149 -0.010870299874854134 0.55626 -2.516863095951969 -0.5306722116665519
15325 10523207 -3.9825155268308023 -0.010716333126684546 0.55626 -2.516863095951969 -0.5306722116665519
15326 10523207 -3.8899452388518103 -0.005852686392406353 0.54864 -2.516863095951969 -0.5306722116665519
15327 10523207 -3.8230692230733005 -0.004027171394212298 0.54864 -2.516863095951969 -0.5306722116665519
15328 10523207 -3.797262859504302 -0.002543671637687678 0.5448299999999999 -2.516863095951969 -0.5306722116665519
15329 10523207 -3.771456495935303 -0.0010601718811630578 0.54102 -2.516863095951969 -0.5306722116665519
15330 10523207 -3.7077460194946763 0.0008678661909996277 0.54102 -2.516863095951969 -0.5306722116665519
15331 10523207 -3.620546605415192 0.0039874526430335455 0.5334 -2.516863095951969 -0.5306722116665519
15332 10523207 -3.5920913278034377 0.005422353376903194 0.5334 -2.516863095951969 -0.5306722116665519
15333 10523207 -3.4752391095411417 0.005496846667102678 0.52578 -2.516863095951969 -0.5306722116665519
15334 10523207 -3.4457185500680234 0.006116170789386727 0.52578 -2.516863095951969 -0.5306722116665519
15335 10523207 -3.3992244569875982 0.007022116869821543 0.52197 -2.516863095951969 -0.5306722116665519
15336 10523207 -3.352730363907173 0.00792806295025636 0.5181600000000001 -2.516863095951969 -0.5306722116665519
15337 10523207 -3.2858804002972004 0.008598173594163455 0.5181600000000001 -2.516863095951969 -0.5306722116665519
15338 10523207 -3.2293485766263226 0.011944972304699014 0.51054 -2.516863095951969 -0.5306722116665519
15339 10523207 -3.1786620355201762 0.00937663173220224 0.51054 -2.516863095951969 -0.5306722116665519
15340 10523207 -3.091708567170169 0.010128778446035186 0.50292 -2.516863095951969 -0.5306722116665519
15341 10523207 -3.009820253989685 0.005178335583859578 0.50292 -2.516863095951969 -0.5306722116665519
15342 10523207 -2.9569499788862332 0.006570599241242453 0.4953 -2.516863095951969 -0.5306722116665519
15343 10523207 -2.9172787093677983 0.0042789781698272245 0.4953 -2.516863095951969 -0.5306722116665519
15344 10523207 -2.8776074398493634 0.001987357098411996 0.4953 -2.516863095951969 -0.5306722116665519
15345 10523207 -2.8501069199690408 0.0018678651775755062 0.4953 -2.516863095951969 -0.5306722116665519
15346 10523207 -2.779841245338771 0.002125590811589889 0.48768 -2.516863095951969 -0.5306722116665519
15347 10523207 -2.7169622953044454 0.0015295046306596782 0.48768 -2.516863095951969 -0.5306722116665519
15348 10523207 -2.6602713785480976 0.004828312058193424 0.48768 -2.516863095951969 -0.5306722116665519
15349 10523207 -2.6109468064198724 0.005163126744503227 0.48006 -2.516863095951969 -0.5306722116665519
15350 10523207 -2.532285694434659 0.006648602297701672 0.48006 -2.516863095951969 -0.5306722116665519
15351 10523207 -2.4993838436123346 0.006749319231502765 0.47243999999999997 -2.516863095951969 -0.5306722116665519
15352 10523207 -2.414285427561368 0.011621272791239229 0.47243999999999997 -2.516863095951969 -0.5306722116665519
15353 10523207 -2.359699816440618 0.010119457110384728 0.46482000000000007 -2.516863095951969 -0.5306722116665519
15354 10523207 -2.3159603504635653 0.010764535150048354 0.46482000000000007 -2.516863095951969 -0.5306722116665519
15355 10523207 -2.293524987060371 0.01417367898923702 0.46482000000000007 -2.516863095951969 -0.5306722116665519
15356 10523207 -2.213281469572915 0.01642986462285831 0.45720000000000005 -2.516863095951969 -0.5306722116665519
15357 10523207 -2.1357135143215933 0.015940103082233453 0.45720000000000005 -2.516863095951969 -0.5306722116665519
15358 10523207 -2.1168555487991556 0.015203835768357626 0.45339000000000007 -2.516863095951969 -0.5306722116665519
15359 10523207 -2.097997583276718 0.0144675684544818 0.44958000000000004 -2.516863095951969 -0.5306722116665519
15360 10523207 -2.011486451088233 0.01280594468892124 0.44958000000000004 -2.516863095951969 -0.5306722116665519
15361 10523207 -1.9537347129119749 0.012841737516129353 0.44196 -2.516863095951969 -0.5306722116665519
15362 10523207 -1.9092644842834787 0.01138059292118107 0.44196 -2.516863095951969 -0.5306722116665519
15363 10523207 -1.8662499244324824 0.010629676851025255 0.43815000000000004 -2.516863095951969 -0.5306722116665519
15364 10523207 -1.823235364581486 0.009878760780869439 0.43434000000000006 -2.516863095951969 -0.5306722116665519
15365 10523207 -1.7694532978683755 0.00864396971166223 0.43434000000000006 -2.516863095951969 -0.5306722116665519
15366 10523207 -1.7302532743293007 0.011711889546127202 0.42672000000000004 -2.516863095951969 -0.5306722116665519
15367 10523207 -1.6552926988167778 0.008691472226462577 0.42672000000000004 -2.516863095951969 -0.5306722116665519
15368 10523207 -1.5776899182906463 0.00994849320287114 0.42672000000000004 -2.516863095951969 -0.5306722116665519
15369 10523207 -1.550208949810414 0.008963747770902836 0.42291 -2.516863095951969 -0.5306722116665519
15370 10523207 -1.5227279813301815 0.007979002338934532 0.41910000000000003 -2.516863095951969 -0.5306722116665519
15371 10523207 -1.4279004825767647 0.010030025232414225 0.41910000000000003 -2.516863095951969 -0.5306722116665519
15372 10523207 -1.3518060267197598 0.006408063212132137 0.41148 -2.516863095951969 -0.5306722116665519
15373 10523207 -1.3016357963893508 0.006357751559191355 0.41148 -2.516863095951969 -0.5306722116665519
15374 10523207 -1.2449251818119051 0.010010729917924593 0.41148 -2.516863095951969 -0.5306722116665519
15375 10523207 -1.2199847339849341 0.008864858048435759 0.40767 -2.516863095951969 -0.5306722116665519
15376 10523207 -1.195044286157963 0.007718986178946924 0.40386 -2.516863095951969 -0.5306722116665519
15377 10523207 -1.1461470467876136 0.007852292332258898 0.40386 -2.516863095951969 -0.5306722116665519
15378 10523207 -1.0483873586364656 0.008014365139283858 0.39624000000000004 -2.516863095951969 -0.5306722116665519
15379 10523207 -0.9970054377949347 0.004882576449539461 0.39624000000000004 -2.516863095951969 -0.5306722116665519
15380 10523207 -0.9472370889677759 0.0049659640729744214 0.39624000000000004 -2.516863095951969 -0.5306722116665519
15381 10523207 -0.8969511483128003 0.006632956389284822 0.39624000000000004 -2.516863095951969 -0.5306722116665519
15382 10523207 -0.8494824827339787 0.006475953560261538 0.39243000000000006 -2.516863095951969 -0.5306722116665519
15383 10523207 -0.8020138171551572 0.006318950731238254 0.38862 -2.516863095951969 -0.5306722116665519
15384 10523207 -0.7551449978242377 0.008403108964170763 0.38862 -2.516863095951969 -0.5306722116665519
15385 10523207 -0.6744275488194571 0.008066563884464445 0.381 -2.516863095951969 -0.5306722116665519
15386 10523207 -0.6190427728101457 0.0063157892216191 0.381 -2.516863095951969 -0.5306722116665519
15387 10523207 -0.561732241484697 0.0039358327597808496 0.37338 -2.516863095951969 -0.5306722116665519
15388 10523207 -0.5116043122716012 0.008928279813459089 0.37338 -2.516863095951969 -0.5306722116665519
15389 10523207 -0.46492556204447855 0.005000975410472536 0.36576 -2.516863095951969 -0.5306722116665519
15390 10523207 -0.410343599818372 0.0035141591012577134 0.36576 -2.516863095951969 -0.5306722116665519
15391 10523207 -0.3734238145728944 0.005056021809229816 0.36195 -2.516863095951969 -0.5306722116665519
15392 10523207 -0.33650402932741685 0.0065978845172019185 0.35814000000000007 -2.516863095951969 -0.5306722116665519
15393 10523207 -0.26505433212260376 0.005089233302834312 0.35814000000000007 -2.516863095951969 -0.5306722116665519
15394 10523207 -0.2153908804185669 0.004861091657422184 0.35052000000000005 -2.516863095951969 -0.5306722116665519
15395 10523207 -0.15997245039120167 0.0032194554772607964 0.35052000000000005 -2.516863095951969 -0.5306722116665519
15396 10523207 -0.08492110780838258 0.003222327328442881 0.34290000000000004 -2.516863095951969 -0.5306722116665519
15397 10523207 -0.03614066003037231 0.003283953639368592 0.34290000000000004 -2.516863095951969 -0.5306722116665519
15398 10523207 -0.011870847086775271 0.00335427546031114 0.34290000000000004 -2.516863095951969 -0.5306722116665519
15399 10523207 0.012398965856821764 0.0034245972812536885 0.34290000000000004 -2.516863095951969 -0.5306722116665519
15400 10523207 0.06074198391051244 0.001877345201399705 0.33528 -2.516863095951969 -0.5306722116665519
15401 10523207 0.12727259604406027 0.0016295934361214848 0.33528 -2.516863095951969 -0.5306722116665519
15402 10523207 0.20784046100316123 0.0035708877587543875 0.32766 -2.516863095951969 -0.5306722116665519
15403 10523207 0.25036060878828836 0.004862484664783895 0.32766 -2.516863095951969 -0.5306722116665519
15404 10523207 0.2860104746894871 0.004427451610632752 0.32766 -2.516863095951969 -0.5306722116665519
15405 10523207 0.3216603405906858 0.003992418556481608 0.32766 -2.516863095951969 -0.5306722116665519
15406 10523207 0.34349106674512364 0.0017649375876657436 0.32766 -2.516863095951969 -0.5306722116665519
15407 10523207 0.4081641159258928 0.002360297304213582 0.33528 -2.516863095951969 -0.5306722116665519
15408 10523207 0.4314511694706378 0.00024130300275732042 0.33528 -2.516863095951969 -0.5306722116665519
15409 10523207 0.49326972790714996 0.001887008847364549 0.33528 -2.516863095951969 -0.5306722116665519
15410 10523207 0.5149173604664828 0.00018717064325793342 0.33528 -2.516863095951969 -0.5306722116665519
