21598 11237485 0.8182644831901795 0.1648047623482291 0.36576 -4.401006272595418 1.4379406768625007
21599 11237485 0.8190405068227258 0.1671798143352561 0.36576 -4.401006272595418 1.4379406768625007
21600 11237485 0.8136488152075404 0.1642684111226361 0.36576 -4.401006272595418 1.4379406768625007
21601 11237485 0.8131613808198607 0.16413560779745226 0.36576 -4.401006272595418 1.4379406768625007
21602 11237485 0.8126739464321809 0.16400280447226842 0.36576 -4.401006272595418 1.4379406768625007
21603 11237485 0.8126753886113943 0.16400435509296948 0.36548478555304736 -4.401006272595418 1.4379406768625007
21604 11237485 0.8126768307906077 0.16400590571367055 0.36520957110609475 -4.401006272595418 1.4379406768625007
21605 11237485 0.8126782729698211 0.1640074563343716 0.3649343566591422 -4.401006272595418 1.4379406768625007
21606 11237485 0.8126797151490345 0.16400900695507267 0.3646591422121896 -4.401006272595418 1.4379406768625007
21607 11237485 0.8126811573282479 0.16401055757577374 0.364383927765237 -4.401006272595418 1.4379406768625007
21608 11237485 0.8126825995074611 0.1640121081964748 0.36410871331828437 -4.401006272595418 1.4379406768625007
21609 11237485 0.8126840416866745 0.16401365881717586 0.3638334988713318 -4.401006272595418 1.4379406768625007
21610 11237485 0.8126854838658879 0.16401520943787692 0.3635582844243792 -4.401006272595418 1.4379406768625007
21611 11237485 0.8126869260451013 0.164016760058578 0.3632830699774266 -4.401006272595418 1.4379406768625007
21612 11237485 0.8126883682243147 0.16401831067927905 0.363007855530474 -4.401006272595418 1.4379406768625007
21613 11237485 0.8126898104035281 0.1640198612999801 0.36273264108352143 -4.401006272595418 1.4379406768625007
21614 11237485 0.8126912525827414 0.16402141192068118 0.3624574266365688 -4.401006272595418 1.4379406768625007
21615 11237485 0.8126926947619548 0.16402296254138224 0.3621822121896162 -4.401006272595418 1.4379406768625007
21616 11237485 0.8126941369411682 0.16402451316208333 0.3619069977426636 -4.401006272595418 1.4379406768625007
21617 11237485 0.8126955791203816 0.1640260637827844 0.36163178329571105 -4.401006272595418 1.4379406768625007
21618 11237485 0.812697021299595 0.16402761440348546 0.36135656884875844 -4.401006272595418 1.4379406768625007
21619 11237485 0.8126984634788084 0.16402916502418652 0.36108135440180583 -4.401006272595418 1.4379406768625007
21620 11237485 0.8126999056580216 0.16403071564488758 0.3608061399548532 -4.401006272595418 1.4379406768625007
21621 11237485 0.812701347837235 0.16403226626558864 0.36053092550790067 -4.401006272595418 1.4379406768625007
21622 11237485 0.8127027900164484 0.1640338168862897 0.36025571106094806 -4.401006272595418 1.4379406768625007
21623 11237485 0.8127042321956618 0.16403536750699077 0.35998049661399545 -4.401006272595418 1.4379406768625007
21624 11237485 0.8127056743748752 0.16403691812769183 0.35970528216704284 -4.401006272595418 1.4379406768625007
21625 11237485 0.8127071165540886 0.1640384687483929 0.3594300677200903 -4.401006272595418 1.4379406768625007
21626 11237485 0.812708558733302 0.16404001936909396 0.3591548532731377 -4.401006272595418 1.4379406768625007
21627 11237485 0.8127100009125153 0.16404156998979502 0.35887963882618507 -4.401006272595418 1.4379406768625007
21628 11237485 0.8127114430917287 0.16404312061049608 0.35860442437923246 -4.401006272595418 1.4379406768625007
21629 11237485 0.8127128852709421 0.16404467123119715 0.3583292099322799 -4.401006272595418 1.4379406768625007
21630 11237485 0.8127143274501555 0.1640462218518982 0.3580539954853273 -4.401006272595418 1.4379406768625007
21631 11237485 0.8127157696293688 0.16404777247259927 0.3577787810383747 -4.401006272595418 1.4379406768625007
21632 11237485 0.8127172118085821 0.16404932309330034 0.3575035665914221 -4.401006272595418 1.4379406768625007
21633 11237485 0.8127186539877955 0.1640508737140014 0.3572283521444695 -4.401006272595418 1.4379406768625007
21634 11237485 0.8127200961670089 0.16405242433470246 0.3569531376975169 -4.401006272595418 1.4379406768625007
21635 11237485 0.8127215383462223 0.16405397495540353 0.3566779232505643 -4.401006272595418 1.4379406768625007
21636 11237485 0.8127229805254357 0.1640555255761046 0.3564027088036117 -4.401006272595418 1.4379406768625007
21637 11237485 0.8127244227046491 0.16405707619680565 0.35612749435665914 -4.401006272595418 1.4379406768625007
21638 11237485 0.8127258648838624 0.16405862681750671 0.3558522799097065 -4.401006272595418 1.4379406768625007
21639 11237485 0.8127273070630758 0.16406017743820778 0.3555770654627539 -4.401006272595418 1.4379406768625007
21640 11237485 0.8127287492422892 0.16406172805890884 0.3553018510158013 -4.401006272595418 1.4379406768625007
21641 11237485 0.8127301914215026 0.1640632786796099 0.35502663656884875 -4.401006272595418 1.4379406768625007
21642 11237485 0.8127316336007159 0.164064829300311 0.35475142212189614 -4.401006272595418 1.4379406768625007
21643 11237485 0.8127330757799293 0.16406637992101206 0.35447620767494353 -4.401006272595418 1.4379406768625007
21644 11237485 0.8127345179591426 0.16406793054171312 0.3542009932279909 -4.401006272595418 1.4379406768625007
21645 11237485 0.812735960138356 0.16406948116241418 0.35392577878103837 -4.401006272595418 1.4379406768625007
21646 11237485 0.8127374023175694 0.16407103178311525 0.35365056433408576 -4.401006272595418 1.4379406768625007
21647 11237485 0.8127388444967828 0.1640725824038163 0.35337534988713315 -4.401006272595418 1.4379406768625007
21648 11237485 0.8127402866759962 0.16407413302451737 0.35310013544018054 -4.401006272595418 1.4379406768625007
21649 11237485 0.8127417288552096 0.16407568364521843 0.352824920993228 -4.401006272595418 1.4379406768625007
21650 11237485 0.812743171034423 0.1640772342659195 0.3525497065462754 -4.401006272595418 1.4379406768625007
21651 11237485 0.8127446132136363 0.16407878488662056 0.35227449209932277 -4.401006272595418 1.4379406768625007
21652 11237485 0.8127460553928497 0.16408033550732162 0.35199927765237016 -4.401006272595418 1.4379406768625007
21653 11237485 0.8127474975720631 0.16408188612802269 0.3517240632054176 -4.401006272595418 1.4379406768625007
21654 11237485 0.8127489397512764 0.16408343674872375 0.351448848758465 -4.401006272595418 1.4379406768625007
21655 11237485 0.8127503819304898 0.1640849873694248 0.3511736343115124 -4.401006272595418 1.4379406768625007
21656 11237485 0.8127518241097031 0.16408653799012587 0.3508984198645598 -4.401006272595418 1.4379406768625007
21657 11237485 0.8127532662889165 0.16408808861082694 0.3506232054176072 -4.401006272595418 1.4379406768625007
21658 11237485 0.8127547084681299 0.164089639231528 0.3503479909706546 -4.401006272595418 1.4379406768625007
21659 11237485 0.8127561506473433 0.16409118985222906 0.350072776523702 -4.401006272595418 1.4379406768625007
21660 11237485 0.8127575928265567 0.16409274047293013 0.3497975620767494 -4.401006272595418 1.4379406768625007
21661 11237485 0.8127590350057701 0.1640942910936312 0.34952234762979684 -4.401006272595418 1.4379406768625007
21662 11237485 0.8127604771849835 0.16409584171433225 0.3492471331828442 -4.401006272595418 1.4379406768625007
