19639 10914310 -3.983841312698244 -0.05655486435130977 0.6019800000000001 -3.77961576159572 4.211528800839096
19640 10914310 -3.9551055708150047 -0.038074978037592924 0.6019800000000001 -3.77961576159572 4.211528800839096
19641 10914310 -3.9263698289317652 -0.019595091723876072 0.6019800000000001 -3.77961576159572 4.211528800839096
19642 10914310 -3.8976340870485258 -0.0011152054101592201 0.6019800000000001 -3.77961576159572 4.211528800839096
19643 10914310 -3.8233123083403173 0.040689578066634896 0.6019800000000001 -3.77961576159572 4.211528800839096
19644 10914310 -3.7489905296321093 0.08249436154342901 0.6019800000000001 -3.77961576159572 4.211528800839096
19645 10914310 -3.6746687509239013 0.12429914502022313 0.6019800000000001 -3.77961576159572 4.211528800839096
19646 10914310 -3.600346972215693 0.16610392849701724 0.6019800000000001 -3.77961576159572 4.211528800839096
19647 10914310 -3.5467518535714415 0.19412968790597115 0.6019800000000001 -3.77961576159572 4.211528800839096
19648 10914310 -3.4847841649098754 0.23145025940136996 0.59436 -3.77961576159572 4.211528800839096
19649 10914310 -3.4468453213901147 0.25426064422959804 0.59436 -3.77961576159572 4.211528800839096
19650 10914310 -3.408906477870354 0.2770710290578261 0.59436 -3.77961576159572 4.211528800839096
19651 10914310 -3.3460852446540024 0.3104906459296345 0.59436 -3.77961576159572 4.211528800839096
19652 10914310 -3.294866896730376 0.33777657710930054 0.6019800000000001 -3.77961576159572 4.211528800839096
19653 10914310 -3.247088065741073 0.36595489026058914 0.59436 -3.77961576159572 4.211528800839096
19654 10914310 -3.166292830901426 0.4119539930490278 0.6019800000000001 -3.77961576159572 4.211528800839096
19655 10914310 -3.1178874180901213 0.4377076552535747 0.6019800000000001 -3.77961576159572 4.211528800839096
19656 10914310 -3.0617396739990532 0.47354683592120805 0.59436 -3.77961576159572 4.211528800839096
19657 10914310 -3.013481040128543 0.5015690565363713 0.6019800000000001 -3.77961576159572 4.211528800839096
19658 10914310 -2.9261047195028187 0.5486875414961863 0.6019800000000001 -3.77961576159572 4.211528800839096
19659 10914310 -2.888934454588557 0.5692975124077442 0.6019800000000001 -3.77961576159572 4.211528800839096
19660 10914310 -2.851764189674295 0.5899074833193022 0.6019800000000001 -3.77961576159572 4.211528800839096
19661 10914310 -2.8246855162270093 0.6104902844740202 0.6019800000000001 -3.77961576159572 4.211528800839096
19662 10914310 -2.741004552923788 0.6571837407514859 0.59436 -3.77961576159572 4.211528800839096
19663 10914310 -2.6810841443935454 0.6866488591195149 0.59436 -3.77961576159572 4.211528800839096
19664 10914310 -2.599604693213304 0.7347648862842429 0.6019800000000001 -3.77961576159572 4.211528800839096
19665 10914310 -2.5511765825190826 0.7633177838368815 0.59436 -3.77961576159572 4.211528800839096
19666 10914310 -2.507404932638559 0.7871435772233281 0.59436 -3.77961576159572 4.211528800839096
19667 10914310 -2.4636332827580354 0.8109693706097746 0.59436 -3.77961576159572 4.211528800839096
19668 10914310 -2.403795386353452 0.8404629714255467 0.59436 -3.77961576159572 4.211528800839096
19669 10914310 -2.355071070833133 0.8685692321728063 0.59436 -3.77961576159572 4.211528800839096
19670 10914310 -2.2759173335267597 0.9123074335706943 0.6019800000000001 -3.77961576159572 4.211528800839096
19671 10914310 -2.2339122030081464 0.9413275318036973 0.6019800000000001 -3.77961576159572 4.211528800839096
19672 10914310 -2.1725964431546263 0.9712735361693726 0.6019800000000001 -3.77961576159572 4.211528800839096
19673 10914310 -2.1224955216223167 1.0011503592375623 0.6019800000000001 -3.77961576159572 4.211528800839096
19674 10914310 -2.0641401721922117 1.0301961103200046 0.6019800000000001 -3.77961576159572 4.211528800839096
19675 10914310 -2.0243816198576514 1.051948349944262 0.6019800000000001 -3.77961576159572 4.211528800839096
19676 10914310 -1.9846230675230914 1.0737005895685192 0.6019800000000001 -3.77961576159572 4.211528800839096
19677 10914310 -1.9017756792928842 1.1219581510181063 0.6019800000000001 -3.77961576159572 4.211528800839096
19678 10914310 -1.8403580588043325 1.1572092389364246 0.6007100000000001 -3.77961576159572 4.211528800839096
19679 10914310 -1.7789404383157805 1.1924603268547427 0.5994400000000001 -3.77961576159572 4.211528800839096
19680 10914310 -1.7175228178272288 1.227711414773061 0.5981700000000001 -3.77961576159572 4.211528800839096
19681 10914310 -1.6561051973386771 1.2629625026913793 0.5969 -3.77961576159572 4.211528800839096
19682 10914310 -1.5946875768501252 1.2982135906096974 0.59563 -3.77961576159572 4.211528800839096
19683 10914310 -1.5332699563615735 1.3334646785280158 0.59436 -3.77961576159572 4.211528800839096
19684 10914310 -1.5017031755847063 1.350323338609774 0.5969 -3.77961576159572 4.211528800839096
19685 10914310 -1.4701363948078394 1.367181998691532 0.5994400000000001 -3.77961576159572 4.211528800839096
19686 10914310 -1.4385696140309723 1.38404065877329 0.6019800000000001 -3.77961576159572 4.211528800839096
19687 10914310 -1.3446727889662171 1.4348802679194457 0.6019800000000001 -3.77961576159572 4.211528800839096
19688 10914310 -1.2578595114884503 1.4885050077692417 0.6019800000000001 -3.77961576159572 4.211528800839096
19689 10914310 -1.2073792340906275 1.5152238384088679 0.59436 -3.77961576159572 4.211528800839096
19690 10914310 -1.1447441631307382 1.5530395049331773 0.59436 -3.77961576159572 4.211528800839096
19691 10914310 -1.0917869188077118 1.5808180981473432 0.6019800000000001 -3.77961576159572 4.211528800839096
19692 10914310 -1.0053828720300515 1.630489186339099 0.6019800000000001 -3.77961576159572 4.211528800839096
19693 10914310 -0.9546710132574054 1.6606385441652927 0.6019800000000001 -3.77961576159572 4.211528800839096
19694 10914310 -0.9100980316964926 1.6869540492799167 0.6019800000000001 -3.77961576159572 4.211528800839096
19695 10914310 -0.8655250501355798 1.7132695543945407 0.6019800000000001 -3.77961576159572 4.211528800839096
19696 10914310 -0.8056201222274 1.7427497271432115 0.6019800000000001 -3.77961576159572 4.211528800839096
19697 10914310 -0.7580151177909107 1.7742665246361506 0.6019800000000001 -3.77961576159572 4.211528800839096
19698 10914310 -0.6721918112942167 1.8210922331077255 0.6019800000000001 -3.77961576159572 4.211528800839096
19699 10914310 -0.6398995782640517 1.8372875381027998 0.59436 -3.77961576159572 4.211528800839096
19700 10914310 -0.5792640664813951 1.8755264469624213 0.59436 -3.77961576159572 4.211528800839096
19701 10914310 -0.5358488455012754 1.8991258083175948 0.5981700000000001 -3.77961576159572 4.211528800839096
19702 10914310 -0.4924336245211558 1.9227251696727683 0.6019800000000001 -3.77961576159572 4.211528800839096
19703 10914310 -0.4031900940193076 1.975678310699633 0.59436 -3.77961576159572 4.211528800839096
19704 10914310 -0.3406734141636054 2.0066436456500485 0.6019800000000001 -3.77961576159572 4.211528800839096
19705 10914310 -0.2806758098406117 2.040769745815894 0.6019800000000001 -3.77961576159572 4.211528800839096
19706 10914310 -0.2272175592932919 2.0711925936666162 0.6019800000000001 -3.77961576159572 4.211528800839096
19707 10914310 -0.14168705879341537 2.1182348526302666 0.6019800000000001 -3.77961576159572 4.211528800839096
19708 10914310 -0.0865733371412375 2.153725150912922 0.59436 -3.77961576159572 4.211528800839096
19709 10914310 -0.028303455862729865 2.182575707099694 0.6019800000000001 -3.77961576159572 4.211528800839096
19710 10914310 0.010790316863178329 2.2043770178786226 0.6019800000000001 -3.77961576159572 4.211528800839096
19711 10914310 0.05196187284307108 2.2290042477029317 0.6019800000000001 -3.77961576159572 4.211528800839096
19712 10914310 0.09313342882296383 2.253631477527241 0.6019800000000001 -3.77961576159572 4.211528800839096
19713 10914310 0.1737277258129798 2.2980838852187406 0.6019800000000001 -3.77961576159572 4.211528800839096
19714 10914310 0.23553228921491343 2.3323229154078233 0.59436 -3.77961576159572 4.211528800839096
19715 10914310 0.2645539711447692 2.349122691230347 0.59436 -3.77961576159572 4.211528800839096
19716 10914310 0.311986976620289 2.3774288113991275 0.5969 -3.77961576159572 4.211528800839096
19717 10914310 0.3594199820958088 2.4057349315679075 0.5994400000000001 -3.77961576159572 4.211528800839096
19718 10914310 0.4068529875713286 2.434041051736688 0.6019800000000001 -3.77961576159572 4.211528800839096
19719 10914310 0.4666952775661661 2.468263352609368 0.6015566666666667 -3.77961576159572 4.211528800839096
19720 10914310 0.5265375675610036 2.5024856534820477 0.6011333333333334 -3.77961576159572 4.211528800839096
19721 10914310 0.5863798575558411 2.5367079543547275 0.6007100000000001 -3.77961576159572 4.211528800839096
19722 10914310 0.6462221475506786 2.5709302552274074 0.6002866666666667 -3.77961576159572 4.211528800839096
19723 10914310 0.7060644375455161 2.6051525561000877 0.5998633333333334 -3.77961576159572 4.211528800839096
19724 10914310 0.7659067275403536 2.6393748569727675 0.5994400000000001 -3.77961576159572 4.211528800839096
19725 10914310 0.8257490175351911 2.6735971578454474 0.5990166666666668 -3.77961576159572 4.211528800839096
19726 10914310 0.8855913075300286 2.7078194587181272 0.5985933333333334 -3.77961576159572 4.211528800839096
19727 10914310 0.9454335975248661 2.742041759590807 0.5981700000000001 -3.77961576159572 4.211528800839096
19728 10914310 1.0052758875197036 2.776264060463487 0.5977466666666666 -3.77961576159572 4.211528800839096
19729 10914310 1.0651181775145413 2.810486361336167 0.5973233333333333 -3.77961576159572 4.211528800839096
19730 10914310 1.1249604675093785 2.8447086622088467 0.5969 -3.77961576159572 4.211528800839096
19731 10914310 1.1848027575042162 2.8789309630815265 0.5964766666666667 -3.77961576159572 4.211528800839096
19732 10914310 1.2446450474990538 2.9131532639542064 0.5960533333333333 -3.77961576159572 4.211528800839096
19733 10914310 1.304487337493891 2.9473755648268867 0.59563 -3.77961576159572 4.211528800839096
19734 10914310 1.3643296274887287 2.9815978656995665 0.5952066666666667 -3.77961576159572 4.211528800839096
19735 10914310 1.4241719174835663 3.0158201665722464 0.5947833333333333 -3.77961576159572 4.211528800839096
19736 10914310 1.4840142074784037 3.0500424674449262 0.59436 -3.77961576159572 4.211528800839096
19737 10914310 1.513422948696194 3.069405933364719 0.6019800000000001 -3.77961576159572 4.211528800839096
19738 10914310 1.6011484785807837 3.12053381676706 0.6019800000000001 -3.77961576159572 4.211528800839096
19739 10914310 1.6608380415660398 3.149980644525625 0.6019800000000001 -3.77961576159572 4.211528800839096
19740 10914310 1.716625131791092 3.1859602020985487 0.6019800000000001 -3.77961576159572 4.211528800839096
19741 10914310 1.7465267855244755 3.200723753483355 0.6019800000000001 -3.77961576159572 4.211528800839096
19742 10914310 1.776428439257859 3.2154873048681605 0.6019800000000001 -3.77961576159572 4.211528800839096
19743 10914310 1.833778103585968 3.248271372255757 0.6019800000000001 -3.77961576159572 4.211528800839096
19744 10914310 1.8911277679140768 3.2810554396433527 0.6019800000000001 -3.77961576159572 4.211528800839096
19745 10914310 1.9484774322421856 3.313839507030949 0.6019800000000001 -3.77961576159572 4.211528800839096
19746 10914310 2.0058270965702945 3.3466235744185453 0.6019800000000001 -3.77961576159572 4.211528800839096
19747 10914310 2.0631767608984033 3.379407641806141 0.6019800000000001 -3.77961576159572 4.211528800839096
19748 10914310 2.1205264252265117 3.4121917091937375 0.6019800000000001 -3.77961576159572 4.211528800839096
19749 10914310 2.177876089554621 3.444975776581334 0.6019800000000001 -3.77961576159572 4.211528800839096
19750 10914310 2.2352257538827294 3.4777598439689297 0.6019800000000001 -3.77961576159572 4.211528800839096
19751 10914310 2.292575418210838 3.510543911356526 0.6019800000000001 -3.77961576159572 4.211528800839096
19752 10914310 2.349925082538947 3.5433279787441223 0.6019800000000001 -3.77961576159572 4.211528800839096
19753 10914310 2.407274746867056 3.576112046131718 0.6019800000000001 -3.77961576159572 4.211528800839096
19754 10914310 2.4646244111951647 3.6088961135193145 0.6019800000000001 -3.77961576159572 4.211528800839096
