3208 11099193 1.4323565202905448 0.07527734780553703 0.32766 0.0 0.0
3209 11099193 1.4326462338770993 0.07499913309768211 0.32766 0.0 0.0
3210 11099193 1.4329359474636538 0.07472091838982717 0.32766 0.0 0.0
3211 11099193 1.4332256610502085 0.07444270368197224 0.32766 0.0 0.0
3212 11099193 1.4335153746367633 0.07416448897411732 0.32766 0.0 0.0
3213 11099193 1.4338050882233178 0.07388627426626239 0.32766 0.0 0.0
3214 11099193 1.4340948018098723 0.07360805955840746 0.32766 0.0 0.0
3215 11099193 1.434384515396427 0.07332984485055252 0.32766 0.0 0.0
3216 11099193 1.4346742289829817 0.0730516301426976 0.32766 0.0 0.0
3217 11099193 1.4349639425695362 0.07277341543484267 0.32766 0.0 0.0
3218 11099193 1.4352536561560907 0.07249520072698774 0.32766 0.0 0.0
3219 11099193 1.4355433697426454 0.0722169860191328 0.32766 0.0 0.0
3220 11099193 1.4358330833292001 0.07193877131127788 0.32766 0.0 0.0
3221 11099193 1.4361227969157546 0.07166055660342295 0.32766 0.0 0.0
3222 11099193 1.4364125105023091 0.07138234189556802 0.32766 0.0 0.0
3223 11099193 1.4367022240888638 0.0711041271877131 0.32766 0.0 0.0
3224 11099193 1.4369919376754186 0.07082591247985816 0.32766 0.0 0.0
3225 11099193 1.437281651261973 0.07054769777200323 0.32766 0.0 0.0
3226 11099193 1.4375713648485275 0.0702694830641483 0.32766 0.0 0.0
3227 11099193 1.4378610784350823 0.06999126835629338 0.32766 0.0 0.0
3228 11099193 1.438150792021637 0.06971305364843844 0.32766 0.0 0.0
3229 11099193 1.4384405056081915 0.06943483894058351 0.32766 0.0 0.0
3230 11099193 1.438730219194746 0.06915662423272859 0.32766 0.0 0.0
3231 11099193 1.4390199327813007 0.06887840952487366 0.32766 0.0 0.0
3232 11099193 1.4393096463678554 0.06860019481701873 0.32766 0.0 0.0
3233 11099193 1.43959935995441 0.0683219801091638 0.32766 0.0 0.0
3234 11099193 1.4398890735409644 0.06804376540130887 0.32766 0.0 0.0
3235 11099193 1.4401787871275191 0.06776555069345394 0.32766 0.0 0.0
3236 11099193 1.4454697210800391 0.059495149123085234 0.32766 0.0 0.0
3237 11099193 1.446474259192276 0.053734712151368526 0.32766 0.0 0.0
3238 11099193 1.447478797304513 0.04797427517965182 0.32766 0.0 0.0
3239 11099193 1.4458581949669977 0.04301291598399294 0.32766 0.0 0.0
3240 11099193 1.4473909173368313 0.03818977863987348 0.32766 0.0 0.0
3241 11099193 1.4476497596892308 0.03191356685305101 0.32766 0.0 0.0
3242 11099193 1.4468431952987884 0.026861543047289084 0.32766 0.0 0.0
3243 11099193 1.4460366309083459 0.02180951924152716 0.32766 0.0 0.0
3244 11099193 1.440289446745714 0.018488144949694453 0.32766 0.0 0.0
3245 11099193 1.434542262583082 0.015166770657861747 0.32766 0.0 0.0
3246 11099193 1.421007302926545 0.009073761963024049 0.32766 0.0 0.0
3247 11099193 1.4142753535663746 0.007495432914683409 0.32766 0.0 0.0
3248 11099193 1.4075434042062038 0.005917103866342768 0.32766 0.0 0.0
3249 11099193 1.4008114548460333 0.004338774818002128 0.32766 0.0 0.0
3250 11099193 1.3815372031486701 0.005144044265856555 0.32766 0.0 0.0
3251 11099193 1.3622629514513067 0.005949313713710981 0.32766 0.0 0.0
3252 11099193 1.3429886997539435 0.006754583161565408 0.32766 0.0 0.0
3253 11099193 1.3147572702717665 0.005151030677859825 0.32766 0.0 0.0
3254 11099193 1.2865258407895892 0.003547478194154241 0.32766 0.0 0.0
3255 11099193 1.2582944113074122 0.0019439257104486574 0.32766 0.0 0.0
3256 11099193 1.2202961558147196 0.0036090247209260296 0.32766 0.0 0.0
3257 11099193 1.1883910545620242 0.003809580953152168 0.32766 0.0 0.0
3258 11099193 1.1564859533093288 0.004010137185378307 0.32766 0.0 0.0
3259 11099193 1.1038659633564514 0.0033261777575938345 0.32766 0.0 0.0
3260 11099193 1.0534025112815049 0.0038072434915767256 0.32004000000000005 0.0 0.0
3261 11099193 1.0074555287705809 0.0031645013352073013 0.3209925 0.0 0.0
3262 11099193 0.9615085462596566 0.002521759178837877 0.32194500000000004 0.0 0.0
3263 11099193 0.9155615637487327 0.0018790170224684526 0.32289750000000006 0.0 0.0
3264 11099193 0.8696145812378085 0.0012362748660990283 0.32385 0.0 0.0
3265 11099193 0.8236675987268844 0.000593532709729604 0.3248025 0.0 0.0
3266 11099193 0.7777206162159604 -4.9209446639820326e-05 0.325755 0.0 0.0
3267 11099193 0.7317736337050363 -0.0006919516030092446 0.32670750000000004 0.0 0.0
3268 11099193 0.6858266511941122 -0.001334693759378669 0.32766 0.0 0.0
3269 11099193 0.6433340190452487 0.0018018022280959917 0.32766 0.0 0.0
3270 11099193 0.5746432978710075 0.002225566972478721 0.33147000000000004 0.0 0.0
3271 11099193 0.5059525766967664 0.00264933171686145 0.33528 0.0 0.0
3272 11099193 0.46388724956762717 0.0030186771447738986 0.33528 0.0 0.0
3273 11099193 0.42182192243848793 0.003388022572686347 0.33528 0.0 0.0
3274 11099193 0.37683628547104975 0.001616085657986377 0.34290000000000004 0.0 0.0
3275 11099193 0.31034079061925923 0.0019670540142348036 0.34290000000000004 0.0 0.0
3276 11099193 0.23889252297532837 0.003469909962784984 0.35052000000000005 0.0 0.0
3277 11099193 0.1803415825976542 0.0020434079929341764 0.35814000000000007 0.0 0.0
3278 11099193 0.13661688425399687 0.0003280560446491665 0.36576 0.0 0.0
3279 11099193 0.06129397526507485 0.003566220145045512 0.37338 0.0 0.0
3280 11099193 0.006126403213148612 0.00325498215398326 0.37338 0.0 0.0
3281 11099193 -0.052458042248034076 0.003359971867903294 0.381 0.0 0.0
3282 11099193 -0.09632082707020961 0.0016327538195118063 0.38862 0.0 0.0
3283 11099193 -0.14018361189238515 -9.446422887968153e-05 0.39624000000000004 0.0 0.0
3284 11099193 -0.18907901816334438 -0.00023470009846490725 0.39624000000000004 0.0 0.0
3285 11099193 -0.25589043568331316 -0.004916230897164781 0.40386 0.0 0.0
3286 11099193 -0.30485509397578836 -0.00526677682974272 0.41148 0.0 0.0
3287 11099193 -0.3582027719674741 -0.0081565179571704 0.41910000000000003 0.0 0.0
3288 11099193 -0.44097287629930215 -0.008671104570157157 0.43434000000000006 0.0 0.0
3289 11099193 -0.49635741327204097 -0.006921723011055453 0.44196 0.0 0.0
3290 11099193 -0.5644770053897907 -0.011523515428195158 0.44958000000000004 0.0 0.0
3291 11099193 -0.6204571817624613 -0.00887751420858543 0.45720000000000005 0.0 0.0
3292 11099193 -0.68538485945724 -0.009147463396432659 0.46482000000000007 0.0 0.0
3293 11099193 -0.7130147924012413 -0.008759612817721613 0.46863 0.0 0.0
3294 11099193 -0.7406447253452426 -0.008371762239010566 0.47243999999999997 0.0 0.0
3295 11099193 -0.806776356045305 -0.00824706146422291 0.48768 0.0 0.0
3296 11099193 -0.8639993788252416 -0.009398966745911258 0.4953 0.0 0.0
3297 11099193 -0.9017138646289011 -0.007932997073457765 0.50292 0.0 0.0
3298 11099193 -0.9946240429407534 -0.009565878748556883 0.51054 0.0 0.0
3299 11099193 -1.0450655538631122 -0.006274304995169483 0.5181600000000001 0.0 0.0
3300 11099193 -1.1118062369743036 -0.006648863461310134 0.5334 0.0 0.0
3301 11099193 -1.1669073335740106 -0.006739889865486487 0.54102 0.0 0.0
3302 11099193 -1.2165363279492525 -0.004764409829352917 0.54864 0.0 0.0
3303 11099193 -1.2678944568665111 -0.00047057593684410315 0.55626 0.0 0.0
3304 11099193 -1.319587502811865 0.0017132390954987808 0.56388 0.0 0.0
3305 11099193 -1.3645419513242143 5.787463515780078e-05 0.56388 0.0 0.0
3306 11099193 -1.4295574250453422 0.004963720949557854 0.5715 0.0 0.0
3307 11099193 -1.4676280527521015 0.006432129049258911 0.57912 0.0 0.0
3308 11099193 -1.5203206715464856 0.007191656259127405 0.58674 0.0 0.0
3309 11099193 -1.6049558794705179 0.013491931453310152 0.59436 0.0 0.0
3310 11099193 -1.6213087196196205 0.013466009612186663 0.6019800000000001 0.0 0.0
3311 11099193 -1.6711128669800714 0.013281976546944602 0.60579 0.0 0.0
3312 11099193 -1.7209170143405224 0.01309794348170254 0.6096 0.0 0.0
3313 11099193 -1.7727488460543122 0.014862877101215338 0.61722 0.0 0.0
3314 11099193 -1.8252022086033464 0.014728357781696205 0.6248400000000001 0.0 0.0
3315 11099193 -1.8752912395911714 0.016391259430901445 0.6248400000000001 0.0 0.0
3316 11099193 -1.9190542032315354 0.014583012965075554 0.63246 0.0 0.0
3317 11099193 -1.9705001789061687 0.013185210019235866 0.6400800000000001 0.0 0.0
3318 11099193 -2.036784004585618 0.013136533167167314 0.6400800000000001 0.0 0.0
3319 11099193 -2.1092496673776218 0.01265713510818886 0.6477 0.0 0.0
3320 11099193 -2.1630751366012504 0.016479007870057377 0.65532 0.0 0.0
3321 11099193 -2.218196343959036 0.01091049913868844 0.65532 0.0 0.0
3322 11099193 -2.269890939287162 0.013101242957997944 0.6629400000000001 0.0 0.0
3323 11099193 -2.327178045604615 0.009059989557996778 0.67056 0.0 0.0
3324 11099193 -2.3994403539560345 0.006764105119700797 0.67056 0.0 0.0
3325 11099193 -2.4269947177170406 0.00467966389036531 0.6743700000000001 0.0 0.0
3326 11099193 -2.4545490814780466 0.0025952226610298224 0.6781800000000001 0.0 0.0
3327 11099193 -2.5242613259269655 0.004022967878835576 0.6858000000000001 0.0 0.0
3328 11099193 -2.5788655665267894 4.0395660923481236e-05 0.6858000000000001 0.0 0.0
3329 11099193 -2.6470951930192568 -0.004858074618415614 0.69342 0.0 0.0
3330 11099193 -2.7152905342893767 -0.009650349665906749 0.7010400000000001 0.0 0.0
3331 11099193 -2.738513125176099 -0.009353815395399062 0.7010400000000001 0.0 0.0
3332 11099193 -2.7617357160628213 -0.009057281124891375 0.7010400000000001 0.0 0.0
3333 11099193 -2.8445451865926348 -0.016427307946493303 0.7086600000000001 0.0 0.0
3334 11099193 -2.917193214088041 -0.018533843074781037 0.7162800000000001 0.0 0.0
3335 11099193 -2.959907581764938 -0.021468146087459145 0.7200900000000001 0.0 0.0
3336 11099193 -3.002621949441834 -0.024402449100137252 0.7239000000000001 0.0 0.0
3337 11099193 -3.0822041701437275 -0.02733452223398794 0.7239000000000001 0.0 0.0
3338 11099193 -3.1374955325864446 -0.02933576393768758 0.73152 0.0 0.0
3339 11099193 -3.2057616830575 -0.034334424963207294 0.73152 0.0 0.0
3340 11099193 -3.264483718633927 -0.03731515921079445 0.73914 0.0 0.0
3341 11099193 -3.3251828984537593 -0.04362110076495598 0.73914 0.0 0.0
3342 11099193 -3.381359790075771 -0.04696667612689712 0.74676 0.0 0.0
3343 11099193 -3.4758687358208578 -0.05342192562180706 0.74676 0.0 0.0
3344 11099193 -3.5347988774022125 -0.057033665642309744 0.75438 0.0 0.0
3345 11099193 -3.5705164193334014 -0.06029790532016929 0.7562850000000001 0.0 0.0
3346 11099193 -3.6062339612645906 -0.06356214499802884 0.75819 0.0 0.0
3347 11099193 -3.7113519099460337 -0.07799301275703377 0.762 0.0 0.0
3348 11099193 -3.7394409281676193 -0.07966433472118487 0.762 0.0 0.0
3349 11099193 -3.7924400521902486 -0.08550785375681738 0.76581 0.0 0.0
3350 11099193 -3.845439176212878 -0.0913513727924499 0.76962 0.0 0.0
3351 11099193 -3.880381679191866 -0.09767255708501646 0.77724 0.0 0.0
3352 11099193 -3.943283146579396 -0.1025518703084686 0.77724 0.0 0.0
3353 11099193 -4.026906343451158 -0.11373333013435208 0.78486 0.0 0.0
3354 11099193 -4.124632436694962 -0.12999488872309897 0.78486 0.0 0.0
