16240 10866934 -1.455423242953439 -4.2128162682792905 0.67056 0.0 0.0
16241 10866934 -1.4485025349101406 -4.180087677158045 0.67056 0.0 0.0
16242 10866934 -1.441581826866842 -4.147359086036799 0.67056 0.0 0.0
16243 10866934 -1.4247761528261302 -4.061958142120048 0.67056 0.0 0.0
16244 10866934 -1.4106522731929896 -4.002434776794954 0.67056 0.0 0.0
16245 10866934 -1.3918576989777176 -3.912309683064495 0.67056 0.0 0.0
16246 10866934 -1.3778516251684876 -3.8569536863136986 0.6629400000000001 0.0 0.0
16247 10866934 -1.370713264707519 -3.825055598849355 0.6629400000000001 0.0 0.0
16248 10866934 -1.3635749042465506 -3.793157511385011 0.6629400000000001 0.0 0.0
16249 10866934 -1.3514147839158397 -3.722243788976115 0.6629400000000001 0.0 0.0
16250 10866934 -1.3262955391766378 -3.628811728556273 0.6629400000000001 0.0 0.0
16251 10866934 -1.3180357606651059 -3.572278388640325 0.6629400000000001 0.0 0.0
16252 10866934 -1.3075683322277862 -3.5239438170083 0.6629400000000001 0.0 0.0
16253 10866934 -1.2971009037904666 -3.475609245376275 0.6629400000000001 0.0 0.0
16254 10866934 -1.273393753127556 -3.384052171260235 0.6629400000000001 0.0 0.0
16255 10866934 -1.2561846955482772 -3.2987828561147556 0.65532 0.0 0.0
16256 10866934 -1.247277912041037 -3.2375540209288354 0.65532 0.0 0.0
16257 10866934 -1.2348201648190418 -3.182860120459738 0.6629400000000001 0.0 0.0
16258 10866934 -1.2146675358067391 -3.1038103267241954 0.65532 0.0 0.0
16259 10866934 -1.2048505831546714 -3.0384393686280946 0.6629400000000001 0.0 0.0
16260 10866934 -1.1949074224025966 -2.9971476689057583 0.6629400000000001 0.0 0.0
16261 10866934 -1.1849642616505218 -2.955855969183422 0.6629400000000001 0.0 0.0
16262 10866934 -1.1736132500346987 -2.898025502332753 0.65913 0.0 0.0
16263 10866934 -1.1622622384188757 -2.840195035482083 0.65532 0.0 0.0
16264 10866934 -1.1493440858730615 -2.7843664196180224 0.65532 0.0 0.0
16265 10866934 -1.138462332001177 -2.7222642212121912 0.65532 0.0 0.0
16266 10866934 -1.135733106338159 -2.696518787549132 0.6629400000000001 0.0 0.0
16267 10866934 -1.1137261465099586 -2.5965780350920653 0.65532 0.0 0.0
16268 10866934 -1.1011871455379392 -2.5419105826400736 0.65532 0.0 0.0
16269 10866934 -1.0926448325324951 -2.4929465517118596 0.65532 0.0 0.0
16270 10866934 -1.0813010147397926 -2.4147557134186366 0.65532 0.0 0.0
16271 10866934 -1.0755650375116739 -2.3845020188661117 0.65532 0.0 0.0
16272 10866934 -1.0698290602835554 -2.354248324313587 0.65532 0.0 0.0
16273 10866934 -1.0613725269444694 -2.3022185750945976 0.65151 0.0 0.0
16274 10866934 -1.0529159936053836 -2.250188825875608 0.6477 0.0 0.0
16275 10866934 -1.041119151031819 -2.192357900452438 0.6477 0.0 0.0
16276 10866934 -1.0320662183006113 -2.1374854461766937 0.6477 0.0 0.0
16277 10866934 -1.0245549082811063 -2.0750991027327212 0.6477 0.0 0.0
16278 10866934 -1.0167534122161324 -2.0346551956738663 0.6477 0.0 0.0
16279 10866934 -1.010937696958313 -1.9831640723478465 0.6400800000000001 0.0 0.0
16280 10866934 -1.0047662712149628 -1.9316723791993178 0.6400800000000001 0.0 0.0
16281 10866934 -0.9970074612096966 -1.8753253032579258 0.6400800000000001 0.0 0.0
16282 10866934 -0.9864985673462165 -1.80947914436576 0.63246 0.0 0.0
16283 10866934 -0.9842520215248127 -1.7860292524785288 0.63246 0.0 0.0
16284 10866934 -0.9820054757034089 -1.7625793605912978 0.63246 0.0 0.0
16285 10866934 -0.9777417952539682 -1.715838226950117 0.63246 0.0 0.0
16286 10866934 -0.9726393457855702 -1.6676187876196005 0.6248400000000001 0.0 0.0
16287 10866934 -0.9654664012771248 -1.6130662417426336 0.6248400000000001 0.0 0.0
16288 10866934 -0.9637542711863583 -1.5725008772471034 0.6248400000000001 0.0 0.0
16289 10866934 -0.9555113488330056 -1.5146762691143185 0.61722 0.0 0.0
16290 10866934 -0.9503932972389497 -1.4626063738881996 0.6096 0.0 0.0
16291 10866934 -0.947858754304268 -1.4260484604822963 0.6096 0.0 0.0
16292 10866934 -0.9433421432209903 -1.3796235480290808 0.6019800000000001 0.0 0.0
16293 10866934 -0.934395722330293 -1.3182901966507141 0.6019800000000001 0.0 0.0
16294 10866934 -0.9324008856389682 -1.2707487282280128 0.5981700000000001 0.0 0.0
16295 10866934 -0.9304060489476433 -1.2232072598053112 0.59436 0.0 0.0
16296 10866934 -0.9257491937605565 -1.1926590038632878 0.59055 0.0 0.0
16297 10866934 -0.9210923385734697 -1.1621107479212647 0.58674 0.0 0.0
16298 10866934 -0.918414393742861 -1.1202252875691594 0.58674 0.0 0.0
16299 10866934 -0.9155758222093089 -1.078392322319049 0.57912 0.0 0.0
16300 10866934 -0.9112412661307572 -1.031440420363215 0.57912 0.0 0.0
16301 10866934 -0.9090524174494956 -0.997573342609504 0.5715 0.0 0.0
16302 10866934 -0.906864413793101 -0.9528404650189152 0.5715 0.0 0.0
16303 10866934 -0.897870858984209 -0.8916391679757641 0.56388 0.0 0.0
16304 10866934 -0.8969055961226786 -0.8544511722121019 0.56388 0.0 0.0
16305 10866934 -0.8940899619397036 -0.830895062130006 0.5600700000000001 0.0 0.0
16306 10866934 -0.8912743277567285 -0.8073389520479102 0.55626 0.0 0.0
16307 10866934 -0.8845908088273193 -0.7515745417443762 0.55626 0.0 0.0
16308 10866934 -0.8846437127060907 -0.7354341902913735 0.54864 0.0 0.0
16309 10866934 -0.8769504023913981 -0.6792988882164066 0.54864 0.0 0.0
16310 10866934 -0.8667411486450098 -0.630411997307517 0.54102 0.0 0.0
16311 10866934 -0.8585919591813298 -0.5889131126608385 0.5334 0.0 0.0
16312 10866934 -0.8495101450090972 -0.5437467838791384 0.5334 0.0 0.0
16313 10866934 -0.8400727579796294 -0.49857986610882343 0.52578 0.0 0.0
16314 10866934 -0.8286846544777098 -0.4637479375137329 0.5181600000000001 0.0 0.0
16315 10866934 -0.819806683018268 -0.44474417168818225 0.5181600000000001 0.0 0.0
16316 10866934 -0.8109287115588262 -0.4257404058626316 0.5181600000000001 0.0 0.0
16317 10866934 -0.7875028926055931 -0.37147733524147075 0.51054 0.0 0.0
16318 10866934 -0.7720824624136078 -0.340884585059434 0.50292 0.0 0.0
16319 10866934 -0.7442793495943254 -0.28980512173794404 0.50292 0.0 0.0
16320 10866934 -0.7178170396726202 -0.26048569889520345 0.4953 0.0 0.0
16321 10866934 -0.6960661232051837 -0.22927541172120222 0.4953 0.0 0.0
16322 10866934 -0.6705100537476101 -0.20001014308081413 0.48768 0.0 0.0
16323 10866934 -0.6407862564936384 -0.1770144110082804 0.48768 0.0 0.0
16324 10866934 -0.6093372159914525 -0.14874097143900603 0.48006 0.0 0.0
16325 10866934 -0.5660761908174139 -0.11965575350027322 0.47243999999999997 0.0 0.0
16326 10866934 -0.5511993380043135 -0.11014882639579077 0.47243999999999997 0.0 0.0
16327 10866934 -0.5363224851912132 -0.10064189929130832 0.47243999999999997 0.0 0.0
16328 10866934 -0.5039457418722264 -0.08447164828720208 0.46482000000000007 0.0 0.0
16329 10866934 -0.4521000756029705 -0.05901029718935738 0.45720000000000005 0.0 0.0
16330 10866934 -0.4159915636569229 -0.04908354002338908 0.44958000000000004 0.0 0.0
16331 10866934 -0.38556927953401043 -0.03753147616279254 0.44958000000000004 0.0 0.0
16332 10866934 -0.34131624281565465 -0.024425260159663925 0.44196 0.0 0.0
16333 10866934 -0.3027446325557517 -0.016471567219220634 0.43434000000000006 0.0 0.0
16334 10866934 -0.24923667174712993 -0.0019506321757730427 0.42672000000000004 0.0 0.0
16335 10866934 -0.2322058347967969 0.00042687555628059815 0.42291 0.0 0.0
16336 10866934 -0.21517499784646388 0.002804383288334239 0.41910000000000003 0.0 0.0
16337 10866934 -0.16465794082710983 0.007905461193664393 0.41148 0.0 0.0
16338 10866934 -0.12542636452981148 0.011087778052871838 0.41148 0.0 0.0
16339 10866934 -0.08664183457827956 0.014533235787673987 0.40386 0.0 0.0
16340 10866934 -0.04773140547909205 0.01782089400460793 0.40386 0.0 0.0
16341 10866934 -0.010018109638220474 0.016359462618183468 0.39624000000000004 0.0 0.0
16342 10866934 0.04032586101786506 0.02093422060895178 0.38862 0.0 0.0
16343 10866934 0.06760737650296733 0.02288272763852256 0.381 0.0 0.0
16344 10866934 0.11646767406758474 0.022919172364391782 0.381 0.0 0.0
16345 10866934 0.13068657587966864 0.02294520530036906 0.37719 0.0 0.0
16346 10866934 0.14490547769175255 0.022971238236346336 0.37338 0.0 0.0
16347 10866934 0.17654400888239163 0.024664420898847073 0.37338 0.0 0.0
16348 10866934 0.19547399439642743 0.0228003745937424 0.36576 0.0 0.0
16349 10866934 0.24191625106057324 0.0246793403466459 0.36576 0.0 0.0
16350 10866934 0.2907304683376194 0.024848764403821194 0.35814000000000007 0.0 0.0
16351 10866934 0.31352927588848456 0.02802943594245766 0.35814000000000007 0.0 0.0
16352 10866934 0.3295254147934268 0.028059152726063574 0.35052000000000005 0.0 0.0
16353 10866934 0.37495797312301826 0.02956788972427221 0.35052000000000005 0.0 0.0
16354 10866934 0.40646870019509246 0.029784973337504878 0.35052000000000005 0.0 0.0
16355 10866934 0.42883164199663937 0.032991571576314646 0.34290000000000004 0.0 0.0
16356 10866934 0.45996504277385464 0.034500458740274006 0.34290000000000004 0.0 0.0
16357 10866934 0.4953429420676872 0.03812730317876119 0.34290000000000004 0.0 0.0
16358 10866934 0.5044456569998674 0.036087354935315924 0.34290000000000004 0.0 0.0
16359 10866934 0.5442495540862817 0.03967003431361392 0.33528 0.0 0.0
16360 10866934 0.5610491492123488 0.04080070109574165 0.33528 0.0 0.0
16361 10866934 0.5778487443384158 0.04193136787786938 0.33528 0.0 0.0
16362 10866934 0.5946483394644829 0.04306203465999711 0.33528 0.0 0.0
16363 10866934 0.6209668868849464 0.04614487278322127 0.33528 0.0 0.0
16364 10866934 0.63589523771113 0.04817440341697236 0.3343275 0.0 0.0
16365 10866934 0.6508235885373137 0.050203934050723445 0.33337500000000003 0.0 0.0
16366 10866934 0.6657519393634973 0.05223346468447453 0.3324225 0.0 0.0
16367 10866934 0.6806802901896809 0.05426299531822562 0.33147000000000004 0.0 0.0
16368 10866934 0.6956086410158646 0.056292525951976716 0.3305175 0.0 0.0
16369 10866934 0.7105369918420482 0.058322056585727804 0.329565 0.0 0.0
16370 10866934 0.7254653426682319 0.06035158721947889 0.32861250000000003 0.0 0.0
16371 10866934 0.7403936934944155 0.06238111785322998 0.32766 0.0 0.0
16372 10866934 0.7470995808539351 0.0651187176342985 0.32718375 0.0 0.0
16373 10866934 0.7538054682134547 0.067856317415367 0.3267075 0.0 0.0
16374 10866934 0.7605113555729743 0.07059391719643551 0.32623125000000003 0.0 0.0
16375 10866934 0.7672172429324939 0.07333151697750402 0.325755 0.0 0.0
16376 10866934 0.7739231302920137 0.07606911675857253 0.32527875 0.0 0.0
16377 10866934 0.7806290176515333 0.07880671653964104 0.3248025 0.0 0.0
16378 10866934 0.7873349050110529 0.08154431632070955 0.32432625000000004 0.0 0.0
16379 10866934 0.7940407923705725 0.08428191610177806 0.32385 0.0 0.0
16380 10866934 0.8007466797300921 0.08701951588284657 0.32337375 0.0 0.0
16381 10866934 0.8074525670896117 0.08975711566391507 0.3228975 0.0 0.0
16382 10866934 0.8141584544491313 0.09249471544498358 0.32242125 0.0 0.0
16383 10866934 0.820864341808651 0.0952323152260521 0.32194500000000004 0.0 0.0
16384 10866934 0.8275702291681706 0.0979699150071206 0.32146875 0.0 0.0
16385 10866934 0.8342761165276902 0.10070751478818912 0.3209925 0.0 0.0
16386 10866934 0.8409820038872098 0.10344511456925762 0.32051625 0.0 0.0
16387 10866934 0.8476878912467294 0.10618271435032614 0.32004 0.0 0.0
16388 10866934 0.854393778606249 0.10892031413139464 0.31956375000000004 0.0 0.0
16389 10866934 0.8610996659657686 0.11165791391246316 0.3190875 0.0 0.0
16390 10866934 0.8678055533252882 0.11439551369353165 0.31861125 0.0 0.0
16391 10866934 0.8745114406848078 0.11713311347460018 0.318135 0.0 0.0
16392 10866934 0.8812173280443274 0.11987071325566868 0.31765875000000005 0.0 0.0
16393 10866934 0.8879232154038471 0.1226083130367372 0.31718250000000003 0.0 0.0
16394 10866934 0.8946291027633667 0.1253459128178057 0.31670625 0.0 0.0
16395 10866934 0.9013349901228863 0.1280835125988742 0.31623 0.0 0.0
16396 10866934 0.9080408774824059 0.13082111237994273 0.31575375 0.0 0.0
16397 10866934 0.9147467648419255 0.13355871216101123 0.31527750000000004 0.0 0.0
16398 10866934 0.9214526522014452 0.13629631194207975 0.31480125000000003 0.0 0.0
16399 10866934 0.9281585395609648 0.13903391172314825 0.314325 0.0 0.0
16400 10866934 0.9348644269204844 0.14177151150421677 0.31384875 0.0 0.0
16401 10866934 0.941570314280004 0.14450911128528526 0.31337250000000005 0.0 0.0
16402 10866934 0.9482762016395236 0.14724671106635379 0.31289625000000004 0.0 0.0
16403 10866934 0.9549820889990432 0.14998431084742228 0.31242000000000003 0.0 0.0
16404 10866934 0.9549816334821297 0.14998460546703826 0.3124117046359726 0.0 0.0
16405 10866934 0.9549811779652163 0.14998490008665427 0.3124034092719452 0.0 0.0
16406 10866934 0.9549807224483028 0.14998519470627025 0.3123951139079178 0.0 0.0
16407 10866934 0.9549802669313894 0.14998548932588623 0.31238681854389044 0.0 0.0
16408 10866934 0.9549798114144759 0.14998578394550224 0.31237852317986303 0.0 0.0
16409 10866934 0.9549793558975624 0.14998607856511822 0.3123702278158356 0.0 0.0
16410 10866934 0.9549789003806489 0.1499863731847342 0.3123619324518082 0.0 0.0
16411 10866934 0.9549784448637355 0.14998666780435022 0.3123536370877808 0.0 0.0
16412 10866934 0.954977989346822 0.1499869624239662 0.3123453417237534 0.0 0.0
16413 10866934 0.9549775338299085 0.14998725704358218 0.31233704635972603 0.0 0.0
16414 10866934 0.954977078312995 0.14998755166319816 0.3123287509956986 0.0 0.0
16415 10866934 0.9549766227960815 0.14998784628281417 0.3123204556316712 0.0 0.0
16416 10866934 0.9549761672791681 0.14998814090243015 0.3123121602676438 0.0 0.0
16417 10866934 0.9549757117622546 0.14998843552204613 0.3123038649036164 0.0 0.0
16418 10866934 0.9549752562453412 0.14998873014166214 0.312295569539589 0.0 0.0
16419 10866934 0.9549748007284277 0.14998902476127812 0.3122872741755616 0.0 0.0
16420 10866934 0.9549743452115143 0.1499893193808941 0.3122789788115342 0.0 0.0
16421 10866934 0.9549738896946007 0.1499896140005101 0.3122706834475068 0.0 0.0
16422 10866934 0.9549734341776873 0.1499899086201261 0.3122623880834794 0.0 0.0
16423 10866934 0.9549729786607738 0.14999020323974208 0.312254092719452 0.0 0.0
16424 10866934 0.9549725231438603 0.14999049785935809 0.31224579735542457 0.0 0.0
16425 10866934 0.9549720676269469 0.14999079247897407 0.3122375019913972 0.0 0.0
16426 10866934 0.9549716121100333 0.14999108709859005 0.3122292066273698 0.0 0.0
16427 10866934 0.9549711565931199 0.14999138171820606 0.3122209112633424 0.0 0.0
16428 10866934 0.9549707010762064 0.14999167633782204 0.312212615899315 0.0 0.0
16429 10866934 0.954970245559293 0.14999197095743802 0.31220432053528757 0.0 0.0
16430 10866934 0.9549697900423795 0.14999226557705403 0.31219602517126016 0.0 0.0
16431 10866934 0.9549693345254661 0.14999256019667 0.3121877298072328 0.0 0.0
16432 10866934 0.9549688790085525 0.149992854816286 0.3121794344432054 0.0 0.0
16433 10866934 0.954968423491639 0.14999314943590197 0.312171139079178 0.0 0.0
16434 10866934 0.9549679679747256 0.14999344405551798 0.3121628437151506 0.0 0.0
16435 10866934 0.9549675124578121 0.14999373867513396 0.31215454835112316 0.0 0.0
16436 10866934 0.9549670569408987 0.14999403329474995 0.31214625298709575 0.0 0.0
16437 10866934 0.9549666014239852 0.14999432791436595 0.3121379576230684 0.0 0.0
16438 10866934 0.9549661459070717 0.14999462253398194 0.312129662259041 0.0 0.0
16439 10866934 0.9549656903901582 0.14999491715359792 0.3121213668950136 0.0 0.0
16440 10866934 0.9549652348732448 0.14999521177321393 0.31211307153098616 0.0 0.0
16441 10866934 0.9549647793563313 0.1499955063928299 0.31210477616695875 0.0 0.0
16442 10866934 0.9549643238394178 0.1499958010124459 0.31209648080293134 0.0 0.0
16443 10866934 0.9549638683225044 0.1499960956320619 0.312088185438904 0.0 0.0
16444 10866934 0.9549634128055908 0.14999639025167788 0.3120798900748766 0.0 0.0
16445 10866934 0.9549629572886774 0.14999668487129386 0.31207159471084917 0.0 0.0
16446 10866934 0.9549625017717639 0.14999697949090987 0.31206329934682175 0.0 0.0
16447 10866934 0.9549620462548505 0.14999727411052585 0.31205500398279434 0.0 0.0
16448 10866934 0.954961590737937 0.14999756873014183 0.31204670861876693 0.0 0.0
16449 10866934 0.9549611352210235 0.14999786334975782 0.3120384132547396 0.0 0.0
16450 10866934 0.95496067970411 0.14999815796937382 0.31203011789071217 0.0 0.0
16451 10866934 0.9549602241871965 0.1499984525889898 0.31202182252668476 0.0 0.0
16452 10866934 0.9549597686702831 0.1499987472086058 0.31201352716265734 0.0 0.0
16453 10866934 0.9549593131533696 0.1499990418282218 0.31200523179862993 0.0 0.0
16454 10866934 0.9549588576364562 0.14999933644783778 0.3119969364346025 0.0 0.0
16455 10866934 0.9549584021195426 0.14999963106745376 0.31198864107057517 0.0 0.0
16456 10866934 0.9549579466026292 0.14999992568706977 0.31198034570654776 0.0 0.0
16457 10866934 0.9549574910857157 0.15000022030668575 0.31197205034252035 0.0 0.0
16458 10866934 0.9549570355688023 0.15000051492630173 0.31196375497849294 0.0 0.0
16459 10866934 0.9549565800518888 0.15000080954591774 0.3119554596144655 0.0 0.0
16460 10866934 0.9549561245349754 0.15000110416553372 0.3119471642504381 0.0 0.0
16461 10866934 0.9549556690180618 0.1500013987851497 0.31193886888641076 0.0 0.0
16462 10866934 0.9549552135011483 0.1500016934047657 0.31193057352238335 0.0 0.0
16463 10866934 0.9549547579842349 0.1500019880243817 0.31192227815835594 0.0 0.0
