20470 10760855 5.821020153363714 0.03242807938580214 0.54864 0.0 0.0
20471 10760855 5.769718045537122 0.03572160326099913 0.54102 0.0 0.0
20472 10760855 5.731278525366746 0.03762507967995851 0.5334 0.0 0.0
20473 10760855 5.6984215747046125 0.03759180323857722 0.5334 0.0 0.0
20474 10760855 5.659992660435573 0.03680570327129615 0.52578 0.0 0.0
20475 10760855 5.620554703956139 0.03564796843843884 0.52578 0.0 0.0
20476 10760855 5.585242783823401 0.030809032354066707 0.5181600000000001 0.0 0.0
20477 10760855 5.545116172332812 0.027540127594489622 0.5181600000000001 0.0 0.0
20478 10760855 5.503842776989717 0.023477306156605898 0.51054 0.0 0.0
20479 10760855 5.448628668114204 0.020222654483140617 0.50292 0.0 0.0
20480 10760855 5.409373040894819 0.01690401736705857 0.50292 0.0 0.0
20481 10760855 5.375850885041006 0.01755620526545773 0.50292 0.0 0.0
20482 10760855 5.350938309516161 0.01738676954270721 0.49911000000000005 0.0 0.0
20483 10760855 5.326025733991317 0.017217333819956687 0.4953 0.0 0.0
20484 10760855 5.292434622617079 0.01765875950845683 0.4953 0.0 0.0
20485 10760855 5.250016684469247 0.020978783182714483 0.4953 0.0 0.0
20486 10760855 5.210968659395142 0.022382450993379516 0.4953 0.0 0.0
20487 10760855 5.1776753546570795 0.022376846887850327 0.4953 0.0 0.0
20488 10760855 5.136197459094363 0.02585817816099953 0.48768 0.0 0.0
20489 10760855 5.100108959109268 0.03225436992528516 0.48768 0.0 0.0
20490 10760855 5.051544497827414 0.0319733656390547 0.48768 0.0 0.0
20491 10760855 5.016361108921285 0.036789919589441306 0.48768 0.0 0.0
20492 10760855 4.9893164096297475 0.038251488203749656 0.48768 0.0 0.0
20493 10760855 4.962271710338209 0.03971305681805801 0.48768 0.0 0.0
20494 10760855 4.9246336461783615 0.04135919930190787 0.48768 0.0 0.0
20495 10760855 4.886961108722564 0.04289996558431994 0.48006 0.0 0.0
20496 10760855 4.8466856841809856 0.04353777002515055 0.48006 0.0 0.0
20497 10760855 4.813403374927368 0.043296553065916704 0.48006 0.0 0.0
20498 10760855 4.768415915684798 0.044186791866234726 0.48006 0.0 0.0
20499 10760855 4.730743196302604 0.04572838866576254 0.47243999999999997 0.0 0.0
20500 10760855 4.670599036198329 0.04642345213034357 0.47243999999999997 0.0 0.0
20501 10760855 4.6330398816985765 0.04559231991984655 0.47243999999999997 0.0 0.0
20502 10760855 4.592408013716084 0.04459559230779839 0.47243999999999997 0.0 0.0
20503 10760855 4.555362580543154 0.038808094009748245 0.47243999999999997 0.0 0.0
20504 10760855 4.538916155296609 0.03874139095405124 0.46863 0.0 0.0
20505 10760855 4.522469730050064 0.03867468789835424 0.46482000000000007 0.0 0.0
20506 10760855 4.467322175651741 0.035638813190303126 0.46482000000000007 0.0 0.0
20507 10760855 4.4506983387426695 0.036389411787925735 0.46482000000000007 0.0 0.0
20508 10760855 4.38453417709403 0.03659750884082 0.46482000000000007 0.0 0.0
20509 10760855 4.353520780736264 0.035150825443560935 0.46482000000000007 0.0 0.0
20510 10760855 4.314263170955928 0.03183823620607237 0.46482000000000007 0.0 0.0
20511 10760855 4.280656956266657 0.026798923417555603 0.45720000000000005 0.0 0.0
20512 10760855 4.242236052297257 0.023330516597640044 0.45720000000000005 0.0 0.0
20513 10760855 4.185103969418252 0.01965910472684604 0.45720000000000005 0.0 0.0
20514 10760855 4.168691718794744 0.019698831524560728 0.45720000000000005 0.0 0.0
20515 10760855 4.152279468171236 0.019738558322275418 0.45720000000000005 0.0 0.0
20516 10760855 4.093665998493551 0.011528241199875694 0.44958000000000004 0.0 0.0
20517 10760855 4.060875798953745 0.011713689394350663 0.44958000000000004 0.0 0.0
20518 10760855 4.017447217556934 0.014669471523601624 0.44958000000000004 0.0 0.0
20519 10760855 3.982683323109333 0.011527637433853294 0.44958000000000004 0.0 0.0
20520 10760855 3.94438943338438 0.011173108829391126 0.44196 0.0 0.0
20521 10760855 3.908275818957023 0.014779832637131313 0.44196 0.0 0.0
20522 10760855 3.8625532232217434 0.01614878635505998 0.44196 0.0 0.0
20523 10760855 3.8281133210720153 0.01944339322342678 0.44196 0.0 0.0
20524 10760855 3.7956551477816536 0.019288005419601267 0.43434000000000006 0.0 0.0
20525 10760855 3.757887853121554 0.017828070227351417 0.43434000000000006 0.0 0.0
20526 10760855 3.7126796886598754 0.01669379565222759 0.43434000000000006 0.0 0.0
20527 10760855 3.696306628553975 0.015495192863865886 0.43434000000000006 0.0 0.0
20528 10760855 3.6799335684480745 0.014296590075504184 0.43434000000000006 0.0 0.0
20529 10760855 3.6462723900015552 0.01616977447185383 0.43434000000000006 0.0 0.0
20530 10760855 3.619865840184194 0.012521710203838049 0.42672000000000004 0.0 0.0
20531 10760855 3.583461945594844 0.009799981784416961 0.42672000000000004 0.0 0.0
20532 10760855 3.5496619678075056 0.009616236265257844 0.42672000000000004 0.0 0.0
20533 10760855 3.510402746619387 0.0063080798950730654 0.42672000000000004 0.0 0.0
20534 10760855 3.472005654907708 0.007274495526329944 0.42672000000000004 0.0 0.0
20535 10760855 3.437412195130772 0.003028067757907066 0.41910000000000003 0.0 0.0
20536 10760855 3.4216468514663845 0.0023325548327423895 0.41910000000000003 0.0 0.0
20537 10760855 3.378008408263301 0.0005710680213966979 0.41910000000000003 0.0 0.0
20538 10760855 3.349963009796932 -0.0010226786409646416 0.41910000000000003 0.0 0.0
20539 10760855 3.3137898290629746 -0.0003140522061263751 0.41910000000000003 0.0 0.0
20540 10760855 3.293827669829141 -0.0016253910906162405 0.41910000000000003 0.0 0.0
20541 10760855 3.273865510595307 -0.002936729975106106 0.41910000000000003 0.0 0.0
20542 10760855 3.2410398005391796 -0.0028530639906960975 0.41910000000000003 0.0 0.0
20543 10760855 3.212718566636675 -0.005290821039128174 0.41910000000000003 0.0 0.0
20544 10760855 3.1809019535568446 -0.004835373233476076 0.41148 0.0 0.0
20545 10760855 3.1509757556030378 -0.006749059123901585 0.41148 0.0 0.0
20546 10760855 3.1209362324950938 -0.006289331802400128 0.41148 0.0 0.0
20547 10760855 3.0880414043608555 -0.006416095333459798 0.41148 0.0 0.0
20548 10760855 3.0514543565253014 -0.006972950951797535 0.41148 0.0 0.0
20549 10760855 3.006807441227825 -0.006650975480564397 0.40386 0.0 0.0
20550 10760855 2.9742679033205794 -0.006776416882289499 0.40386 0.0 0.0
20551 10760855 2.9415008825202165 -0.003790235787877322 0.40386 0.0 0.0
20552 10760855 2.9134376762361067 -0.005434988946654756 0.40386 0.0 0.0
20553 10760855 2.885374469951997 -0.007079742105432191 0.40386 0.0 0.0
20554 10760855 2.8589481275887287 -0.003709886371240728 0.39624000000000004 0.0 0.0
20555 10760855 2.8251126934620983 -0.003995750551937655 0.39624000000000004 0.0 0.0
20556 10760855 2.7914839886630425 -0.003648051982472006 0.39624000000000004 0.0 0.0
20557 10760855 2.7483047049915204 -0.0026355199507895055 0.39624000000000004 0.0 0.0
20558 10760855 2.715227327306761 -0.0005983920192590142 0.39624000000000004 0.0 0.0
20559 10760855 2.67790625435652 -0.0006802229111186053 0.39624000000000004 0.0 0.0
20560 10760855 2.647364228160957 0.0036835755905984813 0.38862 0.0 0.0
20561 10760855 2.6241325533146105 0.0005208539736735462 0.38862 0.0 0.0
20562 10760855 2.57230828727213 0.0022540336895911783 0.38862 0.0 0.0
20563 10760855 2.543929603638067 0.001005590724124844 0.38862 0.0 0.0
20564 10760855 2.514033492391982 0.0025891061857981346 0.38862 0.0 0.0
20565 10760855 2.484137381145897 0.004172621647471425 0.38862 0.0 0.0
20566 10760855 2.4507603289198867 0.004206008074188056 0.38862 0.0 0.0
20567 10760855 2.422220474624698 0.002192894072157031 0.38862 0.0 0.0
20568 10760855 2.391835514664003 0.0016000567798166443 0.38862 0.0 0.0
20569 10760855 2.3510188326670782 0.004413436123861886 0.381 0.0 0.0
20570 10760855 2.310083537334645 0.0014247894128363858 0.381 0.0 0.0
20571 10760855 2.267844977344536 0.004235608093109161 0.381 0.0 0.0
20572 10760855 2.234524730331732 0.003900914344804357 0.381 0.0 0.0
20573 10760855 2.1898980004186583 0.002118255104599537 0.37338 0.0 0.0
20574 10760855 2.156715528391266 0.0022061832060596143 0.37338 0.0 0.0
20575 10760855 2.103442634370865 -0.000490901964371987 0.37338 0.0 0.0
20576 10760855 2.073254533766178 0.002241010616000433 0.37338 0.0 0.0
20577 10760855 2.0478905918455697 0.0007108404967243881 0.36956999999999995 0.0 0.0
20578 10760855 2.022526649924962 -0.0008193296225516566 0.36576 0.0 0.0
20579 10760855 1.9896994065338842 -0.0007298753975511774 0.36576 0.0 0.0
20580 10760855 1.9569315305650707 0.002260862274457265 0.36576 0.0 0.0
20581 10760855 1.918750479706575 0.003631733729460601 0.35814000000000007 0.0 0.0
20582 10760855 1.8783190050186649 0.0008312332253200827 0.35052000000000005 0.0 0.0
20583 10760855 1.8574057097767938 0.0020537161317051578 0.35052000000000005 0.0 0.0
20584 10760855 1.8222494116528267 0.0004512551140223031 0.35052000000000005 0.0 0.0
20585 10760855 1.7845728264511194 0.0020085027816502676 0.35052000000000005 0.0 0.0
20586 10760855 1.7343144572889901 -0.0009696918890804429 0.34290000000000004 0.0 0.0
20587 10760855 1.7010166850781172 -0.0009589880034424347 0.33528 0.0 0.0
20588 10760855 1.6644276512852056 -0.0015086954761374671 0.33528 0.0 0.0
20589 10760855 1.6316344424133697 -0.0013120232812424137 0.32766 0.0 0.0
20590 10760855 1.599540196088117 -0.0016939772338458864 0.32766 0.0 0.0
20591 10760855 1.5618633239544177 -0.00013554639555714287 0.32766 0.0 0.0
20592 10760855 1.5370677108271171 7.786744786338756e-05 0.32385 0.0 0.0
20593 10760855 1.5122720976998165 0.000291281291283918 0.32004000000000005 0.0 0.0
20594 10760855 1.4794787103644715 0.0004886567783693035 0.32004000000000005 0.0 0.0
20595 10760855 1.4462840651533102 0.0008172390065544211 0.31242000000000003 0.0 0.0
20596 10760855 1.429714932559028 0.0003882562142109025 0.31242000000000003 0.0 0.0
20597 10760855 1.3778647226798129 0.0009697115119446098 0.31242000000000003 0.0 0.0
20598 10760855 1.3414025217554901 0.001898803878494476 0.31242000000000003 0.0 0.0
20599 10760855 1.3001926474495842 0.002159405401202588 0.30861000000000005 0.0 0.0
20600 10760855 1.2589827731436782 0.0024200069239107003 0.3048 0.0 0.0
20601 10760855 1.2478362598298083 0.0009209544503730599 0.3048 0.0 0.0
20602 10760855 1.2211310952067465 0.0009998321697632928 0.3048 0.0 0.0
20603 10760855 1.1944259305836846 0.0010787098891535257 0.3048 0.0 0.0
20604 10760855 1.162445853357773 0.0007781364832029972 0.3048 0.0 0.0
20605 10760855 1.1304657761318615 0.0004775630772524686 0.3048 0.0 0.0
20606 10760855 1.1176579416973218 0.0006896752626619623 0.3048 0.0 0.0
20607 10760855 1.0753707649908808 0.0020042557356102775 0.3048 0.0 0.0
20608 10760855 1.0587098625442692 0.0018397070421724837 0.3048 0.0 0.0
20609 10760855 1.042048960097658 0.00167515834873469 0.3048 0.0 0.0
20610 10760855 1.0206377205791268 0.0022838333980582846 0.3048 0.0 0.0
20611 10760855 0.9992264810605956 0.002892508447381879 0.3048 0.0 0.0
20612 10760855 0.9778152415420646 0.0035011834967054734 0.3048 0.0 0.0
20613 10760855 0.9470714291828346 0.002841772191373701 0.3048 0.0 0.0
20614 10760855 0.9163276168236045 0.0021823608860419286 0.3048 0.0 0.0
20615 10760855 0.8855838044643746 0.0015229495807101562 0.3048 0.0 0.0
20616 10760855 0.8548399921051446 0.0008635382753783838 0.3048 0.0 0.0
20617 10760855 0.8240961797459145 0.0002041269700466114 0.3048 0.0 0.0
20618 10760855 0.7933523673866846 -0.000455284335285161 0.3048 0.0 0.0
20619 10760855 0.7626085550274546 -0.0011146956406169334 0.3048 0.0 0.0
20620 10760855 0.7318647426682245 -0.0017741069459487058 0.3048 0.0 0.0
20621 10760855 0.6951956157056537 -0.0011315237358907456 0.306705 0.0 0.0
20622 10760855 0.658526488743083 -0.0004889405258327855 0.30861000000000005 0.0 0.0
20623 10760855 0.6218573617805121 0.00015364268422517462 0.31051500000000004 0.0 0.0
20624 10760855 0.5851882348179414 0.0007962258942831348 0.31242000000000003 0.0 0.0
20625 10760855 0.5485191078553705 0.0014388091043410949 0.314325 0.0 0.0
20626 10760855 0.5118499808927996 0.002081392314399055 0.31623 0.0 0.0
20627 10760855 0.4751808539302289 0.002723975524457015 0.31813500000000006 0.0 0.0
20628 10760855 0.4385117269676581 0.0033665587345149753 0.32004000000000005 0.0 0.0
20629 10760855 0.40009020257167244 0.005193701707784655 0.32512 0.0 0.0
20630 10760855 0.3616686781756867 0.0070208446810543345 0.33020000000000005 0.0 0.0
20631 10760855 0.32324715377970104 0.008847987654324013 0.33528 0.0 0.0
20632 10760855 0.27379021251125435 0.008070569752376855 0.34290000000000004 0.0 0.0
20633 10760855 0.23559577479143756 0.009687839879506555 0.35052000000000005 0.0 0.0
20634 10760855 0.21586334252450712 0.011814028905113655 0.35052000000000005 0.0 0.0
20635 10760855 0.17855152850039624 0.0131431310418752 0.35814000000000007 0.0 0.0
20636 10760855 0.13056458831529147 0.01509919292798241 0.36004500000000006 0.0 0.0
20637 10760855 0.0825776481301867 0.01705525481408962 0.36195 0.0 0.0
20638 10760855 0.041769070107638445 0.01923592254971214 0.363855 0.0 0.0
20639 10760855 0.0009604920850901921 0.021416590285334658 0.36576 0.0 0.0
20640 10760855 -0.03799092039672558 0.02316582896181038 0.37338 0.0 0.0
20641 10760855 -0.07864184626441195 0.022433161042970523 0.37338 0.0 0.0
20642 10760855 -0.12630774264255928 0.024694652040760795 0.37338 0.0 0.0
20643 10760855 -0.163158582184582 0.028795544005976254 0.381 0.0 0.0
20644 10760855 -0.20253702739603296 0.027881252704159004 0.381 0.0 0.0
20645 10760855 -0.24583304812933138 0.03128538333665912 0.38862 0.0 0.0
20646 10760855 -0.28401679912524025 0.032668118176427036 0.39624000000000004 0.0 0.0
20647 10760855 -0.31947193709884913 0.033568069220042795 0.39624000000000004 0.0 0.0
20648 10760855 -0.354927075072458 0.034468020263658555 0.39624000000000004 0.0 0.0
20649 10760855 -0.3927859267497462 0.03983423609884226 0.40386 0.0 0.0
20650 10760855 -0.4203889438717132 0.037992426495966264 0.41148 0.0 0.0
20651 10760855 -0.4836939428054976 0.04268161189433048 0.41910000000000003 0.0 0.0
20652 10760855 -0.5261878030113636 0.04582512725323376 0.41910000000000003 0.0 0.0
20653 10760855 -0.5686816998435276 0.048968897837319975 0.42672000000000004 0.0 0.0
20654 10760855 -0.6045491281163935 0.05064747699084757 0.42672000000000004 0.0 0.0
20655 10760855 -0.6450885985192676 0.04754467817189298 0.43434000000000006 0.0 0.0
20656 10760855 -0.6880528698956663 0.05060923634501721 0.43434000000000006 0.0 0.0
20657 10760855 -0.7249299233800315 0.05191747074987571 0.44196 0.0 0.0
20658 10760855 -0.7673895251493443 0.05516798488698241 0.44196 0.0 0.0
20659 10760855 -0.8226534002677115 0.051856510272802275 0.44958000000000004 0.0 0.0
20660 10760855 -0.8646213013695649 0.05389528196266333 0.45720000000000005 0.0 0.0
20661 10760855 -0.8926027904171794 0.05252938280416761 0.45720000000000005 0.0 0.0
20662 10760855 -0.9432422200226906 0.05249690330160403 0.46482000000000007 0.0 0.0
20663 10760855 -0.9949343863371394 0.054678360495643424 0.46482000000000007 0.0 0.0
20664 10760855 -1.0437965642008593 0.0546495709673491 0.47243999999999997 0.0 0.0
20665 10760855 -1.08052739915849 0.053691816492409034 0.47243999999999997 0.0 0.0
20666 10760855 -1.1033537073877735 0.05315290856662311 0.47624999999999995 0.0 0.0
20667 10760855 -1.1261800156170567 0.05261400064083718 0.48006 0.0 0.0
20668 10760855 -1.1803963182082684 0.05386957957574942 0.48768 0.0 0.0
20669 10760855 -1.2256133860060132 0.052766746947466275 0.48768 0.0 0.0
20670 10760855 -1.2634661183752411 0.05381245237083096 0.4953 0.0 0.0
20671 10760855 -1.2833632619394437 0.05272503972338058 0.4953 0.0 0.0
20672 10760855 -1.34371066667732 0.04745771698214882 0.50292 0.0 0.0
20673 10760855 -1.386973484904581 0.05097437211580344 0.51054 0.0 0.0
20674 10760855 -1.4264143469468717 0.047165731871659594 0.5181600000000001 0.0 0.0
20675 10760855 -1.4620150838012822 0.052383073413888565 0.5181600000000001 0.0 0.0
20676 10760855 -1.5060980716149241 0.05067726739293385 0.52578 0.0 0.0
20677 10760855 -1.5202142541987451 0.05097117107871271 0.52578 0.0 0.0
20678 10760855 -1.6013304390671947 0.055536412854112566 0.5334 0.0 0.0
20679 10760855 -1.6495462069066955 0.06020723232409228 0.54102 0.0 0.0
20680 10760855 -1.6681859185439736 0.06092946654369816 0.54102 0.0 0.0
20681 10760855 -1.6868256301812516 0.061651700763304035 0.54102 0.0 0.0
20682 10760855 -1.742910923476065 0.06398993615937362 0.54102 0.0 0.0
20683 10760855 -1.7942162499809402 0.06464818894367616 0.54864 0.0 0.0
20684 10760855 -1.8311981946470544 0.06564553795084013 0.54864 0.0 0.0
20685 10760855 -1.8707648617203214 0.06281497406974831 0.55626 0.0 0.0
20686 10760855 -1.9131912910495654 0.0661779019301971 0.55626 0.0 0.0
20687 10760855 -1.952856887118817 0.06711899972119059 0.56388 0.0 0.0
20688 10760855 -2.0191747826913113 0.06696462591050309 0.5715 0.0 0.0
20689 10760855 -2.0545326829272144 0.0645107401792909 0.5715 0.0 0.0
20690 10760855 -2.092032895562734 0.06392627167823547 0.5715 0.0 0.0
20691 10760855 -2.1519633190906635 0.06402019214443608 0.57912 0.0 0.0
20692 10760855 -2.1735779124802628 0.06583372775893967 0.58674 0.0 0.0
20693 10760855 -2.2401219750789574 0.06879310976310679 0.59436 0.0 0.0
20694 10760855 -2.2734935415268707 0.0686113778894327 0.59436 0.0 0.0
20695 10760855 -2.2903682777452463 0.06875766781834439 0.5981700000000001 0.0 0.0
20696 10760855 -2.307243013963622 0.06890395774725608 0.6019800000000001 0.0 0.0
20697 10760855 -2.3565321123466427 0.06867258903543991 0.6096 0.0 0.0
20698 10760855 -2.4207942107076814 0.0718216578742463 0.6096 0.0 0.0
20699 10760855 -2.458074542163059 0.07327018153948403 0.61722 0.0 0.0
20700 10760855 -2.5021247509059803 0.07167610104940411 0.6248400000000001 0.0 0.0
20701 10760855 -2.5398063987578414 0.07325633454818678 0.6248400000000001 0.0 0.0
20702 10760855 -2.5883950492599848 0.07408252279855118 0.63246 0.0 0.0
20703 10760855 -2.627769064237076 0.07049162977948872 0.63246 0.0 0.0
20704 10760855 -2.687634667403948 0.06834844720673847 0.6400800000000001 0.0 0.0
20705 10760855 -2.711267337390183 0.07064867489143253 0.6400800000000001 0.0 0.0
20706 10760855 -2.7349000073764183 0.0729489025761266 0.6400800000000001 0.0 0.0
20707 10760855 -2.7761583309896283 0.07581757659616803 0.6477 0.0 0.0
20708 10760855 -2.819113998886719 0.07865771603311197 0.6477 0.0 0.0
20709 10760855 -2.8763975789348404 0.08712180974797831 0.65532 0.0 0.0
20710 10760855 -2.8980125520273203 0.08893755696969272 0.6629400000000001 0.0 0.0
20711 10760855 -2.9386338859431413 0.09673986341908511 0.6629400000000001 0.0 0.0
20712 10760855 -2.997757746582609 0.10989680109188601 0.67056 0.0 0.0
20713 10760855 -3.0346878812929896 0.1164916240306145 0.6781800000000001 0.0 0.0
20714 10760855 -3.070711957264778 0.12314063653334659 0.6858000000000001 0.0 0.0
20715 10760855 -3.0920373094326887 0.12719913286991277 0.6858000000000001 0.0 0.0
20716 10760855 -3.1133626616005996 0.13125762920647896 0.6858000000000001 0.0 0.0
20717 10760855 -3.1682835611494697 0.13988557744185134 0.69342 0.0 0.0
20718 10760855 -3.209555404246787 0.14135898354237905 0.7010400000000001 0.0 0.0
20719 10760855 -3.26287149585771 0.14946238541800758 0.7086600000000001 0.0 0.0
20720 10760855 -3.3010719249362204 0.14946357862178847 0.7086600000000001 0.0 0.0
20721 10760855 -3.3227215372877392 0.151175085843377 0.7086600000000001 0.0 0.0
20722 10760855 -3.3762349163315797 0.15759119153289056 0.7162800000000001 0.0 0.0
20723 10760855 -3.4126145168537807 0.16424147440700074 0.7239000000000001 0.0 0.0
20724 10760855 -3.467682580145871 0.16590902125714066 0.7239000000000001 0.0 0.0
20725 10760855 -3.5041658421733564 0.17224315991401737 0.73152 0.0 0.0
20726 10760855 -3.5254009365936994 0.17522178175099676 0.73152 0.0 0.0
20727 10760855 -3.5466360310140423 0.17820040358797615 0.73152 0.0 0.0
20728 10760855 -3.5939552747574677 0.18562847245912847 0.73914 0.0 0.0
20729 10760855 -3.62923828236349 0.18911651441408237 0.73914 0.0 0.0
20730 10760855 -3.672664605170471 0.2002951757857848 0.74676 0.0 0.0
20731 10760855 -3.7110190733454678 0.20525655364603054 0.74676 0.0 0.0
20732 10760855 -3.750398713000471 0.2152277415938689 0.75438 0.0 0.0
20733 10760855 -3.7928343438245005 0.2212920044650973 0.75438 0.0 0.0
20734 10760855 -3.8394701771261337 0.23352252507678015 0.75438 0.0 0.0
20735 10760855 -3.8738816868849373 0.236960151173896 0.762 0.0 0.0
20736 10760855 -3.914720153095815 0.24518977605552247 0.762 0.0 0.0
20737 10760855 -3.9700710589850168 0.2579376499735947 0.76962 0.0 0.0
20738 10760855 -4.01579302316172 0.26753315630360175 0.76962 0.0 0.0
20739 10760855 -4.056631409083335 0.2757636034724783 0.76962 0.0 0.0
20740 10760855 -4.097573445858503 0.2836776801581783 0.77724 0.0 0.0
