60210 10532852 1.1600312564559454 0.006707174097169533 0.37338 0.7988559315902779 2.445003484775232
60211 10532852 1.1293808115543431 0.0058555550484429425 0.37719 0.7988559315902779 2.445003484775232
60212 10532852 1.0987303666527408 0.005003935999716352 0.381 0.7988559315902779 2.445003484775232
60213 10532852 1.0647680897087297 0.005495344527743751 0.38311666666666666 0.7988559315902779 2.445003484775232
60214 10532852 1.0308058127647184 0.005986753055771149 0.3852333333333333 0.7988559315902779 2.445003484775232
60215 10532852 0.9968435358207072 0.006478161583798547 0.38735 0.7988559315902779 2.445003484775232
60216 10532852 0.962881258876696 0.006969570111825946 0.3894666666666667 0.7988559315902779 2.445003484775232
60217 10532852 0.9289189819326847 0.007460978639853344 0.39158333333333334 0.7988559315902779 2.445003484775232
60218 10532852 0.8949567049886735 0.007952387167880742 0.3937 0.7988559315902779 2.445003484775232
60219 10532852 0.8609944280446624 0.00844379569590814 0.3958166666666667 0.7988559315902779 2.445003484775232
60220 10532852 0.8270321511006511 0.008935204223935539 0.39793333333333336 0.7988559315902779 2.445003484775232
60221 10532852 0.79306987415664 0.009426612751962937 0.40005 0.7988559315902779 2.445003484775232
60222 10532852 0.7591075972126287 0.009918021279990336 0.4021666666666667 0.7988559315902779 2.445003484775232
60223 10532852 0.7251453202686176 0.010409429808017734 0.40428333333333333 0.7988559315902779 2.445003484775232
60224 10532852 0.6911830433246063 0.010900838336045132 0.40640000000000004 0.7988559315902779 2.445003484775232
60225 10532852 0.6572207663805951 0.01139224686407253 0.4085166666666667 0.7988559315902779 2.445003484775232
60226 10532852 0.6232584894365839 0.011883655392099929 0.41063333333333335 0.7988559315902779 2.445003484775232
60227 10532852 0.5892962124925727 0.012375063920127327 0.41275 0.7988559315902779 2.445003484775232
60228 10532852 0.5553339355485615 0.012866472448154725 0.4148666666666667 0.7988559315902779 2.445003484775232
60229 10532852 0.5213716586045503 0.013357880976182124 0.4169833333333334 0.7988559315902779 2.445003484775232
60230 10532852 0.48740938166053904 0.013849289504209522 0.41910000000000003 0.7988559315902779 2.445003484775232
60231 10532852 0.44139274054612027 0.012998058483261452 0.42672000000000004 0.7988559315902779 2.445003484775232
60232 10532852 0.36403011565659504 0.016783016163228304 0.43434000000000006 0.7988559315902779 2.445003484775232
60233 10532852 0.3152047383679877 0.016850422202088267 0.43434000000000006 0.7988559315902779 2.445003484775232
60234 10532852 0.2934190400178247 0.01812864884585072 0.43434000000000006 0.7988559315902779 2.445003484775232
60235 10532852 0.22837235225327024 0.02291372971100175 0.44196 0.7988559315902779 2.445003484775232
60236 10532852 0.1917902725925854 0.0196815897708478 0.44958000000000004 0.7988559315902779 2.445003484775232
60237 10532852 0.13289965841846385 0.02292287030986956 0.45720000000000005 0.7988559315902779 2.445003484775232
60238 10532852 0.08529260889155221 0.026448947816768598 0.45720000000000005 0.7988559315902779 2.445003484775232
60239 10532852 0.03739980888604144 0.031003371708864247 0.46482000000000007 0.7988559315902779 2.445003484775232
60240 10532852 0.01555134771655492 0.03277027302524317 0.46482000000000007 0.7988559315902779 2.445003484775232
60241 10532852 -0.006297113452931602 0.034537174341622096 0.46482000000000007 0.7988559315902779 2.445003484775232
60242 10532852 -0.05104691916888138 0.040284675177818946 0.47243999999999997 0.7988559315902779 2.445003484775232
60243 10532852 -0.0977722314304631 0.042705912504637206 0.48006 0.7988559315902779 2.445003484775232
60244 10532852 -0.1342996294681782 0.04915443154771329 0.48006 0.7988559315902779 2.445003484775232
60245 10532852 -0.17762995570098394 0.052452594137112535 0.48006 0.7988559315902779 2.445003484775232
60246 10532852 -0.22099482254504488 0.05564546877508089 0.48768 0.7988559315902779 2.445003484775232
60247 10532852 -0.27918142149712466 0.064034164655251 0.4953 0.7988559315902779 2.445003484775232
60248 10532852 -0.3277164114574198 0.06880090823526944 0.50292 0.7988559315902779 2.445003484775232
60249 10532852 -0.371012371650586 0.07220580876047258 0.50292 0.7988559315902779 2.445003484775232
60250 10532852 -0.40294512662945814 0.07505070749904011 0.51054 0.7988559315902779 2.445003484775232
60251 10532852 -0.4381836785972158 0.08034934982685484 0.512445 0.7988559315902779 2.445003484775232
60252 10532852 -0.47342223056497346 0.08564799215466956 0.5143500000000001 0.7988559315902779 2.445003484775232
60253 10532852 -0.5332977375628698 0.09091059916057789 0.52578 0.7988559315902779 2.445003484775232
60254 10532852 -0.5561028612420513 0.09369296905634591 0.52578 0.7988559315902779 2.445003484775232
60255 10532852 -0.5789079849212329 0.09647533895211394 0.52578 0.7988559315902779 2.445003484775232
60256 10532852 -0.6209962915826233 0.10357608036578317 0.5334 0.7988559315902779 2.445003484775232
60257 10532852 -0.6638783160658763 0.10824939298969413 0.54102 0.7988559315902779 2.445003484775232
60258 10532852 -0.6995472287086595 0.11325179828861967 0.54102 0.7988559315902779 2.445003484775232
60259 10532852 -0.7564846231061582 0.12111910866434492 0.54864 0.7988559315902779 2.445003484775232
60260 10532852 -0.798978417067062 0.12426426939655935 0.54864 0.7988559315902779 2.445003484775232
60261 10532852 -0.8350701502975211 0.13069078315708008 0.55626 0.7988559315902779 2.445003484775232
60262 10532852 -0.8770135137462962 0.1338900918027611 0.55626 0.7988559315902779 2.445003484775232
60263 10532852 -0.9191001125684186 0.1426277407040669 0.56388 0.7988559315902779 2.445003484775232
60264 10532852 -0.9620875356901117 0.14535108362856827 0.56388 0.7988559315902779 2.445003484775232
60265 10532852 -0.9903527000476261 0.1466488352095369 0.56769 0.7988559315902779 2.445003484775232
60266 10532852 -1.0186178644051405 0.1479465867905055 0.5715 0.7988559315902779 2.445003484775232
60267 10532852 -1.0385921898988524 0.1493374314539054 0.5715 0.7988559315902779 2.445003484775232
60268 10532852 -1.1053316585997366 0.1489628504762824 0.57912 0.7988559315902779 2.445003484775232
60269 10532852 -1.149137369056047 0.14809924175650188 0.57912 0.7988559315902779 2.445003484775232
60270 10532852 -1.188072595778826 0.14447474284776016 0.57912 0.7988559315902779 2.445003484775232
60271 10532852 -1.2232889833821134 0.14407406381580565 0.58674 0.7988559315902779 2.445003484775232
60272 10532852 -1.2630379950997808 0.14094972814489146 0.58674 0.7988559315902779 2.445003484775232
60273 10532852 -1.3083125990079931 0.13939900098001742 0.58674 0.7988559315902779 2.445003484775232
60274 10532852 -1.3480505858299343 0.13603780027096798 0.59436 0.7988559315902779 2.445003484775232
60275 10532852 -1.3877886624648175 0.1326768209011789 0.59436 0.7988559315902779 2.445003484775232
60276 10532852 -1.4271171581679958 0.12649480523188547 0.59436 0.7988559315902779 2.445003484775232
60277 10532852 -1.4745045223907296 0.1228318863381522 0.59436 0.7988559315902779 2.445003484775232
60278 10532852 -1.5357076685519633 0.12146805371561506 0.6019800000000001 0.7988559315902779 2.445003484775232
60279 10532852 -1.5752931661667777 0.1215632362528892 0.6096 0.7988559315902779 2.445003484775232
60280 10532852 -1.6256853085448133 0.11794929284877761 0.6096 0.7988559315902779 2.445003484775232
60281 10532852 -1.6490825091466015 0.114853015133594 0.6096 0.7988559315902779 2.445003484775232
60282 10532852 -1.6954878728235634 0.11799737532296592 0.61722 0.7988559315902779 2.445003484775232
60283 10532852 -1.7667854298030308 0.11456255870624962 0.6248400000000001 0.7988559315902779 2.445003484775232
60284 10532852 -1.788279379933839 0.11131147478564793 0.6248400000000001 0.7988559315902779 2.445003484775232
60285 10532852 -1.8533293006673797 0.11611568346549947 0.63246 0.7988559315902779 2.445003484775232
60286 10532852 -1.8827761638161222 0.11774484262471835 0.63246 0.7988559315902779 2.445003484775232
60287 10532852 -1.9122230269648648 0.11937400178393723 0.63246 0.7988559315902779 2.445003484775232
60288 10532852 -1.9617829986616835 0.12197475035832794 0.6362700000000001 0.7988559315902779 2.445003484775232
60289 10532852 -2.011342970358502 0.12457549893271866 0.6400800000000001 0.7988559315902779 2.445003484775232
60290 10532852 -2.0530178847917497 0.13295131236771837 0.6400800000000001 0.7988559315902779 2.445003484775232
60291 10532852 -2.1042527738116563 0.14468863670417584 0.6477 0.7988559315902779 2.445003484775232
60292 10532852 -2.146203874128835 0.15222064270411204 0.6477 0.7988559315902779 2.445003484775232
60293 10532852 -2.187127260724643 0.16560927641427656 0.65532 0.7988559315902779 2.445003484775232
60294 10532852 -2.2312602374711243 0.18004826566230844 0.65532 0.7988559315902779 2.445003484775232
60295 10532852 -2.2807846623066252 0.2024441755669589 0.65532 0.7988559315902779 2.445003484775232
60296 10532852 -2.328143376686733 0.22331400534599896 0.6629400000000001 0.7988559315902779 2.445003484775232
60297 10532852 -2.3690989161003033 0.24746387909702947 0.6629400000000001 0.7988559315902779 2.445003484775232
60298 10532852 -2.417414037261934 0.27355477039803744 0.6629400000000001 0.7988559315902779 2.445003484775232
60299 10532852 -2.4442751983802506 0.29326881938504185 0.6667500000000001 0.7988559315902779 2.445003484775232
60300 10532852 -2.4711363594985674 0.31298286837204625 0.67056 0.7988559315902779 2.445003484775232
60301 10532852 -2.5112358034326325 0.34246218142038454 0.67056 0.7988559315902779 2.445003484775232
60302 10532852 -2.5499981727450605 0.3771127866550571 0.67056 0.7988559315902779 2.445003484775232
60303 10532852 -2.58214813515246 0.4080809343642109 0.6781800000000001 0.7988559315902779 2.445003484775232
60304 10532852 -2.6207988971772567 0.44877151443652785 0.6781800000000001 0.7988559315902779 2.445003484775232
60305 10532852 -2.652331397360623 0.4867824704357079 0.6858000000000001 0.7988559315902779 2.445003484775232
60306 10532852 -2.6831005068602725 0.5295681759588129 0.6858000000000001 0.7988559315902779 2.445003484775232
60307 10532852 -2.7166865296658917 0.5751455243938225 0.69342 0.7988559315902779 2.445003484775232
60308 10532852 -2.7352046886259584 0.6027053155292462 0.69342 0.7988559315902779 2.445003484775232
60309 10532852 -2.779971294923352 0.6912023069556309 0.7010400000000001 0.7988559315902779 2.445003484775232
60310 10532852 -2.7970609932752275 0.7404956232000369 0.7010400000000001 0.7988559315902779 2.445003484775232
60311 10532852 -2.809877887943358 0.7774656306811265 0.7048500000000001 0.7988559315902779 2.445003484775232
60312 10532852 -2.822694782611489 0.814435638162216 0.7086600000000001 0.7988559315902779 2.445003484775232
60313 10532852 -2.834096141884312 0.8549152636079644 0.7086600000000001 0.7988559315902779 2.445003484775232
60314 10532852 -2.8454975011571344 0.8953948890537128 0.7086600000000001 0.7988559315902779 2.445003484775232
60315 10532852 -2.854183815621007 0.9676445574722187 0.7162800000000001 0.7988559315902779 2.445003484775232
60316 10532852 -2.8585958181778732 1.0119712518475381 0.7200900000000001 0.7988559315902779 2.445003484775232
60317 10532852 -2.8630078207347394 1.0562979462228577 0.7239000000000001 0.7988559315902779 2.445003484775232
60318 10532852 -2.866219872765223 1.143640498610249 0.7239000000000001 0.7988559315902779 2.445003484775232
60319 10532852 -2.859511747899395 1.2036657812229696 0.7289800000000001 0.7988559315902779 2.445003484775232
60320 10532852 -2.8528036230335676 1.26369106383569 0.73406 0.7988559315902779 2.445003484775232
60321 10532852 -2.84609549816774 1.3237163464484105 0.73914 0.7988559315902779 2.445003484775232
60322 10532852 -2.844771383816573 1.344315393949246 0.73914 0.7988559315902779 2.445003484775232
60323 10532852 -2.8273262646857518 1.397613062402528 0.73914 0.7988559315902779 2.445003484775232
60324 10532852 -2.81170567899476 1.4540201468084537 0.74295 0.7988559315902779 2.445003484775232
60325 10532852 -2.796085093303768 1.5104272312143792 0.74676 0.7988559315902779 2.445003484775232
60326 10532852 -2.7761717901098466 1.5658382161749702 0.74676 0.7988559315902779 2.445003484775232
60327 10532852 -2.7577184949564053 1.6102760824878286 0.75438 0.7988559315902779 2.445003484775232
60328 10532852 -2.7326217706183886 1.666327411334444 0.75438 0.7988559315902779 2.445003484775232
60329 10532852 -2.720768895215371 1.6889720677363556 0.762 0.7988559315902779 2.445003484775232
60330 10532852 -2.6949714339088864 1.7460793714889842 0.762 0.7988559315902779 2.445003484775232
60331 10532852 -2.680520088607028 1.7739495689308975 0.762 0.7988559315902779 2.445003484775232
60332 10532852 -2.6348783575881844 1.837414834896171 0.76962 0.7988559315902779 2.445003484775232
60333 10532852 -2.6022949636548676 1.8854071520619604 0.76962 0.7988559315902779 2.445003484775232
60334 10532852 -2.573588395357202 1.9242690547200847 0.77724 0.7988559315902779 2.445003484775232
60335 10532852 -2.5137728163355373 1.9903399272324018 0.78486 0.7988559315902779 2.445003484775232
60336 10532852 -2.4821611063178484 2.024512025852648 0.78486 0.7988559315902779 2.445003484775232
60337 10532852 -2.4411881257134755 2.062864786739711 0.7924800000000001 0.7988559315902779 2.445003484775232
60338 10532852 -2.4029597426314506 2.098260003453843 0.7924800000000001 0.7988559315902779 2.445003484775232
60339 10532852 -2.365380190018974 2.1289601327758945 0.8001 0.7988559315902779 2.445003484775232
60340 10532852 -2.3323925342621994 2.155671477304171 0.8001 0.7988559315902779 2.445003484775232
60341 10532852 -2.299404878505425 2.1823828218324475 0.8001 0.7988559315902779 2.445003484775232
60342 10532852 -2.259728051419682 2.2129810756607156 0.80772 0.7988559315902779 2.445003484775232
60343 10532852 -2.221621312766624 2.2442101305354325 0.80772 0.7988559315902779 2.445003484775232
60344 10532852 -2.1819382497600595 2.279714075054867 0.8153400000000001 0.7988559315902779 2.445003484775232
60345 10532852 -2.1442487578086338 2.3080419071766403 0.8153400000000001 0.7988559315902779 2.445003484775232
60346 10532852 -2.1013720674147853 2.340280870574542 0.82296 0.7988559315902779 2.445003484775232
60347 10532852 -2.047021197410767 2.388044457754512 0.82296 0.7988559315902779 2.445003484775232
60348 10532852 -1.9989623490153037 2.4209247830901437 0.8305800000000001 0.7988559315902779 2.445003484775232
60349 10532852 -1.9606679089907189 2.456533219310878 0.8305800000000001 0.7988559315902779 2.445003484775232
60350 10532852 -1.932294382665072 2.4767515734340098 0.8343900000000001 0.7988559315902779 2.445003484775232
60351 10532852 -1.9039208563394252 2.4969699275571418 0.8382000000000001 0.7988559315902779 2.445003484775232
60352 10532852 -1.8648939905855488 2.532105250211367 0.84582 0.7988559315902779 2.445003484775232
60353 10532852 -1.8310634884083583 2.556789268570953 0.84582 0.7988559315902779 2.445003484775232
60354 10532852 -1.7938597325765178 2.5836412003465843 0.8534400000000001 0.7988559315902779 2.445003484775232
60355 10532852 -1.7572244089312152 2.6141845580300362 0.8534400000000001 0.7988559315902779 2.445003484775232
60356 10532852 -1.7131785304802498 2.6483790409957177 0.86106 0.7988559315902779 2.445003484775232
60357 10532852 -1.654518731526592 2.689242529935839 0.8686800000000001 0.7988559315902779 2.445003484775232
60358 10532852 -1.611843958982664 2.727391284193259 0.8686800000000001 0.7988559315902779 2.445003484775232
60359 10532852 -1.5701631561327314 2.759789534729346 0.8763000000000001 0.7988559315902779 2.445003484775232
60360 10532852 -1.5325199285339386 2.790704752897472 0.8763000000000001 0.7988559315902779 2.445003484775232
60361 10532852 -1.4873282839626454 2.8256935035225434 0.88392 0.7988559315902779 2.445003484775232
60362 10532852 -1.4581454021694154 2.8483938308476415 0.88392 0.7988559315902779 2.445003484775232
60363 10532852 -1.4224924472882037 2.8745857678025106 0.8915400000000001 0.7988559315902779 2.445003484775232
60364 10532852 -1.378725321378498 2.907937790582117 0.8915400000000001 0.7988559315902779 2.445003484775232
60365 10532852 -1.3434175159605397 2.9357910809110326 0.8953500000000001 0.7988559315902779 2.445003484775232
60366 10532852 -1.3081097105425816 2.9636443712399476 0.8991600000000001 0.7988559315902779 2.445003484775232
60367 10532852 -1.2546267726385876 3.0066122795885843 0.9067800000000001 0.7988559315902779 2.445003484775232
60368 10532852 -1.2076647581392612 3.038335387096336 0.9067800000000001 0.7988559315902779 2.445003484775232
60369 10532852 -1.178629721270144 3.058689457513858 0.9105900000000001 0.7988559315902779 2.445003484775232
60370 10532852 -1.1495946844010267 3.07904352793138 0.9144000000000001 0.7988559315902779 2.445003484775232
60371 10532852 -1.1057705654177579 3.1136630531650975 0.9144000000000001 0.7988559315902779 2.445003484775232
60372 10532852 -1.0629970205565722 3.1429011738015076 0.9144000000000001 0.7988559315902779 2.445003484775232
60373 10532852 -1.0282653584423873 3.167642945478081 0.9144000000000001 0.7988559315902779 2.445003484775232
60374 10532852 -0.9819647100292206 3.203322160981574 0.9220200000000001 0.7988559315902779 2.445003484775232
60375 10532852 -0.9364506178172034 3.233884152791388 0.9220200000000001 0.7988559315902779 2.445003484775232
60376 10532852 -0.8964642276191606 3.2627493424953182 0.9220200000000001 0.7988559315902779 2.445003484775232
60377 10532852 -0.8589921364785227 3.2888150755742274 0.9296400000000001 0.7988559315902779 2.445003484775232
60378 10532852 -0.8101060235256763 3.3215459976393134 0.9296400000000001 0.7988559315902779 2.445003484775232
60379 10532852 -0.7675517459045385 3.3512073547281953 0.9296400000000001 0.7988559315902779 2.445003484775232
60380 10532852 -0.721075126920655 3.373860650440685 0.93726 0.7988559315902779 2.445003484775232
60381 10532852 -0.6665306071132473 3.4130368917502225 0.93726 0.7988559315902779 2.445003484775232
60382 10532852 -0.6271429543460656 3.441164052559678 0.93726 0.7988559315902779 2.445003484775232
60383 10532852 -0.5958649072575248 3.460785770620359 0.94107 0.7988559315902779 2.445003484775232
60384 10532852 -0.5645868601689841 3.4804074886810397 0.9448799999999999 0.7988559315902779 2.445003484775232
60385 10532852 -0.5167407799878214 3.5083388075546207 0.9448799999999999 0.7988559315902779 2.445003484775232
60386 10532852 -0.48050954875901164 3.5338768203624906 0.9448799999999999 0.7988559315902779 2.445003484775232
60387 10532852 -0.437715820618237 3.5642788512881256 0.9448799999999999 0.7988559315902779 2.445003484775232
60388 10532852 -0.39446557870829513 3.593363320375721 0.96012 0.7988559315902779 2.445003484775232
60389 10532852 -0.32075811804676113 3.6422803626955105 0.96774 0.7988559315902779 2.445003484775232
60390 10532852 -0.28640225689081666 3.663174547935123 0.96774 0.7988559315902779 2.445003484775232
60391 10532852 -0.23968204307896301 3.6906573193029817 0.97536 0.7988559315902779 2.445003484775232
60392 10532852 -0.2051143081797011 3.71627281839712 0.97536 0.7988559315902779 2.445003484775232
60393 10532852 -0.1417602504488975 3.7552574422776366 0.98298 0.7988559315902779 2.445003484775232
60394 10532852 -0.1152550053406819 3.7684378528151465 0.98298 0.7988559315902779 2.445003484775232
60395 10532852 -0.04971085899429051 3.817923154570083 0.9906 0.7988559315902779 2.445003484775232
60396 10532852 -0.02913881265707774 3.8300647623035555 0.9906 0.7988559315902779 2.445003484775232
60397 10532852 -0.008566766319864971 3.8422063700370277 0.9906 0.7988559315902779 2.445003484775232
60398 10532852 0.0561741843199306 3.8827247132653757 0.99822 0.7988559315902779 2.445003484775232
60399 10532852 0.08332637730523551 3.900601178393898 0.99822 0.7988559315902779 2.445003484775232
60400 10532852 0.13189466997018506 3.932388202118892 1.00584 0.7988559315902779 2.445003484775232
60401 10532852 0.19990307188923961 3.9747597412610447 1.00584 0.7988559315902779 2.445003484775232
60402 10532852 0.24220898136432356 4.0036878802261855 1.00584 0.7988559315902779 2.445003484775232
60403 10532852 0.27882164826876 4.02606559214202 1.01346 0.7988559315902779 2.445003484775232
60404 10532852 0.3292421757369861 4.055378341805008 1.01346 0.7988559315902779 2.445003484775232
60405 10532852 0.3607876820546293 4.0771933627822134 1.01346 0.7988559315902779 2.445003484775232
60406 10532852 0.3923331883722725 4.099008383759419 1.01346 0.7988559315902779 2.445003484775232
60407 10532852 0.4328086401140807 4.122343386907926 1.01346 0.7988559315902779 2.445003484775232
60408 10532852 0.49740699064093397 4.171673390031732 1.02108 0.7988559315902779 2.445003484775232
60409 10532852 0.5439724709296103 4.198976123236972 1.0287 0.7988559315902779 2.445003484775232
60410 10532852 0.5863451196734772 4.228117275313809 1.0287 0.7988559315902779 2.445003484775232
60411 10532852 0.6253108105858887 4.254984273517508 1.0363200000000001 0.7988559315902779 2.445003484775232
60412 10532852 0.6749612616653871 4.284667083540908 1.04394 0.7988559315902779 2.445003484775232
60413 10532852 0.730131284920269 4.320373441810595 1.04394 0.7988559315902779 2.445003484775232
60414 10532852 0.7660345945690039 4.346022246293448 1.05156 0.7988559315902779 2.445003484775232
60415 10532852 0.8284048009891638 4.384749408664572 1.05918 0.7988559315902779 2.445003484775232
60416 10532852 0.8713835715759852 4.414394369306907 1.05918 0.7988559315902779 2.445003484775232
60417 10532852 0.8997697334856865 4.431986038288339 1.0668 0.7988559315902779 2.445003484775232
60418 10532852 0.9568012352523578 4.473393886490691 1.0668 0.7988559315902779 2.445003484775232
60419 10532852 0.981556196920516 4.488025272282381 1.07061 0.7988559315902779 2.445003484775232
60420 10532852 1.0063111585886741 4.502656658074071 1.0744200000000002 0.7988559315902779 2.445003484775232
60421 10532852 1.0465758326014165 4.5253616301515605 1.0744200000000002 0.7988559315902779 2.445003484775232
60422 10532852 1.108864151203407 4.564934836973658 1.08204 0.7988559315902779 2.445003484775232
60423 10532852 1.1568531774906472 4.597966754866016 1.08204 0.7988559315902779 2.445003484775232
60424 10532852 1.1987172770627303 4.62692572184826 1.08966 0.7988559315902779 2.445003484775232
60425 10532852 1.2457934899340013 4.6541810499116005 1.08966 0.7988559315902779 2.445003484775232
60426 10532852 1.2855915561866755 4.680894845647213 1.08966 0.7988559315902779 2.445003484775232
60427 10532852 1.3202150721082755 4.702640753844081 1.09728 0.7988559315902779 2.445003484775232
60428 10532852 1.3688514000685323 4.731956919037475 1.09728 0.7988559315902779 2.445003484775232
60429 10532852 1.4108390401797448 4.759941558180663 1.09728 0.7988559315902779 2.445003484775232
60430 10532852 1.4738567661437225 4.799044539811193 1.09728 0.7988559315902779 2.445003484775232
60431 10532852 1.5331954620974868 4.838298872422408 1.1049 0.7988559315902779 2.445003484775232
60432 10532852 1.5755615372843015 4.867445526046815 1.1049 0.7988559315902779 2.445003484775232
60433 10532852 1.609554050436245 4.889982703193898 1.1087099999999999 0.7988559315902779 2.445003484775232
60434 10532852 1.6435465635881887 4.912519880340981 1.11252 0.7988559315902779 2.445003484775232
60435 10532852 1.6853123465758075 4.938474992726283 1.11252 0.7988559315902779 2.445003484775232
60436 10532852 1.7336056568531542 4.970825515921659 1.11252 0.7988559315902779 2.445003484775232
60437 10532852 1.777401633919577 4.998921357783292 1.1201400000000001 0.7988559315902779 2.445003484775232
60438 10532852 1.7791379950791926 4.997596330438575 1.1199635933568195 0.7988559315902779 2.445003484775232
60439 10532852 1.7808743562388079 4.996271303093858 1.1197871867136389 0.7988559315902779 2.445003484775232
60440 10532852 1.7826107173984234 4.9949462757491405 1.1196107800704582 0.7988559315902779 2.445003484775232
60441 10532852 1.7843470785580389 4.993621248404423 1.1194343734272774 0.7988559315902779 2.445003484775232
60442 10532852 1.7860834397176544 4.992296221059706 1.1192579667840967 0.7988559315902779 2.445003484775232
60443 10532852 1.7878198008772697 4.990971193714989 1.119081560140916 0.7988559315902779 2.445003484775232
60444 10532852 1.7895561620368852 4.989646166370272 1.1189051534977354 0.7988559315902779 2.445003484775232
60445 10532852 1.7912925231965007 4.988321139025555 1.1187287468545548 0.7988559315902779 2.445003484775232
60446 10532852 1.7930288843561162 4.9869961116808375 1.1185523402113742 0.7988559315902779 2.445003484775232
60447 10532852 1.7947652455157315 4.98567108433612 1.1183759335681933 0.7988559315902779 2.445003484775232
60448 10532852 1.796501606675347 4.984346056991403 1.1181995269250127 0.7988559315902779 2.445003484775232
60449 10532852 1.7982379678349625 4.983021029646686 1.118023120281832 0.7988559315902779 2.445003484775232
60450 10532852 1.799974328994578 4.981696002301969 1.1178467136386514 0.7988559315902779 2.445003484775232
60451 10532852 1.8017106901541933 4.980370974957252 1.1176703069954708 0.7988559315902779 2.445003484775232
60452 10532852 1.8034470513138088 4.979045947612535 1.1174939003522901 0.7988559315902779 2.445003484775232
60453 10532852 1.8051834124734243 4.977720920267818 1.1173174937091093 0.7988559315902779 2.445003484775232
60454 10532852 1.8069197736330396 4.976395892923101 1.1171410870659286 0.7988559315902779 2.445003484775232
60455 10532852 1.808656134792655 4.975070865578384 1.116964680422748 0.7988559315902779 2.445003484775232
60456 10532852 1.8103924959522706 4.973745838233667 1.1167882737795674 0.7988559315902779 2.445003484775232
60457 10532852 1.812128857111886 4.972420810888949 1.1166118671363867 0.7988559315902779 2.445003484775232
60458 10532852 1.8138652182715014 4.971095783544232 1.116435460493206 0.7988559315902779 2.445003484775232
60459 10532852 1.8156015794311169 4.969770756199515 1.1162590538500252 0.7988559315902779 2.445003484775232
60460 10532852 1.8173379405907324 4.968445728854798 1.1160826472068446 0.7988559315902779 2.445003484775232
60461 10532852 1.819074301750348 4.967120701510081 1.115906240563664 0.7988559315902779 2.445003484775232
60462 10532852 1.8208106629099632 4.9657956741653635 1.1157298339204833 0.7988559315902779 2.445003484775232
60463 10532852 1.8225470240695787 4.964470646820646 1.1155534272773027 0.7988559315902779 2.445003484775232
60464 10532852 1.8242833852291942 4.963145619475929 1.115377020634122 0.7988559315902779 2.445003484775232
60465 10532852 1.8260197463888097 4.961820592131212 1.1152006139909412 0.7988559315902779 2.445003484775232
60466 10532852 1.827756107548425 4.960495564786495 1.1150242073477605 0.7988559315902779 2.445003484775232
60467 10532852 1.8294924687080405 4.959170537441778 1.11484780070458 0.7988559315902779 2.445003484775232
60468 10532852 1.831228829867656 4.95784551009706 1.1146713940613993 0.7988559315902779 2.445003484775232
60469 10532852 1.8329651910272715 4.956520482752343 1.1144949874182186 0.7988559315902779 2.445003484775232
60470 10532852 1.8347015521868868 4.955195455407626 1.114318580775038 0.7988559315902779 2.445003484775232
60471 10532852 1.8364379133465023 4.953870428062909 1.1141421741318571 0.7988559315902779 2.445003484775232
60472 10532852 1.8381742745061178 4.952545400718192 1.1139657674886765 0.7988559315902779 2.445003484775232
60473 10532852 1.839910635665733 4.9512203733734745 1.1137893608454958 0.7988559315902779 2.445003484775232
60474 10532852 1.8416469968253486 4.949895346028757 1.1136129542023152 0.7988559315902779 2.445003484775232
60475 10532852 1.843383357984964 4.94857031868404 1.1134365475591346 0.7988559315902779 2.445003484775232
60476 10532852 1.8451197191445796 4.947245291339323 1.113260140915954 0.7988559315902779 2.445003484775232
60477 10532852 1.846856080304195 4.945920263994606 1.113083734272773 0.5794385847190124 4.074525223500135
60478 10532852 1.8485924414638104 4.944595236649889 1.1129073276295924 0.5794385847190124 4.074525223500135
60479 10532852 1.850328802623426 4.9432702093051715 1.1127309209864118 0.5794385847190124 4.074525223500135
60480 10532852 1.8520651637830414 4.941945181960454 1.1125545143432312 0.5794385847190124 4.074525223500135
60481 10532852 1.8538015249426567 4.940620154615738 1.1123781077000505 0.5794385847190124 4.074525223500135
60482 10532852 1.8555378861022722 4.939295127271021 1.1122017010568699 0.5794385847190124 4.074525223500135
60483 10532852 1.8572742472618877 4.937970099926304 1.112025294413689 0.5794385847190124 4.074525223500135
60484 10532852 1.8590106084215032 4.9366450725815865 1.1118488877705084 0.5794385847190124 4.074525223500135
60485 10532852 1.8607469695811185 4.935320045236869 1.1116724811273277 0.5794385847190124 4.074525223500135
60486 10532852 1.862483330740734 4.933995017892152 1.1114960744841471 0.5794385847190124 4.074525223500135
60487 10532852 1.8642196919003495 4.932669990547435 1.1113196678409665 0.5794385847190124 4.074525223500135
60488 10532852 1.865956053059965 4.931344963202718 1.1111432611977858 0.5794385847190124 4.074525223500135
60489 10532852 1.8676924142195803 4.930019935858001 1.110966854554605 0.5794385847190124 4.074525223500135
60490 10532852 1.8694287753791958 4.928694908513283 1.1107904479114243 0.5794385847190124 4.074525223500135
60491 10532852 1.8711651365388113 4.927369881168566 1.1106140412682437 0.5794385847190124 4.074525223500135
60492 10532852 1.8729014976984266 4.926044853823849 1.110437634625063 0.5794385847190124 4.074525223500135
60493 10532852 1.8746378588580421 4.924719826479132 1.1102612279818824 0.5794385847190124 4.074525223500135
60494 10532852 1.8763742200176576 4.923394799134415 1.1100848213387018 0.5794385847190124 4.074525223500135
60495 10532852 1.8781105811772731 4.9220697717896975 1.109908414695521 0.5794385847190124 4.074525223500135
60496 10532852 1.8798469423368884 4.92074474444498 1.1097320080523403 0.5794385847190124 4.074525223500135
60497 10532852 1.881583303496504 4.919419717100263 1.1095556014091597 0.5794385847190124 4.074525223500135
