66620 10691132 0.04441222830691601 0.0035466260726957077 0.036576 0.0 0.0
66621 10691132 0.07468261617299281 0.0037709844852378827 0.073152 0.0 0.0
66622 10691132 0.1049530040390696 0.003995342897780058 0.10972799999999999 0.0 0.0
66623 10691132 0.1352233919051464 0.0042197013103222325 0.146304 0.0 0.0
66624 10691132 0.1654937797712232 0.004444059722864407 0.18288 0.0 0.0
66625 10691132 0.19576416763729998 0.004668418135406582 0.21945599999999998 0.0 0.0
66626 10691132 0.22603455550337678 0.004892776547948757 0.256032 0.0 0.0
66627 10691132 0.2563049433694536 0.005117134960490932 0.292608 0.0 0.0
66628 10691132 0.28657533123553036 0.005341493373033107 0.329184 0.0 0.0
66629 10691132 0.3168457191016072 0.005565851785575282 0.36576 0.0 0.0
66630 10691132 0.33354084703908804 0.005016672366518898 0.36576 0.0 0.0
66631 10691132 0.4049543674036872 0.0034092129822857753 0.36576 0.0 0.0
66632 10691132 0.44682584068971903 0.005780448494309809 0.36880799999999997 0.0 0.0
66633 10691132 0.4886973139757509 0.008151684006333842 0.37185599999999996 0.0 0.0
66634 10691132 0.5305687872617828 0.010522919518357876 0.37490399999999996 0.0 0.0
66635 10691132 0.5724402605478147 0.01289415503038191 0.377952 0.0 0.0
66636 10691132 0.6143117338338465 0.015265390542405943 0.381 0.0 0.0
66637 10691132 0.6561832071198784 0.017636626054429977 0.384048 0.0 0.0
66638 10691132 0.6980546804059102 0.02000786156645401 0.387096 0.0 0.0
66639 10691132 0.7399261536919421 0.022379097078478044 0.390144 0.0 0.0
66640 10691132 0.7817976269779741 0.024750332590502078 0.393192 0.0 0.0
66641 10691132 0.8236691002640059 0.02712156810252611 0.39624000000000004 0.0 0.0
66642 10691132 0.8655405735500378 0.029492803614550145 0.39928800000000003 0.0 0.0
66643 10691132 0.9074120468360697 0.03186403912657418 0.402336 0.0 0.0
66644 10691132 0.9492835201221015 0.03423527463859821 0.405384 0.0 0.0
66645 10691132 0.9911549934081334 0.036606510150622246 0.408432 0.0 0.0
66646 10691132 1.033026466694165 0.03897774566264628 0.41148 0.0 0.0
66647 10691132 1.0748979399801972 0.04134898117467031 0.414528 0.0 0.0
66648 10691132 1.116769413266229 0.043720216686694346 0.41757600000000006 0.0 0.0
66649 10691132 1.1586408865522608 0.04609145219871838 0.42062400000000005 0.0 0.0
66650 10691132 1.2005123598382927 0.048462687710742414 0.42367200000000005 0.0 0.0
66651 10691132 1.2423838331243247 0.05083392322276645 0.42672000000000004 0.0 0.0
66652 10691132 1.282534344923731 0.05956412571339045 0.42672000000000004 0.0 0.0
66653 10691132 1.334182024024491 0.0640715152588617 0.42672000000000004 0.0 0.0
66654 10691132 1.3820649011323085 0.0638509856294312 0.42672000000000004 0.0 0.0
66655 10691132 1.427728569236947 0.07043049880169469 0.42672000000000004 0.0 0.0
66656 10691132 1.4529503767760794 0.07288129938212516 0.44196 0.0 0.0
66657 10691132 1.4781721843152118 0.07533209996255563 0.45720000000000005 0.0 0.0
66658 10691132 1.5219642493382342 0.07890193305749763 0.45720000000000005 0.0 0.0
66659 10691132 1.5903086144145375 0.08695262195658593 0.45720000000000005 0.0 0.0
66660 10691132 1.6351630105167385 0.08561997318080622 0.45720000000000005 0.0 0.0
66661 10691132 1.684794166352864 0.09347513000602359 0.45720000000000005 0.0 0.0
66662 10691132 1.7352370191376703 0.09837854813213076 0.45720000000000005 0.0 0.0
66663 10691132 1.7843256692539822 0.10185539808399899 0.48768 0.0 0.0
66664 10691132 1.834135164996778 0.10346161195545897 0.48768 0.0 0.0
66665 10691132 1.8807598289156542 0.10891198315463033 0.48768 0.0 0.0
66666 10691132 1.949899203848994 0.1085284843757793 0.48768 0.0 0.0
66667 10691132 1.998633047742431 0.11364118336584009 0.48768 0.0 0.0
66668 10691132 2.048876550242972 0.11358832699791824 0.48768 0.0 0.0
66669 10691132 2.0992381492014065 0.11852052507018287 0.5181600000000001 0.0 0.0
66670 10691132 2.1247381175545774 0.1184293209052805 0.5181600000000001 0.0 0.0
66671 10691132 2.150238085907748 0.11833811674037811 0.5181600000000001 0.0 0.0
66672 10691132 2.2182295602235986 0.11716362142617884 0.5181600000000001 0.0 0.0
66673 10691132 2.2734855044006714 0.1204987174127766 0.5181600000000001 0.0 0.0
66674 10691132 2.3232938819398594 0.12210835759769875 0.5181600000000001 0.0 0.0
66675 10691132 2.3677361070987226 0.1236013391099153 0.5181600000000001 0.0 0.0
66676 10691132 2.4149053813997896 0.12256868699487808 0.5181600000000001 0.0 0.0
66677 10691132 2.4892945791214354 0.12222811814804849 0.54864 0.0 0.0
66678 10691132 2.550717170146627 0.12378536651618025 0.54864 0.0 0.0
66679 10691132 2.598710651885428 0.12119973772307432 0.54864 0.0 0.0
66680 10691132 2.6207481380304656 0.12206536666299331 0.54864 0.0 0.0
66681 10691132 2.6427856241755032 0.12293099560291229 0.54864 0.0 0.0
66682 10691132 2.718918453130602 0.12494381411384956 0.54864 0.0 0.0
66683 10691132 2.7457482570918295 0.12553021942268003 0.54864 0.0 0.0
66684 10691132 2.830943961110211 0.13626715955387345 0.57912 0.0 0.0
66685 10691132 2.851610357795784 0.14517410424839136 0.57912 0.0 0.0
66686 10691132 2.9093359934639214 0.1588049486343823 0.57912 0.0 0.0
66687 10691132 2.97096523237801 0.18167539138309816 0.57912 0.0 0.0
66688 10691132 3.0337903178851304 0.21093121124576383 0.57912 0.0 0.0
66689 10691132 3.0714152688686136 0.24187154872483027 0.57912 0.0 0.0
66690 10691132 3.1211597621675855 0.2745799373488371 0.6096 0.0 0.0
66691 10691132 3.16126765503148 0.31720936417560586 0.6096 0.0 0.0
66692 10691132 3.1965904044986546 0.35334050584831955 0.6096 0.0 0.0
66693 10691132 3.2194275893427777 0.3895753720758375 0.6096 0.0 0.0
66694 10691132 3.2544698113006882 0.43654524189795907 0.6096 0.0 0.0
66695 10691132 3.2848924140547107 0.5041808092443905 0.6096 0.0 0.0
66696 10691132 3.310238723619979 0.5573527448620861 0.6096 0.0 0.0
66697 10691132 3.320507197504715 0.5888121655162152 0.6248400000000001 0.0 0.0
66698 10691132 3.3307756713894507 0.6202715861703443 0.6400800000000001 0.0 0.0
66699 10691132 3.341024617122356 0.6761518796763197 0.6400800000000001 0.0 0.0
66700 10691132 3.3558121361827 0.7296162437745116 0.6400800000000001 0.0 0.0
66701 10691132 3.3710700391715367 0.8022016936260772 0.6400800000000001 0.0 0.0
66702 10691132 3.3852029724342607 0.8536602326350465 0.6400800000000001 0.0 0.0
66703 10691132 3.400524941405659 0.9182813143068599 0.6400800000000001 0.0 0.0
66704 10691132 3.4102929940051974 0.9743186320504501 0.6400800000000001 0.0 0.0
66705 10691132 3.411622405191734 1.028437784814973 0.6400800000000001 0.0 0.0
66706 10691132 3.4139523801143907 1.0872534737636785 0.67056 0.0 0.0
66707 10691132 3.4166418489871218 1.1161637207459099 0.67056 0.0 0.0
66708 10691132 3.4078703978921467 1.2032514287751506 0.67056 0.0 0.0
66709 10691132 3.3972089562912036 1.2562617418647601 0.67056 0.0 0.0
66710 10691132 3.378562130128458 1.3160842183631072 0.67056 0.0 0.0
66711 10691132 3.3670372503745716 1.362367618193822 0.67056 0.0 0.0
66712 10691132 3.341722256808575 1.426236243787865 0.67056 0.0 0.0
66713 10691132 3.3152251625002114 1.4701648225624109 0.67056 0.0 0.0
66714 10691132 3.2804853957919917 1.5296343875418799 0.67056 0.0 0.0
66715 10691132 3.2451039374363626 1.571907958816219 0.67056 0.0 0.0
66716 10691132 3.2174432909345625 1.605469995756168 0.67056 0.0 0.0
66717 10691132 3.1897826444327624 1.639032032696117 0.67056 0.0 0.0
66718 10691132 3.150820285068942 1.6735972875913723 0.67056 0.0 0.0
66719 10691132 3.1022771241940594 1.7111740472746362 0.67056 0.0 0.0
66720 10691132 3.062509110696462 1.7402789289994087 0.67056 0.0 0.0
66721 10691132 2.998066391678245 1.7767395669919106 0.67056 0.0 0.0
66722 10691132 2.9719373367165547 1.7864390756911346 0.67056 0.0 0.0
66723 10691132 2.921869781263636 1.807109107396366 0.67056 0.0 0.0
66724 10691132 2.849891521375632 1.8368031083156378 0.67056 0.0 0.0
66725 10691132 2.8007143712248137 1.852043298920594 0.67056 0.0 0.0
66726 10691132 2.750715897921004 1.8685744617231186 0.67056 0.0 0.0
66727 10691132 2.7007174246171934 1.885105624525643 0.67056 0.0 0.0
66728 10691132 2.667646006405179 1.8961097529562152 0.67056 0.0 0.0
66729 10691132 2.634574588193165 1.9071138813867872 0.67056 0.0 0.0
66730 10691132 2.5579355811592803 1.9268847817000507 0.67056 0.0 0.0
66731 10691132 2.5347965895485753 1.9335068467623782 0.67056 0.0 0.0
66732 10691132 2.461321577053176 1.9531801553222323 0.67056 0.0 0.0
66733 10691132 2.435225736979528 1.960534603348205 0.67056 0.0 0.0
66734 10691132 2.3843733293101805 1.972820417977993 0.67056 0.0 0.0
66735 10691132 2.3146789287231337 1.9893914388556897 0.67056 0.0 0.0
66736 10691132 2.2707137093266607 1.9988445664689463 0.67056 0.0 0.0
66737 10691132 2.239289642682718 2.008641028170275 0.67056 0.0 0.0
66738 10691132 2.1695849121786273 2.0262683501462413 0.67056 0.0 0.0
66739 10691132 2.1243292567098644 2.0412841966840465 0.67056 0.0 0.0
66740 10691132 2.104432120751254 2.0449212869247626 0.67056 0.0 0.0
66741 10691132 2.0845349847926435 2.0485583771654787 0.67056 0.0 0.0
66742 10691132 2.0108540142312403 2.0676030213531855 0.67056 0.0 0.0
66743 10691132 1.97064051588575 2.0803887552612914 0.67056 0.0 0.0
66744 10691132 1.9306339897496896 2.0938080811652573 0.67056 0.0 0.0
66745 10691132 1.88089772460966 2.110055677544955 0.67056 0.0 0.0
66746 10691132 1.8366570856663977 2.1186670351452497 0.67056 0.0 0.0
66747 10691132 1.793992294039616 2.1331892822989516 0.67056 0.0 0.0
66748 10691132 1.7484157155593123 2.1474948358169392 0.67056 0.0 0.0
66749 10691132 1.6994820206962782 2.1634816386348326 0.67056 0.0 0.0
66750 10691132 1.652205248965632 2.173670278569959 0.67056 0.0 0.0
66751 10691132 1.6096892396800495 2.1875610134658547 0.67056 0.0 0.0
66752 10691132 1.5707029351262496 2.2002987810676133 0.67056 0.0 0.0
66753 10691132 1.519896701073642 2.211641533879232 0.67056 0.0 0.0
66754 10691132 1.476097427289527 2.2259524393060746 0.67056 0.0 0.0
66755 10691132 1.4332786445293229 2.2345691937081678 0.67056 0.0 0.0
66756 10691132 1.400950730112428 2.245132450738624 0.67056 0.0 0.0
66757 10691132 1.3686228156955331 2.2556957077690805 0.67056 0.0 0.0
66758 10691132 1.3258041341588 2.2643131158912557 0.67056 0.0 0.0
66759 10691132 1.2815463446235456 2.278307852306726 0.67056 0.0 0.0
66760 10691132 1.2412722419106728 2.2865616163330027 0.67056 0.0 0.0
66761 10691132 1.1797565992582377 2.3064302174890883 0.67056 0.0 0.0
66762 10691132 1.1368466427501316 2.3153123164786207 0.67056 0.0 0.0
66763 10691132 1.0979179929020662 2.3276836049903813 0.67056 0.0 0.0
66764 10691132 1.0571282498053842 2.335990156209617 0.67056 0.0 0.0
66765 10691132 1.0233768477457352 2.3440997596990027 0.6553200000000001 0.0 0.0
66766 10691132 0.9896254456860863 2.3522093631883885 0.6400800000000001 0.0 0.0
66767 10691132 0.9461316769523226 2.361750793834189 0.6400800000000001 0.0 0.0
66768 10691132 0.9030432273185054 2.375249104282417 0.6400800000000001 0.0 0.0
66769 10691132 0.8302533629091858 2.388875153180471 0.6400800000000001 0.0 0.0
66770 10691132 0.789291292350434 2.3966554803630165 0.6400800000000001 0.0 0.0
66771 10691132 0.7410407660653355 2.4065846497817023 0.6400800000000001 0.0 0.0
66772 10691132 0.7001132342632025 2.414471050056629 0.6400800000000001 0.0 0.0
66773 10691132 0.6679141792821468 2.4187745361613686 0.6400800000000001 0.0 0.0
66774 10691132 0.635715124301091 2.4230780222661084 0.6400800000000001 0.0 0.0
66775 10691132 0.592033083792725 2.4305511855542177 0.6400800000000001 0.0 0.0
66776 10691132 0.5483510432843591 2.438024348842327 0.6400800000000001 0.0 0.0
66777 10691132 0.5046487407646874 2.4453001032301684 0.6400800000000001 0.0 0.0
66778 10691132 0.46552817547136516 2.4492090515358176 0.6400800000000001 0.0 0.0
66779 10691132 0.4148928105773495 2.4586349232064815 0.6400800000000001 0.0 0.0
66780 10691132 0.3782736922929997 2.4647642803735916 0.6400800000000001 0.0 0.0
66781 10691132 0.32974275994270386 2.4697641414897684 0.6400800000000001 0.0 0.0
66782 10691132 0.26206360104751325 2.481374856744703 0.6400800000000001 0.0 0.0
66783 10691132 0.21786699370827178 2.4874119843103806 0.6400800000000001 0.0 0.0
66784 10691132 0.16576081543550714 2.4936986529721765 0.6400800000000001 0.0 0.0
66785 10691132 0.1453143555217576 2.4976962990579596 0.6400800000000001 0.0 0.0
66786 10691132 0.12486789560800804 2.5016939451437428 0.6400800000000001 0.0 0.0
66787 10691132 0.08400950371568339 2.5097950262092077 0.6400800000000001 0.0 0.0
66788 10691132 0.01893924418129267 2.5171668847864073 0.6096 0.0 0.0
66789 10691132 -0.0183439674353868 2.523982779723198 0.6096 0.0 0.0
66790 10691132 -0.061061286164437845 2.5304726475444785 0.6096 0.0 0.0
66791 10691132 -0.12760619390809813 2.5414825781243287 0.6096 0.0 0.0
66792 10691132 -0.15114552001207127 2.547427116411818 0.6096 0.0 0.0
66793 10691132 -0.1746848461160444 2.5533716546993066 0.6096 0.0 0.0
66794 10691132 -0.21417022745825043 2.559156150793861 0.6096 0.0 0.0
66795 10691132 -0.266310989906273 2.565340460743574 0.6096 0.0 0.0
66796 10691132 -0.3067550858112076 2.5747104062001953 0.6096 0.0 0.0
66797 10691132 -0.3672789731896702 2.58784298070552 0.6096 0.0 0.0
66798 10691132 -0.4093963094187858 2.597527051340084 0.6096 0.0 0.0
66799 10691132 -0.4490644462535487 2.60383998876415 0.6096 0.0 0.0
66800 10691132 -0.5079921348306689 2.6191390741552087 0.6096 0.0 0.0
66801 10691132 -0.5501011712615254 2.6261340316530544 0.6096 0.0 0.0
66802 10691132 -0.5851190570440779 2.638521378875576 0.6096 0.0 0.0
66803 10691132 -0.6024948998239816 2.641049625963463 0.6096 0.0 0.0
66804 10691132 -0.6198707426038854 2.6435778730513504 0.6096 0.0 0.0
66805 10691132 -0.6732868125112124 2.65672527795838 0.6096 0.0 0.0
66806 10691132 -0.7048462124817181 2.666112694380602 0.6096 0.0 0.0
66807 10691132 -0.7634018789214994 2.685264899268536 0.6096 0.0 0.0
66808 10691132 -0.8000075089449286 2.692798130030256 0.6096 0.0 0.0
66809 10691132 -0.8387514031490244 2.704652996384521 0.6096 0.0 0.0
66810 10691132 -0.8904380157430035 2.71630175010434 0.6096 0.0 0.0
66811 10691132 -0.9271445261823628 2.7255629478733336 0.6096 0.0 0.0
66812 10691132 -0.9638510366217221 2.7348241456423277 0.6096 0.0 0.0
66813 10691132 -1.0198456221904293 2.7482336036587602 0.6096 0.0 0.0
66814 10691132 -1.038286458312574 2.7515787011334143 0.6096 0.0 0.0
66815 10691132 -1.0567272944347186 2.7549237986080684 0.6096 0.0 0.0
66816 10691132 -1.0945651704282373 2.766834316093261 0.6096 0.0 0.0
66817 10691132 -1.1385277773665556 2.7763087273792553 0.6096 0.0 0.0
66818 10691132 -1.1851729437490814 2.7857262797262967 0.6096 0.0 0.0
66819 10691132 -1.2412363293862743 2.7989264074549087 0.6096 0.0 0.0
66820 10691132 -1.2637143038637138 2.8007886534881012 0.6096 0.0 0.0
66821 10691132 -1.3302741982457131 2.817189859133003 0.6096 0.0 0.0
66822 10691132 -1.3591597278082628 2.823894617247638 0.6096 0.0 0.0
66823 10691132 -1.3880452573708124 2.8305993753622727 0.6096 0.0 0.0
66824 10691132 -1.4290754616966577 2.8381815104856645 0.6096 0.0 0.0
66825 10691132 -1.4646268005929117 2.8451396937108973 0.6096 0.0 0.0
66826 10691132 -1.50677993589078 2.853089700528431 0.6096 0.0 0.0
66827 10691132 -1.5675709570837169 2.862698280815937 0.6096 0.0 0.0
66828 10691132 -1.607065960071269 2.869545456954158 0.6096 0.0 0.0
66829 10691132 -1.6435808951267419 2.8760019511280537 0.6096 0.0 0.0
66830 10691132 -1.676526460333809 2.8770842805952417 0.6096 0.0 0.0
66831 10691132 -1.7238197958693553 2.8818101184707743 0.6096 0.0 0.0
66832 10691132 -1.7698388087276722 2.8795759701949395 0.6096 0.0 0.0
66833 10691132 -1.81643732547804 2.872857934828621 0.6096 0.0 0.0
66834 10691132 -1.8380901689799982 2.866389674104624 0.6096 0.0 0.0
66835 10691132 -1.8597430124819565 2.859921413380627 0.6096 0.0 0.0
66836 10691132 -1.8974763570526443 2.8477321276325456 0.6096 0.0 0.0
66837 10691132 -1.9340066788582202 2.835149293794982 0.6096 0.0 0.0
66838 10691132 -1.97527677642639 2.810797362700025 0.6096 0.0 0.0
66839 10691132 -2.00414308723094 2.7863590166294707 0.6096 0.0 0.0
66840 10691132 -2.0347596486297457 2.7647135905138365 0.6096 0.0 0.0
66841 10691132 -2.07040012529208 2.733144689179946 0.6096 0.0 0.0
66842 10691132 -2.0800596985520006 2.7201812719029337 0.6096 0.0 0.0
66843 10691132 -2.1198265663357807 2.673020291418386 0.6096 0.0 0.0
66844 10691132 -2.137718946049848 2.6427706479632325 0.6096 0.0 0.0
66845 10691132 -2.151961490102064 2.615532962968382 0.57912 0.0 0.0
66846 10691132 -2.1697718017913923 2.578479416529375 0.57912 0.0 0.0
66847 10691132 -2.174940287217119 2.559430797081109 0.57912 0.0 0.0
66848 10691132 -2.1801087726428454 2.540382177632843 0.57912 0.0 0.0
66849 10691132 -2.196679394630391 2.49626270295543 0.57912 0.0 0.0
66850 10691132 -2.205807400398113 2.4618594089179022 0.57912 0.0 0.0
66851 10691132 -2.2136519296199566 2.4270360668926707 0.57912 0.0 0.0
66852 10691132 -2.22151552615183 2.386727216551236 0.57912 0.0 0.0
66853 10691132 -2.2316205989918556 2.3504236316026472 0.57912 0.0 0.0
66854 10691132 -2.2324413705724506 2.320779737227086 0.57912 0.0 0.0
66855 10691132 -2.2404661894910483 2.288118639039963 0.57912 0.0 0.0
66856 10691132 -2.243286025188578 2.23879785528997 0.57912 0.0 0.0
66857 10691132 -2.2516906961086844 2.204975779775929 0.57912 0.0 0.0
66858 10691132 -2.255364675395283 2.1679696563144706 0.57912 0.0 0.0
66859 10691132 -2.2637826622182455 2.132749800061715 0.57912 0.0 0.0
66860 10691132 -2.266880264328377 2.1146008821350257 0.57912 0.0 0.0
66861 10691132 -2.2699778664385084 2.096451964208337 0.57912 0.0 0.0
66862 10691132 -2.2752595506458437 2.0406925157552376 0.57912 0.0 0.0
66863 10691132 -2.2823436995873427 2.0081909822154045 0.54864 0.0 0.0
66864 10691132 -2.28618442952291 1.9747448396792413 0.54864 0.0 0.0
66865 10691132 -2.2908696522598753 1.9441456747700807 0.54864 0.0 0.0
66866 10691132 -2.2982845698543173 1.887565426757076 0.54864 0.0 0.0
66867 10691132 -2.3057272990029096 1.8526106681762744 0.54864 0.0 0.0
66868 10691132 -2.3080040143921488 1.8266566179916506 0.54864 0.0 0.0
66869 10691132 -2.310280729781388 1.800702567807027 0.54864 0.0 0.0
66870 10691132 -2.3162860370114107 1.768782767099856 0.54864 0.0 0.0
66871 10691132 -2.321204920940903 1.7347547523695062 0.54864 0.0 0.0
66872 10691132 -2.327486462729274 1.7019906005757124 0.54864 0.0 0.0
66873 10691132 -2.3256921054859223 1.67219212144474 0.54864 0.0 0.0
66874 10691132 -2.3332681363440315 1.6316724617536742 0.54864 0.0 0.0
66875 10691132 -2.339150596507941 1.5971418971266957 0.54864 0.0 0.0
66876 10691132 -2.3383338313012976 1.547799747259837 0.54864 0.0 0.0
66877 10691132 -2.340916809368911 1.5325788658391475 0.54864 0.0 0.0
66878 10691132 -2.3434997874365244 1.517357984418458 0.54864 0.0 0.0
66879 10691132 -2.341781959892554 1.4900383639978074 0.54864 0.0 0.0
66880 10691132 -2.3416873707210666 1.4577582601603356 0.54864 0.0 0.0
66881 10691132 -2.345354410957073 1.4248396412508446 0.54864 0.0 0.0
66882 10691132 -2.3453711786232674 1.394932898420988 0.54864 0.0 0.0
66883 10691132 -2.3515277534341106 1.3435496317843143 0.54864 0.0 0.0
66884 10691132 -2.3494483253079776 1.3119053520583128 0.54864 0.0 0.0
66885 10691132 -2.3507031871095885 1.290699767869447 0.5181600000000001 0.0 0.0
66886 10691132 -2.3527753812734744 1.2583108999373465 0.5181600000000001 0.0 0.0
66887 10691132 -2.3598318316438327 1.2286046912257889 0.5181600000000001 0.0 0.0
66888 10691132 -2.3564928861259036 1.195379857695696 0.5181600000000001 0.0 0.0
66889 10691132 -2.357869541673846 1.1423156723611847 0.5181600000000001 0.0 0.0
66890 10691132 -2.364027859864005 1.1153535289941154 0.5181600000000001 0.0 0.0
66891 10691132 -2.362448545078926 1.099822244995598 0.5181600000000001 0.0 0.0
66892 10691132 -2.360869230293847 1.0842909609970808 0.5181600000000001 0.0 0.0
66893 10691132 -2.363207176397581 1.0500027794021978 0.5181600000000001 0.0 0.0
66894 10691132 -2.364872380958854 1.021570357979963 0.5181600000000001 0.0 0.0
66895 10691132 -2.3688923871533314 0.981055667743017 0.5181600000000001 0.0 0.0
66896 10691132 -2.365844988044775 0.9523664491044549 0.5181600000000001 0.0 0.0
66897 10691132 -2.365952965727817 0.9042620996530006 0.5181600000000001 0.0 0.0
66898 10691132 -2.363511634899381 0.8767059997381667 0.5181600000000001 0.0 0.0
66899 10691132 -2.3641620587857535 0.8435015190962024 0.5181600000000001 0.0 0.0
66900 10691132 -2.3596236693811727 0.8057949152211218 0.5181600000000001 0.0 0.0
66901 10691132 -2.3560976621851903 0.783317183370384 0.5181600000000001 0.0 0.0
66902 10691132 -2.352571654989208 0.7608394515196463 0.5181600000000001 0.0 0.0
66903 10691132 -2.3526164698592167 0.725684223445277 0.48768 0.0 0.0
66904 10691132 -2.3484213837094066 0.6700961902232471 0.48768 0.0 0.0
66905 10691132 -2.3465532701051464 0.6421435847532774 0.48768 0.0 0.0
66906 10691132 -2.3430073382425247 0.6079166800900987 0.48768 0.0 0.0
66907 10691132 -2.3376716700778317 0.574272621804069 0.48768 0.0 0.0
66908 10691132 -2.3263575954707987 0.5436966890072543 0.48768 0.0 0.0
66909 10691132 -2.3168898657402677 0.5129070412834809 0.48768 0.0 0.0
66910 10691132 -2.306603394247687 0.4764747838744967 0.48768 0.0 0.0
66911 10691132 -2.2874803089345574 0.44533028773048966 0.48768 0.0 0.0
66912 10691132 -2.274542544880621 0.4197149553683097 0.48768 0.0 0.0
66913 10691132 -2.243893033599429 0.3803593605537239 0.48768 0.0 0.0
66914 10691132 -2.2149496817942804 0.35207802004578015 0.48768 0.0 0.0
66915 10691132 -2.185979757035777 0.3265923799727629 0.48768 0.0 0.0
66916 10691132 -2.158096484729292 0.30321506410723276 0.48768 0.0 0.0
66917 10691132 -2.1380980860690824 0.2883181034870767 0.48768 0.0 0.0
66918 10691132 -2.118099687408873 0.27342114286692065 0.48768 0.0 0.0
66919 10691132 -2.0907158991931096 0.2539465493643368 0.45720000000000005 0.0 0.0
66920 10691132 -2.0581804685632585 0.2366424914265491 0.45720000000000005 0.0 0.0
66921 10691132 -2.022073477444284 0.2139639251422286 0.45720000000000005 0.0 0.0
66922 10691132 -1.984274432946681 0.1964572611468863 0.45720000000000005 0.0 0.0
66923 10691132 -1.9465443195316838 0.17873970889975085 0.45720000000000005 0.0 0.0
66924 10691132 -1.9123504972219696 0.1572719231025773 0.45720000000000005 0.0 0.0
66925 10691132 -1.8730386054812687 0.1386868913275898 0.45720000000000005 0.0 0.0
66926 10691132 -1.830573788095821 0.11942127731157301 0.45720000000000005 0.0 0.0
66927 10691132 -1.7962357062618375 0.10328164347201071 0.45720000000000005 0.0 0.0
66928 10691132 -1.7538284669286595 0.08356805883721893 0.45720000000000005 0.0 0.0
66929 10691132 -1.7112997444314517 0.0696570031380653 0.45720000000000005 0.0 0.0
66930 10691132 -1.6735855239851716 0.05732099887914274 0.45720000000000005 0.0 0.0
66931 10691132 -1.6326615078851192 0.04393535049162242 0.45720000000000005 0.0 0.0
66932 10691132 -1.598156884829381 0.032649596509127216 0.45720000000000005 0.0 0.0
66933 10691132 -1.5364031954336876 0.023200818181471655 0.45720000000000005 0.0 0.0
66934 10691132 -1.4942746579485153 0.020288017500060235 0.45720000000000005 0.0 0.0
66935 10691132 -1.4735253259719627 0.019226832681531997 0.44196 0.0 0.0
66936 10691132 -1.4527759939954101 0.01816564786300376 0.42672000000000004 0.0 0.0
66937 10691132 -1.4082011837035402 0.01865942193512346 0.42672000000000004 0.0 0.0
66938 10691132 -1.3696595298414038 0.018088779359282964 0.42672000000000004 0.0 0.0
66939 10691132 -1.3252556607810024 0.01969046703427421 0.42672000000000004 0.0 0.0
66940 10691132 -1.2828252394918247 0.020418900096978526 0.42672000000000004 0.0 0.0
66941 10691132 -1.2256489511247002 0.020064081457704858 0.42672000000000004 0.0 0.0
66942 10691132 -1.1854664025238224 0.02071029158043944 0.42672000000000004 0.0 0.0
66943 10691132 -1.1469923386855696 0.021564892997044754 0.42672000000000004 0.0 0.0
66944 10691132 -1.1169440141312565 0.019742137013568722 0.42672000000000004 0.0 0.0
66945 10691132 -1.0868956895769435 0.01791938103009269 0.42672000000000004 0.0 0.0
66946 10691132 -1.046765177493971 0.012975201465730807 0.42672000000000004 0.0 0.0
66947 10691132 -1.010228357100906 0.014697630800181577 0.42672000000000004 0.0 0.0
66948 10691132 -0.972112618287597 0.013099888291973144 0.42672000000000004 0.0 0.0
66949 10691132 -0.9346310907223747 0.00820465344399221 0.42672000000000004 0.0 0.0
66950 10691132 -0.8974688348743844 0.005049700562060305 0.42672000000000004 0.0 0.0
66951 10691132 -0.8593057576647858 0.004955909168555622 0.42672000000000004 0.0 0.0
66952 10691132 -0.8188476332914618 0.006448600185647552 0.39624000000000004 0.0 0.0
66953 10691132 -0.7783808971536341 0.005251486170030767 0.39624000000000004 0.0 0.0
66954 10691132 -0.7198896873976337 0.002133816817271955 0.39624000000000004 0.0 0.0
66955 10691132 -0.6865156816248674 0.006410685485077033 0.39624000000000004 0.0 0.0
66956 10691132 -0.6591382230921301 0.00593030368055239 0.39624000000000004 0.0 0.0
66957 10691132 -0.6317607645593928 0.005449921876027747 0.39624000000000004 0.0 0.0
66958 10691132 -0.5861088192067674 0.0065309236207276855 0.39624000000000004 0.0 0.0
66959 10691132 -0.5462887688192631 0.006890135200955827 0.39624000000000004 0.0 0.0
66960 10691132 -0.5064687184317589 0.0072493467811839685 0.39624000000000004 0.0 0.0
66961 10691132 -0.4700611575245712 0.006679878136635536 0.39624000000000004 0.0 0.0
66962 10691132 -0.4298781296522476 0.008965494504167754 0.39624000000000004 0.0 0.0
66963 10691132 -0.3919917852029109 0.008029795192854766 0.39624000000000004 0.0 0.0
66964 10691132 -0.3486681674708747 0.00905548618261523 0.39624000000000004 0.0 0.0
66965 10691132 -0.31410562415107157 0.009907706426096757 0.39624000000000004 0.0 0.0
66966 10691132 -0.25601254839966825 0.011012839637152855 0.39624000000000004 0.0 0.0
66967 10691132 -0.2202055013128763 0.006434892191573532 0.39624000000000004 0.0 0.0
66968 10691132 -0.19243172106999307 0.0071701766926189625 0.39624000000000004 0.0 0.0
66969 10691132 -0.16465794082710983 0.007905461193664393 0.39624000000000004 0.0 0.0
66970 10691132 -0.131172537646689 0.009811564071149442 0.39624000000000004 0.0 0.0
66971 10691132 -0.09495156912451741 0.006500896257928407 0.39624000000000004 0.0 0.0
66972 10691132 -0.050905497336519945 0.008109909757981232 0.36576 0.0 0.0
66973 10691132 -0.020783120173784364 0.0067929599832548815 0.36576 0.0 0.0
66974 10691132 0.03563388538216983 0.006578799561124754 0.36576 0.0 0.0
66975 10691132 0.06232895906048119 0.006732860675529528 0.36576 0.0 0.0
66976 10691132 0.10052515134653939 0.006749783897656847 0.36576 0.0 0.0
66977 10691132 0.1265914949367559 0.005999719779700929 0.36576 0.0 0.0
66978 10691132 0.1526578385269724 0.005249655661745012 0.36576 0.0 0.0
66979 10691132 0.18706407866535035 0.005220521007565482 0.36576 0.0 0.0
66980 10691132 0.21297830082033936 0.004345215485175233 0.36576 0.0 0.0
66981 10691132 0.23889252297532837 0.003469909962784984 0.36576 0.0 0.0
66982 10691132 0.26798569481977175 0.005528024802757048 0.36576 0.0 0.0
66983 10691132 0.3056296562110268 0.003857162318832291 0.36576 0.0 0.0
66984 10691132 0.31677672707887694 0.005354740134747515 0.36576 0.0 0.0
66985 10691132 0.36040441240518806 0.0016118217802265633 0.36576 0.0 0.0
66986 10691132 0.3869521362248881 0.004034902399749407 0.36576 0.0 0.0
66987 10691132 0.40442421616049584 0.0036556188307005893 0.36576 0.0 0.0
66988 10691132 0.4218962960961036 0.0032763352616517714 0.36576 0.0 0.0
66989 10691132 0.43936837603171125 0.0028970516926029536 0.36576 0.0 0.0
66990 10691132 0.456840455967319 0.0025177681235541358 0.36576 0.0 0.0
66991 10691132 0.4743125359029267 0.002138484554505318 0.36576 0.0 0.0
66992 10691132 0.4917846158385344 0.0017592009854565 0.36576 0.0 0.0
66993 10691132 0.5092566957741421 0.0013799174164076822 0.36576 0.0 0.0
66994 10691132 0.5267287757097499 0.0010006338473588644 0.36576 0.0 0.0
66995 10691132 0.5480899076289834 -0.0004886600829537013 0.36576 0.0 0.0
66996 10691132 0.5539790780782298 0.0006828824994018629 0.36576 0.0 0.0
66997 10691132 0.5598682485274762 0.001854425081757427 0.36576 0.0 0.0
66998 10691132 0.5644414241185473 -0.00045774053308143825 0.36576 0.0 0.0
66999 10691132 0.5718865925672224 0.003301304687764156 0.36576 0.0 0.0
67000 10691132 0.5767012156063183 0.0017280458915502478 0.36576 0.0 0.0
67001 10691132 0.5787236027200637 3.521985801869837e-05 0.36576 0.0 0.0
67002 10691132 0.5807459898338091 -0.001657606175512851 0.36576 0.0 0.0
67003 10691132 0.5827683769475546 -0.0033504322090444003 0.36576 0.0 0.0
67004 10691132 0.5847907640613 -0.00504325824257595 0.36576 0.0 0.0
67005 10691132 0.5868131511750454 -0.0067360842761074995 0.36576 0.0 0.0
67006 10691132 0.5888355382887909 -0.008428910309639048 0.36576 0.0 0.0
