24484 11217673 2.565227878691201 4.730271266740822 0.7924800000000001 1.08758931053422 -1.746861674321038
24485 11217673 2.547781761070029 4.680945582992678 0.7924800000000001 1.08758931053422 -1.746861674321038
24486 11217673 2.530335643448857 4.631619899244532 0.7924800000000001 1.08758931053422 -1.746861674321038
24487 11217673 2.5164291465757147 4.580904162203482 0.7924800000000001 1.08758931053422 -1.746861674321038
24488 11217673 2.5001169228839375 4.530974389169408 0.7924800000000001 1.08758931053422 -1.746861674321038
24489 11217673 2.4837702137997946 4.480939060484518 0.7924800000000001 1.08758931053422 -1.746861674321038
24490 11217673 2.4689247480284138 4.430880584402898 0.77724 1.08758931053422 -1.746861674321038
24491 11217673 2.454079282257033 4.380822108321277 0.762 1.08758931053422 -1.746861674321038
24492 11217673 2.4377325965726193 4.330786785608315 0.762 1.08758931053422 -1.746861674321038
24493 11217673 2.4238262470750422 4.280071029591926 0.762 1.08758931053422 -1.746861674321038
24494 11217673 2.4068243351140333 4.228030074424322 0.762 1.08758931053422 -1.746861674321038
24495 11217673 2.3923317684437038 4.1755197949735 0.762 1.08758931053422 -1.746861674321038
24496 11217673 2.3751919308039997 4.123056603944503 0.762 1.08758931053422 -1.746861674321038
24497 11217673 2.3597378761252727 4.071678243579239 0.74676 1.08758931053422 -1.746861674321038
24498 11217673 2.344283821446546 4.020299883213975 0.73152 1.08758931053422 -1.746861674321038
24499 11217673 2.328040657016362 3.97058125446177 0.73152 1.08758931053422 -1.746861674321038
24500 11217673 2.3117974925861775 3.9208626257095642 0.73152 1.08758931053422 -1.746861674321038
24501 11217673 2.304465067458774 3.894343577683811 0.73152 1.08758931053422 -1.746861674321038
24502 11217673 2.2971326423313707 3.867824529658058 0.73152 1.08758931053422 -1.746861674321038
24503 11217673 2.2694239164266596 3.7667096253779806 0.73152 1.08758931053422 -1.746861674321038
24504 11217673 2.253750270098656 3.7133001673993546 0.73152 1.08758931053422 -1.746861674321038
24505 11217673 2.238076623770653 3.6598907094207287 0.73152 1.08758931053422 -1.746861674321038
24506 11217673 2.2224029774426493 3.6064812514421027 0.73152 1.08758931053422 -1.746861674321038
24507 11217673 2.206056449268957 3.556445947330465 0.73152 1.08758931053422 -1.746861674321038
24508 11217673 2.192253980801674 3.506046809742175 0.7010400000000001 1.08758931053422 -1.746861674321038
24509 11217673 2.178451547867973 3.4556476659417554 0.7010400000000001 1.08758931053422 -1.746861674321038
24510 11217673 2.163304226147169 3.40113168049575 0.7010400000000001 1.08758931053422 -1.746861674321038
24511 11217673 2.1481569044263655 3.3466156950497443 0.7010400000000001 1.08758931053422 -1.746861674321038
24512 11217673 2.1330095827055615 3.2920997096037388 0.7010400000000001 1.08758931053422 -1.746861674321038
24513 11217673 2.1163700168720596 3.2411671477041146 0.7010400000000001 1.08758931053422 -1.746861674321038
24514 11217673 2.0997304510385577 3.1902345858044905 0.7010400000000001 1.08758931053422 -1.746861674321038
24515 11217673 2.086309594761984 3.1491542716358256 0.7010400000000001 1.08758931053422 -1.746861674321038
24516 11217673 2.072888738485411 3.1080739574671608 0.7010400000000001 1.08758931053422 -1.746861674321038
24517 11217673 2.0594678822088373 3.066993643298496 0.7010400000000001 1.08758931053422 -1.746861674321038
24518 11217673 2.036172497887346 2.9956880808367474 0.7010400000000001 1.08758931053422 -1.746861674321038
24519 11217673 2.023208452903628 2.946767480200029 0.7010400000000001 1.08758931053422 -1.746861674321038
24520 11217673 2.0088928824692975 2.898872557665655 0.7010400000000001 1.08758931053422 -1.746861674321038
24521 11217673 1.9945773120349672 2.850977635131281 0.7010400000000001 1.08758931053422 -1.746861674321038
24522 11217673 1.9790585911059808 2.8034757848845926 0.7010400000000001 1.08758931053422 -1.746861674321038
24523 11217673 1.9638847323847006 2.7570295366855815 0.7010400000000001 1.08758931053422 -1.746861674321038
24524 11217673 1.9487108736634207 2.71058328848657 0.7010400000000001 1.08758931053422 -1.746861674321038
24525 11217673 1.933192156298692 2.6630814492350376 0.7010400000000001 1.08758931053422 -1.746861674321038
24526 11217673 1.9201600719776057 2.614767238543141 0.7010400000000001 1.08758931053422 -1.746861674321038
24527 11217673 1.9029134178888896 2.5704000935802 0.7010400000000001 1.08758931053422 -1.746861674321038
24528 11217673 1.8905021165390405 2.5239859527191117 0.7010400000000001 1.08758931053422 -1.746861674321038
24529 11217673 1.8718070194273666 2.4751853215357094 0.67056 1.08758931053422 -1.746861674321038
24530 11217673 1.8587004295704288 2.4267786442986763 0.6858000000000001 1.08758931053422 -1.746861674321038
24531 11217673 1.8455938397134912 2.3783719670616428 0.7010400000000001 1.08758931053422 -1.746861674321038
24532 11217673 1.8316461551175145 2.3314667552436132 0.6858000000000001 1.08758931053422 -1.746861674321038
24533 11217673 1.8176984705215378 2.284561543425584 0.67056 1.08758931053422 -1.746861674321038
24534 11217673 1.8029557470938578 2.239434813771564 0.67056 1.08758931053422 -1.746861674321038
24535 11217673 1.788213023666178 2.194308084117544 0.67056 1.08758931053422 -1.746861674321038
24536 11217673 1.7730047428306874 2.1477563068769117 0.67056 1.08758931053422 -1.746861674321038
24537 11217673 1.757796461995197 2.10120452963628 0.67056 1.08758931053422 -1.746861674321038
24538 11217673 1.7422778098658955 2.0537027216312946 0.67056 1.08758931053422 -1.746861674321038
24539 11217673 1.728242052200727 2.010739978484854 0.67056 1.08758931053422 -1.746861674321038
24540 11217673 1.7160972468212488 1.9607924618613415 0.67056 1.08758931053422 -1.746861674321038
24541 11217673 1.7039524414417704 1.9108449452378289 0.67056 1.08758931053422 -1.746861674321038
24542 11217673 1.686785857741499 1.866451694439576 0.67056 1.08758931053422 -1.746861674321038
24543 11217673 1.6753219412163887 1.8150550758519182 0.67056 1.08758931053422 -1.746861674321038
24544 11217673 1.6580863709708566 1.7704507177610809 0.67056 1.08758931053422 -1.746861674321038
24545 11217673 1.64085077104272 1.7258463740347272 0.67056 1.08758931053422 -1.746861674321038
24546 11217673 1.631888097933646 1.7024886141769155 0.67056 1.08758931053422 -1.746861674321038
24547 11217673 1.6229254248245721 1.679130854319104 0.67056 1.08758931053422 -1.746861674321038
24548 11217673 1.5823042876221185 1.5971885227026619 0.67056 1.08758931053422 -1.746861674321038
24549 11217673 1.55760507420184 1.5588194076412467 0.67056 1.08758931053422 -1.746861674321038
24550 11217673 1.532905860781561 1.5204502925798318 0.67056 1.08758931053422 -1.746861674321038
24551 11217673 1.5185070187168894 1.5013803191741792 0.67056 1.08758931053422 -1.746861674321038
24552 11217673 1.5041081766522177 1.4823103457685267 0.67056 1.08758931053422 -1.746861674321038
24553 11217673 1.4447904944053505 1.4165234923954602 0.6400800000000001 1.08758931053422 -1.746861674321038
24554 11217673 1.4097777868830637 1.3840942595197459 0.6400800000000001 1.08758931053422 -1.746861674321038
24555 11217673 1.374765079360777 1.3516650266440315 0.6400800000000001 1.08758931053422 -1.746861674321038
24556 11217673 1.3375925812599996 1.321051411185657 0.6400800000000001 1.08758931053422 -1.746861674321038
24557 11217673 1.3017952400692394 1.2901638813456207 0.6400800000000001 1.08758931053422 -1.746861674321038
24558 11217673 1.2659978988784792 1.2592763515055843 0.6400800000000001 1.08758931053422 -1.746861674321038
24559 11217673 1.2296981711467194 1.2310648783604543 0.6400800000000001 1.08758931053422 -1.746861674321038
24560 11217673 1.1925592208092124 1.2005575080950759 0.6400800000000001 1.08758931053422 -1.746861674321038
24561 11217673 1.153739580141635 1.169255922096987 0.6400800000000001 1.08758931053422 -1.746861674321038
24562 11217673 1.1149199394740577 1.137954336098898 0.6400800000000001 1.08758931053422 -1.746861674321038
24563 11217673 1.0783651081177075 1.1076068920859665 0.6400800000000001 1.08758931053422 -1.746861674321038
24564 11217673 1.0446908385740863 1.0806409402258608 0.6400800000000001 1.08758931053422 -1.746861674321038
24565 11217673 1.0105425133376336 1.049507342899532 0.6400800000000001 1.08758931053422 -1.746861674321038
24566 11217673 0.9735167481998328 1.019080438438991 0.6400800000000001 1.08758931053422 -1.746861674321038
24567 11217673 0.9364909830620322 0.9886535339784501 0.6400800000000001 1.08758931053422 -1.746861674321038
24568 11217673 0.900978672834851 0.9587837277639818 0.6400800000000001 1.08758931053422 -1.746861674321038
24569 11217673 0.86546636260767 0.9289139215495135 0.6400800000000001 1.08758931053422 -1.746861674321038
24570 11217673 0.8255626206446419 0.8991941335828288 0.6400800000000001 1.08758931053422 -1.746861674321038
24571 11217673 0.7893252536430655 0.8671081386044366 0.6400800000000001 1.08758931053422 -1.746861674321038
24572 11217673 0.7530878866414891 0.8350221436260443 0.6400800000000001 1.08758931053422 -1.746861674321038
24573 11217673 0.7133303335444432 0.8030351623214489 0.6400800000000001 1.08758931053422 -1.746861674321038
24574 11217673 0.6727011693237415 0.7710994689160634 0.6400800000000001 1.08758931053422 -1.746861674321038
24575 11217673 0.6377916818533453 0.7376452361643021 0.6400800000000001 1.08758931053422 -1.746861674321038
24576 11217673 0.600845936734819 0.7033962002388068 0.6400800000000001 1.08758931053422 -1.746861674321038
24577 11217673 0.5639001916162927 0.6691471643133114 0.6400800000000001 1.08758931053422 -1.746861674321038
24578 11217673 0.5309574997899105 0.630844592495261 0.6400800000000001 1.08758931053422 -1.746861674321038
24579 11217673 0.49801480796352826 0.5925420206772105 0.6400800000000001 1.08758931053422 -1.746861674321038
24580 11217673 0.4604262132692818 0.5522529683746223 0.6400800000000001 1.08758931053422 -1.746861674321038
24581 11217673 0.4356664577389044 0.5104584718307191 0.6400800000000001 1.08758931053422 -1.746861674321038
24582 11217673 0.4116488731144541 0.46550071236557106 0.6400800000000001 1.08758931053422 -1.746861674321038
24583 11217673 0.38763128849000383 0.420542952900423 0.6400800000000001 1.08758931053422 -1.746861674321038
24584 11217673 0.36605518118598745 0.3749041424278563 0.6400800000000001 1.08758931053422 -1.746861674321038
24585 11217673 0.3444790738819711 0.3292653319552897 0.6400800000000001 1.08758931053422 -1.746861674321038
24586 11217673 0.32373975116704223 0.2834698917774873 0.6400800000000001 1.08758931053422 -1.746861674321038
24587 11217673 0.31322840025689364 0.24689099327671316 0.6400800000000001 1.08758931053422 -1.746861674321038
24588 11217673 0.30271704934674504 0.210312094775939 0.6400800000000001 1.08758931053422 -1.746861674321038
24589 11217673 0.2832392248615788 0.13372867705001154 0.6400800000000001 1.08758931053422 -1.746861674321038
24590 11217673 0.27454074458282535 0.08265460098779538 0.6400800000000001 1.08758931053422 -1.746861674321038
24591 11217673 0.2658422643040719 0.03158052492557922 0.6400800000000001 1.08758931053422 -1.746861674321038
24592 11217673 0.2591410805632342 -0.01745918455709397 0.6400800000000001 1.08758931053422 -1.746861674321038
24593 11217673 0.25243989682239654 -0.06649889403976716 0.6400800000000001 1.08758931053422 -1.746861674321038
24594 11217673 0.2497556567037047 -0.11819488629721939 0.6400800000000001 1.08758931053422 -1.746861674321038
24595 11217673 0.2436892905898561 -0.16936969753864148 0.67056 1.08758931053422 -1.746861674321038
24596 11217673 0.24261031755269946 -0.22159024322584756 0.67056 1.08758931053422 -1.746861674321038
24597 11217673 0.24272618746151975 -0.2715141585326183 0.67056 1.08758931053422 -1.746861674321038
24598 11217673 0.24204886121242342 -0.32386588738159927 0.67056 1.08758931053422 -1.746861674321038
24599 11217673 0.24162591782215492 -0.37408095919587325 0.67056 1.08758931053422 -1.746861674321038
24600 11217673 0.24408098107249615 -0.4250028269178767 0.67056 1.08758931053422 -1.746861674321038
24601 11217673 0.24653604432283738 -0.4759246946398802 0.67056 1.08758931053422 -1.746861674321038
24602 11217673 0.24786582859209982 -0.5289321595525246 0.67056 1.08758931053422 -1.746861674321038
24603 11217673 0.251508122184342 -0.5803002572753932 0.67056 1.08758931053422 -1.746861674321038
24604 11217673 0.25515041577658415 -0.6316683549982619 0.67056 1.08758931053422 -1.746861674321038
24605 11217673 0.2564029021516249 -0.6821969894079418 0.67056 1.08758931053422 -1.746861674321038
24606 11217673 0.2576553885266657 -0.7327256238176216 0.67056 1.08758931053422 -1.746861674321038
24607 11217673 0.2621872978151465 -0.7840921685298369 0.67056 1.08758931053422 -1.746861674321038
24608 11217673 0.2659091264186497 -0.8308713038270171 0.67056 1.08758931053422 -1.746861674321038
24609 11217673 0.27183451256513097 -0.8828682820827831 0.67056 1.08758931053422 -1.746861674321038
24610 11217673 0.2777598987116122 -0.9348652603385491 0.67056 1.08758931053422 -1.746861674321038
24611 11217673 0.28010706875100766 -0.9738932910590326 0.67056 1.08758931053422 -1.746861674321038
24612 11217673 0.28245423879040304 -1.0129213217795159 0.67056 1.08758931053422 -1.746861674321038
24613 11217673 0.29077659221801766 -1.0866718609044084 0.67056 1.08758931053422 -1.746861674321038
24614 11217673 0.2947803596552011 -1.1410197384907295 0.67056 1.08758931053422 -1.746861674321038
24615 11217673 0.29983594227384935 -1.1835416791071072 0.67056 1.08758931053422 -1.746861674321038
24616 11217673 0.30489152489249755 -1.2260636197234847 0.67056 1.08758931053422 -1.746861674321038
24617 11217673 0.3099471075111458 -1.2685855603398624 0.67056 1.08758931053422 -1.746861674321038
24618 11217673 0.3190801028311627 -1.3317063162269396 0.67056 1.08758931053422 -1.746861674321038
24619 11217673 0.3282130981511796 -1.3948270721140168 0.67056 1.08758931053422 -1.746861674321038
24620 11217673 0.33549990340733815 -1.4475602080002137 0.67056 1.08758931053422 -1.746861674321038
24621 11217673 0.3403911166153579 -1.4989264186954783 0.67056 1.08758931053422 -1.746861674321038
24622 11217673 0.34756377111481984 -1.5517389319846233 0.67056 1.08758931053422 -1.746861674321038
24623 11217673 0.35556445410003856 -1.602018072335053 0.67056 1.08758931053422 -1.746861674321038
24624 11217673 0.36081280619813505 -1.6525661195946872 0.67056 1.08758931053422 -1.746861674321038
24625 11217673 0.36606115829623154 -1.7031141668543217 0.67056 1.08758931053422 -1.746861674321038
24626 11217673 0.37073759330541434 -1.7295843597585436 0.67056 1.08758931053422 -1.746861674321038
24627 11217673 0.3754140283145972 -1.7560545526627656 0.67056 1.08758931053422 -1.746861674321038
24628 11217673 0.3855119375946041 -1.8333626712290383 0.67056 1.08758931053422 -1.746861674321038
24629 11217673 0.395609846874611 -1.9106707897953108 0.67056 1.08758931053422 -1.746861674321038
24630 11217673 0.40440289429854354 -1.9626101125622815 0.67056 1.08758931053422 -1.746861674321038
24631 11217673 0.4131959417224761 -2.014549435329252 0.67056 1.08758931053422 -1.746861674321038
24632 11217673 0.42115350054556333 -2.064696951376266 0.67056 1.08758931053422 -1.746861674321038
24633 11217673 0.4296371299622369 -2.11758635361268 0.67056 1.08758931053422 -1.746861674321038
24634 11217673 0.43812075937891054 -2.1704757558490946 0.67056 1.08758931053422 -1.746861674321038
24635 11217673 0.44792366680180923 -2.223679183841646 0.67056 1.08758931053422 -1.746861674321038
24636 11217673 0.4558824506797704 -2.2738267643119805 0.67056 1.08758931053422 -1.746861674321038
24637 11217673 0.4662783425939849 -2.324945593780731 0.6858000000000001 1.08758931053422 -1.746861674321038
24638 11217673 0.47667423450819935 -2.3760644232494816 0.7010400000000001 1.08758931053422 -1.746861674321038
24639 11217673 0.48924218741179715 -2.4300538910009477 0.7010400000000001 1.08758931053422 -1.746861674321038
24640 11217673 0.4968121659874633 -2.4803077580822492 0.7010400000000001 1.08758931053422 -1.746861674321038
24641 11217673 0.5100704789567523 -2.532186044359951 0.7010400000000001 1.08758931053422 -1.746861674321038
24642 11217673 0.5193251542279984 -2.585443349098991 0.7010400000000001 1.08758931053422 -1.746861674321038
24643 11217673 0.5293829060498259 -2.6389628844431656 0.7010400000000001 1.08758931053422 -1.746861674321038
24644 11217673 0.5374908769371036 -2.693013618320572 0.6858000000000001 1.08758931053422 -1.746861674321038
24645 11217673 0.5455988478243813 -2.7470643521979787 0.67056 1.08758931053422 -1.746861674321038
24646 11217673 0.5499288422684747 -2.7997640597225164 0.67056 1.08758931053422 -1.746861674321038
24647 11217673 0.554258836712568 -2.852463767247054 0.67056 1.08758931053422 -1.746861674321038
24648 11217673 0.5560023527442034 -2.905603599175662 0.7010400000000001 1.08758931053422 -1.746861674321038
24649 11217673 0.5523094499103669 -2.9582527084292742 0.6858000000000001 1.08758931053422 -1.746861674321038
24650 11217673 0.5486165470765303 -3.010901817682886 0.67056 1.08758931053422 -1.746861674321038
24651 11217673 0.5387856581208599 -3.065751658091347 0.67056 1.08758931053422 -1.746861674321038
24652 11217673 0.5251035419499936 -3.116072528663845 0.67056 1.08758931053422 -1.746861674321038
24653 11217673 0.5087603915523914 -3.166108336585203 0.67056 1.08758931053422 -1.746861674321038
24654 11217673 0.4899975087215743 -3.2151201391431723 0.67056 1.08758931053422 -1.746861674321038
24655 11217673 0.47682560696147624 -3.2384463692800636 0.67056 1.08758931053422 -1.746861674321038
24656 11217673 0.46365370520137816 -3.261772599416955 0.67056 1.08758931053422 -1.746861674321038
24657 11217673 0.4013122884817074 -3.3465503346185623 0.67056 1.08758931053422 -1.746861674321038
24658 11217673 0.36322116624070744 -3.38428374547352 0.6553200000000001 1.08758931053422 -1.746861674321038
24659 11217673 0.32513004399970746 -3.4220171563284776 0.6400800000000001 1.08758931053422 -1.746861674321038
24660 11217673 0.281517606440271 -3.455435140111619 0.6248400000000001 1.08758931053422 -1.746861674321038
24661 11217673 0.23790516888083457 -3.4888531238947595 0.6096 1.08758931053422 -1.746861674321038
24662 11217673 0.2039433203921981 -3.504511801911927 0.6096 1.08758931053422 -1.746861674321038
24663 11217673 0.1699814719035616 -3.520170479929095 0.6096 1.08758931053422 -1.746861674321038
24664 11217673 0.13601962341492513 -3.5358291579462624 0.6096 1.08758931053422 -1.746861674321038
24665 11217673 0.08162191532762475 -3.5527558641082018 0.6096 1.08758931053422 -1.746861674321038
24666 11217673 0.023682747983848618 -3.5642028418030955 0.6096 1.08758931053422 -1.746861674321038
24667 11217673 -0.08998387830830035 -3.572163686147037 0.6096 1.08758931053422 -1.746861674321038
24668 11217673 -0.14534255103862037 -3.566461496740673 0.6096 1.08758931053422 -1.746861674321038
24669 11217673 -0.19832221430953134 -3.5542929607687546 0.6096 1.08758931053422 -1.746861674321038
24670 11217673 -0.2514538673791903 -3.5381020578903315 0.6096 1.08758931053422 -1.746861674321038
24671 11217673 -0.30458552044884923 -3.5219111550119084 0.6096 1.08758931053422 -1.746861674321038
24672 10926744 2.916338165050047 4.570594515361119 0.7924800000000001 1.08758931053422 -1.746861674321038
24672 11217673 -0.35458756890703413 -3.5009008369469443 0.6096 1.08758931053422 -1.746861674321038
24673 11217673 -0.40018037606165546 -3.4745546691178784 0.6096 1.08758931053422 -1.746861674321038
24673 10926744 2.8870421574743172 4.529812489071387 0.7924800000000001 1.08758931053422 -1.746861674321038
24674 11217673 -0.4457731832162768 -3.4482085012888124 0.6096 1.08758931053422 -1.746861674321038
24674 10926744 2.859496599255232 4.486239041616315 0.7924800000000001 1.08758931053422 -1.746861674321038
24675 11217673 -0.49046882619931687 -3.419117420693752 0.6096 1.08758931053422 -1.746861674321038
24675 10926744 2.830760722265272 4.444456357128094 0.7924800000000001 1.08758931053422 -1.746861674321038
24676 10926744 2.8020248452753123 4.402673672639873 0.7924800000000001 1.08758931053422 -1.746861674321038
24676 11217673 -0.527236936990102 -3.3739240426501302 0.6096 1.08758931053422 -1.746861674321038
24677 10926744 2.774478807571593 4.35910046832989 0.7924800000000001 1.08758931053422 -1.746861674321038
24677 11217673 -0.5670459874458753 -3.3461953812749807 0.57912 1.08758931053422 -1.746861674321038
24678 10926744 2.7447464003203264 4.318344358569524 0.7924800000000001 1.08758931053422 -1.746861674321038
24678 11217673 -0.5993529801497628 -3.3042114236375664 0.57912 1.08758931053422 -1.746861674321038
24679 10926744 2.7150139930690598 4.277588248809158 0.7924800000000001 1.08758931053422 -1.746861674321038
24679 11217673 -0.6316599728536503 -3.262227466000152 0.57912 1.08758931053422 -1.746861674321038
24680 11217673 -0.6485507887788785 -3.2283573531712486 0.57912 1.08758931053422 -1.746861674321038
24680 10926744 2.6858891887050733 4.237334666789139 0.7924800000000001 1.08758931053422 -1.746861674321038
24681 11217673 -0.6654416047041066 -3.1944872403423448 0.57912 1.08758931053422 -1.746861674321038
24681 10926744 2.6583424935011157 4.193761799444089 0.7924800000000001 1.08758931053422 -1.746861674321038
24682 10926744 2.6420725441215356 4.173842366587115 0.7924800000000001 1.08758931053422 -1.746861674321038
24682 11217673 -0.6823324206293349 -3.1606171275134414 0.57912 1.08758931053422 -1.746861674321038
24683 10926744 2.6258025947419554 4.15392293373014 0.7924800000000001 1.08758931053422 -1.746861674321038
24683 11217673 -0.7141140581477521 -3.0498749871662683 0.57912 1.08758931053422 -1.746861674321038
24684 11217673 -0.7246473390556409 -2.994969426783774 0.57912 1.08758931053422 -1.746861674321038
24684 10926744 2.5697507635481927 4.071997122804481 0.7924800000000001 1.08758931053422 -1.746861674321038
24685 11217673 -0.7351806199635298 -2.94006386640128 0.57912 1.08758931053422 -1.746861674321038
24685 10926744 2.541802342023514 4.028555625424205 0.7924800000000001 1.08758931053422 -1.746861674321038
24686 11217673 -0.7424461947481082 -2.8878032902805497 0.57912 1.08758931053422 -1.746861674321038
24686 10926744 2.513853920498836 3.985114128043928 0.7924800000000001 1.08758931053422 -1.746861674321038
24687 11217673 -0.7488603022815228 -2.832666520735249 0.54864 1.08758931053422 -1.746861674321038
24687 10926744 2.486306253637455 3.9415417555919228 0.7924800000000001 1.08758931053422 -1.746861674321038
24688 11217673 -0.744457063830481 -2.7777354039569984 0.54864 1.08758931053422 -1.746861674321038
24688 10926744 2.457042143037312 3.900866653555195 0.7924800000000001 1.08758931053422 -1.746861674321038
24689 11217673 -0.7400538253794393 -2.7228042871787483 0.54864 1.08758931053422 -1.746861674321038
24689 10926744 2.429782850247248 3.859536649530768 0.7924800000000001 1.08758931053422 -1.746861674321038
24690 10926744 2.40237898051138 3.817085659243944 0.7924800000000001 1.08758931053422 -1.746861674321038
24690 11217673 -0.7294290161187064 -2.6699065085646367 0.54864 1.08758931053422 -1.746861674321038
24691 10926744 2.3749751107755124 3.7746346689571197 0.7924800000000001 1.08758931053422 -1.746861674321038
24691 11217673 -0.7188042068579734 -2.617008729950525 0.54864 1.08758931053422 -1.746861674321038
24692 10926744 2.3484291057214364 3.7307352173712003 0.7924800000000001 1.08758931053422 -1.746861674321038
24692 11217673 -0.7006442176698341 -2.565522183330758 0.54864 1.08758931053422 -1.746861674321038
24693 10926744 2.3218831006673604 3.6868357657852813 0.7924800000000001 1.08758931053422 -1.746861674321038
24693 11217673 -0.6824842284816948 -2.5140356367109917 0.54864 1.08758931053422 -1.746861674321038
24694 10926744 2.2946920257711034 3.645717262419372 0.7924800000000001 1.08758931053422 -1.746861674321038
24694 11217673 -0.6581003009015518 -2.4679712882080302 0.5334000000000001 1.08758931053422 -1.746861674321038
24695 10926744 2.2670741553165374 3.601934390034249 0.762 1.08758931053422 -1.746861674321038
24695 11217673 -0.6337163733214088 -2.4219069397050688 0.5181600000000001 1.08758931053422 -1.746861674321038
24696 10926744 2.2402148193632785 3.5604739121546656 0.762 1.08758931053422 -1.746861674321038
24696 11217673 -0.6041495970767864 -2.377653260289655 0.5181600000000001 1.08758931053422 -1.746861674321038
24697 11217673 -0.5745828208321639 -2.333399580874242 0.5181600000000001 1.08758931053422 -1.746861674321038
24697 10926744 2.2128741142026183 3.5191707227571505 0.762 1.08758931053422 -1.746861674321038
24698 10926744 2.1940459228845812 3.4865355220319767 0.77724 1.08758931053422 -1.746861674321038
24698 11217673 -0.536627106330898 -2.2906608053781645 0.5181600000000001 1.08758931053422 -1.746861674321038
24699 11217673 -0.4986279142165362 -2.2505064028243584 0.5181600000000001 1.08758931053422 -1.746861674321038
24699 10926744 2.1752177315665437 3.4539003213068034 0.7924800000000001 1.08758931053422 -1.746861674321038
24700 10926744 2.1409088276361166 3.389639207359421 0.762 1.08758931053422 -1.746861674321038
24700 11217673 -0.46040348491733685 -2.2150986895088773 0.5181600000000001 1.08758931053422 -1.746861674321038
24701 11217673 -0.41863174009550774 -2.1824272950437393 0.5181600000000001 1.08758931053422 -1.746861674321038
24701 10926744 2.1130382472479488 3.3461726931051916 0.762 1.08758931053422 -1.746861674321038
24702 11217673 -0.37685999527367864 -2.1497559005786013 0.5181600000000001 1.08758931053422 -1.746861674321038
24702 10926744 2.0908014998191087 3.3033773824249146 0.77724 1.08758931053422 -1.746861674321038
24703 10926744 2.068564752390269 3.2605820717446377 0.7924800000000001 1.08758931053422 -1.746861674321038
24703 11217673 -0.3337282625168989 -2.1224354815572295 0.5181600000000001 1.08758931053422 -1.746861674321038
24704 10926744 2.043420805097435 3.216224811148726 0.762 1.08758931053422 -1.746861674321038
24704 11217673 -0.2905965297601192 -2.0951150625358577 0.5181600000000001 1.08758931053422 -1.746861674321038
24705 10926744 2.0206829609063526 3.1710814748178136 0.7924800000000001 1.08758931053422 -1.746861674321038
24705 11217673 -0.24455115634031455 -2.0738284858564615 0.5181600000000001 1.08758931053422 -1.746861674321038
24706 11217673 -0.1985057829205099 -2.0525419091770654 0.5181600000000001 1.08758931053422 -1.746861674321038
24706 10926744 1.9955042925249384 3.126618765027934 0.7924800000000001 1.08758931053422 -1.746861674321038
24707 11217673 -0.14813703178571003 -2.031616357463158 0.5181600000000001 1.08758931053422 -1.746861674321038
24707 10926744 1.9725255707132983 3.081554159869211 0.7924800000000001 1.08758931053422 -1.746861674321038
24708 11217673 -0.09983814092303345 -2.01702385508503 0.5181600000000001 1.08758931053422 -1.746861674321038
24708 10926744 1.949546848901658 3.0364895547104878 0.7924800000000001 1.08758931053422 -1.746861674321038
24709 11217673 -0.04991542654286818 -2.0008586900028504 0.5181600000000001 1.08758931053422 -1.746861674321038
24709 10926744 1.9271085488013366 2.993351287267165 0.762 1.08758931053422 -1.746861674321038
24710 11217673 7.287837297087485e-06 -1.9846935249206707 0.5181600000000001 1.08758931053422 -1.746861674321038
24710 10926744 1.9031670098590046 2.9486012883015373 0.77724 1.08758931053422 -1.746861674321038
24711 10926744 1.8792254709166727 2.90385128933591 0.7924800000000001 1.08758931053422 -1.746861674321038
24711 11217673 0.05050948649825654 -1.9749090084274359 0.50292 1.08758931053422 -1.746861674321038
24712 11217673 0.10101168515921599 -1.965124491934201 0.48768 1.08758931053422 -1.746861674321038
24712 10926744 1.8584143119900915 2.8605319328971133 0.7924800000000001 1.08758931053422 -1.746861674321038
24713 10926744 1.8376031530635104 2.817212576458317 0.7924800000000001 1.08758931053422 -1.746861674321038
24713 11217673 0.15092412743954664 -1.9537449297923362 0.48768 1.08758931053422 -1.746861674321038
24714 10926744 1.8165512069419814 2.7739719088457857 0.77724 1.08758931053422 -1.746861674321038
24714 11217673 0.20124700454521388 -1.945186054403437 0.48768 1.08758931053422 -1.746861674321038
24715 10926744 1.7954992608204523 2.730731241233254 0.762 1.08758931053422 -1.746861674321038
24715 11217673 0.2515698816508811 -1.9366271790145377 0.48768 1.08758931053422 -1.746861674321038
24716 10926744 1.7745273730237852 2.6874644366075877 0.762 1.08758931053422 -1.746861674321038
24716 11217673 0.29900475695020234 -1.9246709669459217 0.48768 1.08758931053422 -1.746861674321038
24717 11217673 0.348330089051064 -1.9150845272237038 0.48768 1.08758931053422 -1.746861674321038
24717 10926744 1.753555485227118 2.6441976319819216 0.762 1.08758931053422 -1.746861674321038
24718 10926744 1.7356292883518045 2.5974823795255197 0.762 1.08758931053422 -1.746861674321038
24718 11217673 0.39767902882290795 -1.904337270831798 0.48768 1.08758931053422 -1.746861674321038
24719 11217673 0.44469696667358694 -1.8969169681777234 0.48768 1.08758931053422 -1.746861674321038
24719 10926744 1.7152966206508513 2.5515533809729516 0.762 1.08758931053422 -1.746861674321038
24720 11217673 0.4917149045242659 -1.889496665523649 0.48768 1.08758931053422 -1.746861674321038
24720 10926744 1.6952742565302035 2.50657445347238 0.762 1.08758931053422 -1.746861674321038
24721 10926744 1.6752518924095556 2.4615955259718083 0.762 1.08758931053422 -1.746861674321038
24721 11217673 0.5393842316820332 -1.8849757483285947 0.5181600000000001 1.08758931053422 -1.746861674321038
24722 10926744 1.6555743230750468 2.417672227094057 0.762 1.08758931053422 -1.746861674321038
24722 11217673 0.5853006644051598 -1.8776622578269624 0.5181600000000001 1.08758931053422 -1.746861674321038
24723 11217673 0.6322800463731406 -1.8752519097955154 0.5181600000000001 1.08758931053422 -1.746861674321038
24723 10926744 1.6411423824992577 2.384301895754207 0.762 1.08758931053422 -1.746861674321038
24724 11217673 0.6789119808738782 -1.8692813475069454 0.5181600000000001 1.08758931053422 -1.746861674321038
24724 10926744 1.6267104419234686 2.350931564414357 0.762 1.08758931053422 -1.746861674321038
24725 11217673 0.7255439153746157 -1.8633107852183757 0.5181600000000001 1.08758931053422 -1.746861674321038
24725 10926744 1.6049664190316362 2.2947740613052887 0.762 1.08758931053422 -1.746861674321038
24726 11217673 0.7714351098693975 -1.8582463881818139 0.5181600000000001 1.08758931053422 -1.746861674321038
24726 10926744 1.583222396139804 2.2386165581962203 0.762 1.08758931053422 -1.746861674321038
24727 10926744 1.5656716953645515 2.1934142537474792 0.762 1.08758931053422 -1.746861674321038
24727 11217673 0.8173263043641793 -1.8531819911452523 0.5181600000000001 1.08758931053422 -1.746861674321038
24728 10926744 1.5481209945892993 2.1482119492987377 0.762 1.08758931053422 -1.746861674321038
24728 11217673 0.863217498858961 -1.8481175941086905 0.5181600000000001 1.08758931053422 -1.746861674321038
24729 11217673 0.9108512687088819 -1.8436997591080058 0.5181600000000001 1.08758931053422 -1.746861674321038
24729 10926744 1.5305702938140469 2.1030096448499966 0.762 1.08758931053422 -1.746861674321038
24730 11217673 0.9585193846571405 -1.839176045222666 0.5181600000000001 1.08758931053422 -1.746861674321038
24730 10926744 1.5129540302430533 2.05724463834104 0.762 1.08758931053422 -1.746861674321038
24731 10926744 1.4953377666720598 2.011479631832083 0.762 1.08758931053422 -1.746861674321038
24731 11217673 1.0044780224247942 -1.8352618047897977 0.50292 1.08758931053422 -1.746861674321038
24732 11217673 1.0504366601924482 -1.8313475643569295 0.48768 1.08758931053422 -1.746861674321038
24732 10926744 1.478135311640278 1.9669813566505692 0.762 1.08758931053422 -1.746861674321038
24733 10926744 1.4609328566084965 1.922483081469055 0.762 1.08758931053422 -1.746861674321038
24733 11217673 1.0966595593859023 -1.8263508986421082 0.48768 1.08758931053422 -1.746861674321038
24734 10926744 1.4461715164949134 1.8773040546055362 0.762 1.08758931053422 -1.746861674321038
24734 11217673 1.1428824585793564 -1.821354232927287 0.48768 1.08758931053422 -1.746861674321038
24735 10926744 1.4309618196514386 1.8307527728798294 0.762 1.08758931053422 -1.746861674321038
24735 11217673 1.1901361474607857 -1.8180955585353953 0.48768 1.08758931053422 -1.746861674321038
24736 11217673 1.237389836342215 -1.8148368841435039 0.48768 1.08758931053422 -1.746861674321038
24736 10926744 1.415752122807964 1.7842014911541229 0.762 1.08758931053422 -1.746861674321038
24737 11217673 1.2862437045607833 -1.8107567969532052 0.48768 1.08758931053422 -1.746861674321038
24737 10926744 1.4002320257852803 1.736700188771347 0.762 1.08758931053422 -1.746861674321038
24738 11217673 1.3350975727793515 -1.8066767097629068 0.48768 1.08758931053422 -1.746861674321038
24738 10926744 1.3829949781875195 1.692096411270256 0.762 1.08758931053422 -1.746861674321038
24739 10926744 1.3744281733063415 1.6699528673090138 0.762 1.08758931053422 -1.746861674321038
24739 11217673 1.380391055837836 -1.801258246707701 0.48768 1.08758931053422 -1.746861674321038
24740 11217673 1.4269094536691622 -1.7991600677034116 0.48768 1.08758931053422 -1.746861674321038
24740 10926744 1.3658613684251635 1.6478093233477715 0.762 1.08758931053422 -1.746861674321038
24741 10926744 1.335407433461481 1.554601257752784 0.762 1.08758931053422 -1.746861674321038
24741 11217673 1.4736113746007473 -1.7967709522840616 0.48768 1.08758931053422 -1.746861674321038
24742 10926744 1.319266504934899 1.5051999332049526 0.762 1.08758931053422 -1.746861674321038
24742 11217673 1.5203132955323326 -1.7943818368647115 0.48768 1.08758931053422 -1.746861674321038
24743 11217673 1.5655028727465794 -1.7892788898685261 0.48768 1.08758931053422 -1.746861674321038
24743 10926744 1.3019603744057275 1.46038509424239 0.762 1.08758931053422 -1.746861674321038
24744 11217673 1.6125142462216244 -1.7867565187148193 0.48768 1.08758931053422 -1.746861674321038
24744 10926744 1.2847231925286369 1.415781386404394 0.762 1.08758931053422 -1.746861674321038
24745 10926744 1.2683962368444024 1.3698872555287962 0.762 1.08758931053422 -1.746861674321038
24745 11217673 1.6613843290830421 -1.7826210800760662 0.48768 1.08758931053422 -1.746861674321038
24746 10926744 1.252069281160168 1.3239931246531986 0.762 1.08758931053422 -1.746861674321038
24746 11217673 1.71025441194446 -1.7784856414373131 0.48768 1.08758931053422 -1.746861674321038
24747 10926744 1.2372733897251802 1.278708611244741 0.762 1.08758931053422 -1.746861674321038
24747 11217673 1.7547196353780767 -1.7755983482634305 0.48768 1.08758931053422 -1.746861674321038
24748 11217673 1.7776509469555961 -1.775550901665899 0.48768 1.08758931053422 -1.746861674321038
24748 10926744 1.2224774982901925 1.2334240978362834 0.762 1.08758931053422 -1.746861674321038
24749 11217673 1.8005822585331155 -1.7755034550683675 0.48768 1.08758931053422 -1.746861674321038
24749 10926744 1.2048608159448615 1.1876593107467281 0.762 1.08758931053422 -1.746861674321038
24750 10926744 1.1872441335995307 1.141894523657173 0.762 1.08758931053422 -1.746861674321038
24750 11217673 1.8448867573277836 -1.7725631847391587 0.48768 1.08758931053422 -1.746861674321038
24751 11217673 1.939069532274721 -1.7659317072465888 0.48768 1.08758931053422 -1.746861674321038
24751 10926744 1.1725171937524217 1.0968211488820248 0.762 1.08758931053422 -1.746861674321038
24752 11217673 1.9836720949227145 -1.7626207236417637 0.48768 1.08758931053422 -1.746861674321038
24752 10926744 1.1565177928615196 1.051929880328559 0.762 1.08758931053422 -1.746861674321038
24753 10926744 1.1405183919706172 1.0070386117750934 0.762 1.08758931053422 -1.746861674321038
24753 11217673 2.0277919935988535 -1.7607872449133084 0.48768 1.08758931053422 -1.746861674321038
24754 10926744 1.1243584958690729 0.9621997902916555 0.762 1.08758931053422 -1.746861674321038
24754 11217673 2.0719118922749926 -1.7589537661848529 0.48768 1.08758931053422 -1.746861674321038
24755 11217673 2.1160438464853026 -1.755721929722763 0.48768 1.08758931053422 -1.746861674321038
24755 10926744 1.1081985997675283 0.9173609688082175 0.762 1.08758931053422 -1.746861674321038
24756 11217673 2.1601758006956127 -1.7524900932606733 0.48768 1.08758931053422 -1.746861674321038
24756 10926744 1.0908809165397884 0.8727836143980837 0.762 1.08758931053422 -1.746861674321038
24757 10926744 1.0757055726146965 0.8263380213508889 0.762 1.08758931053422 -1.746861674321038
24757 11217673 2.202695048348649 -1.751476509337523 0.48768 1.08758931053422 -1.746861674321038
24758 10926744 1.0605302286896046 0.7798924283036939 0.762 1.08758931053422 -1.746861674321038
24758 11217673 2.245214296001685 -1.750462925414373 0.48768 1.08758931053422 -1.746861674321038
24759 11217673 2.2850003300530166 -1.7455779381260943 0.48768 1.08758931053422 -1.746861674321038
24759 10926744 1.047288331291801 0.7351516610302771 0.762 1.08758931053422 -1.746861674321038
24760 11217673 2.3257476793529 -1.7442774319862238 0.48768 1.08758931053422 -1.746861674321038
24760 10926744 1.0340464338939979 0.6904108937568603 0.762 1.08758931053422 -1.746861674321038
24761 11217673 2.364976652442561 -1.7405535104451262 0.48768 1.08758931053422 -1.746861674321038
24761 10926744 1.0192849833382667 0.6452320068997699 0.762 1.08758931053422 -1.746861674321038
24762 11217673 2.404205625532222 -1.7368295889040286 0.48768 1.08758931053422 -1.746861674321038
24762 10926744 1.0045235327825353 0.6000531200426796 0.762 1.08758931053422 -1.746861674321038
24763 11217673 2.444612878356226 -1.7360244933127589 0.48768 1.08758931053422 -1.746861674321038
24763 10926744 0.9941040257829903 0.5507685628999697 0.762 1.08758931053422 -1.746861674321038
24764 10926744 0.979377100282225 0.5056952320063749 0.762 1.08758931053422 -1.746861674321038
24764 11217673 2.4850201311802307 -1.7352193977214891 0.48768 1.08758931053422 -1.746861674321038
24765 10926744 0.9743518147799983 0.4821609568221397 0.762 1.08758931053422 -1.746861674321038
24765 11217673 2.5254273840042347 -1.7344143021302194 0.48768 1.08758931053422 -1.746861674321038
24766 10926744 0.9693265292777717 0.45862668163790454 0.762 1.08758931053422 -1.746861674321038
24766 11217673 2.565834636828239 -1.7336092065389497 0.48768 1.08758931053422 -1.746861674321038
24767 10926744 0.9469563493442166 0.36569827433110247 0.762 1.08758931053422 -1.746861674321038
24767 11217673 2.6062418896522432 -1.73280411094768 0.48768 1.08758931053422 -1.746861674321038
24768 11217673 2.645794001995936 -1.7354339963673864 0.48768 1.08758931053422 -1.746861674321038
24768 10926744 0.9354437103685712 0.31823124784874407 0.762 1.08758931053422 -1.746861674321038
24769 11217673 2.6853247536710003 -1.7347273822026712 0.48768 1.08758931053422 -1.746861674321038
24769 10926744 0.9239310713929259 0.27076422136638567 0.762 1.08758931053422 -1.746861674321038
24770 11217673 2.724855505346065 -1.7340207680379562 0.48768 1.08758931053422 -1.746861674321038
24770 10926744 0.9139152800565677 0.223801167756561 0.762 1.08758931053422 -1.746861674321038
24771 10926744 0.9037960864923192 0.1765214258446497 0.762 1.08758931053422 -1.746861674321038
24771 11217673 2.7632109511424847 -1.7326965442202136 0.48768 1.08758931053422 -1.746861674321038
24772 11217673 2.801566396938904 -1.731372320402471 0.48768 1.08758931053422 -1.746861674321038
24772 10926744 0.8934116179148343 0.12734231061995321 0.762 1.08758931053422 -1.746861674321038
24773 11217673 2.839410802079354 -1.7313412081329598 0.48768 1.08758931053422 -1.746861674321038
24773 10926744 0.8885194505313077 0.09143936369577442 0.762 1.08758931053422 -1.746861674321038
24774 10926744 0.8836272831477809 0.055536416771595626 0.762 1.08758931053422 -1.746861674321038
24774 11217673 2.8787695006405136 -1.7299349005831612 0.48768 1.08758931053422 -1.746861674321038
24775 11217673 2.9181281992016737 -1.7285285930333625 0.48768 1.08758931053422 -1.746861674321038
24775 10926744 0.8732507040974968 -0.005035831349447489 0.762 1.08758931053422 -1.746861674321038
24776 10926744 0.8628741250472128 -0.0656080794704906 0.762 1.08758931053422 -1.746861674321038
24776 11217673 2.9574868977628332 -1.727122285483564 0.48768 1.08758931053422 -1.746861674321038
24777 11217673 2.999551283467344 -1.7269488952532983 0.48768 1.08758931053422 -1.746861674321038
24777 10926744 0.8537176906952991 -0.11402010318262279 0.762 1.08758931053422 -1.746861674321038
24778 11217673 3.041615669171855 -1.726775505023033 0.48768 1.08758931053422 -1.746861674321038
24778 10926744 0.8445612563433854 -0.16243212689475497 0.762 1.08758931053422 -1.746861674321038
24779 11217673 3.0821542157704727 -1.7277392261819504 0.45720000000000005 1.08758931053422 -1.746861674321038
24779 10926744 0.8365847422412218 -0.21239790272427753 0.762 1.08758931053422 -1.746861674321038
24780 11217673 3.123066484808382 -1.7261962993772477 0.45720000000000005 1.08758931053422 -1.746861674321038
24780 10926744 0.8285281393033702 -0.2623374925708044 0.762 1.08758931053422 -1.746861674321038
24781 10926744 0.8204715363655186 -0.3122770824173313 0.762 1.08758931053422 -1.746861674321038
24781 11217673 3.1639787538462913 -1.7246533725725448 0.45720000000000005 1.08758931053422 -1.746861674321038
24782 11217673 3.206186097554806 -1.7245839259936355 0.45720000000000005 1.08758931053422 -1.746861674321038
24782 10926744 0.8128640998044644 -0.36002687900804964 0.762 1.08758931053422 -1.746861674321038
24783 11217673 3.248393441263321 -1.724514479414726 0.45720000000000005 1.08758931053422 -1.746861674321038
24783 10926744 0.8069744615549328 -0.4106744163767778 0.762 1.08758931053422 -1.746861674321038
24784 11217673 3.2922007861586895 -1.7236234358640334 0.45720000000000005 1.08758931053422 -1.746861674321038
24784 10926744 0.8003922920290834 -0.46004423355034296 0.762 1.08758931053422 -1.746861674321038
24785 11217673 3.3376236612197374 -1.725945953185471 0.45720000000000005 1.08758931053422 -1.746861674321038
24785 10926744 0.793810122503234 -0.5094140507239081 0.762 1.08758931053422 -1.746861674321038
24786 10926744 0.7866733373481416 -0.5570839080990059 0.73152 1.08758931053422 -1.746861674321038
24786 11217673 3.3800850309907067 -1.7255494928754536 0.45720000000000005 1.08758931053422 -1.746861674321038
24787 11217673 3.4225464007616764 -1.7251530325654363 0.45720000000000005 1.08758931053422 -1.746861674321038
24787 10926744 0.7815774068920383 -0.6053036928484579 0.73152 1.08758931053422 -1.746861674321038
24788 11217673 3.4650077705326456 -1.7247565722554188 0.45720000000000005 1.08758931053422 -1.746861674321038
24788 10926744 0.7763264793558935 -0.6539985277252202 0.73152 1.08758931053422 -1.746861674321038
24789 10926744 0.7710755518197489 -0.7026933626019825 0.73152 1.08758931053422 -1.746861674321038
24789 11217673 3.5080224987306714 -1.726292356583725 0.45720000000000005 1.08758931053422 -1.746861674321038
24790 11217673 3.549360528934429 -1.7238931346036455 0.45720000000000005 1.08758931053422 -1.746861674321038
24790 10926744 0.7647211267962803 -0.7476981187665446 0.73152 1.08758931053422 -1.746861674321038
24791 10926744 0.7596137681094157 -0.7964982284214984 0.73152 1.08758931053422 -1.746861674321038
24791 11217673 3.5906985591381875 -1.7214939126235662 0.45720000000000005 1.08758931053422 -1.746861674321038
24792 10926744 0.7549084525071534 -0.844611888131949 0.73152 1.08758931053422 -1.746861674321038
24792 11217673 3.6320365893419453 -1.7190946906434867 0.45720000000000005 1.08758931053422 -1.746861674321038
24793 10926744 0.7497098878393806 -0.8931485025991103 0.73152 1.08758931053422 -1.746861674321038
24793 11217673 3.673435332417256 -1.7174157127283614 0.42672000000000004 1.08758931053422 -1.746861674321038
24794 11217673 3.7169349768799975 -1.7092965254522345 0.45720000000000005 1.08758931053422 -1.746861674321038
24794 10926744 0.7445113231716078 -0.9416851170662716 0.73152 1.08758931053422 -1.746861674321038
24795 10926744 0.7403236896161902 -0.9882154638537844 0.7010400000000001 1.08758931053422 -1.746861674321038
24795 11217673 3.757728589102239 -1.6999438908764912 0.42672000000000004 1.08758931053422 -1.746861674321038
24796 10926744 0.7354180095733325 -1.0366724687467685 0.7010400000000001 1.08758931053422 -1.746861674321038
24796 11217673 3.800003033272419 -1.6860513609573733 0.42672000000000004 1.08758931053422 -1.746861674321038
24797 10926744 0.7305123295304747 -1.0851294736397525 0.7010400000000001 1.08758931053422 -1.746861674321038
24797 11217673 3.8376448736741144 -1.6707057101104335 0.42672000000000004 1.08758931053422 -1.746861674321038
24798 11217673 3.87528671407581 -1.6553600592634936 0.42672000000000004 1.08758931053422 -1.746861674321038
24798 10926744 0.7248692325970929 -1.1309506164780347 0.7010400000000001 1.08758931053422 -1.746861674321038
24799 11217673 3.9124033940019665 -1.6327759447692045 0.42672000000000004 1.08758931053422 -1.746861674321038
24799 10926744 0.719226135663711 -1.1767717593163172 0.7010400000000001 1.08758931053422 -1.746861674321038
24800 10926744 0.715142580902296 -1.2229855420468363 0.7010400000000001 1.08758931053422 -1.746861674321038
24800 11217673 3.9467072023030108 -1.6190860603717934 0.42672000000000004 1.08758931053422 -1.746861674321038
24801 10926744 0.7097233496264057 -1.2689381858088384 0.7010400000000001 1.08758931053422 -1.746861674321038
24801 11217673 3.9815075809081106 -1.5951620745444641 0.42672000000000004 1.08758931053422 -1.746861674321038
24802 10926744 0.7043041183505153 -1.3148908295708404 0.7010400000000001 1.08758931053422 -1.746861674321038
24802 11217673 4.00947435812024 -1.5679575336771467 0.42672000000000004 1.08758931053422 -1.746861674321038
24803 11217673 4.0374411353323705 -1.5407529928098294 0.42672000000000004 1.08758931053422 -1.746861674321038
24803 10926744 0.7020675200633328 -1.3380508743118882 0.7010400000000001 1.08758931053422 -1.746861674321038
24804 10926744 0.6998309217761505 -1.3612109190529362 0.7010400000000001 1.08758931053422 -1.746861674321038
24804 11217673 4.063497332741191 -1.5107836220762798 0.42672000000000004 1.08758931053422 -1.746861674321038
24805 10926744 0.6893047162714889 -1.450531150197923 0.7010400000000001 1.08758931053422 -1.746861674321038
24805 11217673 4.0895535301500106 -1.4808142513427305 0.42672000000000004 1.08758931053422 -1.746861674321038
24806 10926744 0.6855203411437074 -1.4963752660283034 0.67056 1.08758931053422 -1.746861674321038
24806 11217673 4.115609727558831 -1.450844880609181 0.42672000000000004 1.08758931053422 -1.746861674321038
24807 11217673 4.137053178383624 -1.4177744059353103 0.42672000000000004 1.08758931053422 -1.746861674321038
24807 10926744 0.6766219554978965 -1.5410160154236947 0.67056 1.08758931053422 -1.746861674321038
24808 10926744 0.6657503896730587 -1.5865308775661326 0.67056 1.08758931053422 -1.746861674321038
24808 11217673 4.158674225137073 -1.3847034320369318 0.42672000000000004 1.08758931053422 -1.746861674321038
24809 10926744 0.6548788238482208 -1.6320457397085706 0.67056 1.08758931053422 -1.746861674321038
24809 11217673 4.180295271890523 -1.3516324581385533 0.42672000000000004 1.08758931053422 -1.746861674321038
24810 11217673 4.1945897048173455 -1.3161131782076496 0.42672000000000004 1.08758931053422 -1.746861674321038
24810 10926744 0.6428723696177276 -1.6769561976212193 0.6553200000000001 1.08758931053422 -1.746861674321038
24811 10926744 0.6308659153872344 -1.721866655533868 0.6400800000000001 1.08758931053422 -1.746861674321038
24811 11217673 4.208884137744168 -1.2805938982767462 0.42672000000000004 1.08758931053422 -1.746861674321038
24812 11217673 4.220007477846224 -1.246493202853136 0.42672000000000004 1.08758931053422 -1.746861674321038
24812 10926744 0.6153481031732735 -1.769368410041467 0.6400800000000001 1.08758931053422 -1.746861674321038
24813 10926744 0.597732699991968 -1.8151334974902418 0.6400800000000001 1.08758931053422 -1.746861674321038
24813 11217673 4.227747455836553 -1.214325894426159 0.42672000000000004 1.08758931053422 -1.746861674321038
24814 10926744 0.5801172968106625 -1.8608985849390165 0.6400800000000001 1.08758931053422 -1.746861674321038
24814 11217673 4.2320498261566115 -1.1755472773593223 0.42672000000000004 1.08758931053422 -1.746861674321038
24815 10926744 0.5587293315059746 -1.9054312389817158 0.6248400000000001 1.08758931053422 -1.746861674321038
24815 11217673 4.2326829931055805 -1.1368566573812748 0.42672000000000004 1.08758931053422 -1.746861674321038
24816 11217673 4.2333161600545495 -1.0981660374032274 0.42672000000000004 1.08758931053422 -1.746861674321038
24816 10926744 0.5373413662012867 -1.949963893024415 0.6096 1.08758931053422 -1.746861674321038
24817 10926744 0.512537491967114 -1.9916282427111283 0.6096 1.08758931053422 -1.746861674321038
24817 11217673 4.234016874632584 -1.0633520975381454 0.39624000000000004 1.08758931053422 -1.746861674321038
24818 10926744 0.4918272991101998 -2.0223925070148816 0.6096 1.08758931053422 -1.746861674321038
24818 11217673 4.229099798425239 -1.0267056210908254 0.42672000000000004 1.08758931053422 -1.746861674321038
24819 10926744 0.4711171062532856 -2.053156771318635 0.6096 1.08758931053422 -1.746861674321038
24819 11217673 4.224296647728538 -0.9924324405132802 0.39624000000000004 1.08758931053422 -1.746861674321038
24820 10926744 0.42922914056495776 -2.0984398001987294 0.6096 1.08758931053422 -1.746861674321038
24820 11217673 4.2142540133843 -0.9568005067496986 0.39624000000000004 1.08758931053422 -1.746861674321038
24821 11217673 4.205616250115386 -0.9212179338167884 0.39624000000000004 1.08758931053422 -1.746861674321038
24821 10926744 0.3873411748766299 -2.143722829078824 0.6096 1.08758931053422 -1.746861674321038
24822 11217673 4.196978486846472 -0.8856353608838782 0.39624000000000004 1.08758931053422 -1.746861674321038
24822 10926744 0.34825585307116713 -2.17090801983463 0.6096 1.08758931053422 -1.746861674321038
24823 10926744 0.3023587360116877 -2.1961013091468526 0.57912 1.08758931053422 -1.746861674321038
24823 11217673 4.188460245224307 -0.8529535166125245 0.39624000000000004 1.08758931053422 -1.746861674321038
24824 10926744 0.2561343608639659 -2.213593832507729 0.57912 1.08758931053422 -1.746861674321038
24824 11217673 4.185147280479256 -0.8217360380035312 0.39624000000000004 1.08758931053422 -1.746861674321038
24825 10926744 0.21022456082911395 -2.2086413939533225 0.57912 1.08758931053422 -1.746861674321038
24825 11217673 4.181834315734207 -0.790518559394538 0.39624000000000004 1.08758931053422 -1.746861674321038
24826 10926744 0.164314760794262 -2.2036889553989156 0.57912 1.08758931053422 -1.746861674321038
24826 11217673 4.173545855118777 -0.7576779382571003 0.39624000000000004 1.08758931053422 -1.746861674321038
24827 11217673 4.162517025887329 -0.725344979404456 0.39624000000000004 1.08758931053422 -1.746861674321038
24827 10926744 0.1218162389347417 -2.1923737638413128 0.57912 1.08758931053422 -1.746861674321038
24828 11217673 4.15148819665588 -0.6930120205518117 0.39624000000000004 1.08758931053422 -1.746861674321038
24828 10926744 0.07911703842906526 -2.1735158323535226 0.57912 1.08758931053422 -1.746861674321038
24829 11217673 4.142787567144519 -0.659803163363896 0.39624000000000004 1.08758931053422 -1.746861674321038
24829 10926744 0.04099890920713589 -2.1487943409517953 0.57912 1.08758931053422 -1.746861674321038
24830 11217673 4.1340286274775755 -0.6294954516089304 0.39624000000000004 1.08758931053422 -1.746861674321038
24830 10926744 0.0032773597623366735 -2.115790614513466 0.54864 1.08758931053422 -1.746861674321038
24831 11217673 4.125269687810632 -0.5991877398539648 0.39624000000000004 1.08758931053422 -1.746861674321038
24831 10926744 -0.024212910841271085 -2.075673573610418 0.54864 1.08758931053422 -1.746861674321038
24832 10926744 -0.05170318144487884 -2.0355565327073704 0.54864 1.08758931053422 -1.746861674321038
24832 11217673 4.114561591862524 -0.5694121433806713 0.39624000000000004 1.08758931053422 -1.746861674321038
24833 11217673 4.103853495914416 -0.5396365469073777 0.39624000000000004 1.08758931053422 -1.746861674321038
24833 10926744 -0.0727723877166524 -1.9912870846708561 0.54864 1.08758931053422 -1.746861674321038
24834 10926744 -0.0817510152222608 -1.9453605838695125 0.54864 1.08758931053422 -1.746861674321038
24834 11217673 4.094693780055597 -0.509197916291543 0.36576 1.08758931053422 -1.746861674321038
24835 11217673 4.084186725823274 -0.4794877492263174 0.36576 1.08758931053422 -1.746861674321038
24835 10926744 -0.08421059688454618 -1.8944377295385362 0.54864 1.08758931053422 -1.746861674321038
24836 11217673 4.073679671590951 -0.44977758216109176 0.36576 1.08758931053422 -1.746861674321038
24836 10926744 -0.08667017854683157 -1.8435148752075599 0.54864 1.08758931053422 -1.746861674321038
24837 11217673 4.061780554925217 -0.4182114479082283 0.36576 1.08758931053422 -1.746861674321038
24837 10926744 -0.08077994668847455 -1.7928670847684984 0.54864 1.08758931053422 -1.746861674321038
24838 10926744 -0.06604797008055946 -1.743706618889405 0.54864 1.08758931053422 -1.746861674321038
24838 11217673 4.051273928377929 -0.3885012549790755 0.36576 1.08758931053422 -1.746861674321038
24839 10926744 -0.05131599347264437 -1.6945461530103114 0.54864 1.08758931053422 -1.746861674321038
24839 11217673 4.040767301830641 -0.3587910620499227 0.36576 1.08758931053422 -1.746861674321038
24840 10926744 -0.025927729295263546 -1.6576299854185748 0.54864 1.08758931053422 -1.746861674321038
24840 11217673 4.028615442588886 -0.32936168931363996 0.36576 1.08758931053422 -1.746861674321038
24841 11217673 4.0152116268270035 -0.30513070517896757 0.36576 1.08758931053422 -1.746861674321038
24841 10926744 -0.0005394651178827203 -1.620713817826838 0.54864 1.08758931053422 -1.746861674321038
24842 11217673 3.9929258513337027 -0.27274527518415226 0.36576 1.08758931053422 -1.746861674321038
24842 10926744 0.028792619505462802 -1.585319971004278 0.54864 1.08758931053422 -1.746861674321038
24843 11217673 3.981184075852682 -0.25022450447508954 0.35052 1.08758931053422 -1.746861674321038
24843 10926744 0.058124704128808324 -1.5499261241817177 0.54864 1.08758931053422 -1.746861674321038
24844 10926744 0.09237555708839523 -1.5157889753566287 0.54864 1.08758931053422 -1.746861674321038
24844 11217673 3.9694423003716617 -0.22770373376602684 0.33528 1.08758931053422 -1.746861674321038
24845 10926744 0.12662641004798214 -1.4816518265315397 0.54864 1.08758931053422 -1.746861674321038
24845 11217673 3.9435109502313757 -0.20785379184968197 0.35052 1.08758931053422 -1.746861674321038
24846 10926744 0.1607137682184625 -1.4507323148531932 0.54864 1.08758931053422 -1.746861674321038
24846 11217673 3.9175796000910896 -0.1880038499333371 0.36576 1.08758931053422 -1.746861674321038
24847 10926744 0.19505165413072434 -1.4217638246384638 0.54864 1.08758931053422 -1.746861674321038
24847 11217673 3.892767960752826 -0.16472267505194796 0.36576 1.08758931053422 -1.746861674321038
24848 11217673 3.864167331049251 -0.1530542097796524 0.35559999999999997 1.08758931053422 -1.746861674321038
24848 10926744 0.22693774939660794 -1.3894239287578898 0.54864 1.08758931053422 -1.746861674321038
24849 10926744 0.2655355919031911 -1.3628206587051372 0.54864 1.08758931053422 -1.746861674321038
24849 11217673 3.8355667013456762 -0.14138574450735686 0.34544 1.08758931053422 -1.746861674321038
24850 11217673 3.806966071642101 -0.1297172792350613 0.33528 1.08758931053422 -1.746861674321038
24850 10926744 0.30413343440977425 -1.3362173886523847 0.54864 1.08758931053422 -1.746861674321038
24851 11217673 3.780475029733826 -0.11838647827422957 0.33528 1.08758931053422 -1.746861674321038
24851 10926744 0.3427312769163574 -1.3096141185996322 0.54864 1.08758931053422 -1.746861674321038
24852 10926744 0.38588870624409266 -1.2933402673697783 0.54864 1.08758931053422 -1.746861674321038
24852 11217673 3.754385265991929 -0.10718650135417854 0.33528 1.08758931053422 -1.746861674321038
24853 11217673 3.7250958725837187 -0.09762901471256338 0.33528 1.08758931053422 -1.746861674321038
24853 10926744 0.4270984563845599 -1.2743269935608035 0.54864 1.08758931053422 -1.746861674321038
24854 10926744 0.4721220279195627 -1.2615831532931165 0.54864 1.08758931053422 -1.746861674321038
24854 11217673 3.6946696790102407 -0.09155518604244892 0.33528 1.08758931053422 -1.746861674321038
24855 11217673 3.6642434854367627 -0.08548135737233445 0.33528 1.08758931053422 -1.746861674321038
24855 10926744 0.5177252258378804 -1.255220129420389 0.54864 1.08758931053422 -1.746861674321038
24856 10926744 0.563328423756198 -1.2488571055476618 0.54864 1.08758931053422 -1.746861674321038
24856 11217673 3.6331749295885505 -0.08001539664550353 0.33528 1.08758931053422 -1.746861674321038
24857 10926744 0.611500923605842 -1.2416975584884566 0.5181600000000001 1.08758931053422 -1.746861674321038
24857 11217673 3.601566077815545 -0.07729331090277816 0.3048 1.08758931053422 -1.746861674321038
24858 10926744 0.6573739572520576 -1.2418473276400368 0.5181600000000001 1.08758931053422 -1.746861674321038
24858 11217673 3.5862380815339723 -0.07474432349097773 0.3048 1.08758931053422 -1.746861674321038
24859 11217673 3.5709100852523994 -0.0721953360791773 0.3048 1.08758931053422 -1.746861674321038
24859 10926744 0.7032469908982732 -1.2419970967916172 0.5181600000000001 1.08758931053422 -1.746861674321038
24860 11217673 3.5133220716826603 -0.06636825748165712 0.3048 1.08758931053422 -1.746861674321038
24860 10926744 0.7488089280905318 -1.243914028190933 0.5181600000000001 1.08758931053422 -1.746861674321038
24861 10926744 0.7941639035981554 -1.2464640240865827 0.5181600000000001 1.08758931053422 -1.746861674321038
24861 11217673 3.4813921895324107 -0.06354088428883811 0.3048 1.08758931053422 -1.746861674321038
24862 11217673 3.4499210813869166 -0.0603958399324315 0.3048 1.08758931053422 -1.746861674321038
24862 10926744 0.8427196837913294 -1.2473723924870825 0.5181600000000001 1.08758931053422 -1.746861674321038
24863 11217673 3.421534586115767 -0.0565051416803424 0.3048 1.08758931053422 -1.746861674321038
24863 10926744 0.8893990769275546 -1.2499454342271634 0.5181600000000001 1.08758931053422 -1.746861674321038
24864 11217673 3.3908649945226768 -0.05525676163132395 0.3048 1.08758931053422 -1.746861674321038
24864 10926744 0.9360784700637798 -1.2525184759672445 0.5181600000000001 1.08758931053422 -1.746861674321038
24865 10926744 0.9815021892846816 -1.2548561518541057 0.5181600000000001 1.08758931053422 -1.746861674321038
24865 11217673 3.3601954029295866 -0.054008381582305504 0.3048 1.08758931053422 -1.746861674321038
24866 10926744 1.0298971373030856 -1.2557106404337808 0.5181600000000001 1.08758931053422 -1.746861674321038
24866 11217673 3.330741674517509 -0.051754865266454814 0.3048 1.08758931053422 -1.746861674321038
24867 11217673 3.3004165661470615 -0.049450400824404134 0.3048 1.08758931053422 -1.746861674321038
24867 10926744 1.0782920853214897 -1.2565651290134559 0.5181600000000001 1.08758931053422 -1.746861674321038
24868 10926744 1.122865515843492 -1.260960685212145 0.5181600000000001 1.08758931053422 -1.746861674321038
24868 11217673 3.270091457776614 -0.047145936382353454 0.3048 1.08758931053422 -1.746861674321038
24869 11217673 3.239914096695327 -0.04710899349363054 0.3048 1.08758931053422 -1.746861674321038
24869 10926744 1.16813460195191 -1.270840215883687 0.5181600000000001 1.08758931053422 -1.746861674321038
24870 11217673 3.210792589113426 -0.04519700888409425 0.3048 1.08758931053422 -1.746861674321038
24870 10926744 1.2137103694048286 -1.2767890864747475 0.5181600000000001 1.08758931053422 -1.746861674321038
24871 10926744 1.259286136857747 -1.2827379570658082 0.5181600000000001 1.08758931053422 -1.746861674321038
24871 11217673 3.1816710815315252 -0.043285024274557965 0.3048 1.08758931053422 -1.746861674321038
24872 10926744 1.3071173048221174 -1.2858599374818358 0.5181600000000001 1.08758931053422 -1.746861674321038
24872 11217673 3.158722674109902 -0.043270898761965465 0.3048 1.08758931053422 -1.746861674321038
24873 10926744 1.3503341914391458 -1.2949512081476937 0.5181600000000001 1.08758931053422 -1.746861674321038
24873 11217673 3.1357742666882786 -0.043256773249372965 0.3048 1.08758931053422 -1.746861674321038
24874 11217673 3.101932568460079 -0.041477958604316086 0.3048 1.08758931053422 -1.746861674321038
24874 10926744 1.3938786306202677 -1.303039237220587 0.5181600000000001 1.08758931053422 -1.746861674321038
24875 11217673 3.068090870231879 -0.03969914395925921 0.3048 1.08758931053422 -1.746861674321038
24875 10926744 1.4374230698013897 -1.3111272662934803 0.5181600000000001 1.08758931053422 -1.746861674321038
24876 11217673 3.0342491720036797 -0.03792032931420233 0.3048 1.08758931053422 -1.746861674321038
24876 10926744 1.4778767523149996 -1.3194321382731367 0.5181600000000001 1.08758931053422 -1.746861674321038
24877 11217673 3.0080739085689387 -0.03650205071909632 0.3048 1.08758931053422 -1.746861674321038
24877 10926744 1.5180832305994931 -1.3287657213788384 0.5181600000000001 1.08758931053422 -1.746861674321038
24878 11217673 2.9932952359558325 -0.035532911468251854 0.28956000000000004 1.08758931053422 -1.746861674321038
24878 10926744 1.5582897088839864 -1.3380993044845402 0.5181600000000001 1.08758931053422 -1.746861674321038
24879 11217673 2.978516563342726 -0.03456377221740739 0.27432 1.08758931053422 -1.746861674321038
24879 10926744 1.5935939773817778 -1.3469414627596168 0.5181600000000001 1.08758931053422 -1.746861674321038
24880 11217673 2.922680499714856 -0.031523478883192874 0.27432 1.08758931053422 -1.746861674321038
24880 10926744 1.6329209717189404 -1.3597839399770437 0.5181600000000001 1.08758931053422 -1.746861674321038
24881 10926744 1.6673390684036806 -1.3677131030359742 0.5181600000000001 1.08758931053422 -1.746861674321038
24881 11217673 2.894796890325621 -0.029897544732711695 0.27432 1.08758931053422 -1.746861674321038
24882 11217673 2.8669132809363864 -0.028271610582230516 0.27432 1.08758931053422 -1.746861674321038
24882 10926744 1.7017571650884207 -1.3756422660949048 0.5181600000000001 1.08758931053422 -1.746861674321038
24883 10926744 1.736175261773161 -1.3835714291538352 0.5181600000000001 1.08758931053422 -1.746861674321038
24883 11217673 2.839544070012544 -0.02914978235613666 0.27432 1.08758931053422 -1.746861674321038
24884 10926744 1.7709750015500476 -1.3925982656592857 0.5181600000000001 1.08758931053422 -1.746861674321038
24884 11217673 2.809629654263331 -0.02966425241362139 0.27432 1.08758931053422 -1.746861674321038
24885 10926744 1.8057747413269345 -1.4016251021647361 0.5181600000000001 1.08758931053422 -1.746861674321038
24885 11217673 2.7810222325812024 -0.030254775675737977 0.27432 1.08758931053422 -1.746861674321038
24886 10926744 1.8378786541239684 -1.4121078060876646 0.5181600000000001 1.08758931053422 -1.746861674321038
24886 11217673 2.752414810899074 -0.030845298937854565 0.27432 1.08758931053422 -1.746861674321038
24887 11217673 2.721340872562724 -0.033550885802631186 0.27432 1.08758931053422 -1.746861674321038
24887 10926744 1.8708098612078763 -1.42005681276179 0.5181600000000001 1.08758931053422 -1.746861674321038
24888 10926744 1.9025125810895418 -1.43040811960531 0.5181600000000001 1.08758931053422 -1.746861674321038
24888 11217673 2.6950964371881474 -0.03234258430086387 0.27432 1.08758931053422 -1.746861674321038
24889 10926744 1.9342153009712073 -1.4407594264488301 0.5181600000000001 1.08758931053422 -1.746861674321038
24889 11217673 2.663165968692163 -0.029511518842889023 0.27432 1.08758931053422 -1.746861674321038
24890 10926744 1.967899989698075 -1.4545612601127358 0.5181600000000001 1.08758931053422 -1.746861674321038
24890 11217673 2.633538372696555 -0.0294180458970619 0.27432 1.08758931053422 -1.746861674321038
24891 10926744 1.9996028416267384 -1.4649122011880356 0.5181600000000001 1.08758931053422 -1.746861674321038
24891 11217673 2.6014236872084977 -0.027694686519809997 0.27432 1.08758931053422 -1.746861674321038
24892 10926744 2.0330931664531873 -1.4779493078547608 0.5181600000000001 1.08758931053422 -1.746861674321038
24892 11217673 2.5693090017204403 -0.025971327142558093 0.27432 1.08758931053422 -1.746861674321038
24893 10926744 2.067605248721881 -1.4892170945063923 0.5181600000000001 1.08758931053422 -1.746861674321038
24893 11217673 2.5406406172865967 -0.02584010012061443 0.27432 1.08758931053422 -1.746861674321038
24894 10926744 2.09938851752311 -1.499593790267405 0.5181600000000001 1.08758931053422 -1.746861674321038
24894 11217673 2.511972232852753 -0.02570887309867077 0.27432 1.08758931053422 -1.746861674321038
24895 11217673 2.4833038484189096 -0.025577646076727106 0.27432 1.08758931053422 -1.746861674321038
24895 10926744 2.1144761560769805 -1.5069727470776344 0.5181600000000001 1.08758931053422 -1.746861674321038
24896 11217673 2.4553951217333263 -0.026745603587819772 0.27432 1.08758931053422 -1.746861674321038
24896 10926744 2.129563794630851 -1.5143517038878638 0.5181600000000001 1.08758931053422 -1.746861674321038
24897 10926744 2.1785231201269752 -1.5303353472433643 0.5181600000000001 1.08758931053422 -1.746861674321038
24897 11217673 2.42598487887556 -0.02707275839295062 0.27432 1.08758931053422 -1.746861674321038
24898 10926744 2.2274824456230995 -1.5463189905988646 0.5181600000000001 1.08758931053422 -1.746861674321038
24898 11217673 2.3975210950508217 -0.0265405839555381 0.27432 1.08758931053422 -1.746861674321038
24899 10926744 2.259587018125889 -1.5567997717963367 0.5181600000000001 1.08758931053422 -1.746861674321038
24899 11217673 2.369057311226083 -0.02600840951812558 0.27432 1.08758931053422 -1.746861674321038
24900 11217673 2.338384038821571 -0.02884332536600584 0.27432 1.08758931053422 -1.746861674321038
24900 10926744 2.293378499666407 -1.5653778416914066 0.5181600000000001 1.08758931053422 -1.746861674321038
24901 10926744 2.327169981206925 -1.5739559115864767 0.5181600000000001 1.08758931053422 -1.746861674321038
24901 11217673 2.3061650942628007 -0.028252879725560093 0.25908 1.08758931053422 -1.746861674321038
24902 11217673 2.2739461497040305 -0.027662434085114346 0.24384 1.08758931053422 -1.746861674321038
24902 10926744 2.3628088583714097 -1.58068363924581 0.5181600000000001 1.08758931053422 -1.746861674321038
24903 11217673 2.2492372928741515 -0.02718764277568983 0.24384 1.08758931053422 -1.746861674321038
24903 10926744 2.398114040534658 -1.5895217642962345 0.5181600000000001 1.08758931053422 -1.746861674321038
24904 11217673 2.218901705956017 -0.022188608260803905 0.24384 1.08758931053422 -1.746861674321038
24904 10926744 2.432451533557165 -1.5958826367006533 0.5181600000000001 1.08758931053422 -1.746861674321038
24905 10926744 2.466789026579672 -1.6022435091050722 0.5181600000000001 1.08758931053422 -1.746861674321038
24905 11217673 2.19254214245248 -0.021057704201889193 0.24384 1.08758931053422 -1.746861674321038
24906 11217673 2.1661825789489435 -0.019926800142974477 0.24384 1.08758931053422 -1.746861674321038
24906 10926744 2.500478979300124 -1.607867085951141 0.5181600000000001 1.08758931053422 -1.746861674321038
24907 10926744 2.5367612822884076 -1.612350721044693 0.5181600000000001 1.08758931053422 -1.746861674321038
24907 11217673 2.1398230154454065 -0.018795896084059766 0.24384 1.08758931053422 -1.746861674321038
24908 11217673 2.1029144017336554 -0.01801662824552941 0.24384 1.08758931053422 -1.746861674321038
24908 10926744 2.5730435852766913 -1.6168343561382448 0.5181600000000001 1.08758931053422 -1.746861674321038
24909 11217673 2.0660057880219043 -0.017237360406999053 0.24384 1.08758931053422 -1.746861674321038
24909 10926744 2.5898196448519606 -1.619857027307771 0.5181600000000001 1.08758931053422 -1.746861674321038
24910 11217673 2.0308746356665575 -0.01604528772038724 0.24384 1.08758931053422 -1.746861674321038
24910 10926744 2.60659570442723 -1.6228796984772973 0.5181600000000001 1.08758931053422 -1.746861674321038
24911 11217673 2.001016950116611 -0.016107891093133764 0.24384 1.08758931053422 -1.746861674321038
24911 10926744 2.674482353400994 -1.6298517833974164 0.5181600000000001 1.08758931053422 -1.746861674321038
24912 11217673 1.9712507712165925 -0.016433905514435465 0.24384 1.08758931053422 -1.746861674321038
24912 10926744 2.706690003674327 -1.633666521935683 0.5181600000000001 1.08758931053422 -1.746861674321038
24913 10926744 2.7388976539476597 -1.6374812604739497 0.5181600000000001 1.08758931053422 -1.746861674321038
24913 11217673 1.9421799671396776 -0.014358359635846543 0.24384 1.08758931053422 -1.746861674321038
24914 11217673 1.9131091630627626 -0.012282813757257621 0.24384 1.08758931053422 -1.746861674321038
24914 10926744 2.7711053042209928 -1.6412959990122162 0.5181600000000001 1.08758931053422 -1.746861674321038
24915 10926744 2.8036891843425957 -1.645680955479296 0.5181600000000001 1.08758931053422 -1.746861674321038
24915 11217673 1.877977849242116 -0.01108998307564657 0.24384 1.08758931053422 -1.746861674321038
24916 10926744 2.8362730644641982 -1.6500659119463756 0.5181600000000001 1.08758931053422 -1.746861674321038
24916 11217673 1.848131282543371 -0.0113892119149447 0.24384 1.08758931053422 -1.746861674321038
24917 10926744 2.867693714700236 -1.6528444625363825 0.5181600000000001 1.08758931053422 -1.746861674321038
24917 11217673 1.818284715844626 -0.01168844075424283 0.24384 1.08758931053422 -1.746861674321038
24918 10926744 2.899429712686873 -1.655608913473063 0.5181600000000001 1.08758931053422 -1.746861674321038
24918 11217673 1.7881403041583668 -0.0115397584145715 0.24384 1.08758931053422 -1.746861674321038
24919 11217673 1.7586211612287554 -0.010835769013467805 0.22860000000000003 1.08758931053422 -1.746861674321038
24919 10926744 2.9311657106735103 -1.6583733644097436 0.5181600000000001 1.08758931053422 -1.746861674321038
24920 11217673 1.7291020182991441 -0.010131779612364111 0.21336000000000002 1.08758931053422 -1.746861674321038
24920 10926744 2.9641056151361926 -1.661530431196614 0.5181600000000001 1.08758931053422 -1.746861674321038
24921 11217673 1.7021327893264742 -0.011136606004343796 0.21336000000000002 1.08758931053422 -1.746861674321038
24921 10926744 2.997045519598875 -1.6646874979834843 0.5181600000000001 1.08758931053422 -1.746861674321038
24922 11217673 1.6707887319890764 -0.01012823607159212 0.21336000000000002 1.08758931053422 -1.746861674321038
24922 10926744 3.0297675091540692 -1.667831561438718 0.5181600000000001 1.08758931053422 -1.746861674321038
24923 11217673 1.6394446746516789 -0.009119866138840443 0.21336000000000002 1.08758931053422 -1.746861674321038
24923 10926744 3.0624894987092635 -1.6709756248939518 0.5181600000000001 1.08758931053422 -1.746861674321038
24924 10926744 3.0937025925276833 -1.676021732350889 0.5181600000000001 1.08758931053422 -1.746861674321038
24924 11217673 1.6081006173142811 -0.008111496206088767 0.21336000000000002 1.08758931053422 -1.746861674321038
24925 10926744 3.1263384185531313 -1.6794292750983297 0.5181600000000001 1.08758931053422 -1.746861674321038
24925 11217673 1.5754452303289372 -0.007492318583871588 0.21336000000000002 1.08758931053422 -1.746861674321038
24926 10926744 3.1589742445785793 -1.6828368178457704 0.5181600000000001 1.08758931053422 -1.746861674321038
24926 11217673 1.5429113881202334 -0.007769271017914238 0.21336000000000002 1.08758931053422 -1.746861674321038
24927 11217673 1.5103775459115296 -0.008046223451956888 0.21336000000000002 1.08758931053422 -1.746861674321038
24927 10926744 3.19138205726896 -1.6831326158400077 0.5181600000000001 1.08758931053422 -1.746861674321038
24928 10926744 3.222836976840102 -1.68580401757301 0.5181600000000001 1.08758931053422 -1.746861674321038
24928 11217673 1.4778437037028258 -0.00832317588599954 0.21336000000000002 1.08758931053422 -1.746861674321038
24929 10926744 3.253655972751688 -1.6871580011924583 0.5181600000000001 1.08758931053422 -1.746861674321038
24929 11217673 1.446393721495534 -0.005643886158126235 0.21336000000000002 1.08758931053422 -1.746861674321038
24930 10926744 3.2844749686632735 -1.6885119848119063 0.5181600000000001 1.08758931053422 -1.746861674321038
24930 11217673 1.415199767133747 -0.005442920243905573 0.19812000000000002 1.08758931053422 -1.746861674321038
24931 10926744 3.316055905323526 -1.6913409236427206 0.5181600000000001 1.08758931053422 -1.746861674321038
24931 11217673 1.3840058127719603 -0.005241954329684911 0.18288 1.08758931053422 -1.746861674321038
24932 10926744 3.3484711056240752 -1.6917940770378477 0.5181600000000001 1.08758931053422 -1.746861674321038
24932 11217673 1.3541474291452777 -0.005301835558339449 0.18288 1.08758931053422 -1.746861674321038
24933 10926744 3.380886305924625 -1.6922472304329745 0.5181600000000001 1.08758931053422 -1.746861674321038
24933 11217673 1.3235761616294504 -0.00781569171705071 0.18288 1.08758931053422 -1.746861674321038
24934 10926744 3.4133015062251744 -1.6927003838281016 0.5181600000000001 1.08758931053422 -1.746861674321038
24934 11217673 1.2936600133299618 -0.008323772686470332 0.18288 1.08758931053422 -1.746861674321038
24935 10926744 3.444664300228724 -1.6959248477604831 0.5181600000000001 1.08758931053422 -1.746861674321038
24935 11217673 1.2642093367145426 -0.007406605345440978 0.18288 1.08758931053422 -1.746861674321038
24936 11217673 1.2347586600991232 -0.006489438004411624 0.18288 1.08758931053422 -1.746861674321038
24936 10926744 3.4746525581598515 -1.6951963704517243 0.5181600000000001 1.08758931053422 -1.746861674321038
24937 11217673 1.206917474123862 -0.007441369512318802 0.18288 1.08758931053422 -1.746861674321038
24937 10926744 3.50639582069926 -1.6931713528229269 0.5181600000000001 1.08758931053422 -1.746861674321038
24938 11217673 1.1802533587549475 -0.00614911882597427 0.18288 1.08758931053422 -1.746861674321038
24938 10926744 3.5381390832386685 -1.6911463351941294 0.5181600000000001 1.08758931053422 -1.746861674321038
24939 11217673 1.1535892433860329 -0.004856868139629739 0.18288 1.08758931053422 -1.746861674321038
24939 10926744 3.569975474487352 -1.6852967113061827 0.5181600000000001 1.08758931053422 -1.746861674321038
24940 11217673 1.136581093848077 -0.004362942887082245 0.18288 1.08758931053422 -1.746861674321038
24940 10926744 3.6018118657360354 -1.6794470874182361 0.5181600000000001 1.08758931053422 -1.746861674321038
24941 11217673 1.1195729443101208 -0.003869017634534751 0.18288 1.08758931053422 -1.746861674321038
24941 10926744 3.6292343189132055 -1.6705218783245754 0.5181600000000001 1.08758931053422 -1.746861674321038
24942 11217673 1.1025647947721648 -0.0033750923819872575 0.18288 1.08758931053422 -1.746861674321038
24942 10926744 3.655076086075118 -1.6566421043558905 0.5181600000000001 1.08758931053422 -1.746861674321038
24943 10926744 3.68189260054719 -1.642496231578098 0.5181600000000001 1.08758931053422 -1.746861674321038
24943 11217673 1.0778642454798333 -0.005586234273805585 0.18288 1.08758931053422 -1.746861674321038
24944 11217673 1.044222429145452 -0.004584061154081651 0.18288 1.08758931053422 -1.746861674321038
24944 10926744 3.6988619951222246 -1.6289534764069198 0.508 1.08758931053422 -1.746861674321038
24945 10926744 3.715831389697259 -1.6154107212357418 0.49784 1.08758931053422 -1.746861674321038
24945 11217673 1.010580612811071 -0.0035818880343577164 0.18288 1.08758931053422 -1.746861674321038
24946 10926744 3.7328007842722934 -1.6018679660645636 0.48768 1.08758931053422 -1.746861674321038
24946 11217673 0.9894034714099257 -0.0018035282506303207 0.18288 1.08758931053422 -1.746861674321038
24947 10926744 3.7727253168700665 -1.55461916176699 0.48768 1.08758931053422 -1.746861674321038
24947 11217673 0.9902212300901115 -0.0018080530665972728 0.18288 1.08758931053422 -1.746861674321038
24948 10926744 3.7919316046328486 -1.5284119050824863 0.48768 1.08758931053422 -1.746861674321038
24948 11217673 0.9910389887702974 -0.0018125778825642247 0.18288 1.08758931053422 -1.746861674321038
24949 11217673 0.9918567474504832 -0.0018171026985311768 0.18288 1.08758931053422 -1.746861674321038
24949 10926744 3.809556599237931 -1.498885323099571 0.48768 1.08758931053422 -1.746861674321038
24950 10926744 3.824023070020438 -1.4673354203519748 0.48768 1.08758931053422 -1.746861674321038
24950 11217673 0.9926745061306691 -0.0018216275144981287 0.18288 1.08758931053422 -1.746861674321038
24951 10926744 3.8384895408029447 -1.435785517604379 0.48768 1.08758931053422 -1.746861674321038
24951 11217673 0.993492264810855 -0.0018261523304650808 0.18288 1.08758931053422 -1.746861674321038
24952 10926744 3.8496142764579924 -1.401685293252328 0.48768 1.08758931053422 -1.746861674321038
24952 11217673 0.9943100234910408 -0.0018306771464320327 0.18288 1.08758931053422 -1.746861674321038
24953 10926744 3.8593746109504248 -1.3671399480832562 0.48768 1.08758931053422 -1.746861674321038
24953 11217673 0.9951277821712267 -0.0018352019623989848 0.18288 1.08758931053422 -1.746861674321038
24954 10926744 3.869134945442857 -1.3325946029141844 0.48768 1.08758931053422 -1.746861674321038
24954 11217673 0.9959455408514125 -0.0018397267783659367 0.18288 1.08758931053422 -1.746861674321038
24955 11217673 0.9967632995315984 -0.0018442515943328888 0.18288 1.08758931053422 -1.746861674321038
24955 10926744 3.880982977002545 -1.2962773344535783 0.48768 1.08758931053422 -1.746861674321038
24956 10926744 3.8886354797290617 -1.2564887510948177 0.48768 1.08758931053422 -1.746861674321038
24956 11217673 0.9975810582117842 -0.0018487764102998407 0.18288 1.08758931053422 -1.746861674321038
24957 10926744 3.8917793378065078 -1.2223546634209619 0.48768 1.08758931053422 -1.746861674321038
24957 11217673 0.9983988168919701 -0.0018533012262667928 0.18288 1.08758931053422 -1.746861674321038
24958 10926744 3.8944599560323607 -1.18555802062941 0.47244 1.08758931053422 -1.746861674321038
24958 11217673 0.9992165755721559 -0.0018578260422337446 0.18288 1.08758931053422 -1.746861674321038
24959 10926744 3.8971405742582137 -1.1487613778378585 0.45720000000000005 1.08758931053422 -1.746861674321038
24959 11217673 1.000034334252342 -0.0018623508582006967 0.18288 1.08758931053422 -1.746861674321038
24960 10926744 3.8981989708605322 -1.111493881955599 0.45720000000000005 1.08758931053422 -1.746861674321038
24960 11217673 1.0008520929325277 -0.0018668756741676486 0.18288 1.08758931053422 -1.746861674321038
24961 10926744 3.898237104622139 -1.0739519073133934 0.45720000000000005 1.08758931053422 -1.746861674321038
24961 11217673 1.0016698516127136 -0.0018714004901346007 0.18288 1.08758931053422 -1.746861674321038
24962 11217673 1.0024876102928995 -0.0018759253061015526 0.18288 1.08758931053422 -1.746861674321038
24962 10926744 3.8982752383837456 -1.036409932671188 0.45720000000000005 1.08758931053422 -1.746861674321038
24963 10926744 3.896748122698688 -0.9995837600166255 0.45720000000000005 1.08758931053422 -1.746861674321038
24963 11217673 1.0033053689730853 -0.0018804501220685047 0.18288 1.08758931053422 -1.746861674321038
24964 11217673 1.0041231276532712 -0.0018849749380354566 0.18288 1.08758931053422 -1.746861674321038
24964 10926744 3.895221007013631 -0.9627575873620632 0.45720000000000005 1.08758931053422 -1.746861674321038
24965 11217673 1.004940886333457 -0.0018894997540024087 0.18288 1.08758931053422 -1.746861674321038
24965 10926744 3.8907413743715686 -0.9261362136825829 0.45720000000000005 1.08758931053422 -1.746861674321038
24966 10926744 3.8889674416656943 -0.8907479820345848 0.45720000000000005 1.08758931053422 -1.746861674321038
24966 11217673 1.0057586450136429 -0.0018940245699693606 0.18288 1.08758931053422 -1.746861674321038
24967 11217673 1.0065764036938287 -0.0018985493859363127 0.18288 1.08758931053422 -1.746861674321038
24967 10926744 3.8848893505994955 -0.8542575476828309 0.45720000000000005 1.08758931053422 -1.746861674321038
24968 11217673 1.0073941623740146 -0.0019030742019032645 0.18288 1.08758931053422 -1.746861674321038
24968 10926744 3.880754650349017 -0.8165804857726224 0.45720000000000005 1.08758931053422 -1.746861674321038
24969 11217673 1.0082119210542004 -0.0019075990178702166 0.18288 1.08758931053422 -1.746861674321038
24969 10926744 3.8766199500985383 -0.7789034238624141 0.45720000000000005 1.08758931053422 -1.746861674321038
24970 10926744 3.871784509312848 -0.7447356236863993 0.45720000000000005 1.08758931053422 -1.746861674321038
24970 11217673 1.0090296797343863 -0.0019121238338371685 0.18288 1.08758931053422 -1.746861674321038
24971 11217673 1.0098474384145721 -0.0019166486498041206 0.18288 1.08758931053422 -1.746861674321038
24971 10926744 3.869713279779135 -0.7088998193861137 0.42672000000000004 1.08758931053422 -1.746861674321038
24972 11217673 1.010665197094758 -0.0019211734657710727 0.18288 1.08758931053422 -1.746861674321038
24972 10926744 3.8628959756017736 -0.6712818750166406 0.42672000000000004 1.08758931053422 -1.746861674321038
24973 11217673 1.0114829557749438 -0.0019256982817380246 0.18288 1.08758931053422 -1.746861674321038
24973 10926744 3.85799205120545 -0.6373252474541604 0.42672000000000004 1.08758931053422 -1.746861674321038
24974 11217673 1.0123007144551297 -0.0019302230977049765 0.18288 1.08758931053422 -1.746861674321038
24974 10926744 3.851123484366913 -0.5998656802750677 0.42672000000000004 1.08758931053422 -1.746861674321038
24975 10926744 3.8442549175283762 -0.5624061130959751 0.42672000000000004 1.08758931053422 -1.746861674321038
24975 11217673 1.0131184731353156 -0.0019347479136719286 0.18288 1.08758931053422 -1.746861674321038
24976 11217673 1.0139362318155014 -0.0019392727296388807 0.18288 1.08758931053422 -1.746861674321038
24976 10926744 3.837632847878101 -0.5255525504950179 0.42672000000000004 1.08758931053422 -1.746861674321038
24977 11217673 1.0147539904956873 -0.0019437975456058326 0.18288 1.08758931053422 -1.746861674321038
24977 10926744 3.8322824477109467 -0.49133327910329694 0.42672000000000004 1.08758931053422 -1.746861674321038
24978 10926744 3.8279193950119135 -0.45463265172457734 0.42672000000000004 1.08758931053422 -1.746861674321038
24978 11217673 1.0155717491758731 -0.0019483223615727847 0.18288 1.08758931053422 -1.746861674321038
24979 11217673 1.016389507856059 -0.0019528471775397366 0.18288 1.08758931053422 -1.746861674321038
24979 10926744 3.821504472177649 -0.41714568053760737 0.42672000000000004 1.08758931053422 -1.746861674321038
24980 11217673 1.0172072665362448 -0.0019573719935066887 0.18288 1.08758931053422 -1.746861674321038
24980 10926744 3.8133298341511743 -0.3796101122481279 0.42672000000000004 1.08758931053422 -1.746861674321038
24981 10926744 3.8051551961246997 -0.34207454395864845 0.42672000000000004 1.08758931053422 -1.746861674321038
24981 11217673 1.0180250252164307 -0.0019618968094736408 0.18288 1.08758931053422 -1.746861674321038
24982 11217673 1.0188427838966165 -0.0019664216254405924 0.18288 1.08758931053422 -1.746861674321038
24982 10926744 3.7952431852875828 -0.30578258071133035 0.39624000000000004 1.08758931053422 -1.746861674321038
24983 10926744 3.78034431159565 -0.2684474098147326 0.39624000000000004 1.08758931053422 -1.746861674321038
24983 11217673 1.0196605425768024 -0.0019709464414075445 0.18288 1.08758931053422 -1.746861674321038
24984 11217673 1.0204783012569882 -0.0019754712573744966 0.18288 1.08758931053422 -1.746861674321038
24984 10926744 3.7666667000025185 -0.23145219470741163 0.39624000000000004 1.08758931053422 -1.746861674321038
24985 10926744 3.752989088409387 -0.1944569796000907 0.39624000000000004 1.08758931053422 -1.746861674321038
24985 11217673 1.021296059937174 -0.0019799960733414487 0.18288 1.08758931053422 -1.746861674321038
24986 11217673 1.02211381861736 -0.0019845208893084004 0.18288 1.08758931053422 -1.746861674321038
24986 10926744 3.7317146127387533 -0.16006403997839383 0.39624000000000004 1.08758931053422 -1.746861674321038
24987 11217673 1.0229315772975458 -0.0019890457052753525 0.18288 1.08758931053422 -1.746861674321038
24987 10926744 3.710530438094159 -0.1292047446655317 0.39624000000000004 1.08758931053422 -1.746861674321038
24988 11217673 1.0237493359777317 -0.0019935705212423046 0.18288 1.08758931053422 -1.746861674321038
24988 10926744 3.689346263449565 -0.09834544935266956 0.39624000000000004 1.08758931053422 -1.746861674321038
24989 11217673 1.0245670946579175 -0.0019980953372092567 0.18288 1.08758931053422 -1.746861674321038
24989 10926744 3.664195135624815 -0.06794364514782106 0.39624000000000004 1.08758931053422 -1.746861674321038
24990 10926744 3.6329549010906774 -0.039876709459701704 0.39624000000000004 1.08758931053422 -1.746861674321038
24990 11217673 1.0253848533381034 -0.0020026201531762084 0.18288 1.08758931053422 -1.746861674321038
24991 10926744 3.5997289086068314 -0.016534951844863782 0.36576 1.08758931053422 -1.746861674321038
24991 11217673 1.0262026120182892 -0.0020071449691431605 0.18288 1.08758931053422 -1.746861674321038
24992 10926744 3.5674289721414594 0.0014818285396532571 0.36576 1.08758931053422 -1.746861674321038
24992 11217673 1.027020370698475 -0.0020116697851101126 0.18288 1.08758931053422 -1.746861674321038
24993 10926744 3.532845303289972 0.015221194521560316 0.36576 1.08758931053422 -1.746861674321038
24993 11217673 1.027838129378661 -0.0020161946010770647 0.18288 1.08758931053422 -1.746861674321038
24994 10926744 3.4982616344384843 0.028960560503467375 0.36576 1.08758931053422 -1.746861674321038
24994 11217673 1.0286558880588468 -0.0020207194170440163 0.18288 1.08758931053422 -1.746861674321038
24995 10926744 3.4599026431128 0.03657304104120282 0.36576 1.08758931053422 -1.746861674321038
24995 11217673 1.0294736467390326 -0.0020252442330109684 0.18288 1.08758931053422 -1.746861674321038
24996 10926744 3.4207856768866476 0.04186319743121156 0.36576 1.08758931053422 -1.746861674321038
24996 11217673 1.0302914054192185 -0.0020297690489779205 0.18288 1.08758931053422 -1.746861674321038
24997 10926744 3.3822032070156327 0.03926936934965583 0.36576 1.08758931053422 -1.746861674321038
24997 11217673 1.0311091640994043 -0.0020342938649448726 0.18288 1.08758931053422 -1.746861674321038
24998 10926744 3.3633081672175815 0.0391866071953367 0.36576 1.08758931053422 -1.746861674321038
24998 11217673 1.0319269227795902 -0.0020388186809118247 0.18288 1.08758931053422 -1.746861674321038
24999 11217673 1.032744681459776 -0.0020433434968787764 0.18288 1.08758931053422 -1.746861674321038
24999 10926744 3.3444131274195303 0.039103845041017576 0.36576 1.08758931053422 -1.746861674321038
25000 11217673 1.033562440139962 -0.0020478683128457285 0.18288 1.08758931053422 -1.746861674321038
25000 10926744 3.343084450295123 0.03903816587375374 0.3656890502793296 1.08758931053422 -1.746861674321038
25001 10926744 3.341755773170716 0.038972486706489916 0.3656181005586592 1.08758931053422 -1.746861674321038
25001 11217673 1.0343801988201478 -0.0020523931288126806 0.18288 1.08758931053422 -1.746861674321038
25002 11217673 1.0351979575003336 -0.0020569179447796323 0.18288 1.08758931053422 -1.746861674321038
25002 10926744 3.340427096046309 0.03890680753922608 0.3655471508379888 1.08758931053422 -1.746861674321038
25003 11217673 1.0360157161805195 -0.0020614427607465844 0.18288 1.08758931053422 -1.746861674321038
25003 10926744 3.339098418921902 0.038841128371962255 0.36547620111731843 1.08758931053422 -1.746861674321038
25004 11217673 1.0368334748607053 -0.0020659675767135365 0.18288 1.08758931053422 -1.746861674321038
25004 10926744 3.3377697417974947 0.03877544920469842 0.36540525139664803 1.08758931053422 -1.746861674321038
25005 11217673 1.0376512335408912 -0.0020704923926804886 0.18288 1.08758931053422 -1.746861674321038
25005 10926744 3.3364410646730875 0.038709770037434595 0.36533430167597764 1.08758931053422 -1.746861674321038
25006 11217673 1.038468992221077 -0.0020750172086474407 0.18288 1.08758931053422 -1.746861674321038
25006 10926744 3.3351123875486803 0.03864409087017076 0.36526335195530724 1.08758931053422 -1.746861674321038
25007 10926744 3.3337837104242736 0.038578411702906934 0.36519240223463684 1.08758931053422 -1.746861674321038
25008 10926744 3.3324550332998664 0.0385127325356431 0.36512145251396644 1.08758931053422 -1.746861674321038
25009 10926744 3.331126356175459 0.03844705336837927 0.36505050279329604 1.08758931053422 -1.746861674321038
25010 10926744 3.329797679051052 0.03838137420111544 0.3649795530726257 1.08758931053422 -1.746861674321038
25011 10926744 3.3284690019266447 0.03831569503385161 0.3649086033519553 1.08758931053422 -1.746861674321038
25012 10926744 3.3271403248022375 0.03825001586658778 0.3648376536312849 1.08758931053422 -1.746861674321038
25013 10926744 3.3258116476778308 0.03818433669932395 0.3647667039106145 1.08758931053422 -1.746861674321038
25014 10926744 3.3244829705534236 0.03811865753206012 0.3646957541899441 1.08758931053422 -1.746861674321038
25015 10926744 3.3231542934290164 0.038052978364796285 0.3646248044692737 1.08758931053422 -1.746861674321038
25016 10926744 3.321825616304609 0.03798729919753246 0.3645538547486033 1.08758931053422 -1.746861674321038
25017 10926744 3.320496939180202 0.037921620030268624 0.36448290502793296 1.08758931053422 -1.746861674321038
25018 10926744 3.319168262055795 0.0378559408630048 0.36441195530726256 1.08758931053422 -1.746861674321038
25019 10926744 3.317839584931388 0.03779026169574096 0.36434100558659216 1.08758931053422 -1.746861674321038
25020 10926744 3.3165109078069808 0.03772458252847714 0.36427005586592176 1.08758931053422 -1.746861674321038
25021 10926744 3.3151822306825736 0.0376589033612133 0.36419910614525136 1.08758931053422 -1.746861674321038
25022 10926744 3.3138535535581664 0.037593224193949476 0.36412815642458096 1.08758931053422 -1.746861674321038
25023 10926744 3.3125248764337596 0.03752754502668564 0.36405720670391056 1.08758931053422 -1.746861674321038
25024 10926744 3.3111961993093524 0.037461865859421815 0.3639862569832402 1.08758931053422 -1.746861674321038
25025 10926744 3.309867522184945 0.03739618669215798 0.3639153072625698 1.08758931053422 -1.746861674321038
25026 10926744 3.308538845060538 0.037330507524894155 0.3638443575418994 1.08758931053422 -1.746861674321038
25027 10926744 3.3072101679361308 0.03726482835763032 0.363773407821229 1.08758931053422 -1.746861674321038
25028 10926744 3.3058814908117236 0.037199149190366494 0.3637024581005586 1.08758931053422 -1.746861674321038
25029 10926744 3.304552813687317 0.03713347002310266 0.3636315083798882 1.08758931053422 -1.746861674321038
25030 10926744 3.3032241365629096 0.037067790855838834 0.3635605586592178 1.08758931053422 -1.746861674321038
25031 10926744 3.3018954594385024 0.037002111688575 0.3634896089385475 1.08758931053422 -1.746861674321038
25032 10926744 3.300566782314095 0.036936432521311166 0.3634186592178771 1.08758931053422 -1.746861674321038
25033 10926744 3.299238105189688 0.03687075335404734 0.3633477094972067 1.08758931053422 -1.746861674321038
25034 10926744 3.297909428065281 0.036805074186783505 0.3632767597765363 1.08758931053422 -1.746861674321038
25035 10926744 3.296580750940874 0.03673939501951968 0.3632058100558659 1.08758931053422 -1.746861674321038
25036 10926744 3.295252073816467 0.036673715852255845 0.3631348603351955 1.08758931053422 -1.746861674321038
25037 10926744 3.2939233966920596 0.03660803668499202 0.3630639106145251 1.08758931053422 -1.746861674321038
25038 10926744 3.2925947195676524 0.036542357517728184 0.36299296089385474 1.08758931053422 -1.746861674321038
25039 10926744 3.2912660424432456 0.03647667835046436 0.36292201117318434 1.08758931053422 -1.746861674321038
25040 10926744 3.2899373653188384 0.036410999183200524 0.36285106145251395 1.08758931053422 -1.746861674321038
25041 10926744 3.288608688194431 0.0363453200159367 0.36278011173184355 1.08758931053422 -1.746861674321038
25042 10926744 3.287280011070024 0.03627964084867286 0.36270916201117315 1.08758931053422 -1.746861674321038
25043 10926744 3.285951333945617 0.036213961681409036 0.36263821229050275 1.08758931053422 -1.746861674321038
25044 10926744 3.2846226568212096 0.0361482825141452 0.3625672625698324 1.08758931053422 -1.746861674321038
25045 10926744 3.283293979696803 0.036082603346881376 0.362496312849162 1.08758931053422 -1.746861674321038
25046 10926744 3.2819653025723956 0.03601692417961754 0.3624253631284916 1.08758931053422 -1.746861674321038
25047 10926744 3.2806366254479884 0.03595124501235371 0.3623544134078212 1.08758931053422 -1.746861674321038
25048 10926744 3.279307948323581 0.03588556584508988 0.3622834636871508 1.08758931053422 -1.746861674321038
25049 10926744 3.277979271199174 0.03581988667782605 0.3622125139664804 1.08758931053422 -1.746861674321038
25050 10926744 3.276650594074767 0.03575420751056222 0.36214156424581 1.08758931053422 -1.746861674321038
25051 10926744 3.27532191695036 0.03568852834329839 0.36207061452513967 1.08758931053422 -1.746861674321038
25052 10926744 3.273993239825953 0.03562284917603456 0.36199966480446927 1.08758931053422 -1.746861674321038
25053 10926744 3.2726645627015456 0.035557170008770726 0.36192871508379887 1.08758931053422 -1.746861674321038
25054 10926744 3.2713358855771384 0.0354914908415069 0.36185776536312847 1.08758931053422 -1.746861674321038
25055 10926744 3.2700072084527316 0.035425811674243066 0.36178681564245807 1.08758931053422 -1.746861674321038
25056 10926744 3.2686785313283244 0.03536013250697924 0.36171586592178767 1.08758931053422 -1.746861674321038
25057 10926744 3.267349854203917 0.035294453339715405 0.3616449162011173 1.08758931053422 -1.746861674321038
25058 10926744 3.26602117707951 0.03522877417245158 0.36157396648044693 1.08758931053422 -1.746861674321038
25059 10926744 3.264692499955103 0.035163095005187744 0.36150301675977653 1.08758931053422 -1.746861674321038
