29941 11322591 1.8578885158523888 4.882657015664278 0.7924800000000001 0.0 0.0
29942 11322591 1.8439816474355282 4.836030201649892 0.7924800000000001 0.0 0.0
29943 11322591 1.831861096958191 4.788079686168654 0.7924800000000001 0.0 0.0
29944 11322591 1.819740546480854 4.740129170687415 0.7924800000000001 0.0 0.0
29945 11322591 1.8076199960035169 4.692178655206177 0.7924800000000001 0.0 0.0
29946 11322591 1.7954783469585687 4.645792783758887 0.7924800000000001 0.0 0.0
29947 11322591 1.7832686445276411 4.600013309161554 0.7924800000000001 0.0 0.0
29948 11322591 1.7718474677809342 4.5521652766507295 0.7924800000000001 0.0 0.0
29949 11322591 1.7604262910342274 4.504317244139906 0.7924800000000001 0.0 0.0
29950 11322591 1.7486050194899516 4.457281489703141 0.7924800000000001 0.0 0.0
29951 11322591 1.7367837479456756 4.410245735266377 0.7924800000000001 0.0 0.0
29952 11322591 1.7249624764013998 4.3632099808296125 0.7924800000000001 0.0 0.0
29953 11322591 1.7125348265678801 4.317034442436136 0.7924800000000001 0.0 0.0
29954 11322591 1.701823133495974 4.267961523587427 0.7924800000000001 0.0 0.0
29955 11322591 1.6907695565164251 4.22055808216618 0.7924800000000001 0.0 0.0
29956 11322591 1.6797159795368763 4.173154640744934 0.7924800000000001 0.0 0.0
29957 11322591 1.6686624025573276 4.125751199323687 0.7924800000000001 0.0 0.0
29958 11322591 1.6572610369422596 4.074567096187527 0.7924800000000001 0.0 0.0
29959 11322591 1.6467212991707765 4.025204363138871 0.7924800000000001 0.0 0.0
29960 11322591 1.6361815613992936 3.975841630090215 0.7924800000000001 0.0 0.0
29961 11322591 1.6257911208217442 3.926663778763063 0.762 0.0 0.0
29962 11322591 1.613480285083537 3.876769978848108 0.762 0.0 0.0
29963 11322591 1.60116944934533 3.826876178933153 0.762 0.0 0.0
29964 11322591 1.5912647552052837 3.776196072075145 0.762 0.0 0.0
29965 11322591 1.5813600610652374 3.725515965217137 0.762 0.0 0.0
29966 11322591 1.5691012102506185 3.67578044960804 0.762 0.0 0.0
29967 11322591 1.5568423594359997 3.626044933998943 0.762 0.0 0.0
29968 11322591 1.5454986334622638 3.5744915889351345 0.762 0.0 0.0
29969 11322591 1.534154907488528 3.5229382438713266 0.762 0.0 0.0
29970 11322591 1.521597042098683 3.4720153463763808 0.762 0.0 0.0
29971 11322591 1.5090391767088385 3.421092448881435 0.762 0.0 0.0
29972 11322591 1.4995841906226075 3.383467181391259 0.762 0.0 0.0
29973 11322591 1.4901292045363768 3.3458419139010833 0.762 0.0 0.0
29974 11322591 1.4759306025373125 3.282019832975075 0.762 0.0 0.0
29975 11322591 1.461732000538248 3.218197752049067 0.762 0.0 0.0
29976 11322591 1.4474944546040116 3.1664802593806947 0.762 0.0 0.0
29977 11322591 1.4332569086697755 3.1147627667123228 0.762 0.0 0.0
29978 11322591 1.4225467619700691 3.0656895215056412 0.762 0.0 0.0
29979 11322591 1.4114943655272476 3.0237184172588143 0.762 0.0 0.0
29980 11322591 1.4004419690844259 2.981747313011987 0.762 0.0 0.0
29981 11322591 1.3893895726416043 2.93977620876516 0.762 0.0 0.0
29982 11322591 1.3705320596104489 2.8646838637250527 0.762 0.0 0.0
29983 11322591 1.3558733577036612 2.815615866676744 0.762 0.0 0.0
29984 11322591 1.3412146557968738 2.7665478696284356 0.762 0.0 0.0
29985 11322591 1.3272706386251127 2.715727551440804 0.762 0.0 0.0
29986 11322591 1.3142347372000853 2.6674143790728864 0.762 0.0 0.0
29987 11322591 1.3001590377598495 2.6185453170515713 0.762 0.0 0.0
29988 11322591 1.2860833383196135 2.569676255030256 0.762 0.0 0.0
29989 11322591 1.2720076388793777 2.520807193008941 0.762 0.0 0.0
29990 11322591 1.2564506863000133 2.4732010513291867 0.762 0.0 0.0
29991 11322591 1.242955292169557 2.423752940745436 0.762 0.0 0.0
29992 11322591 1.2294598980391007 2.3743048301616856 0.762 0.0 0.0
29993 11322591 1.2142824193409645 2.3278598163100623 0.762 0.0 0.0
29994 11322591 1.1991049406428282 2.2814148024584395 0.762 0.0 0.0
29995 11322591 1.1835135325347048 2.2337031119320203 0.762 0.0 0.0
29996 11322591 1.1679911141882982 2.1862025387966435 0.762 0.0 0.0
29997 11322591 1.1527963931188574 2.1397047609131157 0.762 0.0 0.0
29998 11322591 1.1376016720494164 2.093206983029588 0.762 0.0 0.0
29999 11322591 1.1220792573372145 2.045706420876755 0.762 0.0 0.0
30000 11322591 1.1065223496024303 1.998100305641266 0.762 0.0 0.0
30001 11322591 1.093966443558288 1.9596776369934614 0.762 0.0 0.0
30002 11322591 1.0814105375141456 1.921254968345657 0.762 0.0 0.0
30003 11322591 1.0688546314700034 1.8828322996978524 0.762 0.0 0.0
30004 11322591 1.0499345402861096 1.8249344153487022 0.762 0.0 0.0
30005 11322591 1.031014449102216 1.767036530999552 0.762 0.0 0.0
30006 11322591 1.0154920428256942 1.719535994334194 0.762 0.0 0.0
30007 11322591 1.0031180198207326 1.6735184450834386 0.762 0.0 0.0
30008 11322591 0.990743996815771 1.627500895832683 0.762 0.0 0.0
30009 11322591 0.9776283987468032 1.5792138674525074 0.762 0.0 0.0
30010 11322591 0.9654327087216877 1.5337416740234295 0.762 0.0 0.0
30011 11322591 0.9532370186965724 1.4882694805943515 0.762 0.0 0.0
30012 11322591 0.941041328671457 1.4427972871652737 0.762 0.0 0.0
30013 11322591 0.9310743505306307 1.39599319074357 0.762 0.0 0.0
30014 11322591 0.9211073723898044 1.3491890943218667 0.762 0.0 0.0
30015 11322591 0.9121685283054896 1.3044440237441208 0.762 0.0 0.0
30016 11322591 0.9024251859975819 1.257508456021065 0.762 0.0 0.0
30017 11322591 0.8926818436896743 1.2105728882980091 0.762 0.0 0.0
30018 11322591 0.883560249515005 1.1663548732511262 0.762 0.0 0.0
30019 11322591 0.8734901776567426 1.119234024322898 0.762 0.0 0.0
30020 11322591 0.8634201057984803 1.0721131753946695 0.762 0.0 0.0
30021 11322591 0.8535053506440328 1.025467312095856 0.762 0.0 0.0
30022 11322591 0.8427973147504473 0.9763936259085743 0.762 0.0 0.0
30023 11322591 0.8345053914386987 0.9300936975667555 0.762 0.0 0.0
30024 11322591 0.8262134681269502 0.8837937692249369 0.762 0.0 0.0
30025 11322591 0.8188664816592289 0.8363088652926892 0.762 0.0 0.0
30026 11322591 0.8105603647657544 0.7887869140702504 0.762 0.0 0.0
30027 11322591 0.80225424787228 0.7412649628478115 0.762 0.0 0.0
30028 11322591 0.7939481309788055 0.6937430116253727 0.762 0.0 0.0
30029 11322591 0.7888481396477778 0.6455239115677052 0.762 0.0 0.0
30030 11322591 0.7837482770417814 0.5973047877301043 0.762 0.0 0.0
30031 11322591 0.7800362324841841 0.5578616183218108 0.76708 0.0 0.0
30032 11322591 0.7763241879265869 0.5184184489135172 0.7721600000000001 0.0 0.0
30033 11322591 0.7726121433689895 0.4789752795052236 0.77724 0.0 0.0
30034 11322591 0.7672866316232627 0.4213669144194778 0.7848600000000001 0.0 0.0
30035 11322591 0.7619611198775358 0.3637585493337321 0.7924800000000001 0.0 0.0
30036 11322591 0.7579988044952239 0.31738756217365693 0.7924800000000001 0.0 0.0
30037 11322591 0.7535206833545774 0.27106830832564677 0.7924800000000001 0.0 0.0
30038 11322591 0.7502808640644214 0.22446129309895735 0.7924800000000001 0.0 0.0
30039 11322591 0.7470410447742653 0.17785427787226793 0.7924800000000001 0.0 0.0
30040 11322591 0.7438750565175746 0.13011332263128128 0.7924800000000001 0.0 0.0
30041 11322591 0.7407090682608839 0.08237236739029463 0.7924800000000001 0.0 0.0
30042 11322591 0.7374870585701208 0.03581803544113391 0.7924800000000001 0.0 0.0
30043 11322591 0.7342650488793575 -0.010736296508026807 0.7924800000000001 0.0 0.0
30044 11322591 0.7292810605482932 -0.05969397539833013 0.7924800000000001 0.0 0.0
30045 11322591 0.727555619248808 -0.1065619887933045 0.7924800000000001 0.0 0.0
30046 11322591 0.7258301779493228 -0.15343000218827887 0.7924800000000001 0.0 0.0
30047 11322591 0.7205946136100868 -0.2020717632598276 0.7924800000000001 0.0 0.0
30048 11322591 0.7182196288573585 -0.25147290243113074 0.7924800000000001 0.0 0.0
30049 11322591 0.7158446441046301 -0.3008740416024339 0.7924800000000001 0.0 0.0
30050 11322591 0.71081644233258 -0.3488825307052905 0.7924800000000001 0.0 0.0
30051 11322591 0.7071646088738307 -0.396756557403352 0.7924800000000001 0.0 0.0
30052 11322591 0.7035127754150814 -0.44463058410141343 0.7924800000000001 0.0 0.0
30053 11322591 0.6991527440051993 -0.49422027761469406 0.78232 0.0 0.0
30054 11322591 0.6947927125953173 -0.5438099711279747 0.7721600000000001 0.0 0.0
30055 11322591 0.6904326811854352 -0.5933996646412553 0.762 0.0 0.0
30056 11322591 0.6852296291721475 -0.634243962050946 0.762 0.0 0.0
30057 11322591 0.6800265771588596 -0.6750882594606367 0.762 0.0 0.0
30058 11322591 0.6748235251455719 -0.7159325568703274 0.762 0.0 0.0
30059 11322591 0.6667977099694676 -0.7735732023090359 0.762 0.0 0.0
30060 11322591 0.6587718947933635 -0.8312138477477443 0.762 0.0 0.0
30061 11322591 0.6507460796172593 -0.8888544931864528 0.762 0.0 0.0
30062 11322591 0.642449609540141 -0.9387156267158739 0.762 0.0 0.0
30063 11322591 0.6325387982069492 -0.9853623257333027 0.762 0.0 0.0
30064 11322591 0.6252990449504876 -1.0333489868867252 0.762 0.0 0.0
30065 11322591 0.6149964570302539 -1.082554666440825 0.73152 0.0 0.0
30066 11322591 0.6066848773914377 -1.1229479211560374 0.73152 0.0 0.0
30067 11322591 0.5983732977526216 -1.1633411758712495 0.73152 0.0 0.0
30068 11322591 0.5900617181138055 -1.203734430586462 0.73152 0.0 0.0
30069 11322591 0.5799381899245554 -1.2442366464020675 0.73152 0.0 0.0
30070 11322591 0.5698146617353053 -1.2847388622176734 0.73152 0.0 0.0
30071 11322591 0.5596911335460552 -1.325241078033279 0.73152 0.0 0.0
30072 11322591 0.5302676497107848 -1.4234583296400976 0.7010400000000001 0.0 0.0
30073 11322591 0.5219720714606392 -1.4733196540610791 0.7010400000000001 0.0 0.0
30074 11322591 0.5096541196202469 -1.519179848251264 0.7010400000000001 0.0 0.0
30075 11322591 0.49373856644590386 -1.5678951635841578 0.7010400000000001 0.0 0.0
30076 11322591 0.47782301327156085 -1.6166104789170517 0.7010400000000001 0.0 0.0
30077 11322591 0.46554733578413293 -1.6521454071672794 0.7010400000000001 0.0 0.0
30078 11322591 0.453271658296705 -1.687680335417507 0.7010400000000001 0.0 0.0
30079 11322591 0.4320152814762647 -1.7466253784970078 0.7010400000000001 0.0 0.0
30080 11322591 0.41075890465582443 -1.805570421576509 0.7010400000000001 0.0 0.0
30081 11322591 0.39283197539870757 -1.8522850902537238 0.67056 0.0 0.0
30082 11322591 0.37384941642283326 -1.8995115874659614 0.67056 0.0 0.0
30083 11322591 0.3548668574469589 -1.946738084678199 0.67056 0.0 0.0
30084 11322591 0.3358842984710846 -1.9939645818904366 0.67056 0.0 0.0
30085 11322591 0.31393133071431284 -2.0407657901664917 0.67056 0.0 0.0
30086 11322591 0.2919783629575411 -2.0875669984425467 0.67056 0.0 0.0
30087 11322591 0.2676296803586618 -2.132183568860926 0.6553200000000001 0.0 0.0
30088 11322591 0.2432809977597825 -2.176800139279305 0.6400800000000001 0.0 0.0
30089 11322591 0.22050303777374147 -2.2220466878329286 0.6400800000000001 0.0 0.0
30090 11322591 0.19447490316408472 -2.26500466055187 0.6400800000000001 0.0 0.0
30091 11322591 0.16844676855442797 -2.307962633270811 0.6400800000000001 0.0 0.0
30092 11322591 0.1446546548752754 -2.351417462634558 0.6400800000000001 0.0 0.0
30093 11322591 0.12086254119612283 -2.394872291998305 0.6400800000000001 0.0 0.0
30094 11322591 0.09446414827819805 -2.4337955518010017 0.6400800000000001 0.0 0.0
30095 11322591 0.06378045663696164 -2.4740056516927575 0.6400800000000001 0.0 0.0
30096 11322591 0.033096764995725225 -2.514215751584514 0.6400800000000001 0.0 0.0
30097 11322591 0.0027264210621524843 -2.5568646908367842 0.6400800000000001 0.0 0.0
30098 11322591 -0.034690351210321546 -2.588449273790521 0.6400800000000001 0.0 0.0
30099 11322591 -0.07210712348279558 -2.620033856744258 0.6400800000000001 0.0 0.0
30100 11322591 -0.11447575836364726 -2.6463786175271284 0.6400800000000001 0.0 0.0
30101 11322591 -0.15684439324449895 -2.6727233783099984 0.6400800000000001 0.0 0.0
30102 11322591 -0.19937030606746942 -2.694109793666046 0.6400800000000001 0.0 0.0
30103 11322591 -0.24656103037621624 -2.7100579625880936 0.6248400000000001 0.0 0.0
30104 11322591 -0.29375175468496306 -2.726006131510142 0.6096 0.0 0.0
30105 11322591 -0.3416813421445799 -2.732658385123912 0.6096 0.0 0.0
30106 11322591 -0.3938287142585988 -2.734543918238238 0.6096 0.0 0.0
30107 11322591 -0.44597608637261765 -2.736429451352563 0.6096 0.0 0.0
30108 11322591 -0.49629223135207934 -2.7286318313480815 0.59436 0.0 0.0
30109 11322591 -0.546608376331541 -2.7208342113436 0.57912 0.0 0.0
30110 11322591 -0.5948859971376115 -2.7027203462440004 0.57912 0.0 0.0
30111 11322591 -0.6426566478121296 -2.6819678909644047 0.57912 0.0 0.0
30112 11322591 -0.6886971396808943 -2.656873486114484 0.57912 0.0 0.0
30113 11322591 -0.734737631549659 -2.6317790812645634 0.57912 0.0 0.0
30114 11322591 -0.7729085265227356 -2.5993256489340046 0.57912 0.0 0.0
30115 11322591 -0.8101482914954745 -2.564839642515449 0.57912 0.0 0.0
30116 11322591 -0.8437136119266124 -2.5261801319340598 0.57912 0.0 0.0
30117 11322591 -0.8737834170283263 -2.4849825945475024 0.57912 0.0 0.0
30118 11322591 -0.9038532221300402 -2.4437850571609454 0.57912 0.0 0.0
30119 11322591 -0.9265137419498779 -2.397590156059402 0.57912 0.0 0.0
30120 11322591 -0.9491742617697156 -2.351395254957859 0.57912 0.0 0.0
30121 11322591 -0.9653609405464523 -2.300890442494299 0.57912 0.0 0.0
30122 11322591 -0.9815476193231889 -2.2503856300307388 0.57912 0.0 0.0
30123 11322591 -0.9880147123538625 -2.1956974199393975 0.57912 0.0 0.0
30124 11322591 -0.9896653956604384 -2.142583564317818 0.57912 0.0 0.0
30125 11322591 -0.9882402376388482 -2.087671161114453 0.54864 0.0 0.0
30126 11322591 -0.9772841016470094 -2.0337713513328857 0.54864 0.0 0.0
30127 11322591 -0.9663279656551707 -1.979871541551318 0.54864 0.0 0.0
30128 11322591 -0.9484201427193681 -1.9250897178099937 0.54864 0.0 0.0
30129 11322591 -0.9241855749327723 -1.8754136872961547 0.54864 0.0 0.0
30130 11322591 -0.8931850006649935 -1.8267810528347046 0.54864 0.0 0.0
30131 11322591 -0.8621844263972147 -1.7781484183732545 0.54864 0.0 0.0
30132 11322591 -0.8237917343462962 -1.7354370174659044 0.54864 0.0 0.0
30133 11322591 -0.7853990422953776 -1.692725616558554 0.54864 0.0 0.0
30134 11322591 -0.7393210953380925 -1.656848834838737 0.5384800000000001 0.0 0.0
30135 11322591 -0.6932431483808074 -1.6209720531189198 0.52832 0.0 0.0
30136 11322591 -0.6471652014235223 -1.5850952713991027 0.5181600000000001 0.0 0.0
30137 11322591 -0.5965807413401454 -1.5537287874482681 0.5181600000000001 0.0 0.0
30138 11322591 -0.546158820049724 -1.5239444869065546 0.5181600000000001 0.0 0.0
30139 11322591 -0.4957368987593027 -1.494160186364841 0.5181600000000001 0.0 0.0
30140 11322591 -0.4448018043454045 -1.4668797814494614 0.5181600000000001 0.0 0.0
30141 11322591 -0.3938667099315063 -1.4395993765340818 0.5181600000000001 0.0 0.0
30142 11322591 -0.34286671076191033 -1.416195227700879 0.5181600000000001 0.0 0.0
30143 11322591 -0.2881383089387535 -1.3976893515948468 0.5181600000000001 0.0 0.0
30144 11322591 -0.23340990711559662 -1.3791834754888148 0.5181600000000001 0.0 0.0
30145 11322591 -0.1775971782624834 -1.3660549944968494 0.5181600000000001 0.0 0.0
30146 11322591 -0.12178444940937017 -1.3529265135048838 0.5181600000000001 0.0 0.0
30147 11322591 -0.06626889263257069 -1.3447822738848056 0.5181600000000001 0.0 0.0
30148 11322591 -0.010753335855771207 -1.3366380342647275 0.5181600000000001 0.0 0.0
30149 11322591 0.04555185593682087 -1.330153230713523 0.5181600000000001 0.0 0.0
30150 11322591 0.10116690138419365 -1.3257788985078411 0.5181600000000001 0.0 0.0
30151 11322591 0.15678194683156643 -1.3214045663021592 0.5181600000000001 0.0 0.0
30152 11322591 0.21187298941811256 -1.3193116314727356 0.5181600000000001 0.0 0.0
30153 11322591 0.2669640320046587 -1.317218696643312 0.5181600000000001 0.0 0.0
30154 11322591 0.322339391867833 -1.3177880822177974 0.5181600000000001 0.0 0.0
30155 11322591 0.37771475173100727 -1.318357467792283 0.5181600000000001 0.0 0.0
30156 11322591 0.4323512785725736 -1.3175164096615104 0.5181600000000001 0.0 0.0
30157 11322591 0.48698780541413994 -1.3166753515307377 0.5181600000000001 0.0 0.0
30158 11322591 0.5385849110136677 -1.315891976150281 0.50292 0.0 0.0
30159 11322591 0.5901820166131954 -1.3151086007698243 0.48768 0.0 0.0
30160 11322591 0.6440938797884035 -1.316482653052536 0.48768 0.0 0.0
30161 11322591 0.6980057429636115 -1.3178567053352477 0.48768 0.0 0.0
30162 11322591 0.7498319655260797 -1.3169133032188038 0.48768 0.0 0.0
30163 11322591 0.8039106086820447 -1.3172308870995169 0.48768 0.0 0.0
30164 11322591 0.8579892518380097 -1.3175484709802299 0.48768 0.0 0.0
30165 11322591 0.9090220538894491 -1.3190317859595009 0.48768 0.0 0.0
30166 11322591 0.9624625391998108 -1.3213012306810363 0.48768 0.0 0.0
30167 11322591 1.0134951801539627 -1.3227837935579458 0.48768 0.0 0.0
30168 11322591 1.066142467829093 -1.3274803511361697 0.48768 0.0 0.0
30169 11322591 1.117037046874779 -1.3293844117300457 0.48768 0.0 0.0
30170 11322591 1.1676729294626953 -1.3320796360225864 0.48768 0.0 0.0
30171 11322591 1.2183088120506114 -1.3347748603151273 0.48768 0.0 0.0
30172 11322591 1.2661058634631508 -1.338002671896455 0.48768 0.0 0.0
30173 11322591 1.3153599176788413 -1.3403040081815671 0.48768 0.0 0.0
30174 11322591 1.3646139718945316 -1.3426053444666792 0.48768 0.0 0.0
30175 11322591 1.4117100472906647 -1.347706081420177 0.45720000000000005 0.0 0.0
30176 11322591 1.4586681986116947 -1.3532287552841014 0.45720000000000005 0.0 0.0
30177 11322591 1.503046722228621 -1.357675048743341 0.45720000000000005 0.0 0.0
30178 11322591 1.5379661837876997 -1.3588567380404264 0.45720000000000005 0.0 0.0
30179 11322591 1.572885645346778 -1.360038427337512 0.45720000000000005 0.0 0.0
30180 11322591 1.6316344030635452 -1.3630434066703323 0.45720000000000005 0.0 0.0
30181 11322591 1.6903831607803121 -1.366048386003153 0.45720000000000005 0.0 0.0
30182 11322591 1.7350135814242933 -1.3708091848754165 0.45720000000000005 0.0 0.0
30183 11322591 1.7788218184957822 -1.369927533696389 0.45720000000000005 0.0 0.0
30184 11322591 1.8128866765457752 -1.3710039993108192 0.45720000000000005 0.0 0.0
30185 11322591 1.8469515345957683 -1.3720804649252494 0.45720000000000005 0.0 0.0
30186 11322591 1.8810163926457613 -1.3731569305396798 0.45720000000000005 0.0 0.0
30187 11322591 1.9150812506957542 -1.37423339615411 0.45720000000000005 0.0 0.0
30188 11322591 2.006650934153143 -1.376679011131809 0.45720000000000005 0.0 0.0
30189 11322591 2.050897076301374 -1.3760844519954423 0.44958000000000004 0.0 0.0
30190 11322591 2.095143218449605 -1.3754898928590755 0.44196 0.0 0.0
30191 11322591 2.1393893605978356 -1.3748953337227088 0.43434000000000006 0.0 0.0
30192 11322591 2.1836355027460668 -1.374300774586342 0.42672000000000004 0.0 0.0
30193 11322591 2.227610038807439 -1.3752618496403344 0.42672000000000004 0.0 0.0
30194 11322591 2.2715845748688115 -1.3762229246943265 0.42672000000000004 0.0 0.0
30195 11322591 2.3155591109301836 -1.3771839997483188 0.42672000000000004 0.0 0.0
30196 11322591 2.3595159536314023 -1.3752961293410189 0.42672000000000004 0.0 0.0
30197 11322591 2.403472796332621 -1.3734082589337189 0.42672000000000004 0.0 0.0
30198 11322591 2.4458378972751964 -1.3671454781923755 0.42672000000000004 0.0 0.0
30199 11322591 2.4814980416778694 -1.3608352542190216 0.42672000000000004 0.0 0.0
30200 11322591 2.5171581860805423 -1.3545250302456677 0.42672000000000004 0.0 0.0
30201 11322591 2.5528183304832153 -1.3482148062723138 0.42672000000000004 0.0 0.0
30202 11322591 2.604257152244874 -1.335509303185486 0.41148000000000007 0.0 0.0
30203 11322591 2.655695974006533 -1.3228038000986586 0.39624000000000004 0.0 0.0
30204 11322591 2.6976502026614453 -1.3112658083327655 0.39624000000000004 0.0 0.0
30205 11322591 2.7350420660850485 -1.2960189188582576 0.39624000000000004 0.0 0.0
30206 11322591 2.7724339295086518 -1.2807720293837497 0.39624000000000004 0.0 0.0
30207 11322591 2.8110537922768817 -1.2631221848929715 0.39624000000000004 0.0 0.0
30208 11322591 2.845953359091303 -1.243264969734185 0.39624000000000004 0.0 0.0
30209 11322591 2.8808529259057245 -1.2234077545753987 0.39624000000000004 0.0 0.0
30210 11322591 2.9169165867548443 -1.2027037641275455 0.39624000000000004 0.0 0.0
30211 11322591 2.9330108031350504 -1.1914856968436078 0.39624000000000004 0.0 0.0
30212 11322591 2.9491050195152564 -1.18026762955967 0.39624000000000004 0.0 0.0
30213 11322591 3.011511479859627 -1.1305467302130283 0.39624000000000004 0.0 0.0
30214 11322591 3.040316886535977 -1.107590333724347 0.39624000000000004 0.0 0.0
30215 11322591 3.0642898037744106 -1.0785788349259628 0.39624000000000004 0.0 0.0
30216 11322591 3.088262721012844 -1.0495673361275786 0.39624000000000004 0.0 0.0
30217 11322591 3.1122356382512777 -1.0205558373291945 0.39624000000000004 0.0 0.0
30218 11322591 3.131704751631197 -0.989470887181682 0.39624000000000004 0.0 0.0
30219 11322591 3.151173865011116 -0.9583859370341695 0.39624000000000004 0.0 0.0
30220 11322591 3.163850636325313 -0.9236240757662646 0.39624000000000004 0.0 0.0
30221 11322591 3.17652740763951 -0.8888622144983597 0.39624000000000004 0.0 0.0
30222 11322591 3.187883171776969 -0.8586922245850146 0.39624000000000004 0.0 0.0
30223 11322591 3.199238935914428 -0.8285222346716695 0.39624000000000004 0.0 0.0
30224 11322591 3.2093303585787747 -0.7929750284942154 0.39624000000000004 0.0 0.0
30225 11322591 3.2194217812431214 -0.7574278223167613 0.39624000000000004 0.0 0.0
30226 11322591 3.22821154955656 -0.7223319134848107 0.39624000000000004 0.0 0.0
30227 11322591 3.2337324816846245 -0.6890895394244305 0.39624000000000004 0.0 0.0
30228 11322591 3.2392534138126887 -0.6558471653640504 0.39624000000000004 0.0 0.0
30229 11322591 3.2432261419768857 -0.6232676494848823 0.39624000000000004 0.0 0.0
30230 11322591 3.2471988701410828 -0.5906881336057141 0.39624000000000004 0.0 0.0
30231 11322591 3.2470223718611058 -0.566333208492072 0.38862 0.0 0.0
30232 11322591 3.246845873581129 -0.5419782833784299 0.381 0.0 0.0
30233 11322591 3.2441101310807934 -0.5004341020700401 0.37338 0.0 0.0
30234 11322591 3.241374388580457 -0.45888992076165036 0.36576 0.0 0.0
30235 11322591 3.235497862202825 -0.42683392128186415 0.36576 0.0 0.0
30236 11322591 3.2270190619931984 -0.39404539306188324 0.36576 0.0 0.0
30237 11322591 3.215667465405552 -0.3627138769343431 0.36576 0.0 0.0
30238 11322591 3.204315868817906 -0.33138236080680294 0.36576 0.0 0.0
30239 11322591 3.188920742696011 -0.3038708345490342 0.36576 0.0 0.0
30240 11322591 3.173525616574116 -0.2763593082912654 0.36576 0.0 0.0
30241 11322591 3.155769335777114 -0.24778497578792527 0.36576 0.0 0.0
30242 11322591 3.1363824227581008 -0.2239350060920429 0.36576 0.0 0.0
30243 11322591 3.116466996524757 -0.20224874298317033 0.36576 0.0 0.0
30244 11322591 3.091255470661231 -0.17883373707292774 0.36576 0.0 0.0
30245 11322591 3.071592372508782 -0.1574632581942826 0.36576 0.0 0.0
30246 11322591 3.0471344952915693 -0.13990115570197373 0.36576 0.0 0.0
30247 11322591 3.020429432220765 -0.12242306867437769 0.35052 0.0 0.0
30248 11322591 2.9937243691499607 -0.10494498164678165 0.33528 0.0 0.0
30249 11322591 2.966330314136218 -0.08957804711581091 0.33528 0.0 0.0
30250 11322591 2.9389362591224755 -0.07421111258484017 0.33528 0.0 0.0
30251 11322591 2.9228208882369255 -0.06509562754731535 0.33528 0.0 0.0
30252 11322591 2.9067055173513756 -0.055980142509790526 0.33528 0.0 0.0
30253 11322591 2.848127196475464 -0.03685799292118028 0.33528 0.0 0.0
30254 11322591 2.820844197235037 -0.027951619870722227 0.33528 0.0 0.0
30255 11322591 2.7907625078554306 -0.020818224093833992 0.33528 0.0 0.0
30256 11322591 2.760680818475824 -0.013684828316945757 0.33528 0.0 0.0
30257 11322591 2.7296120633433145 -0.008214890837553085 0.33528 0.0 0.0
30258 11322591 2.6992865871008176 -0.005907849301782342 0.33528 0.0 0.0
30259 11322591 2.668961110858321 -0.003600807766011599 0.33528 0.0 0.0
30260 11322591 2.6398850430636545 -0.0018182964854641381 0.33528 0.0 0.0
30261 11322591 2.6085114771524305 0.0021747046317578123 0.33528 0.0 0.0
30262 11322591 2.577137911241207 0.006167705748979763 0.33528 0.0 0.0
30263 11322591 2.5436026173824158 0.009523276722722823 0.33528 0.0 0.0
30264 11322591 2.5123526325860053 0.00967973834939137 0.32004 0.0 0.0
30265 11322591 2.4811026477895948 0.009836199976059917 0.3048 0.0 0.0
30266 11322591 2.448952965438764 0.010637059211169614 0.3048 0.0 0.0
30267 11322591 2.4179821183839882 0.008249499573604407 0.3048 0.0 0.0
30268 11322591 2.387260041926175 0.009343879606643624 0.3048 0.0 0.0
30269 11322591 2.3565379654683616 0.01043825963968284 0.3048 0.0 0.0
30270 11322591 2.3303316996116576 0.00904598687121197 0.3048 0.0 0.0
30271 11322591 2.3041254337549537 0.007653714102741099 0.3048 0.0 0.0
30272 11322591 2.2779191678982498 0.006261441334270229 0.3048 0.0 0.0
30273 11322591 2.2401407445132495 0.004783274278779004 0.3048 0.0 0.0
30274 11322591 2.2023623211282493 0.0033051072232877787 0.3048 0.0 0.0
30275 11322591 2.172912601266968 0.004218502335556207 0.3048 0.0 0.0
30276 11322591 2.1434628814056866 0.005131897447824635 0.3048 0.0 0.0
30277 11322591 2.1124302601475757 0.005277392970585992 0.28956000000000004 0.0 0.0
30278 11322591 2.081397638889465 0.00542288849334735 0.27432 0.0 0.0
30279 11322591 2.051878858562647 0.006125659191005356 0.27432 0.0 0.0
30280 11322591 2.0223600782358293 0.006828429888663362 0.27432 0.0 0.0
30281 11322591 1.992150156109156 0.0058685808657186755 0.27432 0.0 0.0
30282 11322591 1.9619402339824825 0.004908731842773989 0.27432 0.0 0.0
30283 11322591 1.9317303118558091 0.0039488828198293024 0.27432 0.0 0.0
30284 11322591 1.8998337888621377 0.006888956210747088 0.27432 0.0 0.0
30285 11322591 1.870423020575031 0.006564106498653882 0.27432 0.0 0.0
30286 11322591 1.8401063544198566 0.006184756096930699 0.27432 0.0 0.0
30287 11322591 1.8099322790109902 0.00488284577063311 0.27432 0.0 0.0
30288 11322591 1.7797582036021238 0.00358093544433552 0.27432 0.0 0.0
30289 11322591 1.7494978488364339 0.0020153757840391945 0.27432 0.0 0.0
30290 11322591 1.719237494070744 0.00044981612374286883 0.27432 0.0 0.0
30291 11322591 1.6878251086475917 -0.0005640140205593891 0.25908 0.0 0.0
30292 11322591 1.6564127232244394 -0.001577844164861647 0.24384 0.0 0.0
30293 11322591 1.6286409999113363 -0.002320304138723417 0.24384 0.0 0.0
30294 11322591 1.5987769336038693 -0.0026712645312879993 0.24384 0.0 0.0
30295 11322591 1.5689128672964023 -0.0030222249238525817 0.24384 0.0 0.0
30296 11322591 1.5423149024828684 -0.005608008971960836 0.24384 0.0 0.0
30297 11322591 1.5157169376693345 -0.00819379302006909 0.24384 0.0 0.0
30298 11322591 1.486674303676107 -0.006300989251498107 0.24384 0.0 0.0
30299 11322591 1.459393871811212 -0.004087930583408034 0.24384 0.0 0.0
30300 11322591 1.4321134399463173 -0.0018748719153179605 0.24384 0.0 0.0
30301 11322591 1.4048330080814224 0.00033818675277211274 0.24384 0.0 0.0
30302 11322591 1.3788991716624053 0.004136529018143001 0.24384 0.0 0.0
30303 11322591 1.354286126873625 0.0034147117622404313 0.24384 0.0 0.0
30304 11322591 1.3296730820848448 0.0026928945063378618 0.24384 0.0 0.0
30305 11322591 1.3075271234645742 0.0029177801969878514 0.237744 0.0 0.0
30306 11322591 1.2853811648443034 0.003142665887637841 0.23164800000000002 0.0 0.0
30307 11322591 1.2632352062240328 0.0033675515782878307 0.22555200000000003 0.0 0.0
30308 11322591 1.241089247603762 0.0035924372689378203 0.219456 0.0 0.0
30309 11322591 1.2189432889834915 0.00381732295958781 0.21336000000000002 0.0 0.0
30310 11322591 1.2007936553898406 0.005891183819481768 0.22860000000000003 0.0 0.0
30311 11322591 1.18264402179619 0.007965044679375727 0.24384 0.0 0.0
30312 11322591 1.1697241379844605 0.007834029422623266 0.24384 0.0 0.0
30313 11322591 1.156804254172731 0.007703014165870804 0.24384 0.0 0.0
30314 11322591 1.1438843703610015 0.007571998909118343 0.24384 0.0 0.0
30315 11322591 1.130964486549272 0.007440983652365882 0.24384 0.0 0.0
30316 11322591 1.1280001112792637 0.007065919283366959 0.24384 0.0 0.0
30317 11322591 1.125035736009255 0.006690854914368036 0.24384 0.0 0.0
30318 11322591 1.11869249628363 0.0038564578233080543 0.24384 0.0 0.0
30319 11322591 1.1125177271720692 0.010780359547260143 0.24384 0.0 0.0
30320 11322591 1.1105206152802742 0.011657370702993483 0.24344415584415585 0.0 0.0
30321 11322591 1.108523503388479 0.012534381858726823 0.2430483116883117 0.0 0.0
30322 11322591 1.106526391496684 0.013411393014460163 0.24265246753246753 0.0 0.0
30323 11322591 1.104529279604889 0.014288404170193501 0.24225662337662338 0.0 0.0
30324 11322591 1.102532167713094 0.015165415325926841 0.24186077922077923 0.0 0.0
30325 11322591 1.1005350558212987 0.016042426481660182 0.24146493506493508 0.0 0.0
30326 11322591 1.0985379439295038 0.01691943763739352 0.2410690909090909 0.0 0.0
30327 11322591 1.0965408320377086 0.01779644879312686 0.24067324675324675 0.0 0.0
30328 11322591 1.0945437201459136 0.0186734599488602 0.2402774025974026 0.0 0.0
30329 11322591 1.0925466082541184 0.01955047110459354 0.23988155844155845 0.0 0.0
30330 11322591 1.0905494963623235 0.02042748226032688 0.2394857142857143 0.0 0.0
30331 11322591 1.0885523844705283 0.021304493416060218 0.23908987012987012 0.0 0.0
30332 11322591 1.0865552725787333 0.022181504571793558 0.23869402597402598 0.0 0.0
30333 11322591 1.084558160686938 0.023058515727526895 0.23829818181818183 0.0 0.0
30334 11322591 1.0825610487951431 0.023935526883260234 0.23790233766233768 0.0 0.0
30335 11322591 1.080563936903348 0.024812538038993574 0.2375064935064935 0.0 0.0
30336 11322591 1.078566825011553 0.025689549194726914 0.23711064935064935 0.0 0.0
30337 11322591 1.0765697131197578 0.026566560350460254 0.2367148051948052 0.0 0.0
30338 11322591 1.0745726012279628 0.027443571506193594 0.23631896103896105 0.0 0.0
30339 11322591 1.0725754893361676 0.028320582661926934 0.2359231168831169 0.0 0.0
30340 11322591 1.0705783774443727 0.029197593817660274 0.23552727272727272 0.0 0.0
30341 11322591 1.0685812655525775 0.030074604973393614 0.23513142857142857 0.0 0.0
30342 11322591 1.0665841536607825 0.030951616129126953 0.23473558441558443 0.0 0.0
30343 11322591 1.0645870417689873 0.03182862728486029 0.23433974025974028 0.0 0.0
30344 11322591 1.0625899298771924 0.03270563844059363 0.2339438961038961 0.0 0.0
30345 11322591 1.0605928179853972 0.03358264959632697 0.23354805194805195 0.0 0.0
30346 11322591 1.0585957060936022 0.034459660752060306 0.2331522077922078 0.0 0.0
30347 11322591 1.056598594201807 0.035336671907793646 0.23275636363636365 0.0 0.0
30348 11322591 1.054601482310012 0.036213683063526986 0.2323605194805195 0.0 0.0
30349 11322591 1.0526043704182169 0.037090694219260326 0.23196467532467532 0.0 0.0
30350 11322591 1.050607258526422 0.037967705374993665 0.23156883116883117 0.0 0.0
30351 11322591 1.0486101466346267 0.038844716530727005 0.23117298701298702 0.0 0.0
30352 11322591 1.0466130347428317 0.039721727686460345 0.23077714285714288 0.0 0.0
30353 11322591 1.0446159228510365 0.040598738842193685 0.2303812987012987 0.0 0.0
30354 11322591 1.0426188109592416 0.041475749997927025 0.22998545454545455 0.0 0.0
30355 11322591 1.0406216990674464 0.042352761153660365 0.2295896103896104 0.0 0.0
30356 11322591 1.0386245871756514 0.043229772309393705 0.22919376623376625 0.0 0.0
30357 11322591 1.0366274752838562 0.044106783465127045 0.2287979220779221 0.0 0.0
30358 11322591 1.0346303633920613 0.044983794620860384 0.22840207792207792 0.0 0.0
30359 11322591 1.032633251500266 0.045860805776593724 0.22800623376623377 0.0 0.0
30360 11322591 1.0306361396084711 0.046737816932327064 0.22761038961038962 0.0 0.0
30361 11322591 1.028639027716676 0.047614828088060404 0.22721454545454547 0.0 0.0
30362 11322591 1.026641915824881 0.048491839243793744 0.2268187012987013 0.0 0.0
30363 11322591 1.0246448039330858 0.049368850399527084 0.22642285714285715 0.0 0.0
30364 11322591 1.0226476920412908 0.050245861555260424 0.226027012987013 0.0 0.0
30365 11322591 1.0206505801494956 0.051122872710993764 0.22563116883116885 0.0 0.0
30366 11322591 1.0186534682577006 0.051999883866727103 0.2252353246753247 0.0 0.0
30367 11322591 1.0166563563659055 0.05287689502246044 0.22483948051948052 0.0 0.0
30368 11322591 1.0146592444741105 0.05375390617819378 0.22444363636363637 0.0 0.0
30369 11322591 1.0126621325823153 0.05463091733392712 0.22404779220779222 0.0 0.0
30370 11322591 1.0106650206905203 0.05550792848966046 0.22365194805194807 0.0 0.0
30371 11322591 1.0086679087987251 0.0563849396453938 0.2232561038961039 0.0 0.0
30372 11322591 1.0066707969069302 0.05726195080112714 0.22286025974025975 0.0 0.0
30373 11322591 1.004673685015135 0.058138961956860476 0.2224644155844156 0.0 0.0
30374 11322591 1.00267657312334 0.059015973112593816 0.22206857142857145 0.0 0.0
30375 11322591 1.0006794612315448 0.059892984268327155 0.2216727272727273 0.0 0.0
30376 11322591 0.9986823493397499 0.060769995424060495 0.22127688311688312 0.0 0.0
30377 11322591 0.9966852374479548 0.061647006579793835 0.22088103896103897 0.0 0.0
30378 11322591 0.9946881255561597 0.06252401773552718 0.22048519480519482 0.0 0.0
30379 11322591 0.9926910136643646 0.06340102889126051 0.22008935064935067 0.0 0.0
