3080 11202957 0.012398965856821764 0.0034245972812536885 0.34290000000000004 0.0 0.0
3081 11202957 -0.06532262331181304 0.004760902014698504 0.35052000000000005 0.0 0.0
3082 11202957 -0.14866147354134274 0.007934101641031949 0.35814000000000007 0.0 0.0
3083 11202957 -0.23225883778579925 0.004883796341866281 0.37338 0.0 0.0
3084 11202957 -0.29853835372135995 0.004818888942079463 0.381 0.0 0.0
3085 11202957 -0.3983246540499119 0.004959401037815864 0.38862 0.0 0.0
3086 11202957 -0.4700611575245712 0.006679878136635536 0.40386 0.0 0.0
3087 11202957 -0.5552500155677438 0.00719095299656794 0.41148 0.0 0.0
3088 11202957 -0.6425994826740857 0.003268661657925692 0.42672000000000004 0.0 0.0
3089 11202957 -0.7295189318384874 0.005282111247603555 0.43434000000000006 0.0 0.0
3090 11202957 -0.7741832825649746 0.005865355716625553 0.44196 0.0 0.0
3091 11202957 -0.8188476332914618 0.006448600185647552 0.44958000000000004 0.0 0.0
3092 11202957 -0.9081334527773735 0.005031727659288804 0.46482000000000007 0.0 0.0
3093 11202957 -1.0170750257504626 0.003266664646675549 0.47243999999999997 0.0 0.0
3094 11202957 -1.0892083491036926 -1.8140880300415718e-05 0.48768 0.0 0.0
3095 11202957 -1.1981507688631676 -0.0017804284477228871 0.51054 0.0 0.0
3096 11202957 -1.2878280272489404 -0.003298663747014402 0.5334 0.0 0.0
3097 11202957 -1.4756642570856047 -0.0015718202434467365 0.54864 0.0 0.0
3098 11202957 -1.5675454455500193 -0.004118609577398541 0.56388 0.0 0.0
3099 11202957 -1.6436582098361814 -0.0059799717436497535 0.57912 0.0 0.0
3100 11202957 -1.754225729299016 -0.012694446082803373 0.59436 0.0 0.0
3101 11202957 -1.8259302416965795 -0.012344357159114333 0.60579 0.0 0.0
3102 11202957 -1.897634754094143 -0.011994268235425293 0.6172200000000001 0.0 0.0
3103 11202957 -2.0363410740273133 -0.019723743336399507 0.63246 0.0 0.0
3104 11202957 -2.1141638915547443 -0.02137169013057652 0.6477 0.0 0.0
3105 11202957 -2.1733524233435952 -0.023623449068248176 0.65151 0.0 0.0
3106 11202957 -2.232540955132446 -0.02587520800591983 0.65532 0.0 0.0
3107 11202957 -2.3253727418278647 -0.03429484634400973 0.67056 0.0 0.0
3108 11202957 -2.401889335367886 -0.036016823690202676 0.6781800000000001 0.0 0.0
3109 11202957 -2.5224915132722625 -0.0394374948301173 0.69342 0.0 0.0
3110 11202957 -2.6165395760506813 -0.047222153797514516 0.7086600000000001 0.0 0.0
3111 11202957 -2.734610717313376 -0.052402579565635904 0.7162800000000001 0.0 0.0
3112 11202957 -2.8329382546807196 -0.060770700786837356 0.73152 0.0 0.0
3113 11202957 -2.932726810843543 -0.06328464822794203 0.73914 0.0 0.0
3114 11202957 -3.031134585895839 -0.07080620198376356 0.74676 0.0 0.0
3115 11202957 -3.1270930371748458 -0.08169881634592749 0.762 0.0 0.0
3116 11202957 -3.3042617721477647 -0.09370220310314506 0.77724 0.0 0.0
3117 11202957 -3.4122988681836453 -0.10484378836141375 0.78867 0.0 0.0
3118 11202957 -3.5203359642195258 -0.11598537361968245 0.8001 0.0 0.0
3119 11202957 -3.6182900438907657 -0.12481689427015122 0.8153400000000001 0.0 0.0
3120 11202957 -3.6692734939457634 -0.12857523489321646 0.81915 0.0 0.0
3121 11202957 -3.720256944000761 -0.1323335755162817 0.82296 0.0 0.0
3122 11202957 -3.868210433983955 -0.1495069999339538 0.84201 0.0 0.0
3123 11202957 -3.9567475648656045 -0.1580576407441279 0.85344 0.0 0.0
3124 11202957 -4.045284695747254 -0.166608281554302 0.86487 0.0 0.0
3125 11202957 -4.045264753134665 -0.16667186561537461 0.86486873 0.0 0.0
3126 11202957 -4.0452448105220755 -0.16673544967644727 0.86486746 0.0 0.0
3127 11202957 -4.045224867909487 -0.1667990337375199 0.86486619 0.0 0.0
3128 11202957 -4.045204925296898 -0.16686261779859254 0.86486492 0.0 0.0
3129 11202957 -4.045184982684309 -0.16692620185966517 0.86486365 0.0 0.0
3130 11202957 -4.045165040071719 -0.16698978592073782 0.86486238 0.0 0.0
3131 11202957 -4.04514509745913 -0.16705336998181045 0.86486111 0.0 0.0
3132 11202957 -4.0451251548465414 -0.1671169540428831 0.86485984 0.0 0.0
3133 11202957 -4.045105212233952 -0.16718053810395572 0.86485857 0.0 0.0
3134 11202957 -4.045085269621363 -0.16724412216502837 0.8648573 0.0 0.0
3135 11202957 -4.045065327008774 -0.167307706226101 0.86485603 0.0 0.0
3136 11202957 -4.045045384396184 -0.16737129028717362 0.8648547600000001 0.0 0.0
3137 11202957 -4.045025441783595 -0.16743487434824628 0.86485349 0.0 0.0
3138 11202957 -4.0450054991710065 -0.1674984584093189 0.8648522200000001 0.0 0.0
3139 11202957 -4.044985556558418 -0.16756204247039155 0.86485095 0.0 0.0
3140 11202957 -4.044965613945828 -0.16762562653146418 0.8648496800000001 0.0 0.0
3141 11202957 -4.044945671333239 -0.16768921059253683 0.86484841 0.0 0.0
3142 11202957 -4.04492572872065 -0.16775279465360945 0.8648471400000001 0.0 0.0
3143 11202957 -4.04490578610806 -0.1678163787146821 0.86484587 0.0 0.0
3144 11202957 -4.0448858434954715 -0.16787996277575473 0.8648446000000001 0.0 0.0
3145 11202957 -4.044865900882883 -0.16794354683682738 0.86484333 0.0 0.0
3146 11202957 -4.044845958270294 -0.1680071308979 0.8648420600000001 0.0 0.0
3147 11202957 -4.044826015657704 -0.16807071495897263 0.86484079 0.0 0.0
3148 11202957 -4.044806073045115 -0.16813429902004529 0.86483952 0.0 0.0
3149 11202957 -4.044786130432526 -0.1681978830811179 0.86483825 0.0 0.0
3150 11202957 -4.044766187819937 -0.16826146714219056 0.86483698 0.0 0.0
3151 11202957 -4.044746245207348 -0.1683250512032632 0.86483571 0.0 0.0
3152 11202957 -4.044726302594759 -0.16838863526433584 0.86483444 0.0 0.0
3153 11202957 -4.04470635998217 -0.16845221932540846 0.86483317 0.0 0.0
3154 11202957 -4.04468641736958 -0.16851580338648112 0.8648319 0.0 0.0
3155 11202957 -4.044666474756991 -0.16857938744755374 0.86483063 0.0 0.0
3156 11202957 -4.0446465321444025 -0.1686429715086264 0.86482936 0.0 0.0
3157 11202957 -4.044626589531813 -0.16870655556969902 0.86482809 0.0 0.0
3158 11202957 -4.044606646919224 -0.16877013963077164 0.86482682 0.0 0.0
3159 11202957 -4.044586704306635 -0.1688337236918443 0.86482555 0.0 0.0
3160 11202957 -4.044566761694045 -0.16889730775291692 0.86482428 0.0 0.0
3161 11202957 -4.044546819081456 -0.16896089181398957 0.8648230100000001 0.0 0.0
3162 11202957 -4.0445268764688675 -0.1690244758750622 0.86482174 0.0 0.0
3163 11202957 -4.044506933856279 -0.16908805993613485 0.8648204700000001 0.0 0.0
3164 11202957 -4.044486991243689 -0.16915164399720747 0.8648192 0.0 0.0
3165 11202957 -4.0444670486311 -0.16921522805828013 0.8648179300000001 0.0 0.0
3166 11202957 -4.044447106018511 -0.16927881211935275 0.86481666 0.0 0.0
3167 11202957 -4.0444271634059215 -0.1693423961804254 0.8648153900000001 0.0 0.0
3168 11202957 -4.044407220793333 -0.16940598024149803 0.86481412 0.0 0.0
3169 11202957 -4.044387278180744 -0.16946956430257065 0.8648128500000001 0.0 0.0
3170 11202957 -4.044367335568155 -0.1695331483636433 0.86481158 0.0 0.0
3171 11202957 -4.044347392955565 -0.16959673242471593 0.8648103100000001 0.0 0.0
3172 11202957 -4.044327450342976 -0.16966031648578858 0.86480904 0.0 0.0
3173 11202957 -4.044307507730387 -0.1697239005468612 0.86480777 0.0 0.0
3174 11202957 -4.044287565117798 -0.16978748460793386 0.8648065 0.0 0.0
3175 11202957 -4.044267622505209 -0.16985106866900648 0.86480523 0.0 0.0
3176 11202957 -4.04424767989262 -0.16991465273007914 0.86480396 0.0 0.0
3177 11202957 -4.04422773728003 -0.16997823679115176 0.86480269 0.0 0.0
3178 11202957 -4.044207794667441 -0.1700418208522244 0.86480142 0.0 0.0
3179 11202957 -4.044187852054852 -0.17010540491329704 0.86480015 0.0 0.0
3180 11202957 -4.044167909442264 -0.17016898897436966 0.86479888 0.0 0.0
3181 11202957 -4.044147966829674 -0.17023257303544231 0.86479761 0.0 0.0
3182 11202957 -4.044128024217085 -0.17029615709651494 0.86479634 0.0 0.0
3183 11202957 -4.044108081604496 -0.1703597411575876 0.86479507 0.0 0.0
3184 11202957 -4.044088138991906 -0.17042332521866022 0.8647938000000001 0.0 0.0
