14308 11322591 0.028028352780830157 0.0034178288403722925 0.33528 2.2971975277304173 2.061608597234029
14309 11322591 0.040653452857773664 0.0034583551280194156 0.33528 2.2971975277304173 2.061608597234029
14310 11322591 0.05327855293471717 0.003498881415666538 0.33528 2.2971975277304173 2.061608597234029
14311 11322591 0.07089157116093864 0.0033793804838188612 0.33528 2.2971975277304173 2.061608597234029
14312 11322591 0.0885045893871601 0.0032598795519711843 0.33528 2.2971975277304173 2.061608597234029
14313 11322591 0.10611760761338157 0.0031403786201235073 0.33528 2.2971975277304173 2.061608597234029
14314 11322591 0.12373062583960304 0.0030208776882758304 0.33528 2.2971975277304173 2.061608597234029
14315 11322591 0.1465840239500072 0.002970466669723018 0.33528 2.2971975277304173 2.061608597234029
14316 11322591 0.16943742206041135 0.002920055651170206 0.33528 2.2971975277304173 2.061608597234029
14317 11322591 0.1941480210280554 0.0024380181345305396 0.33528 2.2971975277304173 2.061608597234029
14318 11322591 0.2226202576221088 0.002596123965207961 0.33528 2.2971975277304173 2.061608597234029
14319 11322591 0.2510924942161622 0.0027542297958853823 0.33528 2.2971975277304173 2.061608597234029
14320 11322591 0.2795647308102156 0.0029123356265628036 0.33528 2.2971975277304173 2.061608597234029
14321 11322591 0.308036967404269 0.003070441457240225 0.33528 2.2971975277304173 2.061608597234029
14322 11322591 0.33540895634099643 0.003938855901953475 0.33528 2.2971975277304173 2.061608597234029
14323 11322591 0.36688504762022456 0.0037778297187690685 0.33528 2.2971975277304173 2.061608597234029
14324 11322591 0.3983611388994527 0.0036168035355846617 0.33528 2.2971975277304173 2.061608597234029
14325 11322591 0.4298372301786808 0.003455777352400255 0.33528 2.2971975277304173 2.061608597234029
14326 11322591 0.4590590501848061 0.008626920728675477 0.33528 2.2971975277304173 2.061608597234029
14327 11322591 0.4866882939299825 0.002402083888196127 0.33528 2.2971975277304173 2.061608597234029
14328 11322591 0.5205416385802468 0.006527276642655663 0.33528 2.2971975277304173 2.061608597234029
14329 11322591 0.5530602282765799 0.005481014385437008 0.33528 2.2971975277304173 2.061608597234029
14330 11322591 0.5856731509055589 0.007441592595304691 0.36576 2.2971975277304173 2.061608597234029
14331 11322591 0.6207714346444644 0.0061368008158996235 0.36576 2.2971975277304173 2.061608597234029
14332 11322591 0.6498260472654669 0.004003112414745241 0.36576 2.2971975277304173 2.061608597234029
14333 11322591 0.6829090343450346 0.006044150929816583 0.36576 2.2971975277304173 2.061608597234029
14334 11322591 0.716220729890257 0.007426458226160587 0.36576 2.2971975277304173 2.061608597234029
14335 11322591 0.7507202608131123 0.007914689150548132 0.36576 2.2971975277304173 2.061608597234029
14336 11322591 0.7852197917359676 0.008402920074935677 0.36576 2.2971975277304173 2.061608597234029
14337 11322591 0.8197193226588229 0.008891150999323222 0.36576 2.2971975277304173 2.061608597234029
14338 11322591 0.8542815710588989 0.011384262005730714 0.36576 2.2971975277304173 2.061608597234029
14339 11322591 0.888843819458975 0.013877373012138206 0.36576 2.2971975277304173 2.061608597234029
14340 11322591 0.9238382559631645 0.012257405369626273 0.36576 2.2971975277304173 2.061608597234029
14341 11322591 0.9588234324853269 0.013327626524734446 0.36576 2.2971975277304173 2.061608597234029
14342 11322591 0.9921691956138284 0.014816785130729399 0.36576 2.2971975277304173 2.061608597234029
14343 11322591 1.0265082685026328 0.011191706445221022 0.36576 2.2971975277304173 2.061608597234029
14344 11322591 1.066626228298467 0.014382449152474011 0.381 2.2971975277304173 2.061608597234029
14345 11322591 1.1067441880943016 0.017573191859727 0.39624000000000004 2.2971975277304173 2.061608597234029
14346 11322591 1.146621945472645 0.014592549356451226 0.39624000000000004 2.2971975277304173 2.061608597234029
14347 11322591 1.1840923626496314 0.01239855209662466 0.39624000000000004 2.2971975277304173 2.061608597234029
14348 11322591 1.2183874850159437 0.011358857830299524 0.39624000000000004 2.2971975277304173 2.061608597234029
14349 11322591 1.2618858875472738 0.01946264853663593 0.39624000000000004 2.2971975277304173 2.061608597234029
14350 11322591 1.3017634551850956 0.01648287908486888 0.39624000000000004 2.2971975277304173 2.061608597234029
14351 11322591 1.343158206771451 0.018147992259815088 0.39624000000000004 2.2971975277304173 2.061608597234029
14352 11322591 1.3833817839788831 0.01785940506572896 0.39624000000000004 2.2971975277304173 2.061608597234029
14353 11322591 1.4229811986560468 0.01865118629765579 0.39624000000000004 2.2971975277304173 2.061608597234029
14354 11322591 1.4625806133332102 0.01944296752958262 0.39624000000000004 2.2971975277304173 2.061608597234029
14355 11322591 1.500137448945516 0.018332201473726217 0.41148000000000007 2.2971975277304173 2.061608597234029
14356 11322591 1.5376942845578214 0.017221435417869815 0.42672000000000004 2.2971975277304173 2.061608597234029
14357 11322591 1.5804853703454227 0.01609524617753244 0.42672000000000004 2.2971975277304173 2.061608597234029
14358 11322591 1.6202936267203971 0.012906147136427903 0.42672000000000004 2.2971975277304173 2.061608597234029
14359 11322591 1.6584875358696123 0.012931452604588556 0.42672000000000004 2.2971975277304173 2.061608597234029
14360 11322591 1.6986874796471885 0.01230175923418872 0.42672000000000004 2.2971975277304173 2.061608597234029
14361 11322591 1.7388528913790262 0.011566731534656954 0.42672000000000004 2.2971975277304173 2.061608597234029
14362 11322591 1.7788678472028008 0.009011897207318709 0.42672000000000004 2.2971975277304173 2.061608597234029
14363 11322591 1.8201928428190706 0.010468666082985856 0.42672000000000004 2.2971975277304173 2.061608597234029
14364 11322591 1.862339213889267 0.006283599997563283 0.42672000000000004 2.2971975277304173 2.061608597234029
14365 11322591 1.8908833499543132 0.005314419255523915 0.44196 2.2971975277304173 2.061608597234029
14366 11322591 1.9194274860193594 0.004345238513484548 0.45720000000000005 2.2971975277304173 2.061608597234029
14367 11322591 1.9812364255622474 -0.002171714042222217 0.45720000000000005 2.2971975277304173 2.061608597234029
14368 11322591 2.021078788143262 -0.0052529954416617175 0.45720000000000005 2.2971975277304173 2.061608597234029
14369 11322591 2.062318013538447 -0.011126630249386371 0.45720000000000005 2.2971975277304173 2.061608597234029
14370 11322591 2.1000299256112376 -0.010941721455644177 0.45720000000000005 2.2971975277304173 2.061608597234029
14371 11322591 2.1399756079322048 -0.013705641705244603 0.48768 2.2971975277304173 2.061608597234029
14372 11322591 2.1822251622347735 -0.01757210895156705 0.48768 2.2971975277304173 2.061608597234029
14373 11322591 2.2226923804359227 -0.023270393559786356 0.48768 2.2971975277304173 2.061608597234029
14374 11322591 2.2631595986370723 -0.028968678168005663 0.48768 2.3864760276694317 0.9596587984065638
14375 11322591 2.3036268168382215 -0.03466696277622497 0.48768 2.3864760276694317 0.9596587984065638
14376 11322591 2.342779598739927 -0.03985772649036193 0.48768 2.3864760276694317 0.9596587984065638
14377 11322591 2.383546940403268 -0.04826228232338273 0.48768 2.3864760276694317 0.9596587984065638
14378 11322591 2.4251070501208964 -0.054238599415943084 0.48768 2.3864760276694317 0.9596587984065638
14379 11322591 2.465553444766801 -0.06253788144706576 0.48768 2.3864760276694317 0.9596587984065638
14380 11322591 2.5059793422688403 -0.06709192703893116 0.48768 2.3864760276694317 0.9596587984065638
14381 11322591 2.5464052397708796 -0.07164597263079656 0.48768 2.3864760276694317 0.9596587984065638
14382 11322591 2.584868692452594 -0.07894671132005274 0.48768 2.3864760276694317 0.9596587984065638
14383 11322591 2.625670571830611 -0.0872443009593182 0.5181600000000001 2.3864760276694317 0.9596587984065638
14384 11322591 2.6653899378175403 -0.09396154609122845 0.5181600000000001 2.3864760276694317 0.9596587984065638
14385 11322591 2.70510930380447 -0.10067879122313869 0.5181600000000001 2.3864760276694317 0.9596587984065638
14386 11322591 2.746348428294339 -0.10654842927632621 0.5181600000000001 2.3864760276694317 0.9596587984065638
14387 11322591 2.787908527425282 -0.11252260935273947 0.5181600000000001 2.3864760276694317 0.9596587984065638
14388 11322591 2.828676019346139 -0.1209244732077947 0.5181600000000001 2.3864760276694317 0.9596587984065638
14389 11322591 2.8694435112669963 -0.12932633706284993 0.5181600000000001 2.3864760276694317 0.9596587984065638
14390 11322591 2.91000477099161 -0.13754357975290726 0.5334000000000001 2.3864760276694317 0.9596587984065638
14391 11322591 2.9505660307162236 -0.1457608224429646 0.54864 2.3864760276694317 0.9596587984065638
14392 11322591 2.9910470755831966 -0.15395152153496108 0.54864 2.3864760276694317 0.9596587984065638
14393 11322591 3.031814664552731 -0.16235232817061465 0.54864 2.3864760276694317 0.9596587984065638
14394 11322591 3.074989646599888 -0.17153867357503308 0.54864 2.3864760276694317 0.9596587984065638
14395 11322591 3.118302485886164 -0.1803024799924924 0.54864 2.3864760276694317 0.9596587984065638
14396 11322591 3.160073230784537 -0.189029820506562 0.54864 2.3864760276694317 0.9596587984065638
14397 11322591 3.20184397568291 -0.1977571610206316 0.54864 2.3864760276694317 0.9596587984065638
14398 11322591 3.244284164986218 -0.2089220890983293 0.54864 2.3864760276694317 0.9596587984065638
14399 11322591 3.2852876491015137 -0.21605488309485738 0.54864 2.3864760276694317 0.9596587984065638
14400 11322591 3.3262911332168095 -0.22318767709138546 0.54864 2.3864760276694317 0.9596587984065638
14401 11322591 3.3687600244931644 -0.23453627106487027 0.5638799999999999 2.3864760276694317 0.9596587984065638
14402 11322591 3.4112289157695193 -0.24588486503835508 0.57912 2.3864760276694317 0.9596587984065638
14403 11322591 3.4499918779435657 -0.2511758682253864 0.57912 2.3864760276694317 0.9596587984065638
14404 11322591 3.4914605341340215 -0.2568823847710632 0.57912 2.3864760276694317 0.9596587984065638
14405 11322591 3.531502375386685 -0.2500912797698296 0.57912 2.3864760276694317 0.9596587984065638
14406 11322591 3.573583462384682 -0.24630171707275147 0.57912 2.3864760276694317 0.9596587984065638
14407 11322591 3.6155307705172373 -0.23475863672184874 0.6096 2.3864760276694317 0.9596587984065638
14408 11322591 3.652584117947482 -0.2191653107445888 0.6096 2.3864760276694317 0.9596587984065638
14409 11322591 3.6894103557350384 -0.19882524101100776 0.6096 2.3864760276694317 0.9596587984065638
14410 11322591 3.7214115277624913 -0.174223894482629 0.6096 2.3864760276694317 0.9596587984065638
14411 11322591 3.7564541530608544 -0.14302212110616666 0.6096 2.3864760276694317 0.9596587984065638
14412 11322591 3.7858794057775427 -0.1099872896446972 0.6096 2.3864760276694317 0.9596587984065638
14413 11322591 3.804915855116613 -0.0711483806937912 0.6096 2.3864760276694317 0.9596587984065638
14414 11322591 3.8239523044556836 -0.03230947174288522 0.6096 2.3864760276694317 0.9596587984065638
14415 11322591 3.842988753794754 0.006529437208020766 0.6096 2.3864760276694317 0.9596587984065638
14416 11322591 3.848445176531535 0.02746896231169152 0.6096 2.3864760276694317 0.9596587984065638
14417 11322591 3.8539015992683163 0.04840848741536227 0.6096 2.3864760276694317 0.9596587984065638
14418 11322591 3.8695852424975907 0.1383760182622957 0.6096 2.3864760276694317 0.9596587984065638
14419 11322591 3.8763840397700564 0.1837001427828435 0.6096 2.3864760276694317 0.9596587984065638
14420 11322591 3.883217377270064 0.22912982050181638 0.6400800000000001 2.3864760276694317 0.9596587984065638
14421 11322591 3.8868512637680066 0.2729168319184523 0.6096 2.3864760276694317 0.9596587984065638
14422 11322591 3.8958399387545066 0.3178768528049404 0.6096 2.3864760276694317 0.9596587984065638
14423 11322591 3.8997504764593893 0.3641434942030606 0.6400800000000001 2.3864760276694317 0.9596587984065638
14424 11322591 3.905722968368128 0.4069338114474592 0.6400800000000001 2.3864760276694317 0.9596587984065638
14425 11322591 3.9095295336544478 0.45124859952673 0.6400800000000001 2.3864760276694317 0.9596587984065638
14426 11322591 3.916432349469546 0.49688930603178594 0.6400800000000001 2.3864760276694317 0.9596587984065638
14427 11322591 3.9173043626327066 0.5414608424271091 0.6400800000000001 2.3864760276694317 0.9596587984065638
14428 11322591 3.923220124215092 0.5846201637144318 0.6400800000000001 2.3864760276694317 0.9596587984065638
14429 11322591 3.9265339539778497 0.6285117443704794 0.6400800000000001 2.3864760276694317 0.9596587984065638
14430 11322591 3.9309612003183734 0.6747267098394875 0.6400800000000001 2.3864760276694317 0.9596587984065638
14431 11322591 3.9345219284185284 0.7188298003098924 0.6553200000000001 2.3864760276694317 0.9596587984065638
14432 11322591 3.9380826565186835 0.7629328907802974 0.67056 2.3864760276694317 0.9596587984065638
14433 11322591 3.9415574368854633 0.8067720225444168 0.6400800000000001 2.3864760276694317 0.9596587984065638
14434 11322591 3.941094601729351 0.8507864147661516 0.6553200000000001 2.3864760276694317 0.9596587984065638
14435 11322591 3.9406317665732384 0.8948008069878863 0.67056 2.3864760276694317 0.9596587984065638
14436 11322591 3.9334001215697363 0.93956396109287 0.67056 2.3864760276694317 0.9596587984065638
14437 11322591 3.9195348505582417 0.9805929390235606 0.67056 2.3864760276694317 0.9596587984065638
14438 11322591 3.905669579546747 1.0216219169542513 0.67056 2.3864760276694317 0.9596587984065638
14439 11322591 3.881549914795336 1.0619674367741179 0.67056 2.3864760276694317 0.9596587984065638
14440 11322591 3.854423280185232 1.0958183661809995 0.67056 2.3864760276694317 0.9596587984065638
14441 11322591 3.8186290932143665 1.1275920047450636 0.67056 2.3864760276694317 0.9596587984065638
14442 11322591 3.7813881236335725 1.1549318866861418 0.67056 2.3864760276694317 0.9596587984065638
14443 11322591 3.738708456796859 1.1737673798842694 0.67056 2.3864760276694317 0.9596587984065638
14444 11322591 3.6952364575097665 1.1901750347444766 0.67056 2.3864760276694317 0.9596587984065638
14445 11322591 3.6523905651920012 1.1992529153061442 0.67056 2.3864760276694317 0.9596587984065638
14446 11322591 3.6078223667542986 1.203870147681737 0.67056 2.3864760276694317 0.9596587984065638
14447 11322591 3.5576365070370493 1.2078681195062855 0.67056 2.3864760276694317 0.9596587984065638
14448 11322591 3.5155610168723412 1.2115556011417514 0.67056 2.3864760276694317 0.9596587984065638
14449 11322591 3.473485526707633 1.2152430827772174 0.67056 2.3864760276694317 0.9596587984065638
14450 11322591 3.4297276677444994 1.2144569780985621 0.67056 2.3864760276694317 0.9596587984065638
14451 11322591 3.3836807337613486 1.2107387334731154 0.67056 2.3864760276694317 0.9596587984065638
14452 11322591 3.3376337997781977 1.2070204888476688 0.67056 2.3864760276694317 0.9596587984065638
14453 11322591 3.294276812267637 1.2061042703750675 0.67056 2.3864760276694317 0.9596587984065638
14454 11322591 3.248478382715276 1.2058684635141022 0.6400800000000001 2.3864760276694317 0.9596587984065638
14455 11322591 3.2040308378987366 1.2029724000215698 0.6400800000000001 2.3864760276694317 0.9596587984065638
14456 11322591 3.1570039727651054 1.20033452452999 0.6400800000000001 2.3864760276694317 0.9596587984065638
14457 11322591 3.1102182405196652 1.1984359273484653 0.6400800000000001 2.3864760276694317 0.9596587984065638
14458 11322591 3.076169987286252 1.1981618152019582 0.6400800000000001 2.3864760276694317 0.9596587984065638
14459 11322591 3.0421217340528393 1.1978877030554511 0.6400800000000001 2.3864760276694317 0.9596587984065638
14460 11322591 2.971318704097608 1.1961208919631805 0.6400800000000001 2.3864760276694317 0.9596587984065638
14461 11322591 2.9269934365242816 1.1968663568489553 0.6400800000000001 2.3864760276694317 0.9596587984065638
14462 11322591 2.8826681689509552 1.19761182173473 0.6400800000000001 2.3864760276694317 0.9596587984065638
14463 11322591 2.8325443564249673 1.193650617217277 0.6400800000000001 2.3864760276694317 0.9596587984065638
14464 11322591 2.7833165704851246 1.1924344640851932 0.6400800000000001 2.3864760276694317 0.9596587984065638
14465 11322591 2.7339163360640466 1.190690826418989 0.6400800000000001 2.3864760276694317 0.9596587984065638
14466 11322591 2.6838610735767796 1.186941798835906 0.6400800000000001 2.3864760276694317 0.9596587984065638
14467 11322591 2.6322260453235637 1.18651260046572 0.6400800000000001 2.3864760276694317 0.9596587984065638
14468 11322591 2.588432102312272 1.1856261122866893 0.6400800000000001 2.3864760276694317 0.9596587984065638
14469 11322591 2.5415762184227315 1.1835201288898527 0.6400800000000001 2.3864760276694317 0.9596587984065638
14470 11322591 2.4924220191680635 1.1819898528173747 0.6400800000000001 2.3864760276694317 0.9596587984065638
14471 11322591 2.4432678199133955 1.1804595767448967 0.6400800000000001 2.3864760276694317 0.9596587984065638
14472 11322591 2.3957791949958467 1.1758741859589854 0.6096 2.3864760276694317 0.9596587984065638
14473 11322591 2.346836881737887 1.1744506911676693 0.6096 2.3864760276694317 0.9596587984065638
14474 11322591 2.2992220149606686 1.1700239086523652 0.6096 2.3864760276694317 0.9596587984065638
14475 11322591 2.2460347361399498 1.1648471716825928 0.6096 2.3864760276694317 0.9596587984065638
14476 11322591 2.2114422111155507 1.162914589873337 0.6096 2.3864760276694317 0.9596587984065638
14477 11322591 2.1768496860911517 1.1609820080640811 0.6096 2.3864760276694317 0.9596587984065638
14478 11322591 2.116866586582259 1.1560690042235722 0.6096 2.3864760276694317 0.9596587984065638
14479 11322591 2.056883487073366 1.1511560003830634 0.6096 2.3864760276694317 0.9596587984065638
14480 11322591 2.0105544222798253 1.1499909942210151 0.6248400000000001 2.3864760276694317 0.9596587984065638
14481 11322591 1.964225357486285 1.1488259880589669 0.6400800000000001 2.3864760276694317 0.9596587984065638
14482 11322591 1.920176094448484 1.145806916837782 0.6400800000000001 2.3864760276694317 0.9596587984065638
14483 11322591 1.8744703402251384 1.1431540456738127 0.6400800000000001 2.3864760276694317 0.9596587984065638
14484 11322591 1.828764586001793 1.1405011745098432 0.6400800000000001 2.3864760276694317 0.9596587984065638
14485 11322591 1.7819069321611243 1.1384001929929273 0.6400800000000001 2.3864760276694317 0.9596587984065638
14486 11322591 1.736663014208139 1.1330853912948415 0.6400800000000001 2.3864760276694317 0.9596587984065638
14487 11322591 1.689632723213861 1.1304572132004693 0.6400800000000001 2.3864760276694317 0.9596587984065638
14488 11322591 1.6456517830567883 1.127650960652786 0.6400800000000001 2.3864760276694317 0.9596587984065638
14489 11322591 1.5983672386995345 1.1228866949141243 0.6400800000000001 2.3864760276694317 0.9596587984065638
14490 11322591 1.5563918545624844 1.1194257607563516 0.6400800000000001 2.3864760276694317 0.9596587984065638
14491 11322591 1.511112835301231 1.114006828614302 0.6400800000000001 2.3864760276694317 0.9596587984065638
14492 11322591 1.4635302071274567 1.1096911868093005 0.6096 2.3864760276694317 0.9596587984065638
14493 11322591 1.4189406440754353 1.1063840300364063 0.6096 2.3864760276694317 0.9596587984065638
14494 11322591 1.374096882745596 1.100940469140149 0.6096 2.3864760276694317 0.9596587984065638
14495 11322591 1.3285977344578277 1.0934915693970317 0.6096 2.3864760276694317 0.9596587984065638
14496 11322591 1.2825938135532013 1.0858573465528798 0.6096 2.3864760276694317 0.9596587984065638
14497 11322591 1.2386172261891746 1.0762760061906755 0.6096 2.3864760276694317 0.9596587984065638
14498 11322591 1.1946406388251476 1.066694665828471 0.6096 2.3864760276694317 0.9596587984065638
14499 11322591 1.1518621671602396 1.0509976573348352 0.6400800000000001 2.3864760276694317 0.9596587984065638
14500 11322591 1.1135644944756984 1.0332526470919747 0.6400800000000001 2.3864760276694317 0.9596587984065638
14501 11322591 1.0770811766304806 1.0126368712858935 0.6400800000000001 2.3864760276694317 0.9596587984065638
14502 11322591 1.0405978587852627 0.9920210954798123 0.6400800000000001 2.3864760276694317 0.9596587984065638
14503 11322591 1.0046886952467005 0.9663695409017828 0.6400800000000001 2.3864760276694317 0.9596587984065638
14504 11322591 0.9711608515014892 0.9371361141946435 0.6400800000000001 2.3864760276694317 0.9596587984065638
14505 11322591 0.9436937564059122 0.9033521804803681 0.6400800000000001 2.3864760276694317 0.9596587984065638
14506 11322591 0.9162266613103351 0.8695682467660929 0.6400800000000001 2.3864760276694317 0.9596587984065638
14507 11322591 0.8892294933881588 0.8358644712351477 0.6400800000000001 2.3864760276694317 0.9596587984065638
14508 11322591 0.8672730673300726 0.7978849830472461 0.6400800000000001 2.3864760276694317 0.9596587984065638
14509 11322591 0.8453166412719864 0.7599054948593443 0.6400800000000001 2.3864760276694317 0.9596587984065638
14510 11322591 0.8270737774304201 0.7206541544901858 0.6400800000000001 2.3864760276694317 0.9596587984065638
14511 11322591 0.8120508035881469 0.6792992238817046 0.6400800000000001 2.3864760276694317 0.9596587984065638
14512 11322591 0.7970278297458737 0.6379442932732233 0.6400800000000001 2.3864760276694317 0.9596587984065638
14513 11322591 0.7833516155664225 0.5960908819035741 0.6400800000000001 2.3864760276694317 0.9596587984065638
14514 11322591 0.7696754013869713 0.5542374705339248 0.6400800000000001 2.3864760276694317 0.9596587984065638
14515 11322591 0.7555680344008803 0.5110645992533936 0.6400800000000001 2.3864760276694317 0.9596587984065638
14516 11322591 0.7382946840019817 0.46635604705990497 0.6400800000000001 2.3864760276694317 0.9596587984065638
14517 11322591 0.7218146292069745 0.42407532255676095 0.6400800000000001 2.3864760276694317 0.9596587984065638
14518 11322591 0.7084660686464459 0.383224726318227 0.6400800000000001 2.3864760276694317 0.9596587984065638
14519 11322591 0.6952554785958955 0.3427963611681273 0.6400800000000001 2.3864760276694317 0.9596587984065638
14520 11322591 0.6788098621552267 0.30062122207292485 0.6400800000000001 2.3864760276694317 0.9596587984065638
14521 11322591 0.6646679644344377 0.2573428263933576 0.6400800000000001 2.3864760276694317 0.9596587984065638
14522 11322591 0.648187813620598 0.21506215161739037 0.6400800000000001 2.3864760276694317 0.9596587984065638
14523 11322591 0.6325009621164391 0.175209301812645 0.6400800000000001 2.3864760276694317 0.9596587984065638
14524 11322591 0.6184625152678556 0.13224759588943175 0.6400800000000001 2.3864760276694317 0.9596587984065638
14525 11322591 0.6051139193137273 0.091397033122712 0.6400800000000001 2.3864760276694317 0.9596587984065638
14526 11322591 0.5924896666097939 0.052763170089090816 0.6400800000000001 2.3864760276694317 0.9596587984065638
14527 11322591 0.5784512226131013 0.00980147282013745 0.6400800000000001 2.3864760276694317 0.9596587984065638
14528 11322591 0.569123950347783 -0.03505015634054412 0.6400800000000001 2.3864760276694317 0.9596587984065638
14529 11322591 0.5624110330378698 -0.08005509019738288 0.6400800000000001 2.3864760276694317 0.9596587984065638
14530 11322591 0.5598977347349092 -0.1219928355746244 0.6400800000000001 2.3864760276694317 0.9596587984065638
14531 11322591 0.5603642758264582 -0.16595569235911117 0.6400800000000001 2.3864760276694317 0.9596587984065638
14532 11322591 0.5608308169180072 -0.20991854914359795 0.6400800000000001 2.3864760276694317 0.9596587984065638
14533 11322591 0.5679018681088098 -0.25487111648411576 0.6400800000000001 2.3864760276694317 0.9596587984065638
14534 11322591 0.5749729192996125 -0.29982368382463354 0.6400800000000001 2.3864760276694317 0.9596587984065638
14535 11322591 0.5852105497991453 -0.3432406324408278 0.67056 2.3864760276694317 0.9596587984065638
14536 11322591 0.6010221094117216 -0.38590855929718904 0.67056 2.3864760276694317 0.9596587984065638
14537 11322591 0.6233952308687984 -0.4261640439504468 0.67056 2.3864760276694317 0.9596587984065638
14538 11322591 0.6412481090050982 -0.469381862010557 0.67056 2.3864760276694317 0.9596587984065638
14539 11322591 0.6715893742290342 -0.5056396462483943 0.67056 2.3864760276694317 0.9596587984065638
14540 11322591 0.7019306394529701 -0.5418974304862317 0.67056 2.3864760276694317 0.9596587984065638
14541 11322591 0.7335690029862977 -0.5701087558339387 0.67056 2.3864760276694317 0.9596587984065638
14542 11322591 0.7706672722634245 -0.5968325523282747 0.67056 2.3864760276694317 0.9596587984065638
14543 11322591 0.8078340962406997 -0.6241626048198375 0.67056 2.3864760276694317 0.9596587984065638
14544 11322591 0.8455423066741874 -0.6487486161441355 0.67056 2.3864760276694317 0.9596587984065638
14545 11322591 0.8862352509887645 -0.6696362890291694 0.67056 2.3864760276694317 0.9596587984065638
14546 11322591 0.9269281953033417 -0.6905239619142032 0.67056 2.3864760276694317 0.9596587984065638
14547 11322591 0.9719913739666384 -0.7102687113511094 0.67056 2.3864760276694317 0.9596587984065638
14548 11322591 1.0150092924415364 -0.7281181839644417 0.67056 2.3864760276694317 0.9596587984065638
14549 11322591 1.0580272109164341 -0.745967656577774 0.67056 2.3864760276694317 0.9596587984065638
14550 11322591 1.0997584207980198 -0.7595995751614762 0.67056 2.3864760276694317 0.9596587984065638
14551 11322591 1.143138699150792 -0.7763400131580303 0.67056 2.3864760276694317 0.9596587984065638
14552 11322591 1.1889956419942456 -0.7936554820435301 0.67056 2.3864760276694317 0.9596587984065638
14553 11322591 1.232341683798341 -0.8105009313171145 0.67056 2.3864760276694317 0.9596587984065638
14554 11322591 1.27568784643326 -0.8273461138069741 0.67056 2.3864760276694317 0.9596587984065638
14555 11322591 1.3222347391202702 -0.8425494911439204 0.67056 2.3864760276694317 0.9596587984065638
14556 11322591 1.3678056378069297 -0.8596533843397505 0.67056 2.3864760276694317 0.9596587984065638
14557 11322591 1.412904700886242 -0.8792897513889165 0.67056 2.3864760276694317 0.9596587984065638
14558 11322591 1.4562112913787613 -0.896120583893446 0.67056 2.3864760276694317 0.9596587984065638
14559 11322591 1.4995178818712804 -0.9129514163979754 0.67056 2.3864760276694317 0.9596587984065638
14560 11322591 1.5435774565556826 -0.927340806511009 0.67056 2.3864760276694317 0.9596587984065638
14561 11322591 1.589240600508984 -0.9447066636226213 0.6553200000000001 2.3864760276694317 0.9596587984065638
14562 11322591 1.6349037444622856 -0.9620725207342337 0.6400800000000001 2.3864760276694317 0.9596587984065638
14563 11322591 1.6759812440904995 -0.9777067203769146 0.6400800000000001 2.3864760276694317 0.9596587984065638
14564 11322591 1.7197423333907673 -0.9932822754739992 0.6400800000000001 2.3864760276694317 0.9596587984065638
14565 11322591 1.763503422691035 -1.0088578305710836 0.6400800000000001 2.3864760276694317 0.9596587984065638
14566 11322591 1.8068165433473113 -1.0258053074448261 0.6400800000000001 2.3864760276694317 0.9596587984065638
14567 11322591 1.8471705875943571 -1.043655348913716 0.6400800000000001 2.3864760276694317 0.9596587984065638
14568 11322591 1.8856686077224123 -1.0590299510580075 0.6400800000000001 2.3864760276694317 0.9596587984065638
14569 11322591 1.9267467547506472 -1.0746626880382735 0.6400800000000001 2.3864760276694317 0.9596587984065638
14570 11322591 1.9640509137972324 -1.092333815755252 0.6400800000000001 2.3864760276694317 0.9596587984065638
14571 11322591 2.004693531144402 -1.1079406370763694 0.6400800000000001 2.3864760276694317 0.9596587984065638
14572 11322591 2.0474558815094253 -1.126575671372879 0.6096 2.3864760276694317 0.9596587984065638
14573 11322591 2.086948998811759 -1.1470634656875747 0.6096 2.3864760276694317 0.9596587984065638
14574 11322591 2.1272350025492006 -1.1651230340128351 0.6096 2.3864760276694317 0.9596587984065638
14575 11322591 2.1667973610002416 -1.185399250605587 0.6096 2.3864760276694317 0.9596587984065638
14576 11322591 2.204412072662292 -1.202936483663506 0.6096 2.3864760276694317 0.9596587984065638
14577 11322591 2.242026784324343 -1.2204737167214246 0.6096 2.3864760276694317 0.9596587984065638
14578 11322591 2.279285779485831 -1.2388288786323312 0.6096 2.3864760276694317 0.9596587984065638
14579 11322591 2.3165447746473196 -1.257184040543238 0.6096 2.3864760276694317 0.9596587984065638
14580 11322591 2.3536656542869254 -1.27677874199691 0.6096 2.3864760276694317 0.9596587984065638
14581 11322591 2.3939181407242334 -1.294942353379611 0.6096 2.3864760276694317 0.9596587984065638
14582 11322591 2.4307203709163643 -1.3107526949144708 0.6096 2.3864760276694317 0.9596587984065638
14583 11322591 2.467522601108495 -1.3265630364493304 0.6096 2.3864760276694317 0.9596587984065638
14584 11322591 2.504208263036943 -1.3461315160769318 0.6096 2.3864760276694317 0.9596587984065638
14585 11322591 2.542331398154592 -1.358575825833525 0.59436 2.3864760276694317 0.9596587984065638
14586 11322591 2.580454533272241 -1.3710201355901181 0.57912 2.3864760276694317 0.9596587984065638
14587 11322591 2.6197816622223584 -1.3838571007919744 0.57912 2.3864760276694317 0.9596587984065638
14588 11322591 2.658787824206594 -1.396589057467511 0.57912 2.3864760276694317 0.9596587984065638
14589 11322591 2.6979545763444785 -1.4093731916074579 0.57912 2.3864760276694317 0.9596587984065638
14590 11322591 2.738442525284758 -1.4175652697339898 0.57912 2.3864760276694317 0.9596587984065638
14591 11322591 2.7806986842101757 -1.4214278873078359 0.5638799999999999 2.3864760276694317 0.9596587984065638
14592 11322591 2.8229548431355935 -1.425290504881682 0.54864 2.3864760276694317 0.9596587984065638
14593 11322591 2.86435363982112 -1.4236162890733028 0.54864 2.3864760276694317 0.9596587984065638
14594 11322591 2.907758854821849 -1.4225966921985032 0.54864 2.3864760276694317 0.9596587984065638
14595 11322591 2.948618192918844 -1.409648560482253 0.54864 2.3864760276694317 0.9596587984065638
14596 11322591 2.9894775310158392 -1.396700428766003 0.54864 2.3864760276694317 0.9596587984065638
14597 11322591 3.027810403009255 -1.3788390369135655 0.54864 2.3864760276694317 0.9596587984065638
14598 11322591 3.0629698107991836 -1.3541011235326843 0.54864 2.3864760276694317 0.9596587984065638
14599 11322591 3.0981292185891123 -1.3293632101518031 0.54864 2.3864760276694317 0.9596587984065638
14600 11322591 3.1247828634002923 -1.297760886623342 0.54864 2.3864760276694317 0.9596587984065638
14601 11322591 3.1549011561895774 -1.2626166548308861 0.54864 2.3864760276694317 0.9596587984065638
14602 11322591 3.1752845566201833 -1.2254636204755567 0.5334000000000001 2.3864760276694317 0.9596587984065638
14603 11322591 3.195667957050789 -1.1883105861202274 0.5181600000000001 2.3864760276694317 0.9596587984065638
14604 11322591 3.216544912691255 -1.1499168421999313 0.5181600000000001 2.3864760276694317 0.9596587984065638
14605 11322591 3.2315618913285933 -1.1120638337003876 0.5181600000000001 2.3864760276694317 0.9596587984065638
14606 11322591 3.2508621347159257 -1.0733307485253856 0.5181600000000001 2.3864760276694317 0.9596587984065638
14607 11322591 3.270162378103258 -1.0345976633503835 0.5181600000000001 2.3864760276694317 0.9596587984065638
14608 11322591 3.2875868936884727 -0.997530304860189 0.48768 2.3864760276694317 0.9596587984065638
14609 11322591 3.3033156839469417 -0.9574954256212415 0.48768 2.3864760276694317 0.9596587984065638
14610 11322591 3.3190444742054104 -0.9174605463822939 0.48768 2.3864760276694317 0.9596587984065638
14611 11322591 3.3347732644638794 -0.8774256671433464 0.48768 2.3864760276694317 0.9596587984065638
14612 11322591 3.349652205195908 -0.8399948346684394 0.48768 2.3864760276694317 0.9596587984065638
14613 11322591 3.3590613744295634 -0.802998477627722 0.48768 2.3864760276694317 0.9596587984065638
14614 11322591 3.371618845482212 -0.7645180322502426 0.48768 1.5869194662810213 2.024326912220049
14615 11322591 3.3841763165348606 -0.7260375868727632 0.48768 1.5869194662810213 2.024326912220049
14616 11322591 3.400639963163009 -0.6837504839374718 0.48768 1.5869194662810213 2.024326912220049
14617 11322591 3.41042816539286 -0.6455928618685614 0.48768 1.5869194662810213 2.024326912220049
14618 11322591 3.420216367622711 -0.6074352397996509 0.48768 1.5869194662810213 2.024326912220049
14619 11322591 3.4272870406199694 -0.5694421067601921 0.48768 1.5869194662810213 2.024326912220049
14620 11322591 3.4339271473102504 -0.5327686206068409 0.48768 1.5869194662810213 2.024326912220049
14621 11322591 3.4405672540005314 -0.49609513445348974 0.48768 1.5869194662810213 2.024326912220049
14622 11322591 3.447534725095676 -0.45841874461578 0.48768 1.5869194662810213 2.024326912220049
14623 11322591 3.4514746610231244 -0.4218569880315568 0.48768 1.5869194662810213 2.024326912220049
14624 11322591 3.4557024652490442 -0.38305289669880427 0.48768 1.5869194662810213 2.024326912220049
14625 11322591 3.453496248791984 -0.34763933915946377 0.48768 1.5869194662810213 2.024326912220049
14626 11322591 3.452587143502843 -0.3096119080137132 0.48768 1.5869194662810213 2.024326912220049
14627 11322591 3.4425733495373456 -0.2736361278725469 0.48768 1.5869194662810213 2.024326912220049
14628 11322591 3.4325595555718484 -0.23766034773138053 0.48768 1.5869194662810213 2.024326912220049
14629 11322591 3.413429077842399 -0.2051339200135766 0.48768 1.5869194662810213 2.024326912220049
14630 11322591 3.3942986001129496 -0.17260749229577269 0.48768 1.5869194662810213 2.024326912220049
14631 11322591 3.3740659182468944 -0.14345922868247354 0.48768 1.5869194662810213 2.024326912220049
14632 11322591 3.34984117165222 -0.1183814333763448 0.48768 1.5869194662810213 2.024326912220049
14633 11322591 3.320844097279033 -0.09840437731188947 0.45720000000000005 1.5869194662810213 2.024326912220049
14634 11322591 3.2912147196388073 -0.08172523074318641 0.45720000000000005 1.5869194662810213 2.024326912220049
14635 11322591 3.2603105795687277 -0.06895201680317056 0.45720000000000005 1.5869194662810213 2.024326912220049
14636 11322591 3.227252625399193 -0.053256182017048764 0.45720000000000005 1.5869194662810213 2.024326912220049
14637 11322591 3.1920929005364167 -0.04399988693601112 0.45720000000000005 1.5869194662810213 2.024326912220049
14638 11322591 3.157597823130633 -0.03542760603033515 0.45720000000000005 1.5869194662810213 2.024326912220049
14639 11322591 3.126425821623765 -0.030276120309797788 0.45720000000000005 1.5869194662810213 2.024326912220049
14640 11322591 3.0857279162108924 -0.021664716405476764 0.45720000000000005 1.5869194662810213 2.024326912220049
14641 11322591 3.051791734433076 -0.018180593283617236 0.42672000000000004 1.5869194662810213 2.024326912220049
14642 11322591 3.01706297208655 -0.01712436995312719 0.42672000000000004 1.5869194662810213 2.024326912220049
14643 11322591 2.9827255295111756 -0.0135089496566754 0.42672000000000004 1.5869194662810213 2.024326912220049
14644 11322591 2.94668721191512 -0.016463957550455183 0.42672000000000004 1.5869194662810213 2.024326912220049
14645 11322591 2.9079018357340365 -0.011513073872189333 0.42672000000000004 1.5869194662810213 2.024326912220049
14646 11322591 2.8720160381663464 -0.00855978372465993 0.42672000000000004 1.5869194662810213 2.024326912220049
14647 11322591 2.8361302405986564 -0.005606493577130528 0.42672000000000004 1.5869194662810213 2.024326912220049
14648 11322591 2.801905879009215 -0.004363489774074164 0.42672000000000004 1.5869194662810213 2.024326912220049
14649 11322591 2.7637135493468943 -0.004394950370281453 0.42672000000000004 1.5869194662810213 2.024326912220049
14650 11322591 2.7285832815611357 -0.0032063326552785043 0.42672000000000004 1.5869194662810213 2.024326912220049
14651 11322591 2.6907920697315006 -0.003368382813728338 0.42672000000000004 1.5869194662810213 2.024326912220049
14652 11322591 2.6538279469483497 -0.0009966406129388317 0.39624000000000004 1.5869194662810213 2.024326912220049
14653 11322591 2.615635417701656 -0.0010273039262605754 0.39624000000000004 1.5869194662810213 2.024326912220049
14654 11322591 2.5833135187830942 -0.0007548855479983241 0.39624000000000004 1.5869194662810213 2.024326912220049
14655 11322591 2.548584269979225 0.0003036338987466858 0.39624000000000004 1.5869194662810213 2.024326912220049
14656 11322591 2.5103915940499246 0.0002735370870820264 0.39624000000000004 1.5869194662810213 2.024326912220049
14657 11322591 2.4749616168930415 -0.0005415659092442848 0.39624000000000004 1.5869194662810213 2.024326912220049
14658 11322591 2.44447223221264 -0.003086438334852032 0.39624000000000004 1.5869194662810213 2.024326912220049
14659 11322591 2.411094017930189 -0.004687979513082946 0.39624000000000004 1.5869194662810213 2.024326912220049
14660 11322591 2.3781972122269996 -0.006446566645910007 0.39624000000000004 1.5869194662810213 2.024326912220049
14661 11322591 2.344347089243652 -0.010580593468629468 0.39624000000000004 1.5869194662810213 2.024326912220049
14662 11322591 2.308735924547735 -0.0075974880716445925 0.39624000000000004 1.5869194662810213 2.024326912220049
14663 11322591 2.273124759851817 -0.004614382674659717 0.39624000000000004 1.5869194662810213 2.024326912220049
14664 11322591 2.243922317210223 -0.002672278973570058 0.39624000000000004 1.5869194662810213 2.024326912220049
14665 11322591 2.211519725557113 -0.0023719653190136525 0.39624000000000004 1.5869194662810213 2.024326912220049
14666 11322591 2.1811683780272393 -0.0036758299233964342 0.39624000000000004 1.5869194662810213 2.024326912220049
14667 11322591 2.1508170304973655 -0.004979694527779216 0.39624000000000004 1.5869194662810213 2.024326912220049
14668 11322591 2.121372039281204 -0.005411149155074485 0.39624000000000004 1.5869194662810213 2.024326912220049
14669 11322591 2.0888777298336603 -0.0048466667788503726 0.381 1.5869194662810213 2.024326912220049
14670 11322591 2.0563834203861164 -0.00428218440262626 0.36576 1.5869194662810213 2.024326912220049
14671 11322591 2.02668629206066 -0.004397302655446522 0.36576 1.5869194662810213 2.024326912220049
14672 11322591 1.9955482304988528 0.0008647360037513097 0.36576 1.5869194662810213 2.024326912220049
14673 11322591 1.9667925516658644 0.002545190284959503 0.36576 1.5869194662810213 2.024326912220049
14674 11322591 1.9324887431557638 0.006271270134416501 0.36576 1.5869194662810213 2.024326912220049
14675 11322591 1.9031392189682335 0.003414684090203554 0.36576 1.5869194662810213 2.024326912220049
14676 11322591 1.8737896947807031 0.0005580980459906071 0.36576 1.5869194662810213 2.024326912220049
14677 11322591 1.846201299190353 -0.0007122882972832034 0.36576 1.5869194662810213 2.024326912220049
14678 11322591 1.814751670391118 0.0019653663803819166 0.36576 1.5869194662810213 2.024326912220049
14679 11322591 1.7835754081720252 0.0022174951483587 0.36576 1.5869194662810213 2.024326912220049
14680 11322591 1.7523991459529324 0.002469623916335484 0.36576 1.5869194662810213 2.024326912220049
14681 11322591 1.7224549972379766 0.002144351739346989 0.36576 1.5869194662810213 2.024326912220049
14682 11322591 1.6925108485230207 0.0018190795623584943 0.36576 1.5869194662810213 2.024326912220049
14683 11322591 1.6604060157899994 0.0024917418272758507 0.36576 1.5869194662810213 2.024326912220049
14684 11322591 1.6286409999113363 -0.002320304138723417 0.36576 1.5869194662810213 2.024326912220049
14685 11322591 1.597712829202478 -0.007288740911745431 0.36576 1.5869194662810213 2.024326912220049
14686 11322591 1.5675337061324388 -0.007244682665540195 0.36576 1.5869194662810213 2.024326912220049
14687 11322591 1.5398590133897145 -0.000892306152637995 0.36576 1.5869194662810213 2.024326912220049
14688 11322591 1.5143872626839825 -0.00016591258796581215 0.35052 1.5869194662810213 2.024326912220049
14689 11322591 1.4889155119782504 0.0005604809767063706 0.33528 1.5869194662810213 2.024326912220049
14690 11322591 1.4614645799978176 -0.0002861673291685296 0.33528 1.5869194662810213 2.024326912220049
14691 11322591 1.429923088827219 0.002656739883177578 0.33528 1.5869194662810213 2.024326912220049
14692 11322591 1.40110197542891 0.001965861243179573 0.33528 1.5869194662810213 2.024326912220049
14693 11322591 1.372280862030601 0.001274982603181568 0.33528 1.5869194662810213 2.024326912220049
14694 11322591 1.3458974573281175 0.0020660393867585336 0.33528 1.5869194662810213 2.024326912220049
14695 11322591 1.3172884553657775 0.0014814162502452405 0.33528 1.5869194662810213 2.024326912220049
14696 11322591 1.2886794534034378 0.0008967931137319474 0.33528 1.5869194662810213 2.024326912220049
14697 11322591 1.263969812664416 0.0013750184308574664 0.33528 1.5869194662810213 2.024326912220049
14698 11322591 1.2352479657066378 0.0031640009857416135 0.33528 1.5869194662810213 2.024326912220049
14699 11322591 1.2057581467955327 0.0053207976792494505 0.33528 1.5869194662810213 2.024326912220049
14700 11322591 1.180562541691435 0.005218237073891435 0.33528 1.5869194662810213 2.024326912220049
14701 11322591 1.1553669365873371 0.00511567646853342 0.33528 1.5869194662810213 2.024326912220049
14702 11322591 1.1301713314832393 0.005013115863175405 0.33528 1.5869194662810213 2.024326912220049
14703 11322591 1.10786887388982 0.004705446250277814 0.33528 1.5869194662810213 2.024326912220049
14704 11322591 1.0839615220364256 0.004922149880642962 0.33528 1.5869194662810213 2.024326912220049
14705 11322591 1.0586654515066742 0.0036065829827934826 0.33528 1.5869194662810213 2.024326912220049
14706 11322591 1.034689080733725 0.003612334194942418 0.33528 1.5869194662810213 2.024326912220049
14707 11322591 1.0128567272807696 0.0033850023363690696 0.33528 1.5869194662810213 2.024326912220049
14708 11322591 0.9941214029090324 0.004482428317127418 0.33528 1.5869194662810213 2.024326912220049
14709 11322591 0.9776318690451999 0.0036195229410724006 0.33528 1.5869194662810213 2.024326912220049
14710 11322591 0.9611423351813674 0.002756617565017383 0.33528 1.5869194662810213 2.024326912220049
14711 11322591 0.9423035166830037 0.0035375043254002314 0.33528 1.5869194662810213 2.024326912220049
14712 11322591 0.9233485898347603 0.002603978006359031 0.33528 1.5869194662810213 2.024326912220049
14713 11322591 0.9076300394379104 0.005052511152949982 0.33528 1.5869194662810213 2.024326912220049
14714 11322591 0.8931084782872906 0.0060001596953870515 0.33528 1.5869194662810213 2.024326912220049
14715 11322591 0.8785869171366707 0.006947808237824121 0.33528 1.5869194662810213 2.024326912220049
14716 11322591 0.8657026375542043 0.005024035124048115 0.33528 1.5869194662810213 2.024326912220049
14717 11322591 0.8528183579717379 0.003100262010272109 0.33528 1.5869194662810213 2.024326912220049
14718 11322591 0.8434907707515334 0.003636077505612262 0.33528 1.5869194662810213 2.024326912220049
14719 11322591 0.834163183531329 0.004171893000952415 0.33528 1.5869194662810213 2.024326912220049
14720 11322591 0.8285553133963434 0.003317138933551997 0.33528 1.5869194662810213 2.024326912220049
14721 11322591 0.8213333808724874 0.005676769980681853 0.33528 1.5869194662810213 2.024326912220049
14722 11322591 0.8143557311984296 0.005386406657861845 0.33528 1.5869194662810213 2.024326912220049
14723 11322591 0.8073780815243718 0.005096043335041836 0.33528 1.5869194662810213 2.024326912220049
14724 11322591 0.8004447222384824 0.009697947868629972 0.33528 1.5869194662810213 2.024326912220049
14725 11322591 0.7980374133107708 0.010484500340920494 0.33528 1.5869194662810213 2.024326912220049
14726 11322591 0.7916432392648012 0.015377553239573308 0.33528 1.5869194662810213 2.024326912220049
14727 11322591 0.7907189896312283 0.020703099553267754 0.33528 1.5869194662810213 2.024326912220049
14728 11322591 0.7897947399976556 0.0260286458669622 0.33528 1.5869194662810213 2.024326912220049
14729 11322591 0.7914169277638858 0.027520375723737965 0.33528 1.5869194662810213 2.024326912220049
14730 11322591 0.7930391155301161 0.02901210558051373 0.33528 1.5869194662810213 2.024326912220049
14731 11322591 0.7946613032963463 0.030503835437289496 0.33528 1.5869194662810213 2.024326912220049
14732 11322591 0.7962834910625767 0.03199556529406526 0.33528 1.5869194662810213 2.024326912220049
14733 11322591 0.7979056788288069 0.03348729515084103 0.33528 1.5869194662810213 2.024326912220049
14734 11322591 0.7995278665950372 0.03497902500761679 0.33528 1.5869194662810213 2.024326912220049
14735 11322591 0.8011500543612674 0.03647075486439255 0.33528 1.5869194662810213 2.024326912220049
14736 11322591 0.8027722421274976 0.037962484721168324 0.33528 1.5869194662810213 2.024326912220049
14737 11322591 0.8043944298937279 0.03945421457794408 0.33528 1.5869194662810213 2.024326912220049
14738 11322591 0.8060166176599581 0.040945944434719855 0.33528 1.5869194662810213 2.024326912220049
14739 11322591 0.8076388054261885 0.042437674291495614 0.33528 1.5869194662810213 2.024326912220049
14740 11322591 0.8092609931924187 0.04392940414827138 0.33528 1.5869194662810213 2.024326912220049
14741 11322591 0.810883180958649 0.045421134005047145 0.33528 1.5869194662810213 2.024326912220049
14742 11322591 0.8125053687248792 0.04691286386182291 0.33528 1.5869194662810213 2.024326912220049
14743 11322591 0.8141275564911095 0.048404593718598676 0.33528 1.5869194662810213 2.024326912220049
14744 11322591 0.8157497442573397 0.04989632357537444 0.33528 1.5869194662810213 2.024326912220049
14745 11322591 0.81737193202357 0.05138805343215021 0.33528 1.5869194662810213 2.024326912220049
14746 11322591 0.8189941197898003 0.05287978328892597 0.33528 1.5869194662810213 2.024326912220049
14747 11322591 0.8206163075560305 0.05437151314570174 0.33528 1.5869194662810213 2.024326912220049
14748 11322591 0.8222384953222608 0.055863243002477504 0.33528 1.5869194662810213 2.024326912220049
14749 11322591 0.823860683088491 0.05735497285925327 0.33528 1.5869194662810213 2.024326912220049
14750 11322591 0.8254828708547213 0.058846702716029035 0.33528 1.5869194662810213 2.024326912220049
14751 11322591 0.8271050586209515 0.0603384325728048 0.33528 1.5869194662810213 2.024326912220049
14752 11322591 0.8287272463871818 0.06183016242958056 0.33528 1.5869194662810213 2.024326912220049
14753 11322591 0.830349434153412 0.06332189228635632 0.33528 1.5869194662810213 2.024326912220049
14754 11322591 0.8319716219196424 0.06481362214313209 0.33528 1.5869194662810213 2.024326912220049
14755 11322591 0.8335938096858726 0.06630535199990786 0.33528 1.5869194662810213 2.024326912220049
14756 11322591 0.8352159974521028 0.06779708185668362 0.33528 1.5869194662810213 2.024326912220049
14757 11322591 0.8368381852183331 0.06928881171345938 0.33528 1.5869194662810213 2.024326912220049
14758 11322591 0.8384603729845633 0.07078054157023515 0.33528 1.5869194662810213 2.024326912220049
14759 11322591 0.8400825607507936 0.07227227142701093 0.33528 1.5869194662810213 2.024326912220049
14760 11322591 0.8417047485170238 0.07376400128378668 0.33528 1.5869194662810213 2.024326912220049
14761 11322591 0.8433269362832542 0.07525573114056244 0.33528 1.5869194662810213 2.024326912220049
14762 11322591 0.8449491240494844 0.07674746099733822 0.33528 1.5869194662810213 2.024326912220049
14763 11322591 0.8465713118157147 0.07823919085411399 0.33528 1.5869194662810213 2.024326912220049
14764 11322591 0.8481934995819449 0.07973092071088975 0.33528 1.5869194662810213 2.024326912220049
14765 11322591 0.8536633628864417 0.08016345543170295 0.33528 1.5869194662810213 2.024326912220049
14766 11322591 0.8608852189923347 0.07780385755211928 0.33528 1.5869194662810213 2.024326912220049
14767 11322591 0.8664930357919208 0.07865863485324998 0.33528 1.5869194662810213 2.024326912220049
14768 11322591 0.8721008503491282 0.07951341654081673 0.33528 1.5869194662810213 2.024326912220049
14769 11322591 0.8790840551186003 0.07968517431622503 0.33528 1.5869194662810213 2.024326912220049
14770 11322591 0.8860672598880723 0.07985693209163333 0.33528 1.5869194662810213 2.024326912220049
14771 11322591 0.891996038963673 0.08060685970669323 0.33528 1.5869194662810213 2.024326912220049
14772 11322591 0.8998731752818309 0.08025290962078924 0.33528 1.5869194662810213 2.024326912220049
14773 11322591 0.9054809785235217 0.0811077175310356 0.33528 1.5869194662810213 2.024326912220049
14774 11322591 0.9133581109029874 0.08075378241586806 0.33528 1.5869194662810213 2.024326912220049
14775 11322591 0.920579966403486 0.07839424577907883 0.33528 1.5869194662810213 2.024326912220049
14776 11322591 0.9275920128257233 0.07879027667940477 0.33528 1.5869194662810213 2.024326912220049
14777 11322591 0.9346040592479606 0.07918630757973072 0.33528 1.5869194662810213 2.024326912220049
14778 11322591 0.9442648000456715 0.07953476181000824 0.33528 1.5869194662810213 2.024326912220049
14779 11322591 0.9539255408433822 0.07988321604028577 0.33528 1.5869194662810213 2.024326912220049
14780 11322591 0.9611473972369765 0.07752372102298405 0.33528 1.5869194662810213 2.024326912220049
14781 11322591 0.9695073414094717 0.07864767388427336 0.33528 1.5869194662810213 2.024326912220049
14782 11322591 0.9778672855819669 0.07977162674556268 0.33528 1.5869194662810213 2.024326912220049
14783 11322591 0.9854903564114256 0.07728107481623299 0.33528 1.5869194662810213 2.024326912220049
14784 11322591 0.9919026090201697 0.08032646776209712 0.33528 1.5869194662810213 2.024326912220049
14785 11322591 1.0001351783526344 0.0799733229592414 0.33528 1.5869194662810213 2.024326912220049
14786 11322591 1.0089434361948215 0.08246958133314596 0.33528 1.5869194662810213 2.024326912220049
14787 11322591 1.0168205406915105 0.08211576113283026 0.33528 1.5869194662810213 2.024326912220049
14788 11322591 1.0240423947945405 0.07975633064173226 0.33528 1.5869194662810213 2.024326912220049
14789 11322591 1.0321890773316278 0.07954811042687121 0.33528 1.5869194662810213 2.024326912220049
14790 11322591 1.040335759868715 0.07933989021201016 0.33528 1.5869194662810213 2.024326912220049
14791 11322591 1.0487520192187592 0.07927726312236982 0.33528 1.5869194662810213 2.024326912220049
14792 11322591 1.054359776688521 0.08013218822104243 0.33528 1.5869194662810213 2.024326912220049
14793 11322591 1.0630300556171057 0.08220627711192927 0.33528 1.5869194662810213 2.024326912220049
14794 11322591 1.0709071464547288 0.08185251700976429 0.33528 1.5869194662810213 2.024326912220049
14795 11322591 1.0786860759393126 0.08065464594267298 0.33528 1.5869194662810213 2.024326912220049
14796 11322591 1.0864650054238965 0.07945677487558167 0.33528 1.5869194662810213 2.024326912220049
14797 11322591 1.0945602789402655 0.0794990626787849 0.33528 1.5869194662810213 2.024326912220049
14798 11322591 1.1028730641434072 0.07911982213781332 0.33528 1.5869194662810213 2.024326912220049
14799 11322591 1.108377347962922 0.07965811200793971 0.33528 1.5869194662810213 2.024326912220049
14800 11322591 1.1164613426805168 0.07993775821483985 0.33528 1.5869194662810213 2.024326912220049
14801 11322591 1.124338421914303 0.07958405753183057 0.33528 1.5869194662810213 2.024326912220049
14802 11322591 1.132709339277063 0.08019835357234743 0.33528 1.5869194662810213 2.024326912220049
14803 11322591 1.141080256639823 0.0808126496128643 0.33528 1.5869194662810213 2.024326912220049
14804 11322591 1.149451174002583 0.08142694565338117 0.33528 1.5869194662810213 2.024326912220049
14805 11322591 1.1545867149528324 0.07974922441548846 0.33528 1.5869194662810213 2.024326912220049
14806 11322591 1.1624982694586048 0.07950112561205429 0.33528 1.5869194662810213 2.024326912220049
14807 11322591 1.1729205617309155 0.07878328920665355 0.33528 1.5869194662810213 2.024326912220049
14808 11322591 1.1791834898078297 0.08164394423385306 0.33528 1.5869194662810213 2.024326912220049
14809 11322591 1.1864053443947478 0.07928468031733459 0.33528 1.5869194662810213 2.024326912220049
14810 11322591 1.194890527254907 0.0794333457848214 0.33528 1.5869194662810213 2.024326912220049
14811 11322591 1.203572001007822 0.08127027211486387 0.33528 1.5869194662810213 2.024326912220049
14812 11322591 1.21111482736622 0.07880617832963804 0.33528 1.5869194662810213 2.024326912220049
14813 11322591 1.2191298198436664 0.0788748219243561 0.33528 1.5869194662810213 2.024326912220049
14814 11322591 1.227075840658244 0.07873235940148793 0.33528 1.5869194662810213 2.024326912220049
14815 11322591 1.235021861472822 0.07858989687861977 0.33528 1.5869194662810213 2.024326912220049
14816 11322591 1.2433578181096325 0.07855371404966563 0.33528 1.5869194662810213 2.024326912220049
14817 11322591 1.2513151088701646 0.07817394112200918 0.33528 1.5869194662810213 2.024326912220049
14818 11322591 1.2571234099000308 0.07896349502545474 0.33528 1.5869194662810213 2.024326912220049
14819 11322591 1.2629317109298972 0.07975304892890031 0.33528 1.5869194662810213 2.024326912220049
14820 11322591 1.2731470712446296 0.07840200015879195 0.33528 1.5869194662810213 2.024326912220049
14821 11322591 1.2800722545418308 0.0778531827916672 0.33528 1.5869194662810213 2.024326912220049
14822 11322591 1.286997437839032 0.07730436542454246 0.33528 1.5869194662810213 2.024326912220049
14823 11322591 1.2939226211362334 0.0767555480574177 0.33528 1.5869194662810213 2.024326912220049
14824 11322591 1.299931518068202 0.077479602617643 0.33528 1.5869194662810213 2.024326912220049
14825 11322591 1.308347698439821 0.07741728344774611 0.33528 1.5869194662810213 2.024326912220049
14826 11322591 1.3162592135128088 0.07716935622589582 0.33528 1.5869194662810213 2.024326912220049
14827 11322591 1.3217634407349994 0.07770781120682083 0.33528 1.5869194662810213 2.024326912220049
14828 11322591 1.3296749519044821 0.07745989894244129 0.33528 1.5869194662810213 2.024326912220049
14829 11322591 1.3377243912404353 0.07763423672838887 0.33528 1.5869194662810213 2.024326912220049
14830 11322591 1.3415799414955605 0.0812814021272317 0.33528 1.5869194662810213 2.024326912220049
14831 11322591 1.3491227678426876 0.07881745622342538 0.33528 1.5869194662810213 2.024326912220049
14832 11322591 1.356999141003065 0.07764645954947806 0.33528 1.5869194662810213 2.024326912220049
14833 11322591 1.3648755141634425 0.07647546287553074 0.33528 1.5869194662810213 2.024326912220049
14834 11322591 1.3703797286402346 0.07701395547975484 0.33528 1.5869194662810213 2.024326912220049
14835 11322591 1.3759529011152392 0.07776358195720201 0.33528 1.5869194662810213 2.024326912220049
14836 11322591 1.3815260735902437 0.07851320843464918 0.33528 1.5869194662810213 2.024326912220049
14837 11322591 1.387099246065248 0.07926283491209635 0.33528 1.5869194662810213 2.024326912220049
14838 11322591 1.3926724185402526 0.08001246138954352 0.33528 1.5869194662810213 2.024326912220049
14839 11322591 1.3982455910152571 0.08076208786699068 0.33528 1.5869194662810213 2.024326912220049
14840 11322591 1.403950400042061 0.08123507964476046 0.33528 1.5869194662810213 2.024326912220049
14841 11322591 1.409655209068865 0.08170807142253023 0.33528 1.5869194662810213 2.024326912220049
14842 11322591 1.4148709926468177 0.08000432862153964 0.33528 1.5869194662810213 2.024326912220049
14843 11322591 1.4147934986001849 0.07903514023888351 0.33528 1.5869194662810213 2.024326912220049
14844 11322591 1.414716004553552 0.07806595185622739 0.33528 1.5869194662810213 2.024326912220049
14845 11322591 1.4146385105069195 0.07709676347357126 0.33528 1.5869194662810213 2.024326912220049
14846 11322591 1.4145610164602866 0.07612757509091514 0.33528 1.5869194662810213 2.024326912220049
14847 11322591 1.4144835224136538 0.07515838670825901 0.33528 1.5869194662810213 2.024326912220049
14848 11322591 1.414406028367021 0.07418919832560289 0.33528 1.5869194662810213 2.024326912220049
14849 11322591 1.4143285343203882 0.07322000994294676 0.33528 1.5869194662810213 2.024326912220049
14850 11322591 1.4142510402737554 0.07225082156029064 0.33528 1.5869194662810213 2.024326912220049
14851 11322591 1.4141735462271225 0.07128163317763452 0.33528 1.5869194662810213 2.024326912220049
14852 11322591 1.41409605218049 0.07031244479497839 0.33528 1.5869194662810213 2.024326912220049
14853 11322591 1.4140185581338571 0.06934325641232227 0.33528 1.5869194662810213 2.024326912220049
14854 11322591 1.4139410640872243 0.06837406802966614 0.33528 1.5869194662810213 2.024326912220049
14855 11322591 1.4138635700405915 0.06740487964701 0.33528 1.5869194662810213 2.024326912220049
14856 11322591 1.4137860759939587 0.06643569126435389 0.33528 1.5869194662810213 2.024326912220049
14857 11322591 1.413708581947326 0.06546650288169775 0.33528 1.5869194662810213 2.024326912220049
14858 11322591 1.4136310879006933 0.06449731449904163 0.33528 1.5869194662810213 2.024326912220049
14859 11322591 1.4135535938540604 0.0635281261163855 0.33528 1.5869194662810213 2.024326912220049
14860 11322591 1.4134760998074276 0.06255893773372938 0.33528 1.5869194662810213 2.024326912220049
14861 11322591 1.4133986057607948 0.06158974935107325 0.33528 1.5869194662810213 2.024326912220049
14862 11322591 1.413321111714162 0.06062056096841713 0.33528 1.5869194662810213 2.024326912220049
14863 11322591 1.4132436176675292 0.059651372585761 0.33528 1.5869194662810213 2.024326912220049
14864 11322591 1.4131661236208966 0.05868218420310488 0.33528 1.5869194662810213 2.024326912220049
14865 11322591 1.4130886295742637 0.057712995820448754 0.33528 1.5869194662810213 2.024326912220049
14866 11322591 1.413011135527631 0.05674380743779263 0.33528 1.5869194662810213 2.024326912220049
14867 11322591 1.412933641480998 0.055774619055136504 0.33528 1.5869194662810213 2.024326912220049
14868 11322591 1.4128561474343653 0.05480543067248038 0.33528 1.5869194662810213 2.024326912220049
14869 11322591 1.4127786533877327 0.053836242289824254 0.33528 1.5869194662810213 2.024326912220049
14870 11322591 1.4127011593410999 0.05286705390716813 0.33528 1.5869194662810213 2.024326912220049
14871 11322591 1.412623665294467 0.051897865524512005 0.33528 1.5869194662810213 2.024326912220049
14872 11322591 1.4125461712478342 0.05092867714185588 0.33528 1.5869194662810213 2.024326912220049
14873 11322591 1.4124686772012014 0.049959488759199755 0.33528 1.5869194662810213 2.024326912220049
14874 11322591 1.4123911831545686 0.04899030037654363 0.33528 1.5869194662810213 2.024326912220049
14875 11322591 1.4123136891079358 0.0480211119938875 0.33528 1.5869194662810213 2.024326912220049
14876 11322591 1.4122361950613032 0.047051923611231374 0.33528 1.5869194662810213 2.024326912220049
14877 11322591 1.4121587010146703 0.04608273522857525 0.33528 1.5869194662810213 2.024326912220049
14878 11322591 1.4120812069680375 0.045113546845919124 0.33528 1.5869194662810213 2.024326912220049
14879 11322591 1.4120037129214047 0.044144358463263 0.33528 1.5869194662810213 2.024326912220049
14880 11322591 1.4119262188747719 0.043175170080606874 0.33528 1.5869194662810213 2.024326912220049
14881 11322591 1.4118487248281393 0.04220598169795075 0.33528 1.5869194662810213 2.024326912220049
14882 11322591 1.4117712307815065 0.041236793315294624 0.33528 1.5869194662810213 2.024326912220049
14883 11322591 1.4116937367348736 0.0402676049326385 0.33528 1.5869194662810213 2.024326912220049
14884 11322591 1.4116162426882408 0.039298416549982375 0.33528 1.5869194662810213 2.024326912220049
14885 11322591 1.411538748641608 0.03832922816732625 0.33528 1.5869194662810213 2.024326912220049
14886 11322591 1.4114612545949752 0.037360039784670125 0.33528 1.5869194662810213 2.024326912220049
14887 11322591 1.4113837605483424 0.03639085140201399 0.33528 1.5869194662810213 2.024326912220049
14888 11322591 1.4113062665017098 0.03542166301935787 0.33528 1.5869194662810213 2.024326912220049
14889 11322591 1.411228772455077 0.034452474636701744 0.33528 1.5869194662810213 2.024326912220049
14890 11322591 1.4111512784084441 0.03348328625404562 0.33528 1.5869194662810213 2.024326912220049
14891 11322591 1.4110737843618113 0.032514097871389494 0.33528 1.5869194662810213 2.024326912220049
14892 11322591 1.4109962903151785 0.03154490948873337 0.33528 1.5869194662810213 2.024326912220049
14893 11322591 1.4109187962685459 0.030575721106077244 0.33528 1.5869194662810213 2.024326912220049
14894 11322591 1.410841302221913 0.02960653272342112 0.33528 1.5869194662810213 2.024326912220049
14895 11322591 1.4107638081752802 0.028637344340764995 0.33528 1.5869194662810213 2.024326912220049
14896 11322591 1.4106863141286474 0.02766815595810887 0.33528 1.5869194662810213 2.024326912220049
14897 11322591 1.4106088200820146 0.026698967575452745 0.33528 1.5869194662810213 2.024326912220049
14898 11322591 1.4105313260353818 0.02572977919279662 0.33528 1.5869194662810213 2.024326912220049
14899 11322591 1.410453831988749 0.024760590810140495 0.33528 1.5869194662810213 2.024326912220049
14900 11322591 1.4103763379421164 0.023791402427484364 0.33528 1.5869194662810213 2.024326912220049
14901 11322591 1.4102988438954835 0.02282221404482824 0.33528 1.5869194662810213 2.024326912220049
14902 11322591 1.4102213498488507 0.021853025662172114 0.33528 1.5869194662810213 2.024326912220049
