16760 11217673 0.7955907715351671 0.25849016122152596 0.3048 3.3410664387372044 1.3435223177691893
16761 11217673 0.7959356781916463 0.2595457376593926 0.3048 3.3410664387372044 1.3435223177691893
16762 11217673 0.7962116035179665 0.2603901988119149 0.3048 3.3410664387372044 1.3435223177691893
16763 11217673 0.7964875288442866 0.26123465996443723 0.3048 3.3410664387372044 1.3435223177691893
16764 11217673 0.7967634541706068 0.2620791211169595 0.3048 3.3410664387372044 1.3435223177691893
16765 11217673 0.7983682695189575 0.2615547527857253 0.3048 3.3410664387372044 1.3435223177691893
16766 11217673 0.7999730848673081 0.26103038445449106 0.3048 3.3410664387372044 1.3435223177691893
16767 11217673 0.8015779002156588 0.26050601612325686 0.3048 3.3410664387372044 1.3435223177691893
16768 11217673 0.8013019754669665 0.2596615547819331 0.3048 3.3410664387372044 1.3435223177691893
16769 11217673 0.8010260507182743 0.2588170934406093 0.3048 3.3410664387372044 1.3435223177691893
16770 11217673 0.800750125969582 0.25797263209928556 0.3048 3.3410664387372044 1.3435223177691893
16771 11217673 0.8003156184428637 0.2593607645671869 0.3048 3.3410664387372044 1.3435223177691893
16772 11217673 0.7998811109161456 0.2607488970350882 0.3048 3.3410664387372044 1.3435223177691893
16773 11217673 0.7994466033894274 0.26213702950298956 0.3048 3.3410664387372044 1.3435223177691893
16774 11217673 0.7990120958627092 0.2635251619708909 0.3048 3.3410664387372044 1.3435223177691893
16775 11217673 0.7985775883359909 0.2649132944387922 0.3048 3.3410664387372044 1.3435223177691893
16776 11217673 0.7981430808092728 0.2663014269066935 0.3048 3.3410664387372044 1.3435223177691893
16777 11217673 0.7982312236229108 0.26657118533353796 0.3048 3.3410664387372044 1.3435223177691893
16778 11217673 0.7983193664365488 0.2668409437603824 0.3048 3.3410664387372044 1.3435223177691893
16779 11217673 0.7984075092501868 0.26711070218722693 0.3048 3.3410664387372044 1.3435223177691893
16780 11217673 0.7984956520638248 0.2673804606140714 0.3048 3.3410664387372044 1.3435223177691893
16781 11217673 0.7985837948774628 0.26765021904091585 0.3048 3.3410664387372044 1.3435223177691893
16782 11217673 0.7986719376911008 0.2679199774677603 0.3048 3.3410664387372044 1.3435223177691893
16783 11217673 0.7987600805047388 0.2681897358946048 0.3048 3.3410664387372044 1.3435223177691893
16784 11217673 0.7988482233183768 0.2684594943214493 0.3048 3.3410664387372044 1.3435223177691893
16785 11217673 0.7989363661320148 0.26872925274829373 0.3048 3.3410664387372044 1.3435223177691893
16786 11217673 0.7989163367667135 0.26872856913656656 0.3048 3.3410664387372044 1.3435223177691893
16787 11217673 0.798896307401412 0.2687278855248394 0.3048 3.3410664387372044 1.3435223177691893
16788 11217673 0.7988762780361107 0.26872720191311217 0.3048 3.3410664387372044 1.3435223177691893
16789 11217673 0.7988562486708094 0.268726518301385 0.3048 3.3410664387372044 1.3435223177691893
16790 11217673 0.798836219305508 0.2687258346896578 0.3048 3.3410664387372044 1.3435223177691893
16791 11217673 0.7988161899402066 0.26872515107793066 0.3048 3.3410664387372044 1.3435223177691893
16792 11217673 0.7987961605749053 0.2687244674662035 0.3048 3.3410664387372044 1.3435223177691893
16793 11217673 0.7987761312096039 0.26872378385447626 0.3048 3.3410664387372044 1.3435223177691893
16794 11217673 0.7987561018443026 0.2687231002427491 0.3048 3.3410664387372044 1.3435223177691893
16795 11217673 0.7987360724790012 0.2687224166310219 0.3048 3.3410664387372044 1.3435223177691893
16796 11217673 0.7987160431136999 0.26872173301929475 0.3048 3.3410664387372044 1.3435223177691893
16797 11217673 0.7986960137483985 0.2687210494075676 0.3048 3.3410664387372044 1.3435223177691893
16798 11217673 0.7986759843830972 0.26872036579584035 0.3048 3.3410664387372044 1.3435223177691893
16799 11217673 0.7986559550177958 0.2687196821841132 0.3048 3.3410664387372044 1.3435223177691893
16800 11217673 0.7986359256524944 0.268718998572386 0.3048 3.3410664387372044 1.3435223177691893
16801 11217673 0.7986158962871931 0.26871831496065884 0.3048 3.3410664387372044 1.3435223177691893
16802 11217673 0.7985958669218918 0.2687176313489317 0.3048 3.3410664387372044 1.3435223177691893
16803 11217673 0.7985758375565903 0.2687169477372045 0.3048 3.3410664387372044 1.3435223177691893
16804 11217673 0.798555808191289 0.2687162641254773 0.3048 3.3410664387372044 1.3435223177691893
16805 11217673 0.7985357788259877 0.2687155805137501 0.3048 3.3410664387372044 1.3435223177691893
16806 11217673 0.7985157494606863 0.26871489690202294 0.3048 3.3410664387372044 1.3435223177691893
16807 11217673 0.7984957200953849 0.26871421329029577 0.3048 3.3410664387372044 1.3435223177691893
16808 11217673 0.7984756907300836 0.2687135296785686 0.3048 3.3410664387372044 1.3435223177691893
16809 11217673 0.7984556613647822 0.26871284606684137 0.3048 3.3410664387372044 1.3435223177691893
16810 11217673 0.7984356319994809 0.2687121624551142 0.3048 3.3410664387372044 1.3435223177691893
16811 11217673 0.7984156026341795 0.26871147884338703 0.3048 3.3410664387372044 1.3435223177691893
16812 11217673 0.7983955732688781 0.26871079523165986 0.3048 3.3410664387372044 1.3435223177691893
16813 11217673 0.7983755439035768 0.2687101116199327 0.3048 3.3410664387372044 1.3435223177691893
16814 11217673 0.7983555145382755 0.26870942800820546 0.3048 3.3410664387372044 1.3435223177691893
16815 11217673 0.7983354851729741 0.2687087443964783 0.3048 3.3410664387372044 1.3435223177691893
16816 11217673 0.7983154558076727 0.2687080607847511 0.3048 3.3410664387372044 1.3435223177691893
16817 11217673 0.7982954264423714 0.26870737717302395 0.3048 3.3410664387372044 1.3435223177691893
16818 11217673 0.7982753970770701 0.2687066935612968 0.3048 3.3410664387372044 1.3435223177691893
16819 11217673 0.7982553677117686 0.26870600994956956 0.3048 3.3410664387372044 1.3435223177691893
16820 11217673 0.7982353383464673 0.2687053263378424 0.3048 3.3410664387372044 1.3435223177691893
16821 11217673 0.798215308981166 0.2687046427261152 0.3048 3.3410664387372044 1.3435223177691893
16822 11217673 0.7981952796158646 0.26870395911438805 0.3048 3.3410664387372044 1.3435223177691893
16823 11217673 0.7981752502505632 0.2687032755026609 0.3048 3.3410664387372044 1.3435223177691893
16824 11217673 0.7981552208852619 0.26870259189093365 0.3048 3.3410664387372044 1.3435223177691893
16825 11217673 0.7981351915199605 0.2687019082792065 0.3048 3.3410664387372044 1.3435223177691893
16826 11217673 0.7981151621546592 0.2687012246674793 0.3048 3.3410664387372044 1.3435223177691893
16827 11217673 0.7980951327893578 0.26870054105575214 0.3048 3.3410664387372044 1.3435223177691893
16828 11217673 0.7980751034240564 0.26869985744402497 0.3048 3.3410664387372044 1.3435223177691893
16829 11217673 0.7980550740587551 0.2686991738322978 0.3048 3.3410664387372044 1.3435223177691893
16830 11217673 0.7980350446934538 0.2686984902205706 0.3048 3.3410664387372044 1.3435223177691893
16831 11217673 0.7980150153281524 0.2686978066088434 0.3048 3.3410664387372044 1.3435223177691893
16832 11217673 0.797994985962851 0.26869712299711623 0.3048 3.3410664387372044 1.3435223177691893
16833 11217673 0.7979749565975497 0.26869643938538906 0.3048 3.3410664387372044 1.3435223177691893
16834 11217673 0.7979549272322484 0.2686957557736619 0.3048 3.3410664387372044 1.3435223177691893
16835 11217673 0.7979348978669469 0.26869507216193467 0.3048 3.3410664387372044 1.3435223177691893
16836 11217673 0.7979148685016456 0.2686943885502075 0.3048 3.3410664387372044 1.3435223177691893
16837 11217673 0.7978948391363443 0.2686937049384803 0.3048 3.3410664387372044 1.3435223177691893
16838 11217673 0.7978748097710429 0.26869302132675316 0.3048 3.3410664387372044 1.3435223177691893
16839 11217673 0.7978547804057415 0.268692337715026 0.3048 3.3410664387372044 1.3435223177691893
16840 11217673 0.7978347510404402 0.26869165410329876 0.3048 3.3410664387372044 1.3435223177691893
16841 11217673 0.7978147216751388 0.2686909704915716 0.3048 3.3410664387372044 1.3435223177691893
16842 11217673 0.7977946923098375 0.2686902868798444 0.3048 3.3410664387372044 1.3435223177691893
16843 11217673 0.7977746629445361 0.26868960326811725 0.3048 3.3410664387372044 1.3435223177691893
16844 11217673 0.7977546335792347 0.2686889196563901 0.3048 3.3410664387372044 1.3435223177691893
16845 11217673 0.7977346042139334 0.26868823604466285 0.3048 3.3410664387372044 1.3435223177691893
