37117 10628960 0.8611931062844793 -4.778838726961132 0.7010400000000001 2.445003484775232 -0.7988559315902778
37118 10628960 0.8391728919775943 -4.737421239339664 0.7010400000000001 2.445003484775232 -0.7988559315902778
37119 10628960 0.8157092010540434 -4.692261354021779 0.7010400000000001 2.445003484775232 -0.7988559315902778
37120 10628960 0.7889791939406103 -4.64077791819793 0.7010400000000001 2.445003484775232 -0.7988559315902778
37121 10628960 0.765803048040341 -4.595828337804714 0.7010400000000001 2.445003484775232 -0.7988559315902778
37122 10628960 0.7471473549085208 -4.551186450278465 0.7010400000000001 2.445003484775232 -0.7988559315902778
37123 10628960 0.7390934100205162 -4.528230051456053 0.7010400000000001 2.445003484775232 -0.7988559315902778
37124 10628960 0.7013164698043557 -4.454797956542251 0.7010400000000001 2.445003484775232 -0.7988559315902778
37125 10628960 0.680292537395546 -4.399452578435028 0.7010400000000001 2.445003484775232 -0.7988559315902778
37126 10628960 0.6560186635700247 -4.3513399331937705 0.7010400000000001 2.445003484775232 -0.7988559315902778
37127 10628960 0.6314047903266056 -4.296106845528302 0.7010400000000001 2.445003484775232 -0.7988559315902778
37128 10628960 0.6057974257600467 -4.2548011581626985 0.7010400000000001 2.445003484775232 -0.7988559315902778
37129 10628960 0.587958225534035 -4.211476123333625 0.7010400000000001 2.445003484775232 -0.7988559315902778
37130 10628960 0.5627788107909363 -4.165052904468141 0.7010400000000001 2.445003484775232 -0.7988559315902778
37131 10628960 0.5425914274054487 -4.116404686889676 0.7010400000000001 2.445003484775232 -0.7988559315902778
37132 10628960 0.5158669285844686 -4.064920444023467 0.7010400000000001 2.445003484775232 -0.7988559315902778
37133 10628960 0.4844734204685699 -4.0141306946217385 0.7010400000000001 2.445003484775232 -0.7988559315902778
37134 10628960 0.4570849639665002 -3.9619618011235667 0.67056 2.445003484775232 -0.7988559315902778
37135 10628960 0.4301650551476368 -3.913800799708406 0.67056 2.445003484775232 -0.7988559315902778
37136 10628960 0.39532506360506914 -3.8545247601233688 0.67056 2.445003484775232 -0.7988559315902778
37137 10628960 0.36382043776558104 -3.8013610972843446 0.67056 2.445003484775232 -0.7988559315902778
37138 10628960 0.336591763984988 -3.754149842725359 0.67056 2.445003484775232 -0.7988559315902778
37139 10628960 0.31257497833904213 -3.7079874583011656 0.67056 2.445003484775232 -0.7988559315902778
37140 10628960 0.2853275525663612 -3.655395773906121 0.7010400000000001 2.445003484775232 -0.7988559315902778
37141 10628960 0.2626512837692103 -3.613292352932333 0.7010400000000001 2.445003484775232 -0.7988559315902778
37142 10628960 0.23300605485521675 -3.562603897262756 0.7010400000000001 2.445003484775232 -0.7988559315902778
37143 10628960 0.22742377544436998 -3.5375325937133946 0.7010400000000001 2.445003484775232 -0.7988559315902778
37144 10628960 0.19931313328364741 -3.474669546789441 0.7010400000000001 2.445003484775232 -0.7988559315902778
37145 10628960 0.17120249112292485 -3.4118064998654876 0.7010400000000001 2.445003484775232 -0.7988559315902778
37146 10628960 0.15879775744839852 -3.365464003906934 0.7010400000000001 2.445003484775232 -0.7988559315902778
37147 10628960 0.14849408547058465 -3.334449673393446 0.7010400000000001 2.445003484775232 -0.7988559315902778
37148 10628960 0.1381904134927708 -3.303435342879958 0.7010400000000001 2.445003484775232 -0.7988559315902778
37149 10628960 0.12788674151495694 -3.27242101236647 0.7010400000000001 2.445003484775232 -0.7988559315902778
37150 10628960 0.11093714155369494 -3.20531740769416 0.7010400000000001 2.445003484775232 -0.7988559315902778
37151 10628960 0.10097023179371217 -3.156616550607745 0.7010400000000001 2.445003484775232 -0.7988559315902778
37152 10628960 0.0910033220337294 -3.107915693521329 0.7010400000000001 2.445003484775232 -0.7988559315902778
37153 10628960 0.08335673104462415 -3.051094036936968 0.67056 2.445003484775232 -0.7988559315902778
37154 10628960 0.07773919477990801 -3.0009808403537326 0.67056 2.445003484775232 -0.7988559315902778
37155 10628960 0.07212165851519187 -2.9508676437704975 0.67056 2.445003484775232 -0.7988559315902778
37156 10628960 0.07283817482033192 -2.890206553363572 0.67056 2.445003484775232 -0.7988559315902778
37157 10628960 0.07355469112547197 -2.829545462956646 0.67056 2.445003484775232 -0.7988559315902778
37158 10628960 0.0769601638058528 -2.798998368847269 0.67056 2.445003484775232 -0.7988559315902778
37159 10628960 0.07803828521771672 -2.7668731238798294 0.67056 2.445003484775232 -0.7988559315902778
37160 10628960 0.09399583880102558 -2.675880776089766 0.67056 2.445003484775232 -0.7988559315902778
37161 10628960 0.10995339238433444 -2.5848884282997022 0.67056 2.445003484775232 -0.7988559315902778
37162 10628960 0.12067172963646522 -2.5303278922346504 0.67056 2.445003484775232 -0.7988559315902778
37163 10628960 0.13511064045762156 -2.4779759252315046 0.67056 2.445003484775232 -0.7988559315902778
37164 10628960 0.1495495512787779 -2.4256239582283583 0.67056 2.445003484775232 -0.7988559315902778
37165 10628960 0.16826071291158295 -2.3737915956404714 0.67056 2.445003484775232 -0.7988559315902778
37166 10628960 0.1872287661568447 -2.315734567484179 0.67056 2.445003484775232 -0.7988559315902778
37167 10628960 0.20149449521005625 -2.2883851249198925 0.67056 2.445003484775232 -0.7988559315902778
37168 10628960 0.22524417473882552 -2.232007132865299 0.67056 2.445003484775232 -0.7988559315902778
37169 10628960 0.25551528288758685 -2.1665444911890916 0.67056 2.445003484775232 -0.7988559315902778
37170 10628960 0.2619643735547409 -2.146805079140215 0.67056 2.445003484775232 -0.7988559315902778
37171 10628960 0.2974780993384972 -2.0952050948822967 0.67056 2.445003484775232 -0.7988559315902778
37172 10628960 0.3260779150174208 -2.0402948096712876 0.67056 2.445003484775232 -0.7988559315902778
37173 10628960 0.3478252787713683 -2.015331187055802 0.67056 2.445003484775232 -0.7988559315902778
37174 10628960 0.36957264252531585 -1.990367564440317 0.67056 2.445003484775232 -0.7988559315902778
37175 10628960 0.40003286520464476 -1.9471634248067973 0.67056 2.445003484775232 -0.7988559315902778
37176 10628960 0.4409167184319246 -1.906313197654075 0.67056 2.445003484775232 -0.7988559315902778
37177 10628960 0.48871855695086597 -1.862232144674507 0.67056 2.445003484775232 -0.7988559315902778
37178 10628960 0.5273412252915914 -1.8228626641863404 0.67056 2.445003484775232 -0.7988559315902778
37179 10628960 0.5708341309556235 -1.7887056962583674 0.67056 2.445003484775232 -0.7988559315902778
37180 10628960 0.6270417186231644 -1.7444496005726935 0.67056 2.445003484775232 -0.7988559315902778
37181 10628960 0.6793022042665333 -1.717712601182116 0.67056 2.445003484775232 -0.7988559315902778
37182 10628960 0.7345468920619562 -1.6872772235649725 0.67056 2.445003484775232 -0.7988559315902778
37183 10628960 0.7788529630794534 -1.6685723206796628 0.67056 2.445003484775232 -0.7988559315902778
37184 10628960 0.8256617410531009 -1.64601179578501 0.67056 2.445003484775232 -0.7988559315902778
37185 10628960 0.8831146974869193 -1.6213204368972851 0.67056 2.445003484775232 -0.7988559315902778
37186 10628960 0.938528293621588 -1.609397312699233 0.67056 2.445003484775232 -0.7988559315902778
37187 10628960 0.9963150111327397 -1.5983658087824701 0.67056 2.445003484775232 -0.7988559315902778
37188 10628960 1.0197719290934213 -1.593177029247232 0.67056 2.445003484775232 -0.7988559315902778
37189 10628960 1.1023099606673794 -1.5784301803850258 0.67056 2.445003484775232 -0.7988559315902778
37190 10628960 1.1563186112025532 -1.5735234560781888 0.67056 2.445003484775232 -0.7988559315902778
37191 10628960 1.2102457239356035 -1.5702252577621114 0.67056 2.445003484775232 -0.7988559315902778
37192 10628960 1.26207512403464 -1.5651901986282017 0.67056 2.445003484775232 -0.7988559315902778
37193 10628960 1.3173092804871263 -1.5619677010637418 0.67056 2.445003484775232 -0.7988559315902778
37194 10628960 1.3725777558967782 -1.5586392126486026 0.67056 2.445003484775232 -0.7988559315902778
37195 10628960 1.4342475633591323 -1.5520270784344163 0.67056 2.445003484775232 -0.7988559315902778
37196 10628960 1.4895625328324178 -1.547194310752203 0.67056 2.445003484775232 -0.7988559315902778
37197 10628960 1.5572859732903792 -1.5424413389691554 0.67056 2.445003484775232 -0.7988559315902778
37198 10628960 1.586601491301347 -1.5383463834053979 0.67056 2.445003484775232 -0.7988559315902778
37199 10628960 1.6159170093123147 -1.5342514278416404 0.67056 2.445003484775232 -0.7988559315902778
37200 10628960 1.6609080661984645 -1.5324713678012098 0.67056 2.445003484775232 -0.7988559315902778
37201 10628960 1.724319910664854 -1.525958645032186 0.67056 2.445003484775232 -0.7988559315902778
37202 10628960 1.773587202954614 -1.5260415608844506 0.67056 2.445003484775232 -0.7988559315902778
37203 10628960 1.835011786400687 -1.5242527747000947 0.67056 2.445003484775232 -0.7988559315902778
37204 10628960 1.8884421009458914 -1.5238251566353076 0.67056 2.445003484775232 -0.7988559315902778
37205 10628960 1.9702122378972013 -1.5195664370172584 0.67056 2.445003484775232 -0.7988559315902778
37206 10628960 2.0246393632525406 -1.5201642620414524 0.67056 2.445003484775232 -0.7988559315902778
37207 10628960 2.0797877859474627 -1.5226326465350162 0.67056 2.445003484775232 -0.7988559315902778
37208 10628960 2.138803738650126 -1.5200551200639139 0.67056 2.445003484775232 -0.7988559315902778
37209 10628960 2.1914874550263663 -1.5205498662414547 0.67056 2.445003484775232 -0.7988559315902778
37210 10628960 2.253002081311336 -1.5198385759564725 0.67056 2.445003484775232 -0.7988559315902778
37211 10628960 2.3093807522199707 -1.5158147368093349 0.67056 2.445003484775232 -0.7988559315902778
37212 10628960 2.3619484948694884 -1.5180227248558997 0.67056 2.445003484775232 -0.7988559315902778
37213 10628960 2.413955660354696 -1.517594212017044 0.67056 2.445003484775232 -0.7988559315902778
37214 10628960 2.4757789962716927 -1.5175660285268944 0.67056 2.445003484775232 -0.7988559315902778
37215 10628960 2.5302517065895955 -1.5166563948792 0.6553200000000001 2.445003484775232 -0.7988559315902778
37216 10628960 2.5847244169074983 -1.5157467612315056 0.6400800000000001 2.445003484775232 -0.7988559315902778
37217 10628960 2.638369955029767 -1.5173701375429058 0.6400800000000001 2.445003484775232 -0.7988559315902778
37218 10628960 2.690191261649862 -1.520500386688956 0.6400800000000001 2.445003484775232 -0.7988559315902778
37219 10628960 2.7310501366093995 -1.5219795959160392 0.6400800000000001 2.445003484775232 -0.7988559315902778
37220 10628960 2.771909011568937 -1.5234588051431226 0.6400800000000001 2.445003484775232 -0.7988559315902778
37221 10628960 2.8002112052721584 -1.523818218579321 0.6400800000000001 2.445003484775232 -0.7988559315902778
37222 10628960 2.8764540044729117 -1.5362027620929215 0.6400800000000001 2.445003484775232 -0.7988559315902778
37223 10628960 2.9234989038171726 -1.5389990193885035 0.6400800000000001 2.445003484775232 -0.7988559315902778
37224 10628960 2.9743931573937847 -1.543605992103561 0.6400800000000001 2.445003484775232 -0.7988559315902778
37225 10628960 3.025287410970397 -1.5482129648186185 0.6400800000000001 2.445003484775232 -0.7988559315902778
37226 10628960 3.081601802302626 -1.5552598626088499 0.6400800000000001 2.445003484775232 -0.7988559315902778
37227 10628960 3.1279886926666256 -1.5546277803753534 0.6400800000000001 2.445003484775232 -0.7988559315902778
37228 10628960 3.178996577436558 -1.5548024938226848 0.6400800000000001 2.445003484775232 -0.7988559315902778
37229 10628960 3.246279060700533 -1.5500080521918185 0.6400800000000001 2.445003484775232 -0.7988559315902778
37230 10628960 3.2963945952947125 -1.5447510867805183 0.6400800000000001 2.445003484775232 -0.7988559315902778
37231 10628960 3.341008871302419 -1.531858154676721 0.6096 2.445003484775232 -0.7988559315902778
37232 10628960 3.3935801645236356 -1.521794980125965 0.6096 2.445003484775232 -0.7988559315902778
37233 10628960 3.4403418099802323 -1.5009581976094595 0.6096 2.445003484775232 -0.7988559315902778
37234 10628960 3.4787533260177597 -1.4839381200544686 0.6096 2.445003484775232 -0.7988559315902778
37235 10628960 3.520677684926658 -1.456966944215553 0.6096 2.445003484775232 -0.7988559315902778
37236 10628960 3.5626020438355566 -1.4299957683766376 0.6096 2.445003484775232 -0.7988559315902778
37237 10628960 3.5989639864420253 -1.4040129798119052 0.6096 2.445003484775232 -0.7988559315902778
37238 10628960 3.6223345526010884 -1.3748426634470094 0.6096 2.445003484775232 -0.7988559315902778
37239 10628960 3.6457051187601515 -1.3456723470821135 0.6096 2.445003484775232 -0.7988559315902778
37240 10628960 3.6690756849192145 -1.3165020307172175 0.6096 2.445003484775232 -0.7988559315902778
37241 10628960 3.6924462510782776 -1.2873317143523217 0.6096 2.445003484775232 -0.7988559315902778
37242 10628960 3.7241417187453 -1.2299226323418688 0.6096 2.445003484775232 -0.7988559315902778
37243 10628960 3.7457108552677303 -1.1746997900467757 0.6096 2.445003484775232 -0.7988559315902778
37244 10628960 3.7509394421786446 -1.147787088829762 0.57912 2.445003484775232 -0.7988559315902778
37245 10628960 3.7633876216018134 -1.1041897393400328 0.57912 2.445003484775232 -0.7988559315902778
37246 10628960 3.775733176779421 -1.0320571067813424 0.57912 2.445003484775232 -0.7988559315902778
37247 10628960 3.778711273345321 -1.0125868846447141 0.57912 2.445003484775232 -0.7988559315902778
37248 10628960 3.7858629310612537 -0.940044544109763 0.57912 2.445003484775232 -0.7988559315902778
37249 10628960 3.7838621733322797 -0.8999096874343008 0.57912 2.445003484775232 -0.7988559315902778
37250 10628960 3.7818614156033057 -0.8597748307588385 0.57912 2.445003484775232 -0.7988559315902778
37251 10628960 3.779578623307395 -0.809618968534705 0.57912 2.445003484775232 -0.7988559315902778
37252 10628960 3.7763051376946146 -0.7706651487912254 0.57912 2.445003484775232 -0.7988559315902778
37253 10628960 3.7730316520818343 -0.7317113290477458 0.57912 2.445003484775232 -0.7988559315902778
37254 10628960 3.769758166469054 -0.6927575093042662 0.57912 2.445003484775232 -0.7988559315902778
37255 10628960 3.761827863903461 -0.6326987963774202 0.57912 2.445003484775232 -0.7988559315902778
37256 10628960 3.7505567288070654 -0.5907067180693614 0.57531 2.445003484775232 -0.7988559315902778
37257 10628960 3.7392855937106697 -0.5487146397613026 0.5715 2.445003484775232 -0.7988559315902778
37258 10628960 3.7280144586142736 -0.5067225614532438 0.56769 2.445003484775232 -0.7988559315902778
37259 10628960 3.716743323517878 -0.464730483145185 0.5638799999999999 2.445003484775232 -0.7988559315902778
37260 10628960 3.7054721884214823 -0.4227384048371262 0.56007 2.445003484775232 -0.7988559315902778
37261 10628960 3.694201053325086 -0.38074632652906737 0.55626 2.445003484775232 -0.7988559315902778
37262 10628960 3.6829299182286905 -0.3387542482210086 0.55245 2.445003484775232 -0.7988559315902778
37263 10628960 3.671658783132295 -0.2967621699129498 0.54864 2.445003484775232 -0.7988559315902778
37264 10628960 3.653757281526447 -0.27509250019017556 0.54864 2.445003484775232 -0.7988559315902778
37265 10628960 3.635855779920599 -0.2534228304674013 0.54864 2.445003484775232 -0.7988559315902778
37266 10628960 3.6079644000883664 -0.22574783626001835 0.54864 2.445003484775232 -0.7988559315902778
37267 10628960 3.5800730202561333 -0.19807284205263537 0.54864 2.445003484775232 -0.7988559315902778
37268 10628960 3.5521816404239006 -0.1703978478452524 0.54864 2.445003484775232 -0.7988559315902778
37269 10628960 3.5221505038940526 -0.15358873839149426 0.54864 2.445003484775232 -0.7988559315902778
37270 10628960 3.4667754806854036 -0.1246536914131853 0.54864 2.445003484775232 -0.7988559315902778
37271 10628960 3.4491359441724256 -0.11340675322272722 0.5181600000000001 2.445003484775232 -0.7988559315902778
37272 10628960 3.3950508558173507 -0.0957556933195445 0.5181600000000001 2.445003484775232 -0.7988559315902778
37273 10628960 3.3704959494885847 -0.08774187021000027 0.5181600000000001 2.445003484775232 -0.7988559315902778
37274 10628960 3.3295566815469915 -0.07987086230982557 0.5181600000000001 2.445003484775232 -0.7988559315902778
37275 10628960 3.295452729488119 -0.06874021198989613 0.5181600000000001 2.445003484775232 -0.7988559315902778
37276 10628960 3.234888093379615 -0.05434651703712981 0.5181600000000001 2.445003484775232 -0.7988559315902778
37277 10628960 3.194982623840726 -0.0433076577960291 0.5181600000000001 2.445003484775232 -0.7988559315902778
37278 10628960 3.174520352422423 -0.03662889623441859 0.48768 2.445003484775232 -0.7988559315902778
37279 10628960 3.135370676888302 -0.027354961966993413 0.48768 2.445003484775232 -0.7988559315902778
37280 10628960 3.0896858631743385 -0.01769991427802156 0.48768 2.445003484775232 -0.7988559315902778
37281 10628960 3.031393409479075 -0.00042473702440440353 0.48768 2.445003484775232 -0.7988559315902778
37282 10628960 3.007615705729363 0.00289779110964114 0.48768 2.445003484775232 -0.7988559315902778
37283 10628960 2.9838380019796507 0.006220319243686684 0.48768 2.445003484775232 -0.7988559315902778
37284 10628960 2.924965768538481 0.012471291667554646 0.48768 2.445003484775232 -0.7988559315902778
37285 10628960 2.883316775953649 0.012457994767322955 0.48768 2.445003484775232 -0.7988559315902778
37286 10628960 2.841667783368817 0.012444697867091264 0.48768 2.445003484775232 -0.7988559315902778
37287 10628960 2.822725258932075 0.01045122175629562 0.48768 2.445003484775232 -0.7988559315902778
37288 10628960 2.779661283366719 0.012360623001713006 0.48768 2.445003484775232 -0.7988559315902778
37289 10628960 2.736597307801363 0.014270024247130392 0.48768 2.445003484775232 -0.7988559315902778
37290 10628960 2.6870880378382633 0.013844892398175351 0.48768 2.445003484775232 -0.7988559315902778
37291 10628960 2.6469558580846932 0.01059233911843585 0.48768 2.445003484775232 -0.7988559315902778
37292 10628960 2.6253095803314244 0.012285662736515851 0.45720000000000005 2.445003484775232 -0.7988559315902778
37293 10628960 2.5884780534327114 0.006904452179627457 0.45720000000000005 2.445003484775232 -0.7988559315902778
37294 10628960 2.5448380875141137 0.005148083884174509 0.45720000000000005 2.445003484775232 -0.7988559315902778
37295 10628960 2.5168950455521837 0.0038743773263071324 0.45720000000000005 2.445003484775232 -0.7988559315902778
37296 10628960 2.4889520035902537 0.0026006707684397556 0.45720000000000005 2.445003484775232 -0.7988559315902778
37297 10628960 2.4663502319171635 -0.0013513556890860368 0.45720000000000005 2.445003484775232 -0.7988559315902778
37298 10628960 2.411094017930189 -0.004687979513082946 0.45720000000000005 2.445003484775232 -0.7988559315902778
37299 10628960 2.3738882980689864 -0.003053733718276025 0.45720000000000005 2.445003484775232 -0.7988559315902778
37300 10628960 2.3349591079123337 -0.006697536447170277 0.45720000000000005 2.445003484775232 -0.7988559315902778
37301 10628960 2.2762322131259425 -0.004344026291124542 0.45720000000000005 2.445003484775232 -0.7988559315902778
37302 10628960 2.2379184477753005 -0.004742030393110941 0.44196 2.445003484775232 -0.7988559315902778
37303 10628960 2.1996046824246585 -0.00514003449509734 0.42672000000000004 2.445003484775232 -0.7988559315902778
37304 10628960 2.1641366482453073 -0.002261389306755429 0.42672000000000004 2.445003484775232 -0.7988559315902778
37305 10628960 2.1286686140659556 0.0006172558815864815 0.42672000000000004 2.445003484775232 -0.7988559315902778
37306 10628960 2.0948667098866753 0.0004404367546600729 0.42672000000000004 2.445003484775232 -0.7988559315902778
37307 10628960 2.0516423492518547 0.004041650528371771 0.42672000000000004 2.445003484775232 -0.7988559315902778
37308 10628960 2.0125764265594492 0.002430031816221312 0.42672000000000004 2.445003484775232 -0.7988559315902778
37309 10628960 1.9737981007191217 0.002243359952705054 0.42672000000000004 2.445003484775232 -0.7988559315902778
37310 10628960 1.9327645363563277 0.007115774614889631 0.39624000000000004 2.445003484775232 -0.7988559315902778
37311 10628960 1.8971209363791028 0.005380152986508194 0.39624000000000004 2.445003484775232 -0.7988559315902778
37312 10628960 1.8614773364018782 0.003644531358126757 0.39624000000000004 2.445003484775232 -0.7988559315902778
37313 10628960 1.8185712880236085 0.0038721096710599423 0.39624000000000004 2.445003484775232 -0.7988559315902778
37314 10628960 1.786158728572701 0.006864373343423796 0.39624000000000004 2.445003484775232 -0.7988559315902778
37315 10628960 1.7502602077773783 0.005709170619708166 0.39624000000000004 2.445003484775232 -0.7988559315902778
37316 10628960 1.7143616869820557 0.004553967895992536 0.39624000000000004 2.445003484775232 -0.7988559315902778
37317 10628960 1.683548778194428 0.0040160918998355735 0.39624000000000004 2.445003484775232 -0.7988559315902778
37318 10628960 1.6527358694068002 0.003478215903678611 0.39624000000000004 2.445003484775232 -0.7988559315902778
37319 10628960 1.6138234229321615 0.003609924781031374 0.38608000000000003 2.445003484775232 -0.7988559315902778
37320 10628960 1.574910976457523 0.003741633658384138 0.37592 2.445003484775232 -0.7988559315902778
37321 10628960 1.5359985299828844 0.003873342535736901 0.36576 2.445003484775232 -0.7988559315902778
37322 10628960 1.5097770252591614 0.006246488155712493 0.36576 2.445003484775232 -0.7988559315902778
37323 10628960 1.4527305621196493 0.0039686084124938015 0.36576 2.445003484775232 -0.7988559315902778
37324 10628960 1.4216905598971907 0.0030093836677361763 0.36576 2.445003484775232 -0.7988559315902778
37325 10628960 1.389229307700229 0.0028650725151753154 0.36576 2.445003484775232 -0.7988559315902778
37326 10628960 1.356768055503267 0.0027207613626144544 0.36576 2.445003484775232 -0.7988559315902778
37327 10628960 1.3407380130974924 0.0025831679396450258 0.36576 2.445003484775232 -0.7988559315902778
37328 10628960 1.3081528489875693 0.0025499707307540228 0.359664 2.445003484775232 -0.7988559315902778
37329 10628960 1.2755676848776463 0.0025167735218630193 0.353568 2.445003484775232 -0.7988559315902778
37330 10628960 1.242982520767723 0.0024835763129720163 0.347472 2.445003484775232 -0.7988559315902778
37331 10628960 1.2103973566578 0.002450379104081013 0.341376 2.445003484775232 -0.7988559315902778
37332 10628960 1.1778121925478768 0.00241718189519001 0.33528 2.445003484775232 -0.7988559315902778
37333 10628960 1.150182501413036 0.0007538784555077907 0.33528 2.445003484775232 -0.7988559315902778
37334 10628960 1.1225528102781952 -0.0009094249841744284 0.33528 2.445003484775232 -0.7988559315902778
37335 10628960 1.0956588494274064 -0.0001843243859036281 0.35052 2.445003484775232 -0.7988559315902778
37336 10628960 1.0687648885766177 0.0005407762123671722 0.36576 2.445003484775232 -0.7988559315902778
37337 10628960 1.042198383503583 0.002132680729721975 0.36576 2.445003484775232 -0.7988559315902778
37338 10628960 1.0156318784305485 0.003724585247076778 0.36576 2.445003484775232 -0.7988559315902778
37339 10628960 0.989065373357514 0.005316489764431581 0.36576 2.445003484775232 -0.7988559315902778
37340 10628960 0.9693007257407995 0.005075883967547964 0.36576 2.445003484775232 -0.7988559315902778
37341 10628960 0.949536078124085 0.0048352781706643465 0.36576 2.445003484775232 -0.7988559315902778
37342 10628960 0.9297714305073705 0.00459467237378073 0.36576 2.445003484775232 -0.7988559315902778
37343 10628960 0.9100067828906561 0.004354066576897113 0.36576 2.445003484775232 -0.7988559315902778
37344 10628960 0.8902421352739416 0.004113460780013495 0.36576 2.445003484775232 -0.7988559315902778
37345 10628960 0.8704774876572271 0.003872854983129878 0.36576 2.445003484775232 -0.7988559315902778
37346 10628960 0.8444936732579902 0.0031721823453404094 0.36576 2.445003484775232 -0.7988559315902778
37347 10628960 0.8185098588587532 0.002471509707550941 0.36576 2.445003484775232 -0.7988559315902778
37348 10628960 0.7925260444595162 0.0017708370697614717 0.36576 2.445003484775232 -0.7988559315902778
37349 10628960 0.7768704503610855 0.004140680794028302 0.36576 2.445003484775232 -0.7988559315902778
37350 10628960 0.7612148562626547 0.006510524518295133 0.36576 2.445003484775232 -0.7988559315902778
37351 10628960 0.7457603942747906 0.006098515368796114 0.36576 2.445003484775232 -0.7988559315902778
37352 10628960 0.7303059322869263 0.005686506219297095 0.36576 2.445003484775232 -0.7988559315902778
37353 10628960 0.7148514702990622 0.0052744970697980766 0.36576 2.445003484775232 -0.7988559315902778
37354 10628960 0.699397008311198 0.004862487920299058 0.36576 2.445003484775232 -0.7988559315902778
37355 10628960 0.6882234037682095 0.004641515181991163 0.36576 2.445003484775232 -0.7988559315902778
37356 10628960 0.6770497992252209 0.0044205424436832685 0.36576 2.445003484775232 -0.7988559315902778
37357 10628960 0.6658761946822324 0.004199569705375373 0.36576 2.445003484775232 -0.7988559315902778
37358 10628960 0.6547025901392438 0.003978596967067478 0.36576 2.445003484775232 -0.7988559315902778
37359 10628960 0.6435289855962553 0.0037576242287595835 0.36576 2.445003484775232 -0.7988559315902778
37360 10628960 0.6323553810532667 0.003536651490451689 0.36576 2.445003484775232 -0.7988559315902778
37361 10628960 0.6211817765102782 0.003315678752143794 0.36576 2.445003484775232 -0.7988559315902778
37362 10628960 0.6145386051384336 0.00663133362321332 0.36576 2.445003484775232 -0.7988559315902778
37363 10628960 0.607895433766589 0.009946988494282846 0.36576 2.445003484775232 -0.7988559315902778
37364 10628960 0.6012522623947445 0.013262643365352371 0.36576 2.445003484775232 -0.7988559315902778
37365 10628960 0.5946090910228999 0.016578298236421898 0.36576 2.445003484775232 -0.7988559315902778
37366 10628960 0.5879659196510554 0.019893953107491424 0.36576 2.445003484775232 -0.7988559315902778
37367 10628960 0.5863691876000059 0.023161168116465722 0.36576 2.445003484775232 -0.7988559315902778
37368 10628960 0.5847724555489564 0.02642838312544002 0.36576 2.445003484775232 -0.7988559315902778
37369 10628960 0.5841831069016746 0.03169129866363973 0.36576 2.445003484775232 -0.7988559315902778
37370 10628960 0.583593758254393 0.03695421420183944 0.36576 2.445003484775232 -0.7988559315902778
37371 10628960 0.5830044096071112 0.042217129740039154 0.36576 2.445003484775232 -0.7988559315902778
37372 10628960 0.5824150609598295 0.04748004527823886 0.36576 2.445003484775232 -0.7988559315902778
37373 10628960 0.5818257123125478 0.052742960816438575 0.36576 2.445003484775232 -0.7988559315902778
37374 10628960 0.5839297631722058 0.059181934908218534 0.33528 2.445003484775232 -0.7988559315902778
37375 10628960 0.5834664238564317 0.06428684999111617 0.33528 2.445003484775232 -0.7988559315902778
37376 10628960 0.5830030845406575 0.06939176507401379 0.33528 2.445003484775232 -0.7988559315902778
37377 10628960 0.5825397452248835 0.07449668015691142 0.33528 2.445003484775232 -0.7988559315902778
37378 10628960 0.5820764059091094 0.07960159523980906 0.33528 2.445003484775232 -0.7988559315902778
37379 10628960 0.5816130665933352 0.08470651032270668 0.33528 2.445003484775232 -0.7988559315902778
37380 10628960 0.5820167829230871 0.09174004575373279 0.33528 2.445003484775232 -0.7988559315902778
37381 10628960 0.582420499252839 0.09877358118475892 0.33528 2.445003484775232 -0.7988559315902778
37382 10628960 0.5828242155825909 0.10580711661578503 0.33528 2.445003484775232 -0.7988559315902778
37383 10628960 0.5844108872002718 0.1106627334919817 0.33528 2.445003484775232 -0.7988559315902778
37384 10628960 0.5859975588179528 0.11551835036817838 0.33528 2.445003484775232 -0.7988559315902778
37385 10628960 0.5851195935599676 0.12112092445619779 0.33528 2.445003484775232 -0.7988559315902778
37386 10628960 0.5842416283019823 0.1267234985442172 0.33528 2.445003484775232 -0.7988559315902778
37387 10628960 0.5847705199820148 0.12834203718046405 0.33528 2.445003484775232 -0.7988559315902778
37388 10628960 0.5852994116620472 0.12996057581671092 0.33528 2.445003484775232 -0.7988559315902778
37389 10628960 0.5858283033420797 0.13157911445295778 0.33528 2.445003484775232 -0.7988559315902778
37390 10628960 0.584989572966352 0.13153608260737887 0.33528 2.445003484775232 -0.7988559315902778
37391 10628960 0.5841508425906243 0.13149305076179998 0.33528 2.445003484775232 -0.7988559315902778
37392 10628960 0.5833121122148966 0.13145001891622107 0.33528 2.445003484775232 -0.7988559315902778
37393 10628960 0.5824733818391691 0.13140698707064216 0.33528 2.445003484775232 -0.7988559315902778
37394 10628960 0.5816346514634414 0.13136395522506325 0.33528 2.445003484775232 -0.7988559315902778
37395 10628960 0.5807959210877137 0.13132092337948437 0.33528 2.445003484775232 -0.7988559315902778
37396 10628960 0.579957190711986 0.13127789153390546 0.33528 2.445003484775232 -0.7988559315902778
37397 10628960 0.5802069333992639 0.13145330472508215 0.33629600000000004 2.445003484775232 -0.7988559315902778
37398 10628960 0.5804566760865417 0.13162871791625885 0.337312 2.445003484775232 -0.7988559315902778
37399 10628960 0.5807064187738196 0.13180413110743555 0.338328 2.445003484775232 -0.7988559315902778
37400 10628960 0.5809561614610974 0.13197954429861225 0.33934400000000003 2.445003484775232 -0.7988559315902778
37401 10628960 0.5812059041483753 0.13215495748978895 0.34036 2.445003484775232 -0.7988559315902778
37402 10628960 0.5814556468356531 0.13233037068096565 0.341376 2.445003484775232 -0.7988559315902778
37403 10628960 0.5817053895229309 0.13250578387214235 0.34239200000000003 2.445003484775232 -0.7988559315902778
37404 10628960 0.5819551322102089 0.13268119706331907 0.343408 2.445003484775232 -0.7988559315902778
37405 10628960 0.5822048748974867 0.13285661025449577 0.344424 2.445003484775232 -0.7988559315902778
37406 10628960 0.5824546175847646 0.13303202344567247 0.34544 2.445003484775232 -0.7988559315902778
37407 10628960 0.5827043602720424 0.13320743663684917 0.346456 2.445003484775232 -0.7988559315902778
37408 10628960 0.5829541029593203 0.13338284982802587 0.347472 2.445003484775232 -0.7988559315902778
37409 10628960 0.5832038456465981 0.13355826301920257 0.348488 2.445003484775232 -0.7988559315902778
37410 10628960 0.583453588333876 0.13373367621037927 0.349504 2.445003484775232 -0.7988559315902778
37411 10628960 0.5837033310211538 0.13390908940155596 0.35052 2.445003484775232 -0.7988559315902778
37412 10628960 0.5839530737084316 0.13408450259273266 0.351536 2.445003484775232 -0.7988559315902778
37413 10628960 0.5842028163957095 0.13425991578390936 0.352552 2.445003484775232 -0.7988559315902778
37414 10628960 0.5844525590829873 0.13443532897508606 0.353568 3.176793915693224 -1.6958058802865719
37415 10628960 0.5847023017702652 0.13461074216626276 0.354584 3.176793915693224 -1.6958058802865719
37416 10628960 0.584952044457543 0.13478615535743946 0.35559999999999997 3.176793915693224 -1.6958058802865719
37417 10628960 0.5852017871448209 0.13496156854861616 0.356616 3.176793915693224 -1.6958058802865719
37418 10628960 0.5854515298320987 0.13513698173979286 0.357632 3.176793915693224 -1.6958058802865719
37419 10628960 0.5857012725193766 0.13531239493096958 0.35864799999999997 3.176793915693224 -1.6958058802865719
37420 10628960 0.5859510152066545 0.13548780812214628 0.359664 3.176793915693224 -1.6958058802865719
37421 10628960 0.5862007578939323 0.13566322131332298 0.36068 3.176793915693224 -1.6958058802865719
37422 10628960 0.5864505005812102 0.13583863450449968 0.36169599999999996 3.176793915693224 -1.6958058802865719
37423 10628960 0.586700243268488 0.13601404769567638 0.362712 3.176793915693224 -1.6958058802865719
37424 10628960 0.5869499859557659 0.13618946088685308 0.363728 3.176793915693224 -1.6958058802865719
37425 10628960 0.5871997286430437 0.13636487407802977 0.36474399999999996 3.176793915693224 -1.6958058802865719
37426 10628960 0.5874494713303215 0.13654028726920647 0.36576 3.176793915693224 -1.6958058802865719
37427 10628960 0.5878978794998776 0.13791252656727826 0.36576 3.176793915693224 -1.6958058802865719
37428 10628960 0.5883462876694336 0.13928476586535007 0.36576 3.176793915693224 -1.6958058802865719
37429 10628960 0.5923442454474916 0.13494081834075572 0.36576 3.176793915693224 -1.6958058802865719
37430 10628960 0.5927926526624887 0.13631305795076182 0.36576 3.176793915693224 -1.6958058802865719
37431 10628960 0.5932410598774857 0.13768529756076794 0.36576 3.176793915693224 -1.6958058802865719
37432 10628960 0.5993198428097395 0.13943743587502924 0.36576 3.176793915693224 -1.6958058802865719
37433 10628960 0.6053986257419932 0.14118957418929054 0.36576 3.176793915693224 -1.6958058802865719
37434 10628960 0.6074609636897006 0.1393473865838959 0.36576 3.176793915693224 -1.6958058802865719
37435 10628960 0.609523301637408 0.13750519897850128 0.36576 3.176793915693224 -1.6958058802865719
37436 10628960 0.615140254866158 0.1356697607329297 0.36576 3.176793915693224 -1.6958058802865719
37437 10628960 0.6174912350126649 0.136069818584169 0.35052 3.176793915693224 -1.6958058802865719
37438 10628960 0.6198422151591717 0.13646987643540834 0.33528 3.176793915693224 -1.6958058802865719
37439 10628960 0.6254500717769974 0.1373244645001352 0.35052 3.176793915693224 -1.6958058802865719
37440 10628960 0.6310579283948231 0.13817905256486207 0.36576 3.176793915693224 -1.6958058802865719
37441 10628960 0.632929612699815 0.14118911833561007 0.36576 3.176793915693224 -1.6958058802865719
37442 10628960 0.6377441419673655 0.1396159029344548 0.36576 3.176793915693224 -1.6958058802865719
37443 10628960 0.6425586712349162 0.13804268753329957 0.36576 3.176793915693224 -1.6958058802865719
37444 10628960 0.6478905839915199 0.13805283413181452 0.36576 3.176793915693224 -1.6958058802865719
37445 10628960 0.6497622612336238 0.141062904164058 0.36576 3.176793915693224 -1.6958058802865719
37446 10628960 0.654291749300297 0.14133525675142744 0.36576 3.176793915693224 -1.6958058802865719
37447 10628960 0.6602599650163389 0.14125432177103045 0.36576 3.176793915693224 -1.6958058802865719
37448 10628960 0.6662281807323808 0.14117338679063346 0.36576 3.176793915693224 -1.6958058802865719
37449 10628960 0.6655074354394013 0.14304448681205467 0.36576 3.176793915693224 -1.6958058802865719
37450 10628960 0.6677458239341156 0.1458179042978404 0.33528 3.176793915693224 -1.6958058802865719
37451 10628960 0.6670940632563394 0.14790011849309279 0.36576 3.176793915693224 -1.6958058802865719
37452 10628960 0.6686461991764203 0.15265019300098215 0.36576 3.176793915693224 -1.6958058802865719
37453 10628960 0.6672437586867495 0.15515294205045774 0.36576 3.176793915693224 -1.6958058802865719
37454 10628960 0.6658413181970786 0.15765569109993333 0.36576 3.176793915693224 -1.6958058802865719
37455 10628960 0.6638316793608448 0.15422338891348955 0.36576 3.176793915693224 -1.6958058802865719
37456 10628960 0.6624292405830325 0.15672613892216486 0.36576 3.176793915693224 -1.6958058802865719
37457 10628960 0.6610268018052203 0.1592288889308402 0.36576 3.176793915693224 -1.6958058802865719
37458 10628960 0.6606574491573518 0.15883978507802704 0.36576 3.176793915693224 -1.6958058802865719
37459 10628960 0.6602880965094833 0.15845068122521389 0.36576 3.176793915693224 -1.6958058802865719
37460 10628960 0.6599187438616148 0.15806157737240073 0.36576 3.176793915693224 -1.6958058802865719
37461 10628960 0.6595493912137462 0.15767247351958757 0.36576 3.176793915693224 -1.6958058802865719
37462 10628960 0.6591800385658777 0.15728336966677442 0.36576 3.176793915693224 -1.6958058802865719
37463 10628960 0.6588106859180091 0.1568942658139613 0.36576 3.176793915693224 -1.6958058802865719
37464 10628960 0.6584413332701405 0.15650516196114814 0.36576 3.176793915693224 -1.6958058802865719
37465 10628960 0.658071980622272 0.15611605810833498 0.36576 3.176793915693224 -1.6958058802865719
37466 10628960 0.6577026279744035 0.15572695425552183 0.36576 3.176793915693224 -1.6958058802865719
37467 10628960 0.657333275326535 0.15533785040270867 0.36576 3.176793915693224 -1.6958058802865719
37468 10628960 0.6569639226786664 0.15494874654989552 0.36576 3.176793915693224 -1.6958058802865719
37469 10628960 0.6565945700307979 0.15455964269708236 0.36576 3.176793915693224 -1.6958058802865719
37470 10628960 0.6562252173829294 0.1541705388442692 0.36576 3.176793915693224 -1.6958058802865719
37471 10628960 0.6558558647350609 0.15378143499145605 0.36576 3.176793915693224 -1.6958058802865719
37472 10628960 0.6554865120871923 0.1533923311386429 0.36576 3.176793915693224 -1.6958058802865719
37473 10628960 0.6551171594393238 0.15300322728582974 0.36576 3.176793915693224 -1.6958058802865719
37474 10628960 0.6547478067914552 0.1526141234330166 0.36576 3.176793915693224 -1.6958058802865719
37475 10628960 0.6543784541435866 0.15222501958020346 0.36576 3.176793915693224 -1.6958058802865719
37476 10628960 0.6540091014957181 0.1518359157273903 0.36576 3.176793915693224 -1.6958058802865719
37477 10628960 0.6536397488478496 0.15144681187457715 0.36576 3.176793915693224 -1.6958058802865719
37478 10628960 0.6532703961999811 0.151057708021764 0.36576 3.176793915693224 -1.6958058802865719
37479 10628960 0.6529010435521125 0.15066860416895084 0.36576 3.176793915693224 -1.6958058802865719
37480 10628960 0.6526504972930032 0.15261971929338997 0.36576 3.176793915693224 -1.6958058802865719
37481 10628960 0.6522889364003107 0.1532297711087552 0.36576 3.176793915693224 -1.6958058802865719
37482 10628960 0.6519273755076183 0.1538398229241204 0.36576 3.176793915693224 -1.6958058802865719
37483 10628960 0.6515658146149258 0.15444987473948563 0.36576 3.176793915693224 -1.6958058802865719
37484 10628960 0.6512042537222333 0.15505992655485085 0.36576 3.176793915693224 -1.6958058802865719
37485 10628960 0.6508426928295409 0.1556699783702161 0.36576 3.176793915693224 -1.6958058802865719
37486 10628960 0.6504811319368484 0.15628003018558131 0.36576 3.176793915693224 -1.6958058802865719
37487 10628960 0.650119571044156 0.15689008200094653 0.36576 3.176793915693224 -1.6958058802865719
37488 10628960 0.6497580101514635 0.15750013381631175 0.36576 3.176793915693224 -1.6958058802865719
37489 10628960 0.649396449258771 0.15811018563167697 0.36576 3.176793915693224 -1.6958058802865719
37490 10628960 0.6490348883660787 0.1587202374470422 0.36576 3.176793915693224 -1.6958058802865719
37491 10628960 0.6486733274733862 0.15933028926240742 0.36576 3.176793915693224 -1.6958058802865719
37492 10628960 0.6483117665806938 0.15994034107777264 0.36576 3.176793915693224 -1.6958058802865719
37493 10628960 0.6479502056880013 0.16055039289313786 0.36576 3.176793915693224 -1.6958058802865719
37494 10628960 0.6475886447953089 0.1611604447085031 0.36576 3.176793915693224 -1.6958058802865719
37495 10628960 0.6472270839026164 0.16177049652386832 0.36576 3.176793915693224 -1.6958058802865719
37496 10628960 0.646865523009924 0.16238054833923354 0.36576 3.176793915693224 -1.6958058802865719
37497 10628960 0.6465039621172315 0.16299060015459876 0.36576 3.176793915693224 -1.6958058802865719
37498 10628960 0.646142401224539 0.16360065196996398 0.36576 3.176793915693224 -1.6958058802865719
37499 10628960 0.6457808403318466 0.1642107037853292 0.36576 3.176793915693224 -1.6958058802865719
37500 10628960 0.6505390659038082 0.16382416725057947 0.36576 3.176793915693224 -1.6958058802865719
37501 10628960 0.651118590652123 0.1636347999980914 0.36576 3.176793915693224 -1.6958058802865719
37502 10628960 0.6516981154004378 0.16344543274560333 0.36576 3.176793915693224 -1.6958058802865719
37503 10628960 0.6522776401487526 0.16325606549311528 0.36576 3.176793915693224 -1.6958058802865719
37504 10628960 0.6528571648970674 0.1630666982406272 0.36576 3.176793915693224 -1.6958058802865719
37505 10628960 0.6534366896453822 0.16287733098813914 0.36576 3.176793915693224 -1.6958058802865719
37506 10628960 0.654016214393697 0.16268796373565106 0.36576 3.176793915693224 -1.6958058802865719
37507 10628960 0.6545957391420117 0.162498596483163 0.36576 3.176793915693224 -1.6958058802865719
37508 10628960 0.6551752638903265 0.16230922923067492 0.36576 3.176793915693224 -1.6958058802865719
37509 10628960 0.6557547886386413 0.16211986197818687 0.36576 3.176793915693224 -1.6958058802865719
37510 10628960 0.6551535742409547 0.16299781262442528 0.36576 3.176793915693224 -1.6958058802865719
37511 10628960 0.654552359843268 0.1638757632706637 0.36576 3.176793915693224 -1.6958058802865719
37512 10628960 0.6539511454455813 0.16475371391690208 0.36576 3.176793915693224 -1.6958058802865719
37513 10628960 0.6533499310478947 0.1656316645631405 0.36576 3.176793915693224 -1.6958058802865719
37514 10628960 0.6527487166502081 0.1665096152093789 0.36576 3.176793915693224 -1.6958058802865719
37515 10628960 0.6521475022525214 0.16738756585561732 0.36576 3.176793915693224 -1.6958058802865719
37516 10628960 0.651545688535715 0.16758421675517723 0.36576 3.176793915693224 -1.6958058802865719
37517 10628960 0.6509438748189087 0.16778086765473715 0.36576 3.176793915693224 -1.6958058802865719
37518 10628960 0.6503420611021025 0.1679775185542971 0.36576 3.176793915693224 -1.6958058802865719
37519 10628960 0.6497402473852961 0.16817416945385702 0.36576 3.176793915693224 -1.6958058802865719
37520 10628960 0.6491384336684898 0.16837082035341694 0.36576 3.176793915693224 -1.6958058802865719
37521 10628960 0.6485366199516835 0.16856747125297689 0.36576 3.176793915693224 -1.6958058802865719
37522 10628960 0.6479348062348772 0.1687641221525368 0.36576 3.176793915693224 -1.6958058802865719
37523 10628960 0.6473329925180709 0.16896077305209672 0.36576 3.176793915693224 -1.6958058802865719
37524 10628960 0.6473174292887788 0.16895653323150722 0.36576 3.176793915693224 -1.6958058802865719
37525 10628960 0.6473018660594868 0.16895229341091772 0.36576 3.176793915693224 -1.6958058802865719
37526 10628960 0.6472863028301947 0.1689480535903282 0.36576 3.176793915693224 -1.6958058802865719
37527 10628960 0.6472707396009028 0.1689438137697387 0.36576 3.176793915693224 -1.6958058802865719
37528 10628960 0.6472551763716107 0.16893957394914919 0.36576 3.176793915693224 -1.6958058802865719
37529 10628960 0.6472396131423187 0.16893533412855968 0.36576 3.176793915693224 -1.6958058802865719
37530 10628960 0.6472240499130266 0.16893109430797018 0.36576 3.176793915693224 -1.6958058802865719
37531 10628960 0.6472084866837347 0.16892685448738065 0.36576 3.176793915693224 -1.6958058802865719
37532 10628960 0.6471929234544426 0.16892261466679115 0.36576 3.176793915693224 -1.6958058802865719
37533 10628960 0.6471773602251506 0.16891837484620165 0.36576 3.176793915693224 -1.6958058802865719
37534 10628960 0.6471617969958585 0.16891413502561214 0.36576 3.176793915693224 -1.6958058802865719
37535 10628960 0.6471462337665665 0.16890989520502264 0.36576 3.176793915693224 -1.6958058802865719
37536 10628960 0.6471306705372745 0.1689056553844331 0.36576 3.176793915693224 -1.6958058802865719
37537 10628960 0.6471151073079825 0.1689014155638436 0.36576 3.176793915693224 -1.6958058802865719
37538 10628960 0.6470995440786904 0.1688971757432541 0.36576 3.176793915693224 -1.6958058802865719
37539 10628960 0.6470839808493983 0.1688929359226646 0.36576 3.176793915693224 -1.6958058802865719
37540 10628960 0.6470684176201064 0.1688886961020751 0.36576 3.176793915693224 -1.6958058802865719
37541 10628960 0.6470528543908143 0.16888445628148557 0.36576 3.176793915693224 -1.6958058802865719
37542 10628960 0.6470372911615223 0.16888021646089607 0.36576 3.176793915693224 -1.6958058802865719
37543 10628960 0.6470217279322302 0.16887597664030657 0.36576 3.176793915693224 -1.6958058802865719
37544 10628960 0.6470061647029383 0.16887173681971707 0.36576 3.176793915693224 -1.6958058802865719
37545 10628960 0.6469906014736462 0.16886749699912756 0.36576 3.176793915693224 -1.6958058802865719
37546 10628960 0.6469750382443542 0.16886325717853803 0.36576 3.176793915693224 -1.6958058802865719
37547 10628960 0.6469594750150621 0.16885901735794853 0.36576 3.176793915693224 -1.6958058802865719
37548 10628960 0.6469439117857702 0.16885477753735903 0.36576 3.176793915693224 -1.6958058802865719
37549 10628960 0.6469283485564781 0.16885053771676953 0.36576 3.176793915693224 -1.6958058802865719
37550 10628960 0.6469127853271861 0.16884629789618003 0.36576 3.176793915693224 -1.6958058802865719
37551 10628960 0.646897222097894 0.1688420580755905 0.36576 3.176793915693224 -1.6958058802865719
37552 10628960 0.646881658868602 0.168837818255001 0.36576 3.176793915693224 -1.6958058802865719
37553 10628960 0.64686609563931 0.1688335784344115 0.36576 3.176793915693224 -1.6958058802865719
37554 10628960 0.646850532410018 0.168829338613822 0.36576 3.176793915693224 -1.6958058802865719
37555 10628960 0.6468349691807259 0.1688250987932325 0.36576 3.176793915693224 -1.6958058802865719
37556 10628960 0.6468194059514338 0.16882085897264296 0.36576 3.176793915693224 -1.6958058802865719
37557 10628960 0.6468038427221419 0.16881661915205345 0.36576 3.176793915693224 -1.6958058802865719
37558 10628960 0.6467882794928498 0.16881237933146395 0.36576 3.176793915693224 -1.6958058802865719
37559 10628960 0.6467727162635578 0.16880813951087445 0.36576 3.176793915693224 -1.6958058802865719
37560 10628960 0.6467571530342657 0.16880389969028495 0.36576 3.176793915693224 -1.6958058802865719
37561 10628960 0.6467415898049738 0.16879965986969542 0.36576 3.176793915693224 -1.6958058802865719
37562 10628960 0.6467260265756817 0.16879542004910592 0.36576 3.176793915693224 -1.6958058802865719
37563 10628960 0.6467104633463897 0.1687911802285164 0.36576 3.176793915693224 -1.6958058802865719
37564 10628960 0.6466949001170976 0.1687869404079269 0.36576 3.176793915693224 -1.6958058802865719
37565 10628960 0.6466793368878057 0.1687827005873374 0.36576 3.176793915693224 -1.6958058802865719
37566 10628960 0.6466637736585136 0.16877846076674788 0.36576 3.176793915693224 -1.6958058802865719
37567 10628960 0.6466482104292216 0.16877422094615838 0.36576 3.176793915693224 -1.6958058802865719
37568 10628960 0.6466326471999295 0.16876998112556887 0.36576 3.176793915693224 -1.6958058802865719
37569 10628960 0.6466170839706376 0.16876574130497937 0.36576 3.176793915693224 -1.6958058802865719
37570 10628960 0.6466015207413455 0.16876150148438987 0.36576 3.176793915693224 -1.6958058802865719
37571 10628960 0.6465859575120534 0.16875726166380034 0.36576 3.176793915693224 -1.6958058802865719
37572 10628960 0.6465703942827614 0.16875302184321084 0.36576 3.176793915693224 -1.6958058802865719
37573 10628960 0.6465548310534693 0.16874878202262134 0.36576 3.176793915693224 -1.6958058802865719
37574 10628960 0.6465392678241774 0.16874454220203183 0.36576 3.176793915693224 -1.6958058802865719
37575 10628960 0.6465237045948853 0.16874030238144233 0.36576 3.176793915693224 -1.6958058802865719
37576 10628960 0.6465081413655933 0.1687360625608528 0.36576 3.176793915693224 -1.6958058802865719
37577 10628960 0.6464925781363012 0.1687318227402633 0.36576 3.176793915693224 -1.6958058802865719
37578 10628960 0.6464770149070093 0.1687275829196738 0.36576 3.176793915693224 -1.6958058802865719
37579 10628960 0.6464614516777172 0.1687233430990843 0.36576 3.176793915693224 -1.6958058802865719
37580 10628960 0.6464458884484252 0.1687191032784948 0.36576 3.176793915693224 -1.6958058802865719
37581 10628960 0.6464303252191331 0.16871486345790526 0.36576 3.176793915693224 -1.6958058802865719
37582 10628960 0.6464147619898412 0.16871062363731576 0.36576 3.176793915693224 -1.6958058802865719
37583 10628960 0.6463991987605491 0.16870638381672626 0.36576 3.176793915693224 -1.6958058802865719
