50052 11107627 -4.057447835733046 0.0084428299976321 0.57912 -3.5990871737214585 -0.11978598563140697
50053 11107627 -4.030446027290262 0.0076061163754263805 0.57912 -3.5990871737214585 -0.11978598563140697
50054 11107627 -4.003444218847479 0.00676940275322066 0.57912 -3.5990871737214585 -0.11978598563140697
50055 11107627 -3.9613812759961045 0.012043958308704944 0.54864 -3.5990871737214585 -0.11978598563140697
50056 11107627 -3.923181569785159 0.010404082721135216 0.54864 -3.5990871737214585 -0.11978598563140697
50057 11107627 -3.878187776729857 0.012148796633405595 0.54864 -3.5990871737214585 -0.11978598563140697
50058 11107627 -3.839736305600706 0.010193209514235718 0.54864 -3.5990871737214585 -0.11978598563140697
50059 11107627 -3.7954514610433305 0.013572691448275304 0.54864 -3.5990871737214585 -0.11978598563140697
50060 11107627 -3.7531138533958774 0.010462114699879205 0.54864 -3.5990871737214585 -0.11978598563140697
50061 11107627 -3.720635108225107 0.01034564083062714 0.54864 -3.5990871737214585 -0.11978598563140697
50062 11107627 -3.681293302962392 0.013824960731760289 0.54864 -3.5990871737214585 -0.11978598563140697
50063 11107627 -3.6228313240260324 0.010577802155621624 0.54864 -3.5990871737214585 -0.11978598563140697
50064 11107627 -3.585182596305649 0.008886283720396987 0.54864 -3.5990871737214585 -0.11978598563140697
50065 11107627 -3.5402930845387335 0.010316521874774581 0.54864 -3.5990871737214585 -0.11978598563140697
50066 11107627 -3.5042493300957096 0.009150790796224134 0.54864 -3.5990871737214585 -0.11978598563140697
50067 11107627 -3.4715900824495547 0.009180832465392558 0.54864 -3.5990871737214585 -0.11978598563140697
50068 11107627 -3.4389308348034 0.009210874134560981 0.54864 -3.5990871737214585 -0.11978598563140697
50069 11107627 -3.4097538380355217 0.008102491970299192 0.54864 -3.5990871737214585 -0.11978598563140697
50070 11107627 -3.3805768412676436 0.006994109806037402 0.54864 -3.5990871737214585 -0.11978598563140697
50071 11107627 -3.334856436998958 0.012593733583360883 0.54864 -3.5990871737214585 -0.11978598563140697
50072 11107627 -3.292748974246761 0.009327359332959778 0.5181600000000001 -3.5990871737214585 -0.11978598563140697
50073 11107627 -3.2514576594381817 0.013339151093095442 0.5181600000000001 -3.5990871737214585 -0.11978598563140697
50074 11107627 -3.204576009652504 0.012717094133313317 0.5181600000000001 -3.5990871737214585 -0.11978598563140697
50075 11107627 -3.1518435303293613 0.013685745886788586 0.5181600000000001 -3.5990871737214585 -0.11978598563140697
50076 11107627 -3.106152415797819 0.014856091143634925 0.5181600000000001 -3.5990871737214585 -0.11978598563140697
50077 11107627 -3.0683661757091727 0.013589477595188887 0.5181600000000001 -3.5990871737214585 -0.11978598563140697
50078 11107627 -3.0283268074626077 0.01649315965497164 0.5181600000000001 -3.5990871737214585 -0.11978598563140697
50079 11107627 -2.984889083172007 0.01349419079828515 0.5181600000000001 -3.5990871737214585 -0.11978598563140697
50080 11107627 -2.9489231169629093 0.014810257452624848 0.5181600000000001 -3.5990871737214585 -0.11978598563140697
50081 11107627 -2.9000917232862955 0.01472040066309685 0.5181600000000001 -3.5990871737214585 -0.11978598563140697
50082 11107627 -2.868060954585525 0.014870931340047772 0.5181600000000001 -3.5990871737214585 -0.11978598563140697
50083 11107627 -2.825529481530312 0.011818916950716657 0.5181600000000001 -3.5990871737214585 -0.11978598563140697
50084 11107627 -2.780287959369198 0.011619315710093309 0.48768 -3.5990871737214585 -0.11978598563140697
50085 11107627 -2.739016079124096 0.010148424629626257 0.48768 -3.5990871737214585 -0.11978598563140697
50086 11107627 -2.692031674795893 0.009846379933915766 0.48768 -3.5990871737214585 -0.11978598563140697
50087 11107627 -2.672720323198113 0.009135658752226744 0.48768 -3.5990871737214585 -0.11978598563140697
50088 11107627 -2.6534089716003333 0.008424937570537722 0.48768 -3.5990871737214585 -0.11978598563140697
50089 11107627 -2.604405407573828 0.008864828103023775 0.48768 -3.5990871737214585 -0.11978598563140697
50090 11107627 -2.5707355731020165 0.008597099374385214 0.48768 -3.5990871737214585 -0.11978598563140697
50091 11107627 -2.516253249317632 0.006777451164375087 0.48768 -3.5990871737214585 -0.11978598563140697
50092 11107627 -2.4719791678580005 0.0036246081844599487 0.48768 -3.5990871737214585 -0.11978598563140697
50093 11107627 -2.4265655347386996 0.003954979049752144 0.48768 -3.5990871737214585 -0.11978598563140697
50094 11107627 -2.384355535473131 0.0010106343878939217 0.48768 -3.5990871737214585 -0.11978598563140697
50095 11107627 -2.339638899452278 0.0035558799847295874 0.48768 -3.5990871737214585 -0.11978598563140697
50096 11107627 -2.2794363164268123 0.00021689228233920388 0.45720000000000005 -3.5990871737214585 -0.11978598563140697
50097 11107627 -2.243022466692084 0.0029086077131277033 0.45720000000000005 -3.5990871737214585 -0.11978598563140697
50098 11107627 -2.190896995971859 -0.003395505106718294 0.45720000000000005 -3.5990871737214585 -0.11978598563140697
50099 11107627 -2.153499935354371 -0.003128183276689095 0.45720000000000005 -3.5990871737214585 -0.11978598563140697
50100 11107627 -2.1139801214562155 -0.0018025230505415435 0.45720000000000005 -3.5990871737214585 -0.11978598563140697
50101 11107627 -2.0748747186837386 -0.0017431847331798311 0.45720000000000005 -3.5990871737214585 -0.11978598563140697
50102 11107627 -2.0330513113573163 -0.001521244754529999 0.45720000000000005 -3.5990871737214585 -0.11978598563140697
50103 11107627 -1.991366081227721 -0.0017212404612776677 0.45720000000000005 -3.5990871737214585 -0.11978598563140697
50104 11107627 -1.9716967897459923 2.3200311855736677e-05 0.45720000000000005 -3.5990871737214585 -0.11978598563140697
50105 11107627 -1.9520274982642636 0.001767641084989141 0.45720000000000005 -3.5990871737214585 -0.11978598563140697
50106 11107627 -1.8848704111381316 0.0034008513825593834 0.45720000000000005 -3.5990871737214585 -0.11978598563140697
50107 11107627 -1.8471911559657503 0.00018896857865755012 0.45720000000000005 -3.5990871737214585 -0.11978598563140697
50108 11107627 -1.8031744469058262 0.0033167122982954156 0.45720000000000005 -3.5990871737214585 -0.11978598563140697
50109 11107627 -1.7594228396091165 0.005363014951010631 0.45720000000000005 -3.5990871737214585 -0.11978598563140697
50110 11107627 -1.715809419247338 0.006987399641833453 0.45720000000000005 -3.5990871737214585 -0.11978598563140697
50111 11107627 -1.6674505134225501 0.006826164278284169 0.45720000000000005 -3.5990871737214585 -0.11978598563140697
50112 11107627 -1.6238204200701978 0.0030710242726769976 0.42672000000000004 -3.5990871737214585 -0.11978598563140697
50113 11107627 -1.5844135100822958 0.006773031426715342 0.42672000000000004 -3.5990871737214585 -0.11978598563140697
50114 11107627 -1.5170594871702445 0.0008673237023538449 0.42672000000000004 -3.5990871737214585 -0.11978598563140697
50115 11107627 -1.4730107517299007 0.0024675228349075595 0.42672000000000004 -3.5990871737214585 -0.11978598563140697
50116 11107627 -1.4304809692573695 -0.0005761176636942811 0.42672000000000004 -3.5990871737214585 -0.11978598563140697
50117 11107627 -1.3862252728805478 0.0016579076214685295 0.42672000000000004 -3.5990871737214585 -0.11978598563140697
50118 11107627 -1.3429276761965923 -0.0017531887035710236 0.42672000000000004 -3.5990871737214585 -0.11978598563140697
50119 11107627 -1.298259716579378 0.00011283070994058675 0.42672000000000004 -3.5990871737214585 -0.11978598563140697
50120 11107627 -1.2546412460596101 -0.0034026951773603875 0.42672000000000004 -3.5990871737214585 -0.11978598563140697
50121 11107627 -1.2165363279492525 -0.004764409829352917 0.42672000000000004 -3.5990871737214585 -0.11978598563140697
50122 11107627 -1.1717219623997905 -0.005165438580902043 0.42672000000000004 -3.5990871737214585 -0.11978598563140697
50123 11107627 -1.1279948120782322 -0.003458136202120904 0.42672000000000004 -3.5990871737214585 -0.11978598563140697
50124 11107627 -1.0781036841709903 -0.006803960906477974 0.42672000000000004 -3.5990871737214585 -0.11978598563140697
50125 11107627 -1.0558501880329212 -0.00584387921680532 0.41148000000000007 -3.5990871737214585 -0.11978598563140697
50126 11107627 -1.0335966918948523 -0.004883797527132666 0.39624000000000004 -3.5990871737214585 -0.11978598563140697
50127 11107627 -0.9605592503759249 -0.0031792836687497272 0.39624000000000004 -3.5990871737214585 -0.11978598563140697
50128 11107627 -0.8990564069896319 0.00019438271385516237 0.39624000000000004 -3.5990871737214585 -0.11978598563140697
50129 11107627 -0.8743664598843555 0.0010009099640082841 0.39624000000000004 -3.5990871737214585 -0.11978598563140697
50130 11107627 -0.8496765127790791 0.001807437214161406 0.39624000000000004 -3.5990871737214585 -0.11978598563140697
50131 11107627 -0.7799338843775538 0.0005016947217561796 0.39624000000000004 -3.5990871737214585 -0.11978598563140697
50132 11107627 -0.7310718893222496 0.0005323099545394838 0.39624000000000004 -3.5990871737214585 -0.11978598563140697
50133 11107627 -0.683288498516972 -1.879627749010182e-05 0.39624000000000004 -3.5990871737214585 -0.11978598563140697
50134 11107627 -0.6317607645593928 0.005449921876027747 0.39624000000000004 -3.5990871737214585 -0.11978598563140697
50135 11107627 -0.5877136925757824 0.007055607946236525 0.39624000000000004 -3.5990871737214585 -0.11978598563140697
50136 11107627 -0.5388865984370175 0.006981993023935956 0.39624000000000004 -3.5990871737214585 -0.11978598563140697
50137 11107627 -0.519507618074077 0.00648821194706431 0.39624000000000004 -3.5990871737214585 -0.11978598563140697
50138 11107627 -0.4464356581597959 0.00993868072620488 0.39624000000000004 -3.5990871737214585 -0.11978598563140697
50139 11107627 -0.40162102157982105 0.011177641116276588 0.36576 -3.5990871737214585 -0.11978598563140697
50140 11107627 -0.3601711099703535 0.007558323661155691 0.36576 -3.5990871737214585 -0.11978598563140697
50141 11107627 -0.32247464749576615 0.006042555775011699 0.36576 -3.5990871737214585 -0.11978598563140697
50142 11107627 -0.2847781850211788 0.004526787888867706 0.36576 -3.5990871737214585 -0.11978598563140697
50143 11107627 -0.24116747350634538 0.006160223057366382 0.36576 -3.5990871737214585 -0.11978598563140697
50144 11107627 -0.21355334758505062 0.00776539531441614 0.36576 -3.5990871737214585 -0.11978598563140697
50145 11107627 -0.1439414750507395 0.0033536605214571635 0.36576 -3.5990871737214585 -0.11978598563140697
50146 11107627 -0.09855363492037816 0.004991156887518694 0.36576 -3.5990871737214585 -0.11978598563140697
50147 11107627 -0.05727266416899868 0.004933660968266168 0.36576 -3.5990871737214585 -0.11978598563140697
50148 11107627 -0.008412033611015834 0.00496924933715312 0.36576 -3.5990871737214585 -0.11978598563140697
50149 11107627 0.029361330960712806 0.006409163993576439 0.36576 -3.5990871737214585 -0.11978598563140697
50150 11107627 0.0778062744828758 0.0035435648859707958 0.36576 -3.5990871737214585 -0.11978598563140697
50151 11107627 0.14305293196644409 0.003715586883061006 0.33528 -3.5990871737214585 -0.11978598563140697
50152 11107627 0.18909191437081507 0.003272651775728802 0.33528 -3.5990871737214585 -0.11978598563140697
50153 11107627 0.23407790112841187 0.0050433998002905045 0.33528 -3.5990871737214585 -0.11978598563140697
50154 11107627 0.2727095108673086 0.005035891152850774 0.33528 -3.5990871737214585 -0.11978598563140697
50155 11107627 0.3113411206062053 0.005028382505411044 0.33528 -3.5990871737214585 -0.11978598563140697
50156 11107627 0.349972730345102 0.005020873857971314 0.33528 -3.5990871737214585 -0.11978598563140697
50157 11107627 0.3774635488743946 0.004215043420128545 0.33528 -3.5990871737214585 -0.11978598563140697
50158 11107627 0.4049543674036872 0.0034092129822857753 0.33528 -3.5990871737214585 -0.11978598563140697
50159 11107627 0.4530461608468432 0.003815925941643039 0.33528 -3.5990871737214585 -0.11978598563140697
50160 11107627 0.5011379542899992 0.004222638901000303 0.33528 -3.5990871737214585 -0.11978598563140697
50161 11107627 0.5391909698757351 0.005164808506294867 0.33528 -3.5990871737214585 -0.11978598563140697
50162 11107627 0.577243985461471 0.006106978111589431 0.33528 -3.5990871737214585 -0.11978598563140697
