21900 11099835 5.446948721315307 2.0417519824387558 0.97536 0.7988559315902779 2.445003484775232
21901 11099835 5.379224680394728 2.050175241637906 0.97536 0.7988559315902779 2.445003484775232
21902 11099835 5.358387702323174 2.05159866978131 0.97536 0.7988559315902779 2.445003484775232
21903 11099835 5.282346631302257 2.068809775262661 0.97536 0.7988559315902779 2.445003484775232
21904 11099835 5.2366414101677865 2.0783454707459827 0.97536 0.7988559315902779 2.445003484775232
21905 11099835 5.1897937839586845 2.095262694945519 0.97536 0.7988559315902779 2.445003484775232
21906 11099835 5.157063708253824 2.1051220070979904 0.97536 0.7988559315902779 2.445003484775232
21907 11099835 5.124333632548964 2.1149813192504614 0.97536 0.7988559315902779 2.445003484775232
21908 11099835 5.097630143181827 2.1201882436978274 0.97536 0.7988559315902779 2.445003484775232
21909 11099835 5.043794138147182 2.1428906196783797 0.97536 0.7988559315902779 2.445003484775232
21910 11099835 4.986970656814659 2.1727590665261105 0.97536 0.7988559315902779 2.445003484775232
21911 11099835 4.940438170445657 2.19880341246007 0.97536 0.7988559315902779 2.445003484775232
21912 11099835 4.893915910396017 2.2221581576802345 0.97536 0.7988559315902779 2.445003484775232
21913 11099835 4.848408217883134 2.2556952790459692 0.9448799999999999 0.7988559315902779 2.445003484775232
21914 11099835 4.828037464758032 2.270518352728397 0.9448799999999999 0.7988559315902779 2.445003484775232
21915 11099835 4.770969070981911 2.3105147220566136 0.9448799999999999 0.7988559315902779 2.445003484775232
21916 11099835 4.732602140595916 2.342540706130914 0.97536 0.7988559315902779 2.445003484775232
21917 11099835 4.677349578522539 2.3891880184464562 0.9448799999999999 0.7988559315902779 2.445003484775232
21918 11099835 4.650864283250461 2.4130157053300745 0.9448799999999999 0.7988559315902779 2.445003484775232
21919 11099835 4.606701155008777 2.449036622707346 0.97536 0.7988559315902779 2.445003484775232
21920 11099835 4.561091541787047 2.480623802829266 0.97536 0.7988559315902779 2.445003484775232
21921 11099835 4.5208906201859245 2.509745526026449 0.97536 0.7988559315902779 2.445003484775232
21922 11099835 4.48590393957077 2.5371660093099972 0.97536 0.7988559315902779 2.445003484775232
21923 11099835 4.442930497995981 2.567309917388544 0.97536 0.7988559315902779 2.445003484775232
21924 11099835 4.377343836452206 2.615463994578469 0.9448799999999999 0.7988559315902779 2.445003484775232
21925 11099835 4.331824289070698 2.641883983620868 0.9448799999999999 0.7988559315902779 2.445003484775232
21926 11099835 4.286629088279732 2.673104714155919 0.9448799999999999 0.7988559315902779 2.445003484775232
21927 11099835 4.247976130357743 2.7004384192054327 0.9448799999999999 0.7988559315902779 2.445003484775232
21928 11099835 4.223589902042285 2.714647060239094 0.9448799999999999 0.7988559315902779 2.445003484775232
21929 11099835 4.199203673726828 2.7288557012727552 0.9448799999999999 0.7988559315902779 2.445003484775232
21930 11099835 4.162934450569666 2.755061591246843 0.9448799999999999 0.7988559315902779 2.445003484775232
21931 11099835 4.112260621755249 2.7844506826393656 0.9448799999999999 0.7988559315902779 2.445003484775232
21932 11099835 4.07119780248248 2.8060305572623183 0.9448799999999999 0.7988559315902779 2.445003484775232
21933 11099835 4.005070939521515 2.846538962071386 0.9448799999999999 0.7988559315902779 2.445003484775232
21934 11099835 3.9793937912273254 2.857607103783561 0.9448799999999999 0.7988559315902779 2.445003484775232
21935 11099835 3.914478606936175 2.8925811467329106 0.9448799999999999 0.7988559315902779 2.445003484775232
21936 11099835 3.874989994435462 2.9184380934689327 0.9448799999999999 0.7988559315902779 2.445003484775232
21937 11099835 3.8520308216697847 2.931306363474032 0.9448799999999999 0.7988559315902779 2.445003484775232
21938 11099835 3.781820321333065 2.9647396418956182 0.9448799999999999 0.7988559315902779 2.445003484775232
21939 11099835 3.7411606465183223 2.9870080400771672 0.9448799999999999 0.7988559315902779 2.445003484775232
21940 11099835 3.6951183174218 3.0145385146220445 0.9448799999999999 0.7988559315902779 2.445003484775232
21941 11099835 3.6429634724717257 3.0369390100646907 0.9448799999999999 0.7988559315902779 2.445003484775232
21942 11099835 3.6004339016389943 3.056197507972916 0.9448799999999999 0.7988559315902779 2.445003484775232
21943 11099835 3.5650919707051 3.077081501274044 0.9448799999999999 0.7988559315902779 2.445003484775232
21944 11099835 3.494082602470449 3.1124145649914428 0.9448799999999999 0.7988559315902779 2.445003484775232
21945 11099835 3.4696110565425657 3.124726799924344 0.9448799999999999 0.7988559315902779 2.445003484775232
21946 11099835 3.4307988140063217 3.143045668800909 0.9448799999999999 0.7988559315902779 2.445003484775232
21947 11099835 3.391986571470078 3.1613645376774744 0.9448799999999999 0.7988559315902779 2.445003484775232
21948 11099835 3.353174328933834 3.1796834065540396 0.9448799999999999 0.7988559315902779 2.445003484775232
21949 11099835 3.3072811612869373 3.2049487761020843 0.9448799999999999 0.7988559315902779 2.445003484775232
21950 11099835 3.2652115978869363 3.2245267981774166 0.9448799999999999 0.7988559315902779 2.445003484775232
21951 11099835 3.222275248223811 3.249061000018701 0.9448799999999999 0.7988559315902779 2.445003484775232
21952 11099835 3.17844558816149 3.2741208869595324 0.9448799999999999 0.7988559315902779 2.445003484775232
21953 11099835 3.1172323897754133 3.31607271132633 0.9448799999999999 0.7988559315902779 2.445003484775232
21954 11099835 3.093266260830056 3.328571983901122 0.9448799999999999 0.7988559315902779 2.445003484775232
21955 11099835 3.044033999656337 3.3610046949267 0.9448799999999999 0.7988559315902779 2.445003484775232
21956 11099835 2.9824280170233273 3.3979461798937582 0.9448799999999999 0.7988559315902779 2.445003484775232
21957 11099835 2.962334612471172 3.408713967907903 0.9448799999999999 0.7988559315902779 2.445003484775232
21958 11099835 2.9190623439579824 3.440369619272895 0.9448799999999999 0.7988559315902779 2.445003484775232
21959 11099835 2.860828890189508 3.479482100234072 0.9448799999999999 0.7988559315902779 2.445003484775232
21960 11099835 2.843165882421067 3.4906247868146054 0.9448799999999999 0.7988559315902779 2.445003484775232
21961 11099835 2.793751804413752 3.52276874207628 0.9448799999999999 0.7988559315902779 2.445003484775232
21962 11099835 2.777273960870594 3.538898440606418 0.9448799999999999 0.7988559315902779 2.445003484775232
21963 11099835 2.687347452173924 3.597827181397679 0.9448799999999999 0.7988559315902779 2.445003484775232
21964 11099835 2.652875437366733 3.6254423932418534 0.9448799999999999 0.7988559315902779 2.445003484775232
21965 11099835 2.613359117656538 3.65120081350988 0.9448799999999999 0.7988559315902779 2.445003484775232
21966 11099835 2.5659339841921938 3.6880711893887805 0.9448799999999999 0.7988559315902779 2.445003484775232
21967 11099835 2.5221923343321047 3.7171965538053944 0.9448799999999999 0.7988559315902779 2.445003484775232
21968 11099835 2.4847941893626504 3.739927514585495 0.9448799999999999 0.7988559315902779 2.445003484775232
21969 11099835 2.444670973187389 3.7651845057749083 0.9448799999999999 0.7988559315902779 2.445003484775232
21970 11099835 2.40592132140463 3.7912491059267204 0.9448799999999999 0.7988559315902779 2.445003484775232
21971 11099835 2.367171669621872 3.817313706078532 0.9448799999999999 0.7988559315902779 2.445003484775232
21972 11099835 2.3276120339404125 3.840898068535593 0.9448799999999999 0.7988559315902779 2.445003484775232
21973 11099835 2.2880523982589533 3.8644824309926538 0.9448799999999999 0.7988559315902779 2.445003484775232
21974 11099835 2.24547697169076 3.889023311084551 0.9448799999999999 0.7988559315902779 2.445003484775232
21975 11099835 2.1997458241623087 3.9093383308765004 0.9448799999999999 0.7988559315902779 2.445003484775232
21976 11099835 2.160361273250031 3.938211399619057 0.9448799999999999 0.7988559315902779 2.445003484775232
21977 11099835 2.109801148089809 3.9654789503288987 0.9448799999999999 0.7988559315902779 2.445003484775232
21978 11099835 2.0585427942264682 3.993325579181489 0.9448799999999999 0.7988559315902779 2.445003484775232
21979 11099835 2.0179502141194288 4.0168698494863095 0.9448799999999999 0.7988559315902779 2.445003484775232
21980 11099835 1.9728513106928596 4.038031547575797 0.9448799999999999 0.7988559315902779 2.445003484775232
21981 11099835 1.9067615004655385 4.074814832490077 0.9448799999999999 0.7988559315902779 2.445003484775232
21982 11099835 1.8656211954875865 4.099941139948567 0.9448799999999999 0.7988559315902779 2.445003484775232
21983 11099835 1.8404393527179606 4.108169949722311 0.9448799999999999 0.7988559315902779 2.445003484775232
21984 11099835 1.7887125405988902 4.1359384562682715 0.9448799999999999 0.7988559315902779 2.445003484775232
21985 11099835 1.737124003814707 4.164129569203332 0.9448799999999999 0.7988559315902779 2.445003484775232
21986 11099835 1.6953187900729711 4.188306131224878 0.9448799999999999 0.7988559315902779 2.445003484775232
21987 11099835 1.6517647683590653 4.206044722637584 0.9448799999999999 0.7988559315902779 2.445003484775232
21988 11099835 1.6008176567418229 4.233209641928525 0.9144000000000001 0.7988559315902779 2.445003484775232
21989 11099835 1.551322829649406 4.257213268389957 0.9144000000000001 0.7988559315902779 2.445003484775232
21990 11099835 1.4885624832848479 4.286253936707991 0.9144000000000001 0.7988559315902779 2.445003484775232
21991 11099835 1.444343400981095 4.303043098169768 0.9144000000000001 0.7988559315902779 2.445003484775232
21992 11099835 1.3958778194506118 4.324491833588265 0.9144000000000001 0.7988559315902779 2.445003484775232
21993 11099835 1.3489304936161184 4.350585315614698 0.9144000000000001 0.7988559315902779 2.445003484775232
21994 11099835 1.3007543992155348 4.374276862890885 0.9144000000000001 0.7988559315902779 2.445003484775232
21995 11099835 1.2525952602351011 4.392588974362947 0.9144000000000001 0.7988559315902779 2.445003484775232
21996 11099835 1.2109040487271385 4.414395188106395 0.9144000000000001 0.7988559315902779 2.445003484775232
21997 11099835 1.1601566685670979 4.434021415805135 0.9144000000000001 0.7988559315902779 2.445003484775232
21998 11099835 1.1161737703783696 4.455876439003387 0.9144000000000001 0.7988559315902779 2.445003484775232
21999 11099835 1.0897922524005927 4.466136247938421 0.9144000000000001 0.7988559315902779 2.445003484775232
22000 11099835 1.0634107344228159 4.476396056873453 0.9144000000000001 0.7988559315902779 2.445003484775232
22001 11099835 0.9999122968234067 4.499374181139323 0.9144000000000001 0.7988559315902779 2.445003484775232
22002 11099835 0.951910176521922 4.523595880222756 0.9144000000000001 0.7988559315902779 2.445003484775232
22003 11099835 0.9062006896098376 4.538539533620643 0.9144000000000001 0.7988559315902779 2.445003484775232
22004 11099835 0.8530768707540939 4.5633849666811 0.9144000000000001 0.7988559315902779 2.445003484775232
22005 11099835 0.8092393636190425 4.581339195033302 0.9144000000000001 0.7988559315902779 2.445003484775232
22006 11099835 0.7664536499897783 4.597080490056923 0.9144000000000001 0.7988559315902779 2.445003484775232
22007 11099835 0.7420754996126981 4.6050510444057995 0.9144000000000001 0.7988559315902779 2.445003484775232
22008 11099835 0.6439622369912112 4.651384576626439 0.9144000000000001 0.7988559315902779 2.445003484775232
22009 11099835 0.6215088615330969 4.658726300522755 0.9144000000000001 0.7988559315902779 2.445003484775232
22010 11099835 0.5990554860749826 4.6660680244190695 0.9144000000000001 0.7988559315902779 2.445003484775232
22011 11099835 0.510163172245373 4.707753007744075 0.9144000000000001 0.7988559315902779 2.445003484775232
22012 11099835 0.46916504313280716 4.731674623921321 0.9144000000000001 0.7988559315902779 2.445003484775232
22013 11099835 0.4258706790256317 4.756581279339665 0.9144000000000001 0.7988559315902779 2.445003484775232
22014 11099835 0.38257631491845623 4.78148793475801 0.9144000000000001 0.7988559315902779 2.445003484775232
22015 11099835 0.33775462488168095 4.817059450482336 0.9144000000000001 0.7988559315902779 2.445003484775232
22016 11099835 0.2957112552425132 4.847282934473448 0.9144000000000001 0.7988559315902779 2.445003484775232
22017 11099835 0.25470113318624876 4.887450616086554 0.9144000000000001 0.7988559315902779 2.445003484775232
22018 11099835 0.2221270171465537 4.919485143055382 0.9144000000000001 0.7988559315902779 2.445003484775232
22019 11099835 0.20461085879160623 4.94192169711291 0.9144000000000001 0.7988559315902779 2.445003484775232
22020 11099835 0.18709470043665877 4.964358251170438 0.9144000000000001 0.7988559315902779 2.445003484775232
22021 11099835 0.14983233393311668 5.003768573578648 0.9144000000000001 0.7988559315902779 2.445003484775232
