7875 10801356 0.6590407139608603 0.008761342069942158 0.42672000000000004 4.772952055338863 1.9193175968131275
7876 10801356 0.6176560422116407 0.010192310804090624 0.42672000000000004 4.772952055338863 1.9193175968131275
7877 10801356 0.551504700293491 0.009961470069203199 0.42672000000000004 4.772952055338863 1.9193175968131275
7878 10801356 0.5237535292668057 0.007931153464926663 0.42672000000000004 4.772952055338863 1.9193175968131275
7879 10801356 0.49600235824012046 0.005900836860650127 0.42672000000000004 4.772952055338863 1.9193175968131275
7880 10801356 0.4382537538965133 0.0033924285144955046 0.45720000000000005 4.772952055338863 1.9193175968131275
7881 10801356 0.41700730053729135 0.004961387297645892 0.45720000000000005 4.772952055338863 1.9193175968131275
7882 10801356 0.35933873821363516 0.0024273972361971152 0.45720000000000005 4.772952055338863 1.9193175968131275
7883 10801356 0.3404995394021605 0.003209907896339362 0.45720000000000005 4.772952055338863 1.9193175968131275
7884 10801356 0.3216603405906858 0.003992418556481608 0.45720000000000005 4.772952055338863 1.9193175968131275
7885 10801356 0.2843831215056205 0.005426518835316141 0.45720000000000005 4.772952055338863 1.9193175968131275
7886 10801356 0.25198196344402213 0.009823594553732468 0.45720000000000005 4.772952055338863 1.9193175968131275
7887 10801356 0.18344638842034777 0.01154337779303588 0.45720000000000005 4.772952055338863 1.9193175968131275
7888 10801356 0.1654320304748822 0.01158942581920347 0.45720000000000005 4.772952055338863 1.9193175968131275
7889 10801356 0.14741767252941662 0.011635473845371058 0.45720000000000005 4.772952055338863 1.9193175968131275
7890 10801356 0.09815805491416402 0.013773861781814417 0.45720000000000005 4.772952055338863 1.9193175968131275
7891 10801356 0.01739255118457761 0.021420020946565282 0.48768 4.772952055338863 1.9193175968131275
7892 10801356 -0.00642373065585326 0.02192195787799305 0.48768 4.772952055338863 1.9193175968131275
7893 10801356 -0.03024001249628413 0.02242389480942082 0.48768 4.772952055338863 1.9193175968131275
7894 10801356 -0.054056294336714994 0.022925831740848585 0.48768 4.772952055338863 1.9193175968131275
7895 10801356 -0.10948328473344549 0.02725667124986672 0.48768 4.772952055338863 1.9193175968131275
7896 10801356 -0.14715327503994913 0.026134159026342835 0.48768 4.772952055338863 1.9193175968131275
7897 10801356 -0.18448558754577826 0.030392537399609204 0.5181600000000001 4.772952055338863 1.9193175968131275
7898 10801356 -0.2138910837577478 0.03200162646888352 0.5181600000000001 4.772952055338863 1.9193175968131275
7899 10801356 -0.24329657996971732 0.03361071553815784 0.5181600000000001 4.772952055338863 1.9193175968131275
7900 10801356 -0.28814653282312985 0.03688048575585651 0.5181600000000001 4.772952055338863 1.9193175968131275
7901 10801356 -0.31276217415583385 0.038063297269567434 0.5181600000000001 4.772952055338863 1.9193175968131275
7902 10801356 -0.33737781548853785 0.03924610878327836 0.5181600000000001 4.772952055338863 1.9193175968131275
7903 10801356 -0.3863728349182012 0.04287840122110673 0.54864 4.772952055338863 1.9193175968131275
7904 10801356 -0.4236162567519064 0.04442178036283531 0.54864 4.772952055338863 1.9193175968131275
7905 10801356 -0.45489354076093025 0.049272407881374075 0.54864 4.772952055338863 1.9193175968131275
7906 10801356 -0.4937635185768423 0.05263304981619274 0.54864 4.772952055338863 1.9193175968131275
7907 10801356 -0.5443402638622996 0.057133989375534405 0.54864 4.772952055338863 1.9193175968131275
7908 10801356 -0.5785778358692466 0.060265865126354234 0.54864 4.772952055338863 1.9193175968131275
7909 10801356 -0.6128154078761936 0.06339774087717406 0.54864 4.772952055338863 1.9193175968131275
7910 10801356 -0.6489073110461423 0.0698233001870904 0.54864 4.772952055338863 1.9193175968131275
7911 10801356 -0.6674717473899399 0.07063533870736291 0.54864 4.772952055338863 1.9193175968131275
7912 10801356 -0.6860361837337374 0.07144737722763542 0.54864 4.772952055338863 1.9193175968131275
7913 10801356 -0.7354137852884628 0.0769011900120356 0.54864 4.772952055338863 1.9193175968131275
7914 10801356 -0.7703020197201185 0.08021748705241731 0.54864 4.772952055338863 1.9193175968131275
7915 10801356 -0.8051902541517741 0.08353378409279902 0.54864 4.772952055338863 1.9193175968131275
7916 10801356 -0.8401044126172594 0.08677127277905244 0.5638799999999999 4.772952055338863 1.9193175968131275
7917 10801356 -0.8750185710827447 0.09000876146530587 0.57912 4.772952055338863 1.9193175968131275
7918 10801356 -0.9270727669419097 0.09651429440008949 0.57912 4.772952055338863 1.9193175968131275
7919 10801356 -0.9411756364747457 0.09820485457919656 0.57912 4.772952055338863 1.9193175968131275
7920 10801356 -0.9552785060075817 0.09989541475830363 0.57912 4.772952055338863 1.9193175968131275
7921 10801356 -1.0299215178523728 0.10794622925878303 0.57912 4.772952055338863 1.9193175968131275
7922 10801356 -1.0627175902889112 0.10815536386989674 0.57912 4.772952055338863 1.9193175968131275
7923 10801356 -1.0916499684267338 0.10768535730729131 0.57912 4.772952055338863 1.9193175968131275
7924 10801356 -1.119729971561148 0.1054763133726114 0.57912 4.772952055338863 1.9193175968131275
7925 10801356 -1.147809974695562 0.10326726943793149 0.57912 4.772952055338863 1.9193175968131275
7926 10801356 -1.1678824830186667 0.09892662826287654 0.58928 4.772952055338863 1.9193175968131275
7927 10801356 -1.1879549913417715 0.0945859870878216 0.59944 4.772952055338863 1.9193175968131275
7928 10801356 -1.2080274996648763 0.09024534591276664 0.6096 4.772952055338863 1.9193175968131275
7929 10801356 -1.2570113257527191 0.073550057014626 0.6096 4.772952055338863 1.9193175968131275
7930 10801356 -1.2850021992708556 0.06401003962679394 0.6096 4.772952055338863 1.9193175968131275
7931 10801356 -1.31070691132764 0.0478805820341581 0.6096 4.772952055338863 1.9193175968131275
7932 10801356 -1.3385428766375675 0.03338288182638913 0.6400800000000001 4.772952055338863 1.9193175968131275
7933 10801356 -1.3688818165106487 0.005800178682210472 0.6400800000000001 4.772952055338863 1.9193175968131275
7934 10801356 -1.3911614946286346 -0.013435485337390612 0.6400800000000001 4.772952055338863 1.9193175968131275
7935 10801356 -1.3995876247255963 -0.02154564374030757 0.6400800000000001 4.772952055338863 1.9193175968131275
7936 10801356 -1.4223376851070204 -0.04086109908843019 0.6400800000000001 4.772952055338863 1.9193175968131275
7937 10801356 -1.4436726176101393 -0.07314094800432741 0.6400800000000001 4.772952055338863 1.9193175968131275
7938 10801356 -1.465007550113258 -0.10542079692022464 0.6400800000000001 4.772952055338863 1.9193175968131275
7939 10801356 -1.486342482616377 -0.13770064583612188 0.6400800000000001 4.772952055338863 1.9193175968131275
7940 11322591 0.8584779333550906 0.07859038935526978 0.42672000000000004 4.772952055338863 1.9193175968131275
7940 10801356 -1.4954538968365967 -0.16393016172669875 0.6400800000000001 4.772952055338863 1.9193175968131275
7941 11322591 0.8664930357919208 0.07865863485324998 0.42672000000000004 4.772952055338863 1.9193175968131275
7941 10801356 -1.5011505587461442 -0.18216313901814699 0.6400800000000001 4.772952055338863 1.9193175968131275
7942 10801356 -1.5068472206556918 -0.20039611630959522 0.6400800000000001 6.114015860123632 3.80656258686977
7942 11322591 0.8721008503491282 0.07951341654081673 0.42672000000000004 6.114015860123632 3.80656258686977
7943 10801356 -1.5112389061311344 -0.2312070088112598 0.6400800000000001 6.114015860123632 3.80656258686977
7943 11322591 0.8778916789783489 0.0798410995677808 0.42672000000000004 6.114015860123632 3.80656258686977
7944 11322591 0.8827864925215743 0.07824183259834731 0.42672000000000004 6.114015860123632 3.80656258686977
7944 10801356 -1.5227604151246286 -0.2800158274286615 0.6400800000000001 6.114015860123632 3.80656258686977
7945 11322591 0.8901261915013918 0.07964063034470362 0.42672000000000004 6.114015860123632 3.80656258686977
7945 10801356 -1.5276110707074773 -0.31114395241670756 0.6400800000000001 6.114015860123632 3.80656258686977
7946 11322591 0.8974658904812093 0.08103942809105992 0.42672000000000004 6.114015860123632 3.80656258686977
7946 10801356 -1.5346969200172842 -0.35182275946975505 0.6400800000000001 6.114015860123632 3.80656258686977
7947 10801356 -1.533213744672964 -0.37988149274933003 0.6400800000000001 6.114015860123632 3.80656258686977
7947 11322591 0.9054809785235217 0.0811077175310356 0.42672000000000004 6.114015860123632 3.80656258686977
7948 10801356 -1.539721169522528 -0.41607595461179325 0.67056 6.114015860123632 3.80656258686977
7948 11322591 0.9110198019217302 0.08175141519646487 0.42672000000000004 6.114015860123632 3.80656258686977
7949 10801356 -1.5408742897178873 -0.4535541671342752 0.67056 6.114015860123632 3.80656258686977
7949 11322591 0.9165586253199385 0.08239511286189412 0.42672000000000004 6.114015860123632 3.80656258686977
7950 10801356 -1.543352006678577 -0.4964410280153623 0.67056 6.114015860123632 3.80656258686977
7950 11322591 0.923478816390034 0.08264591042643239 0.42672000000000004 6.114015860123632 3.80656258686977
7951 10801356 -1.5429860855180693 -0.5292751538218482 0.67056 6.114015860123632 3.80656258686977
7951 11322591 0.9303990074601297 0.08289670799097067 0.42672000000000004 6.114015860123632 3.80656258686977
7952 11322591 0.9408783895738669 0.08180942091920129 0.42672000000000004 6.114015860123632 3.80656258686977
7952 10801356 -1.547732778182333 -0.5600867128091203 0.67056 6.114015860123632 3.80656258686977
7953 11322591 0.9467036868704131 0.08224271846673717 0.42672000000000004 6.114015860123632 3.80656258686977
7953 10801356 -1.542115901160585 -0.5945212477573827 0.67056 6.114015860123632 3.80656258686977
7954 11322591 0.9547532461996184 0.08241662203969485 0.42672000000000004 6.114015860123632 3.80656258686977
7954 10801356 -1.5465192033167485 -0.6367782930681002 0.67056 6.114015860123632 3.80656258686977
7955 11322591 0.9627338275245065 0.08237941749218966 0.42672000000000004 6.114015860123632 3.80656258686977
7955 10801356 -1.5427988108143869 -0.6753828674592718 0.67056 6.114015860123632 3.80656258686977
7956 11322591 0.9711593255452526 0.079626689610891 0.42672000000000004 6.114015860123632 3.80656258686977
7956 10801356 -1.539347619643525 -0.7300228658342486 0.67056 6.114015860123632 3.80656258686977
7957 10801356 -1.5353886671728876 -0.7602931194035896 0.67056 6.114015860123632 3.80656258686977
7957 11322591 0.9795848235659989 0.07687396172959236 0.42672000000000004 6.114015860123632 3.80656258686977
7958 11322591 0.9863180512365534 0.0798144842889544 0.42672000000000004 6.114015860123632 3.80656258686977
7958 10801356 -1.5319965208092947 -0.7789863912740196 0.67056 6.114015860123632 3.80656258686977
7959 10801356 -1.5286043744457019 -0.7976796631444497 0.67056 6.114015860123632 3.80656258686977
7959 11322591 0.9953206088298623 0.08154629214832726 0.42672000000000004 6.114015860123632 3.80656258686977
7960 11322591 1.0025424635168907 0.0791868395997386 0.42672000000000004 6.114015860123632 3.80656258686977
7960 10801356 -1.5219769379829875 -0.8426092450188565 0.67056 6.114015860123632 3.80656258686977
7961 11322591 1.0081502354225678 0.0800417283367891 0.42672000000000004 6.114015860123632 3.80656258686977
7961 10801356 -1.5041006848256926 -0.9006811226448647 0.7010400000000001 6.114015860123632 3.80656258686977
7962 11322591 1.0172999577278397 0.07950579189737758 0.42672000000000004 6.114015860123632 3.80656258686977
7962 10801356 -1.4882107633922794 -0.9392926184358862 0.7010400000000001 6.114015860123632 3.80656258686977
7963 11322591 1.0264496800331115 0.07896985545796606 0.42672000000000004 6.114015860123632 3.80656258686977
7963 10801356 -1.4780690794700064 -0.9582651592986443 0.7010400000000001 6.114015860123632 3.80656258686977
7964 11322591 1.0327126912696958 0.08183038274718002 0.42672000000000004 6.114015860123632 3.80656258686977
7964 10801356 -1.4599246224423548 -1.0019366772692926 0.7010400000000001 6.114015860123632 3.80656258686977
7965 10801356 -1.4323043063831118 -1.0546653269419834 0.7010400000000001 6.114015860123632 3.80656258686977
7965 11322591 1.0419359979461935 0.08016058956775668 0.42672000000000004 6.114015860123632 3.80656258686977
7966 10801356 -1.413879224643247 -1.0825386298964264 0.7010400000000001 6.114015860123632 3.80656258686977
7966 11322591 1.0511593046226912 0.07849079638833334 0.42672000000000004 6.114015860123632 3.80656258686977
7967 11322591 1.0574223020507798 0.08135134525104266 0.42672000000000004 6.114015860123632 3.80656258686977
7967 10801356 -1.3918249560264286 -1.1169729936652475 0.7010400000000001 6.114015860123632 3.80656258686977
7968 10801356 -1.373878065259701 -1.1531018637951949 0.7010400000000001 6.114015860123632 3.80656258686977
7968 11322591 1.0654373400177548 0.08141981526112342 0.42672000000000004 6.114015860123632 3.80656258686977
7969 11322591 1.072659194835069 0.07906043464777579 0.42672000000000004 6.114015860123632 3.80656258686977
7969 10801356 -1.3496700410026163 -1.1904600698633734 0.7010400000000001 6.114015860123632 3.80656258686977
7970 10801356 -1.321577451474959 -1.243108473216343 0.7010400000000001 6.114015860123632 3.80656258686977
7970 11322591 1.0807657428001236 0.07886537784339043 0.42672000000000004 6.114015860123632 3.80656258686977
7971 11322591 1.0888722907651782 0.07867032103900506 0.42672000000000004 6.114015860123632 3.80656258686977
7971 10801356 -1.301545399824308 -1.2823722366562154 0.7010400000000001 6.114015860123632 3.80656258686977
7972 11322591 1.0977375227342248 0.08079758110375909 0.42672000000000004 6.114015860123632 3.80656258686977
7972 10801356 -1.2896262931005231 -1.3029767997069757 0.7010400000000001 6.114015860123632 3.80656258686977
7973 11322591 1.1035627782261384 0.08123100716328588 0.42672000000000004 6.114015860123632 3.80656258686977
7973 10801356 -1.2777071863767382 -1.323581362757736 0.7010400000000001 6.114015860123632 3.80656258686977
7974 11322591 1.1140540577728644 0.08072420261650473 0.42672000000000004 6.114015860123632 3.80656258686977
7974 10801356 -1.250244125522831 -1.3645734854690463 0.73152 6.114015860123632 3.80656258686977
7975 11322591 1.1207964643575372 0.08097484225551761 0.42672000000000004 6.114015860123632 3.80656258686977
7975 10801356 -1.2281468627739935 -1.4040446753099418 0.73152 6.114015860123632 3.80656258686977
7976 11322591 1.1275388709422098 0.0812254818945305 0.42672000000000004 6.114015860123632 3.80656258686977
7976 10801356 -1.1996750143159465 -1.4463008939072666 0.73152 6.114015860123632 3.80656258686977
7977 10801356 -1.1796068797235864 -1.485458818377496 0.73152 6.114015860123632 3.80656258686977
7977 11322591 1.1362435926331502 0.0834052189624516 0.42672000000000004 6.114015860123632 3.80656258686977
7978 10801356 -1.1575497301832447 -1.5198925462177872 0.73152 6.114015860123632 3.80656258686977
7978 11322591 1.1454151537929913 0.08157722168897003 0.42672000000000004 6.114015860123632 3.80656258686977
7979 11322591 1.1545867149528324 0.07974922441548846 0.42672000000000004 6.114015860123632 3.80656258686977
7979 10801356 -1.1170643116455357 -1.582198836278948 0.73152 6.114015860123632 3.80656258686977
7980 10801356 -1.0964445333963428 -1.6213029013848481 0.73152 6.114015860123632 3.80656258686977
7980 11322591 1.1608841379058725 0.08271542290836534 0.42672000000000004 6.114015860123632 3.80656258686977
7981 11322591 1.1688991424107977 0.08278400968034806 0.42672000000000004 6.114015860123632 3.80656258686977
7981 10801356 -1.0826464057681235 -1.6394249223466608 0.73152 6.114015860123632 3.80656258686977
7982 10801356 -1.0688482781399042 -1.6575469433084735 0.73152 6.114015860123632 3.80656258686977
7982 11322591 1.1791834898078297 0.08164394423385306 0.42672000000000004 6.114015860123632 3.80656258686977
7983 10801356 -1.037207949703182 -1.711586281407659 0.73152 6.114015860123632 3.80656258686977
7983 11322591 1.1872674587553451 0.08192367094737253 0.42672000000000004 6.114015860123632 3.80656258686977
7984 10801356 -1.0231589870866953 -1.737909971483237 0.73152 6.114015860123632 3.80656258686977
7984 11322591 1.1954767630784375 0.08122786005442091 0.42672000000000004 6.114015860123632 3.80656258686977
7985 11322591 1.203572001007822 0.08127027211486387 0.42672000000000004 6.114015860123632 3.80656258686977
7985 10801356 -0.9865639115734377 -1.7931012544623666 0.73152 6.114015860123632 3.80656258686977
7986 10801356 -0.9717299182984331 -1.814307062330145 0.762 6.114015860123632 3.80656258686977
7986 11322591 1.2119079648364492 0.08123405226743613 0.42672000000000004 6.114015860123632 3.80656258686977
7987 10801356 -0.9369154307592824 -1.8735890209711943 0.73152 6.114015860123632 3.80656258686977
7987 11322591 1.2202505517533264 0.08230551938905922 0.42672000000000004 6.114015860123632 3.80656258686977
7988 11322591 1.2285931386702036 0.08337698651068232 0.42672000000000004 6.114015860123632 3.80656258686977
7988 10801356 -0.9135494220639615 -1.9097341586492094 0.73152 6.114015860123632 3.80656258686977
7989 10801356 -0.8893085575166999 -1.9426601642483619 0.762 6.114015860123632 3.80656258686977
7989 11322591 1.236470185835144 0.08302341032374579 0.42672000000000004 6.114015860123632 3.80656258686977
7990 11322591 1.2446857722466071 0.08302655382454678 0.42672000000000004 6.114015860123632 3.80656258686977
7990 10801356 -0.8642916380152121 -1.9802792827683284 0.762 6.114015860123632 3.80656258686977
7991 11322591 1.2529013586580704 0.08302969732534778 0.42672000000000004 6.114015860123632 3.80656258686977
7991 10801356 -0.8369790245534148 -2.01631199823482 0.762 6.114015860123632 3.80656258686977
7992 11322591 1.261110646766816 0.0823339624826246 0.42672000000000004 6.114015860123632 3.80656258686977
7992 10801356 -0.8153193082798544 -2.050613594314637 0.762 6.114015860123632 3.80656258686977
7993 11322591 1.2716018716269613 0.0818273910513742 0.42672000000000004 6.114015860123632 3.80656258686977
7993 10801356 -0.7948760385741933 -2.085919408743515 0.762 6.114015860123632 3.80656258686977
7994 10801356 -0.767932927238036 -2.1258030688680276 0.762 6.114015860123632 3.80656258686977
7994 11322591 1.2791513177901084 0.08047104635952881 0.42672000000000004 6.114015860123632 3.80656258686977
7995 11322591 1.2867007639532555 0.07911470166768345 0.42672000000000004 6.114015860123632 3.80656258686977
7995 10801356 -0.7318909103986566 -2.175904008003985 0.7924800000000001 6.114015860123632 3.80656258686977
7996 10801356 -0.7141238451767304 -2.2030911198801517 0.7924800000000001 6.114015860123632 3.80656258686977
7996 11322591 1.2955088441065343 0.08161131312246127 0.42672000000000004 6.114015860123632 3.80656258686977
7997 11322591 1.3038215718864072 0.08123231301899064 0.42672000000000004 6.114015860123632 3.80656258686977
7997 10801356 -0.6901742745603956 -2.2439818627315553 0.7924800000000001 6.114015860123632 3.80656258686977
7998 10801356 -0.6771441987443894 -2.2645968067058497 0.7924800000000001 6.114015860123632 3.80656258686977
7998 11322591 1.31213429966628 0.08085331291552 0.42672000000000004 6.114015860123632 3.80656258686977
7999 11322591 1.3200458104965989 0.08060538982869385 0.42672000000000004 6.114015860123632 3.80656258686977
7999 10801356 -0.6641141229283831 -2.285211750680144 0.7924800000000001 6.114015860123632 3.80656258686977
8000 10801356 -0.6323287329039784 -2.338827290181742 0.7924800000000001 6.114015860123632 3.80656258686977
8000 11322591 1.3280952500712373 0.08077971660354882 0.42672000000000004 6.114015860123632 3.80656258686977
8001 10801356 -0.610334317276934 -2.3734706153591483 0.7924800000000001 6.114015860123632 3.80656258686977
8001 11322591 1.3384830066610687 0.07995656343647302 0.42672000000000004 6.114015860123632 3.80656258686977
8002 11322591 1.346394511199284 0.0797086697663001 0.42672000000000004 6.114015860123632 3.80656258686977
8002 10801356 -0.5880703507462852 -2.415445310284743 0.7924800000000001 6.114015860123632 3.80656258686977
8003 10801356 -0.5744813259478705 -2.4336723060257697 0.7924800000000001 6.114015860123632 3.80656258686977
8003 11322591 1.3559798341465326 0.07914767060092585 0.42672000000000004 6.114015860123632 3.80656258686977
8004 10801356 -0.5420421644296873 -2.4893698864477654 0.82296 6.114015860123632 3.80656258686977
8004 11322591 1.365565157093781 0.0785866714355516 0.42672000000000004 6.114015860123632 3.80656258686977
8005 11322591 1.3723247348089047 0.07889033005900692 0.42672000000000004 6.114015860123632 3.80656258686977
8005 10801356 -0.5135404925804763 -2.53536868263786 0.82296 6.114015860123632 3.80656258686977
8006 10801356 -0.49984746035437755 -2.553278870359037 0.82296 6.114015860123632 3.80656258686977
8006 11322591 1.3790843125240282 0.07919398868246222 0.42672000000000004 6.114015860123632 3.80656258686977
8007 10801356 -0.4861544281282788 -2.571189058080214 0.82296 6.114015860123632 3.80656258686977
8007 11322591 1.384691967221989 0.08004917374157766 0.42672000000000004 6.114015860123632 3.80656258686977
8008 10801356 -0.4493205496687225 -2.6270368055816795 0.82296 6.114015860123632 3.80656258686977
8008 11322591 1.3910377576945985 0.07908612366128612 0.42672000000000004 6.114015860123632 3.80656258686977
8009 10801356 -0.4389322481324067 -2.6469043685520077 0.82296 6.114015860123632 3.80656258686977
8009 11322591 1.3973835481672077 0.07812307358099457 0.42672000000000004 6.114015860123632 3.80656258686977
8010 10801356 -0.4063087659539848 -2.7047637395665043 0.82296 6.114015860123632 3.80656258686977
8010 11322591 1.4033811324505625 0.07908454813993526 0.42672000000000004 6.114015860123632 3.80656258686977
8011 11322591 1.4058686607727244 0.07827199118184308 0.42672000000000004 6.114015860123632 3.80656258686977
8011 10801356 -0.38430854508344603 -2.7353185007883916 0.82296 6.114015860123632 3.80656258686977
8012 11322591 1.4121427364641224 0.08089551668161235 0.42672000000000004 6.114015860123632 3.80656258686977
8012 10801356 -0.3572419716252717 -2.7710334940062085 0.82296 6.114015860123632 3.80656258686977
8013 10801356 -0.336876806978891 -2.8103998760888196 0.82296 6.114015860123632 3.80656258686977
8013 11322591 1.4121882796457785 0.08038814676775388 0.42672000000000004 6.114015860123632 3.80656258686977
8014 10801356 -0.31178388933959367 -2.847806141468099 0.8534400000000001 6.114015860123632 3.80656258686977
8014 11322591 1.412233822827435 0.07988077685389541 0.42672000000000004 6.114015860123632 3.80656258686977
8015 11322591 1.412279366009091 0.07937340694003694 0.42672000000000004 6.114015860123632 3.80656258686977
8015 10801356 -0.28039363069811984 -2.901289150183649 0.8534400000000001 6.114015860123632 3.80656258686977
8016 11322591 1.4123249091907473 0.07886603702617848 0.42672000000000004 6.114015860123632 3.80656258686977
8016 10801356 -0.2605085176521529 -2.9396803742485957 0.8534400000000001 6.114015860123632 3.80656258686977
8017 11322591 1.4123704523724034 0.07835866711232001 0.42672000000000004 6.114015860123632 3.80656258686977
8017 10801356 -0.24736421748830872 -2.9572350553809263 0.8534400000000001 6.114015860123632 3.80656258686977
8018 11322591 1.4124159955540598 0.07785129719846154 0.42672000000000004 6.114015860123632 3.80656258686977
8018 10801356 -0.23421991732446457 -2.9747897365132565 0.8534400000000001 6.114015860123632 3.80656258686977
8019 11322591 1.412461538735716 0.07734392728460308 0.42672000000000004 6.114015860123632 3.80656258686977
8019 10801356 -0.19775346333325983 -3.0298721383969047 0.8534400000000001 6.114015860123632 3.80656258686977
8020 10801356 -0.1718076674051211 -3.06834453746362 0.8534400000000001 6.114015860123632 3.80656258686977
8020 11322591 1.4125070819173722 0.07683655737074462 0.42672000000000004 6.114015860123632 3.80656258686977
8021 10801356 -0.14586187147698237 -3.1068169365303357 0.8534400000000001 6.114015860123632 3.80656258686977
8021 11322591 1.4125526250990283 0.07632918745688615 0.42672000000000004 6.114015860123632 3.80656258686977
8022 11322591 1.4125981682806847 0.07582181754302768 0.42672000000000004 6.114015860123632 3.80656258686977
8022 10801356 -0.11679952145314265 -3.1470374381284265 0.8534400000000001 6.114015860123632 3.80656258686977
8023 11322591 1.412643711462341 0.07531444762916921 0.42672000000000004 6.114015860123632 3.80656258686977
8023 10801356 -0.09132165808581372 -3.1791939031722665 0.8534400000000001 6.114015860123632 3.80656258686977
8024 11322591 1.412689254643997 0.07480707771531074 0.42672000000000004 6.114015860123632 3.80656258686977
8024 10801356 -0.06395526744450863 -3.2178084675758245 0.8534400000000001 6.114015860123632 3.80656258686977
8025 11322591 1.4127347978256535 0.07429970780145227 0.42672000000000004 6.114015860123632 3.80656258686977
8025 10801356 -0.03895285472449683 -3.2582206620237963 0.8534400000000001 6.114015860123632 3.80656258686977
8026 10801356 -0.008581449929732754 -3.2985175004877707 0.88392 6.114015860123632 3.80656258686977
8026 11322591 1.4127803410073096 0.0737923378875938 0.42672000000000004 6.114015860123632 3.80656258686977
8027 10801356 0.018672856368606272 -3.3347583245136234 0.88392 6.114015860123632 3.80656258686977
8027 11322591 1.4128258841889658 0.07328496797373533 0.42672000000000004 6.114015860123632 3.80656258686977
8028 10801356 0.04345003454930696 -3.370423358782863 0.88392 6.114015860123632 3.80656258686977
8028 11322591 1.412871427370622 0.07277759805987687 0.42672000000000004 6.114015860123632 3.80656258686977
8029 10801356 0.07126367610866091 -3.4117531491994453 0.88392 6.114015860123632 3.80656258686977
8029 11322591 1.4129169705522784 0.07227022814601841 0.42672000000000004 6.114015860123632 3.80656258686977
8030 11322591 1.4129625137339346 0.07176285823215994 0.42672000000000004 6.114015860123632 3.80656258686977
8030 10801356 0.09811750608300929 -3.447862558503325 0.88392 6.114015860123632 3.80656258686977
8031 11322591 1.4130080569155907 0.07125548831830147 0.42672000000000004 6.114015860123632 3.80656258686977
8031 10801356 0.1176700978431261 -3.4750445386254136 0.88392 6.114015860123632 3.80656258686977
8032 11322591 1.413053600097247 0.070748118404443 0.42672000000000004 6.114015860123632 3.80656258686977
8032 10801356 0.13663936486099654 -3.499932984451453 0.88392 6.114015860123632 3.80656258686977
8033 10801356 0.15560863187886698 -3.5248214302774925 0.88392 6.114015860123632 3.80656258686977
8033 11322591 1.4130991432789033 0.07024074849058454 0.42672000000000004 6.114015860123632 3.80656258686977
8034 10801356 0.16562129309657903 -3.545849384912967 0.88392 6.114015860123632 3.80656258686977
8034 11322591 1.4131446864605595 0.06973337857672607 0.42672000000000004 6.114015860123632 3.80656258686977
8035 11322591 1.4131902296422156 0.0692260086628676 0.42672000000000004 6.114015860123632 3.80656258686977
8035 10801356 0.2082593405312798 -3.603002053937374 0.9144000000000001 6.114015860123632 3.80656258686977
8036 11322591 1.413235772823872 0.06871863874900913 0.42672000000000004 6.114015860123632 3.80656258686977
8036 10801356 0.22993069431181334 -3.637300808096969 0.88392 6.114015860123632 3.80656258686977
8037 11322591 1.4132813160055282 0.06821126883515066 0.42672000000000004 6.114015860123632 3.80656258686977
8037 10801356 0.2660287772611115 -3.6981576732302774 0.88392 6.114015860123632 3.80656258686977
8038 10801356 0.28770081335213427 -3.732456272528977 0.88392 6.114015860123632 3.80656258686977
8038 11322591 1.4133268591871844 0.0677038989212922 0.42672000000000004 6.114015860123632 3.80656258686977
8039 11322591 1.4133724023688405 0.06719652900743373 0.42672000000000004 6.114015860123632 3.80656258686977
8039 10801356 0.30266944608102686 -3.7546352753637793 0.88392 6.114015860123632 3.80656258686977
8040 11322591 1.413417945550497 0.06668915909357526 0.42672000000000004 6.114015860123632 3.80656258686977
8040 10801356 0.3271002361870009 -3.79953098531785 0.88392 6.114015860123632 3.80656258686977
8041 10801356 0.34704907786833383 -3.839107466883222 0.9144000000000001 6.114015860123632 3.80656258686977
8041 11322591 1.413463488732153 0.06618178917971679 0.42672000000000004 6.114015860123632 3.80656258686977
8042 10801356 0.3784357957078608 -3.898073745710754 0.9144000000000001 6.114015860123632 3.80656258686977
8042 11322591 1.4135090319138093 0.06567441926585833 0.42672000000000004 6.114015860123632 3.80656258686977
8043 10801356 0.40330612330952853 -3.938906805176116 0.9144000000000001 6.114015860123632 3.80656258686977
8043 11322591 1.4135545750954657 0.06516704935199986 0.42672000000000004 6.114015860123632 3.80656258686977
8044 11322591 1.4136001182771218 0.0646596794381414 0.42672000000000004 6.114015860123632 3.80656258686977
8044 10801356 0.4272062191597643 -3.971829388296936 0.88392 6.114015860123632 3.80656258686977
8045 11322591 1.413645661458778 0.06415230952428293 0.42672000000000004 6.114015860123632 3.80656258686977
8045 10801356 0.4675887935737323 -4.0304618647355035 0.9144000000000001 6.114015860123632 3.80656258686977
8046 11322591 1.4136912046404342 0.06364493961042446 0.42672000000000004 6.114015860123632 3.80656258686977
8046 10801356 0.47692627919098574 -4.0522028385759095 0.9144000000000001 6.114015860123632 3.80656258686977
8047 11322591 1.4137367478220906 0.06313756969656599 0.42672000000000004 6.114015860123632 3.80656258686977
8047 10801356 0.4963680120136284 -4.079054393320017 0.9144000000000001 6.114015860123632 3.80656258686977
8048 11322591 1.4137822910037467 0.06263019978270752 0.42672000000000004 6.114015860123632 3.80656258686977
8048 10801356 0.5158097448362711 -4.105905948064124 0.9144000000000001 6.114015860123632 3.80656258686977
8049 10801356 0.5390270995842934 -4.151805565676165 0.9144000000000001 6.114015860123632 3.80656258686977
8049 11322591 1.413827834185403 0.06212282986884905 0.42672000000000004 6.114015860123632 3.80656258686977
8050 11322591 1.413873377367059 0.061615459954990584 0.42672000000000004 6.114015860123632 3.80656258686977
8050 10801356 0.5704263403072236 -4.194419128436695 0.9144000000000001 6.114015860123632 3.80656258686977
8051 11322591 1.4139189205487155 0.061108090041132115 0.42672000000000004 6.114015860123632 3.80656258686977
8051 10801356 0.5945163679120384 -4.240369678333106 0.9144000000000001 6.114015860123632 3.80656258686977
8052 11322591 1.4139644637303717 0.060600720127273654 0.42672000000000004 6.114015860123632 3.80656258686977
8052 10801356 0.6211477286337113 -4.2758183749906005 0.9144000000000001 6.114015860123632 3.80656258686977
8053 10801356 0.6405731550741411 -4.314287457301919 0.9448799999999999 6.114015860123632 3.80656258686977
8053 11322591 1.4140100069120278 0.060093350213415185 0.42672000000000004 6.114015860123632 3.80656258686977
8054 10801356 0.6671706244086448 -4.3498415602027825 0.9448799999999999 6.114015860123632 3.80656258686977
8054 11322591 1.4140555500936842 0.059585980299556716 0.42672000000000004 6.114015860123632 3.80656258686977
8055 10801356 0.6874684968126714 -4.388361607138859 0.9448799999999999 6.114015860123632 3.80656258686977
8055 11322591 1.4141010932753404 0.059078610385698255 0.42672000000000004 6.114015860123632 3.80656258686977
8056 10801356 0.7117124219973276 -4.4284037051544605 0.9448799999999999 6.114015860123632 3.80656258686977
8056 11322591 1.4141466364569966 0.058571240471839786 0.42672000000000004 6.114015860123632 3.80656258686977
8057 10801356 0.7462043702154255 -4.486043911938765 0.9448799999999999 6.114015860123632 3.80656258686977
8057 11322591 1.4141921796386527 0.05806387055798132 0.42672000000000004 6.114015860123632 3.80656258686977
8058 11322591 1.4142377228203091 0.05755650064412285 0.42672000000000004 6.114015860123632 3.80656258686977
8058 10801356 0.7743778841446575 -4.527660630369986 0.9448799999999999 6.114015860123632 3.80656258686977
8059 10801356 0.8025513980738894 -4.569277348801206 0.9448799999999999 6.114015860123632 3.80656258686977
8059 11322591 1.4142832660019653 0.05704913073026438 0.42672000000000004 6.114015860123632 3.80656258686977
8060 10801356 0.8185440172687001 -4.59377432062316 0.9448799999999999 6.114015860123632 3.80656258686977
8060 11322591 1.4143288091836215 0.05654176081640591 0.42672000000000004 6.114015860123632 3.80656258686977
8061 11322591 1.4143743523652776 0.05603439090254744 0.42672000000000004 6.114015860123632 3.80656258686977
8061 10801356 0.8345366364635107 -4.618271292445114 0.9448799999999999 6.114015860123632 3.80656258686977
8062 10801356 0.8603054440493496 -4.664534306780787 0.9448799999999999 6.114015860123632 3.80656258686977
8062 11322591 1.414419895546934 0.055527020988688974 0.42672000000000004 6.114015860123632 3.80656258686977
8063 10801356 0.8852512446129388 -4.705154755428034 0.9448799999999999 6.114015860123632 3.80656258686977
8063 11322591 1.4144654387285902 0.05501965107483051 0.42672000000000004 6.114015860123632 3.80656258686977
8064 10801356 0.9089156150711324 -4.738814823875484 0.9448799999999999 6.114015860123632 3.80656258686977
8064 11322591 1.4145109819102464 0.054512281160972044 0.42672000000000004 6.114015860123632 3.80656258686977
8065 10801356 0.92941303607384 -4.7740107368324995 0.9448799999999999 6.114015860123632 3.80656258686977
8065 11322591 1.4145565250919028 0.054004911247113575 0.42672000000000004 6.114015860123632 3.80656258686977
8066 11322591 1.414602068273559 0.053497541333255114 0.42672000000000004 6.114015860123632 3.80656258686977
8066 10801356 0.9570287138851279 -4.824146855392235 0.9448799999999999 6.114015860123632 3.80656258686977
8067 11322591 1.4146476114552151 0.052990171419396645 0.42672000000000004 6.114015860123632 3.80656258686977
8067 10801356 0.9918803347127985 -4.8834205313203 0.9448799999999999 6.114015860123632 3.80656258686977
8068 11322591 1.4146931546368713 0.052482801505538176 0.42672000000000004 6.114015860123632 3.80656258686977
8068 10801356 0.9911396113259142 -4.883199502081049 0.9448118425760286 6.114015860123632 3.80656258686977
8069 11322591 1.4147386978185277 0.05197543159167971 0.42672000000000004 6.114015860123632 3.80656258686977
8069 10801356 0.9903988879390299 -4.882978472841797 0.9447436851520572 6.114015860123632 3.80656258686977
8070 10801356 0.9896581645521456 -4.8827574436025465 0.9446755277280858 6.114015860123632 3.80656258686977
8070 11322591 1.4147842410001839 0.05146806167782124 0.42672000000000004 6.114015860123632 3.80656258686977
8071 11322591 1.41482978418184 0.05096069176396277 0.42672000000000004 6.114015860123632 3.80656258686977
8071 10801356 0.9889174411652614 -4.882536414363295 0.9446073703041145 6.114015860123632 3.80656258686977
8072 11322591 1.4148753273634962 0.0504533218501043 0.42672000000000004 6.114015860123632 3.80656258686977
8072 10801356 0.9881767177783771 -4.882315385124044 0.9445392128801431 6.114015860123632 3.80656258686977
8073 10801356 0.9874359943914928 -4.882094355884792 0.9444710554561717 6.114015860123632 3.80656258686977
8074 10801356 0.9866952710046085 -4.881873326645541 0.9444028980322003 6.114015860123632 3.80656258686977
8075 10801356 0.9859545476177243 -4.88165229740629 0.944334740608229 6.114015860123632 3.80656258686977
8076 10801356 0.98521382423084 -4.881431268167039 0.9442665831842575 6.114015860123632 3.80656258686977
8077 10801356 0.9844731008439557 -4.881210238927787 0.9441984257602861 6.114015860123632 3.80656258686977
8078 10801356 0.9837323774570714 -4.880989209688536 0.9441302683363147 6.114015860123632 3.80656258686977
8079 10801356 0.9829916540701872 -4.880768180449285 0.9440621109123434 6.114015860123632 3.80656258686977
8080 10801356 0.9822509306833029 -4.880547151210034 0.943993953488372 6.114015860123632 3.80656258686977
8081 10801356 0.9815102072964186 -4.880326121970782 0.9439257960644006 6.114015860123632 3.80656258686977
8082 10801356 0.9807694839095343 -4.880105092731531 0.9438576386404293 6.114015860123632 3.80656258686977
8083 10801356 0.9800287605226501 -4.8798840634922795 0.9437894812164579 6.114015860123632 3.80656258686977
8084 10801356 0.9792880371357658 -4.879663034253029 0.9437213237924865 6.114015860123632 3.80656258686977
8085 10801356 0.9785473137488815 -4.879442005013777 0.9436531663685152 6.114015860123632 3.80656258686977
8086 10801356 0.9778065903619972 -4.879220975774526 0.9435850089445438 6.114015860123632 3.80656258686977
8087 10801356 0.977065866975113 -4.8789999465352745 0.9435168515205724 6.114015860123632 3.80656258686977
8088 10801356 0.9763251435882287 -4.878778917296024 0.943448694096601 6.114015860123632 3.80656258686977
8089 10801356 0.9755844202013444 -4.878557888056772 0.9433805366726297 6.114015860123632 3.80656258686977
8090 10801356 0.9748436968144601 -4.878336858817521 0.9433123792486583 6.114015860123632 3.80656258686977
8091 10801356 0.9741029734275759 -4.878115829578269 0.9432442218246869 6.114015860123632 3.80656258686977
8092 10801356 0.9733622500406917 -4.877894800339019 0.9431760644007156 6.114015860123632 3.80656258686977
8093 10801356 0.9726215266538073 -4.877673771099767 0.9431079069767442 6.114015860123632 3.80656258686977
8094 10801356 0.971880803266923 -4.877452741860516 0.9430397495527727 6.114015860123632 3.80656258686977
8095 10801356 0.9711400798800388 -4.877231712621264 0.9429715921288013 6.114015860123632 3.80656258686977
8096 10801356 0.9703993564931546 -4.8770106833820135 0.94290343470483 6.114015860123632 3.80656258686977
8097 10801356 0.9696586331062702 -4.876789654142762 0.9428352772808586 6.114015860123632 3.80656258686977
8098 10801356 0.968917909719386 -4.876568624903511 0.9427671198568872 6.114015860123632 3.80656258686977
8099 10801356 0.9681771863325017 -4.876347595664259 0.9426989624329158 6.114015860123632 3.80656258686977
8100 10801356 0.9674364629456175 -4.876126566425008 0.9426308050089445 6.114015860123632 3.80656258686977
8101 10801356 0.9666957395587331 -4.875905537185757 0.9425626475849731 6.114015860123632 3.80656258686977
8102 10801356 0.9659550161718489 -4.875684507946506 0.9424944901610017 6.114015860123632 3.80656258686977
8103 10801356 0.9652142927849646 -4.875463478707254 0.9424263327370304 6.114015860123632 3.80656258686977
8104 10801356 0.9644735693980804 -4.875242449468003 0.942358175313059 6.114015860123632 3.80656258686977
8105 10801356 0.963732846011196 -4.875021420228752 0.9422900178890876 6.114015860123632 3.80656258686977
8106 10801356 0.9629921226243118 -4.874800390989501 0.9422218604651162 6.114015860123632 3.80656258686977
8107 10801356 0.9622513992374275 -4.874579361750249 0.9421537030411449 6.114015860123632 3.80656258686977
8108 10801356 0.9615106758505432 -4.874358332510998 0.9420855456171735 6.114015860123632 3.80656258686977
8109 10801356 0.9607699524636589 -4.8741373032717465 0.9420173881932021 6.114015860123632 3.80656258686977
8110 10801356 0.9600292290767747 -4.873916274032496 0.9419492307692308 6.114015860123632 3.80656258686977
8111 10801356 0.9592885056898904 -4.873695244793244 0.9418810733452594 6.114015860123632 3.80656258686977
8112 10801356 0.9585477823030061 -4.873474215553993 0.9418129159212879 6.114015860123632 3.80656258686977
8113 10801356 0.9578070589161218 -4.8732531863147415 0.9417447584973165 6.114015860123632 3.80656258686977
8114 10801356 0.9570663355292376 -4.873032157075491 0.9416766010733452 6.114015860123632 3.80656258686977
8115 10801356 0.9563256121423533 -4.872811127836239 0.9416084436493738 6.114015860123632 3.80656258686977
8116 10801356 0.955584888755469 -4.872590098596988 0.9415402862254024 6.114015860123632 3.80656258686977
8117 10801356 0.9548441653685847 -4.872369069357736 0.941472128801431 6.114015860123632 3.80656258686977
8118 10801356 0.9541034419817005 -4.872148040118486 0.9414039713774597 6.114015860123632 3.80656258686977
8119 10801356 0.9533627185948162 -4.871927010879235 0.9413358139534883 6.114015860123632 3.80656258686977
8120 10801356 0.9526219952079319 -4.871705981639983 0.9412676565295169 6.114015860123632 3.80656258686977
8121 10801356 0.9518812718210476 -4.871484952400732 0.9411994991055456 6.114015860123632 3.80656258686977
8122 10801356 0.9511405484341634 -4.8712639231614805 0.9411313416815742 6.114015860123632 3.80656258686977
8123 10801356 0.9503998250472792 -4.87104289392223 0.9410631842576028 6.114015860123632 3.80656258686977
8124 10801356 0.9496591016603948 -4.870821864682978 0.9409950268336315 6.114015860123632 3.80656258686977
8125 10801356 0.9489183782735106 -4.870600835443727 0.9409268694096601 6.114015860123632 3.80656258686977
8126 10801356 0.9481776548866263 -4.870379806204475 0.9408587119856887 6.114015860123632 3.80656258686977
8127 10801356 0.9474369314997421 -4.870158776965225 0.9407905545617173 6.114015860123632 3.80656258686977
