22688 11359772 0.5649360149550702 0.007850815372962908 0.45720000000000005 5.677300441543373 3.5346652592362147
22689 11359772 0.5187207145876696 0.009108389164181621 0.46482000000000007 5.677300441543373 3.5346652592362147
22690 11359772 0.4683941876892626 0.010015842895030394 0.46482000000000007 5.677300441543373 3.5346652592362147
22691 11359772 0.41137212872679685 0.012177027613410357 0.48006 5.677300441543373 3.5346652592362147
22692 11359772 0.35677536292764234 0.008171921932577514 0.48006 5.677300441543373 3.5346652592362147
22693 11359772 0.30866531788277474 0.013146070845687502 0.48768 5.677300441543373 3.5346652592362147
22694 11359772 0.25198196344402213 0.009823594553732468 0.4953 5.677300441543373 3.5346652592362147
22695 11359772 0.22743492366870743 0.013523232290352932 0.4953 5.677300441543373 3.5346652592362147
22696 11359772 0.1537847115033587 0.014811903489564904 0.50292 5.677300441543373 3.5346652592362147
22697 11359772 0.09913489254424146 0.016083271651273295 0.51054 5.677300441543373 3.5346652592362147
22698 11359772 0.054769697179094856 0.016213363436451966 0.5181600000000001 5.677300441543373 3.5346652592362147
22699 11359772 0.0009604920850901921 0.021416590285334658 0.5334 5.677300441543373 3.5346652592362147
22700 11359772 -0.06930255101802596 0.027909195318605834 0.54102 5.677300441543373 3.5346652592362147
22701 11359772 -0.11263290770399159 0.031206957837429633 0.54864 5.677300441543373 3.5346652592362147
22702 11359772 -0.13950948552233344 0.033215866660936344 0.55626 5.677300441543373 3.5346652592362147
22703 11359772 -0.1663860633406753 0.035224775484443055 0.56388 5.677300441543373 3.5346652592362147
22704 11359772 -0.2449713365018289 0.04478988168024786 0.57912 5.677300441543373 3.5346652592362147
22705 11359772 -0.2856337324557663 0.04429573877740381 0.58674 5.677300441543373 3.5346652592362147
22706 11359772 -0.32952275669791553 0.05104870115780105 0.59436 5.677300441543373 3.5346652592362147
22707 11359772 -0.40548032815240487 0.05099409215140929 0.6019800000000001 5.677300441543373 3.5346652592362147
22708 11359772 -0.4336683054135 0.048993070734429406 0.6096 5.677300441543373 3.5346652592362147
22709 11359772 -0.47851731544197107 0.047648766956738614 0.61722 5.677300441543373 3.5346652592362147
22710 11359772 -0.5363083391792454 0.039319783291544425 0.6248400000000001 5.677300441543373 3.5346652592362147
22711 11359772 -0.6041985949532414 0.023193774964059582 0.6400800000000001 5.677300441543373 3.5346652592362147
22712 11359772 -0.6463426590459118 0.009749981616606035 0.6400800000000001 5.677300441543373 3.5346652592362147
22713 11359772 -0.6751951541057529 -0.002431163862006036 0.6477 5.677300441543373 3.5346652592362147
22714 11359772 -0.704047649165594 -0.014612309340618107 0.65532 5.677300441543373 3.5346652592362147
22715 11359772 -0.7421496523360491 -0.033349604868749966 0.6629400000000001 5.677300441543373 3.5346652592362147
22716 11359772 -0.767723646754944 -0.04636878182071916 0.6629400000000001 5.677300441543373 3.5346652592362147
22717 11359772 -0.8244023583154421 -0.0866049679824065 0.6781800000000001 5.677300441543373 3.5346652592362147
22718 11359772 -0.8419692959435847 -0.1077332110917261 0.6858000000000001 5.677300441543373 3.5346652592362147
22719 11359772 -0.8921598206826309 -0.1607224880287835 0.69342 5.677300441543373 3.5346652592362147
22720 11359772 -0.911280060833493 -0.18660034628917618 0.7010400000000001 5.677300441543373 3.5346652592362147
22721 11359772 -0.9304003009843551 -0.21247820454956887 0.7086600000000001 5.677300441543373 3.5346652592362147
22722 11359772 -0.9512807676267692 -0.24373907597819114 0.7086600000000001 5.677300441543373 3.5346652592362147
22723 11359772 -0.9772433055113787 -0.2878257663121301 0.7162800000000001 5.677300441543373 3.5346652592362147
22724 11359772 -0.9836280630709153 -0.3073525917336867 0.7239000000000001 5.677300441543373 3.5346652592362147
22725 11359772 -1.0043957083389634 -0.3735839817062968 0.73152 5.677300441543373 3.5346652592362147
22726 11359772 -1.0188385863349352 -0.43405545123022926 0.73152 5.677300441543373 3.5346652592362147
22727 11359772 -1.0301229914408956 -0.501167716209492 0.73914 5.677300441543373 3.5346652592362147
22728 11359772 -1.0329480258753736 -0.5274665300574557 0.73914 5.677300441543373 3.5346652592362147
22729 11359772 -1.0357730603098518 -0.5537653439054194 0.73914 5.677300441543373 3.5346652592362147
22730 11359772 -1.0317583844464617 -0.6094061702064043 0.74676 5.677300441543373 3.5346652592362147
22731 11359772 -1.0234093287595005 -0.7115622283140052 0.75438 5.677300441543373 3.5346652592362147
22732 11359772 -1.0148810758336297 -0.7615517117860306 0.762 5.677300441543373 3.5346652592362147
22733 11359772 -1.002892039122706 -0.8145419737894956 0.762 5.677300441543373 3.5346652592362147
22734 11359772 -0.9838541166204585 -0.8724654121069562 0.76962 5.677300441543373 3.5346652592362147
22735 11359772 -0.964816194118211 -0.9303888504244168 0.77724 5.677300441543373 3.5346652592362147
22736 11359772 -0.9443389821170349 -0.9832329659229736 0.78486 5.677300441543373 3.5346652592362147
22737 11359772 -0.9112570422295325 -1.0477919296500662 0.7924800000000001 5.677300441543373 3.5346652592362147
22738 11359772 -0.8797115116633731 -1.1007490860463687 0.7924800000000001 5.677300441543373 3.5346652592362147
22739 11359772 -0.8403393816814357 -1.1612883718388285 0.8001 5.677300441543373 3.5346652592362147
22740 11359772 -0.818363144325533 -1.1956946693430812 0.8001 5.677300441543373 3.5346652592362147
22741 11359772 -0.7589313324418523 -1.269333340516136 0.8001 5.677300441543373 3.5346652592362147
22742 11359772 -0.7152026988152091 -1.3217151582270874 0.80772 5.677300441543373 3.5346652592362147
22743 11359772 -0.6769575575272746 -1.3575831083952297 0.8115300000000001 5.677300441543373 3.5346652592362147
22744 11359772 -0.63871241623934 -1.3934510585633717 0.8153400000000001 5.677300441543373 3.5346652592362147
22745 11359772 -0.5861065356458681 -1.4347135509784221 0.8153400000000001 5.677300441543373 3.5346652592362147
22746 11359772 -0.48698439560571827 -1.505432722705744 0.82296 5.677300441543373 3.5346652592362147
22747 11359772 -0.45855520984861875 -1.521734484985405 0.8305800000000001 5.677300441543373 3.5346652592362147
22748 11359772 -0.3833398954168439 -1.5606876906417186 0.8382000000000001 5.677300441543373 3.5346652592362147
22749 11359772 -0.27705408348157534 -1.6132990945196297 0.84582 5.677300441543373 3.5346652592362147
22750 11359772 -0.2247178794062592 -1.6379966622583495 0.85344 5.677300441543373 3.5346652592362147
22751 11359772 -0.17238167533094306 -1.6626942299970693 0.86106 5.677300441543373 3.5346652592362147
22752 11359772 -0.09877339739854274 -1.6918891027611231 0.8686800000000001 5.677300441543373 3.5346652592362147
22753 11359772 -0.025428763908509122 -1.7213474203270291 0.8763000000000001 5.677300441543373 3.5346652592362147
22754 11359772 0.036953951045075595 -1.7479238918924183 0.8915400000000001 5.677300441543373 3.5346652592362147
22755 11359772 0.13148962791532082 -1.7834869201966745 0.9067800000000001 5.677300441543373 3.5346652592362147
22756 11359772 0.204812198396084 -1.8132857386516548 0.9144000000000001 5.677300441543373 3.5346652592362147
22757 11359772 0.30992757957717 -1.8586113833786737 0.9296400000000001 5.677300441543373 3.5346652592362147
22758 11359772 0.3813824031151739 -1.887330531557302 0.93726 5.677300441543373 3.5346652592362147
22759 11359772 0.42397646979595094 -1.9065032859582896 0.9448799999999999 5.677300441543373 3.5346652592362147
22760 11359772 0.4657413496104118 -1.9227761378878137 0.94869 5.677300441543373 3.5346652592362147
22761 11359772 0.5075062294248727 -1.9390489898173378 0.9525 5.677300441543373 3.5346652592362147
22762 11359772 0.6166526784717544 -1.9801954282096064 0.96012 5.677300441543373 3.5346652592362147
22763 11359772 0.6889116453492341 -2.0091736621488154 0.96774 5.677300441543373 3.5346652592362147
22764 11359772 0.7531097899013562 -2.0356348258502517 0.97536 5.677300441543373 3.5346652592362147
22765 11359772 0.838995594897498 -2.0636885694845835 0.9906 5.677300441543373 3.5346652592362147
22766 11359772 0.9402209035683686 -2.101891510720688 0.99822 5.677300441543373 3.5346652592362147
22767 11359772 1.0188833957716212 -2.127583544013949 1.00584 5.677300441543373 3.5346652592362147
22768 11359772 1.0614449286092222 -2.1468580062914238 1.01346 5.677300441543373 3.5346652592362147
22769 11359772 1.1415753928889996 -2.1734952252607704 1.0287 5.677300441543373 3.5346652592362147
22770 11359772 1.2557144884326328 -2.2156768180071786 1.0363200000000001 5.677300441543373 3.5346652592362147
22771 11359772 1.3197918941446871 -2.2370693483522377 1.05156 5.677300441543373 3.5346652592362147
22772 11359772 1.3752910965652714 -2.257528912917363 1.05918 5.677300441543373 3.5346652592362147
22773 11359772 1.4307902989858556 -2.2779884774824875 1.0668 5.677300441543373 3.5346652592362147
22774 11359772 1.4988473118026435 -2.3007955021960536 1.0744200000000002 5.677300441543373 3.5346652592362147
22775 11359772 1.5905130090837927 -2.3356327098499245 1.08966 5.677300441543373 3.5346652592362147
22776 11359772 1.6705621837232023 -2.36796076077506 1.09728 5.677300441543373 3.5346652592362147
22777 11359772 1.7163165513879015 -2.3828994483250834 1.11252 5.677300441543373 3.5346652592362147
22778 11359772 1.8225012419971711 -2.4222399251032147 1.12776 5.677300441543373 3.5346652592362147
22779 11359772 1.8881371688907203 -2.449742707808168 1.13538 5.677300441543373 3.5346652592362147
22780 11359772 1.9620073870437715 -2.4792320019560337 1.1506200000000002 5.677300441543373 3.5346652592362147
22781 11359772 2.035075249780432 -2.508458478365022 1.15824 5.677300441543373 3.5346652592362147
22782 11359772 2.101977076218221 -2.5293632203810197 1.1658600000000001 5.677300441543373 3.5346652592362147
22783 11359772 2.20314110383081 -2.567759145948643 1.17348 5.677300441543373 3.5346652592362147
22784 11359772 2.275407339730318 -2.5967211053642236 1.1811 5.677300441543373 3.5346652592362147
22785 11359772 2.316541450608215 -2.610848091977476 1.18872 5.677300441543373 3.5346652592362147
22786 11359772 2.3576755614861122 -2.624975078590729 1.1963400000000002 5.677300441543373 3.5346652592362147
22787 11359772 2.485724522396326 -2.6653661326229527 1.2039600000000001 5.677300441543373 3.5346652592362147
22788 11359772 2.558360656338117 -2.690473851848293 1.21158 5.677300441543373 3.5346652592362147
22789 11359772 2.6703765074451207 -2.7310020139214197 1.2268200000000002 5.677300441543373 3.5346652592362147
22790 11359772 2.70007823093996 -2.7406948741837858 1.2268200000000002 5.677300441543373 3.5346652592362147
22791 11359772 2.818451315892368 -2.7753517540578043 1.2420600000000002 5.677300441543373 3.5346652592362147
22792 11359772 2.893910303705118 -2.7999750269265666 1.2496800000000001 5.677300441543373 3.5346652592362147
22793 11359772 2.9438984872080605 -2.8182719396110008 1.2573 5.677300441543373 3.5346652592362147
22794 11359772 2.993886670711003 -2.8365688522954353 1.26492 5.677300441543373 3.5346652592362147
22795 11359772 3.042855132830401 -2.8525466570431184 1.27254 5.677300441543373 3.5346652592362147
22796 11359772 3.121526009483998 -2.878215204277344 1.2801600000000002 5.677300441543373 3.5346652592362147
22797 11359772 3.2479844568164866 -2.920758637978392 1.2954 5.677300441543373 3.5346652592362147
22798 11359772 3.3419644584424066 -2.9566754846537715 1.31064 5.677300441543373 3.5346652592362147
22799 11359772 3.417024000263777 -2.9811622057797185 1.31826 5.677300441543373 3.5346652592362147
22800 11359772 3.459959501378883 -3.0006586929437873 1.31826 5.677300441543373 3.5346652592362147
22801 11359772 3.5479317287180976 -3.0332108570708773 1.3335 5.677300441543373 3.5346652592362147
22802 11359772 3.6394709267467893 -3.068443101457955 1.3449300000000002 5.677300441543373 3.5346652592362147
22803 11359772 3.731010124775481 -3.103675345845033 1.3563600000000002 5.677300441543373 3.5346652592362147
22804 11359772 3.806047753033828 -3.13095317418688 1.3639800000000002 5.677300441543373 3.5346652592362147
22805 11359772 3.8810853812921753 -3.158231002528727 1.3716000000000002 5.677300441543373 3.5346652592362147
22806 11359772 3.9156056981628202 -3.169489732458286 1.3792200000000001 5.677300441543373 3.5346652592362147
22807 11359772 4.018706692302449 -3.2101231331360838 1.38684 5.677300441543373 3.5346652592362147
22808 11359772 4.105157704582558 -3.236447819623375 1.39446 5.677300441543373 3.5346652592362147
22809 11359772 4.215967170227491 -3.2779565178710697 1.39446 5.677300441543373 3.5346652592362147
22810 11359772 4.297876026153266 -3.3100392584116114 1.4020800000000002 5.677300441543373 3.5346652592362147
22811 11359772 4.3387045354389375 -3.3259222190710607 1.40589 5.677300441543373 3.5346652592362147
22812 11359772 4.379533044724609 -3.34180517973051 1.4097 5.677300441543373 3.5346652592362147
22813 11359772 4.4498138030297625 -3.3670574012859356 1.4173200000000001 5.677300441543373 3.5346652592362147
