27240 10936890 2.2821723524702318 -4.639307336959733 1.30302 5.677300441543373 3.5346652592362147
27241 10936890 2.227634150703475 -4.602236842700682 1.30302 5.677300441543373 3.5346652592362147
27242 10936890 2.1817540538030062 -4.576752062806529 1.30302 5.677300441543373 3.5346652592362147
27243 10936890 2.1050328796298348 -4.530338774819336 1.30302 5.677300441543373 3.5346652592362147
27244 10936890 2.072446323130512 -4.514214219782076 1.2954 5.677300441543373 3.5346652592362147
27245 10936890 2.0078481180391847 -4.479115041673954 1.2954 5.677300441543373 3.5346652592362147
27246 10936890 1.9215972557697378 -4.427603299283621 1.28778 5.677300441543373 3.5346652592362147
27247 10936890 1.8635174541788702 -4.3899569754646075 1.28778 5.677300441543373 3.5346652592362147
27248 10936890 1.8054376525880025 -4.352310651645594 1.28778 5.677300441543373 3.5346652592362147
27249 10936890 1.754652581062456 -4.320081550493811 1.28778 5.677300441543373 3.5346652592362147
27250 10936890 1.692065193340699 -4.283181887278837 1.28778 5.677300441543373 3.5346652592362147
27251 10936890 1.611634795819255 -4.230177409758988 1.28778 5.677300441543373 3.5346652592362147
27252 10936890 1.5566762950931843 -4.19576641747548 1.2801600000000002 5.677300441543373 3.5346652592362147
27253 10936890 1.5283357204369286 -4.18119987080282 1.2801600000000002 5.677300441543373 3.5346652592362147
27254 10936890 1.4999951457806728 -4.166633324130161 1.2801600000000002 5.677300441543373 3.5346652592362147
27255 10936890 1.4390156253158994 -4.1302556341531185 1.2801600000000002 5.677300441543373 3.5346652592362147
27256 10936890 1.3514623534443209 -4.081113274989798 1.28778 5.677300441543373 3.5346652592362147
27257 10936890 1.2924336463941144 -4.04583810070151 1.2801600000000002 5.677300441543373 3.5346652592362147
27258 10936890 1.2379916850302757 -4.0155643289557315 1.2801600000000002 5.677300441543373 3.5346652592362147
27259 10936890 1.1828176988981172 -3.981546484139614 1.2801600000000002 5.677300441543373 3.5346652592362147
27260 10936890 1.1210924818146413 -3.950178614433249 1.2801600000000002 5.677300441543373 3.5346652592362147
27261 10936890 1.0537028833627757 -3.914390554510826 1.2801600000000002 5.677300441543373 3.5346652592362147
27262 10936890 0.9926434847094681 -3.8837059742333504 1.2801600000000002 5.677300441543373 3.5346652592362147
27263 10936890 0.9264015199821551 -3.848758414969489 1.2801600000000002 5.677300441543373 3.5346652592362147
27264 10936890 0.8665502844612734 -3.812742831215164 1.2801600000000002 5.677300441543373 3.5346652592362147
27265 10936890 0.8095064298937857 -3.783367549732842 1.2801600000000002 5.677300441543373 3.5346652592362147
27266 10936890 0.7476801916134077 -3.752313106457203 1.2801600000000002 5.677300441543373 3.5346652592362147
27267 10936890 0.6933450031927832 -3.7217184540581973 1.27254 5.677300441543373 3.5346652592362147
27268 10936890 0.6325400814067997 -3.691346764656101 1.26492 5.677300441543373 3.5346652592362147
27269 10936890 0.5590995783393623 -3.6512402398493715 1.27254 5.677300441543373 3.5346652592362147
27270 10936890 0.5263234602815647 -3.6351615998602096 1.27254 5.677300441543373 3.5346652592362147
27271 10936890 0.4935473422237673 -3.6190829598710477 1.27254 5.677300441543373 3.5346652592362147
27272 10936890 0.40243652106239114 -3.5688806494199494 1.27254 5.677300441543373 3.5346652592362147
27273 10936890 0.3464396274650975 -3.539024932943061 1.27254 5.677300441543373 3.5346652592362147
27274 10936890 0.26174381828471516 -3.48741089279374 1.27635 5.677300441543373 3.5346652592362147
27275 10936890 0.2148644096282828 -3.462693156023537 1.2782550000000001 5.677300441543373 3.5346652592362147
27276 10936890 0.16798500097185043 -3.4379754192533345 1.2801600000000002 5.677300441543373 3.5346652592362147
27277 10936890 0.10296667922282521 -3.4003804964863256 1.28778 5.677300441543373 3.5346652592362147
27278 10936890 0.017075548556532594 -3.3559659017350683 1.28778 5.677300441543373 3.5346652592362147
27279 10936890 -0.0663001157532439 -3.3079324686887674 1.2954 5.677300441543373 3.5346652592362147
27280 10936890 -0.10206378286984741 -3.2855002916451888 1.2954 5.677300441543373 3.5346652592362147
27281 10936890 -0.13380499820250202 -3.269113425028014 1.2954 5.677300441543373 3.5346652592362147
27282 10936890 -0.16554621353515664 -3.2527265584108394 1.2954 5.677300441543373 3.5346652592362147
27283 10936890 -0.2499642721180888 -3.205167572130022 1.30302 5.677300441543373 3.5346652592362147
27284 10936890 -0.3109338274026623 -3.1728627713802626 1.30302 5.677300441543373 3.5346652592362147
27285 10936890 -0.34159417338954 -3.153848914144723 1.30302 5.677300441543373 3.5346652592362147
27286 10936890 -0.405200419384141 -3.1200974155857075 1.30302 5.677300441543373 3.5346652592362147
27287 10936890 -0.49909907248172103 -3.067567525761071 1.2954 5.677300441543373 3.5346652592362147
27288 10936890 -0.5557676550618622 -3.0384179467227406 1.28778 5.677300441543373 3.5346652592362147
27289 10936890 -0.610676659467724 -3.003884579780584 1.2801600000000002 5.677300441543373 3.5346652592362147
27290 10936890 -0.6725280886245859 -2.972923265632665 1.27254 5.677300441543373 3.5346652592362147
27291 10936890 -0.7279066512709769 -2.9384689242746997 1.26492 5.677300441543373 3.5346652592362147
27292 10936890 -0.7903079610017716 -2.907560274001875 1.26492 5.677300441543373 3.5346652592362147
27293 10936890 -0.8518583634597847 -2.874592460436148 1.26492 5.677300441543373 3.5346652592362147
27294 10936890 -0.9109861089680062 -2.8393782274668 1.26492 5.677300441543373 3.5346652592362147
27295 10936890 -0.9716659428076522 -2.808913416866107 1.26492 5.677300441543373 3.5346652592362147
27296 10936890 -1.034612234837366 -2.773150734756944 1.26492 5.677300441543373 3.5346652592362147
27297 10936890 -1.0966440004753395 -2.7416585366132735 1.26492 5.677300441543373 3.5346652592362147
27298 10936890 -1.1484164013362566 -2.71901039224144 1.26492 5.677300441543373 3.5346652592362147
27299 10936890 -1.1901865731470294 -2.697294666257391 1.26492 5.677300441543373 3.5346652592362147
27300 10936890 -1.2319567449578022 -2.6755789402733416 1.26492 5.677300441543373 3.5346652592362147
27301 10936890 -1.287451335353975 -2.6469226681905753 1.26492 5.677300441543373 3.5346652592362147
27302 10936890 -1.356470438970003 -2.618868249264507 1.27254 5.677300441543373 3.5346652592362147
27303 10936890 -1.4050376314984108 -2.592125047679412 1.2801600000000002 5.677300441543373 3.5346652592362147
27304 10936890 -1.4712120365436354 -2.5648824771334726 1.2801600000000002 5.677300441543373 3.5346652592362147
27305 10936890 -1.549897410022435 -2.533782393547478 1.2801600000000002 5.677300441543373 3.5346652592362147
27306 10936890 -1.6085142971792858 -2.5092429240036878 1.2801600000000002 5.677300441543373 3.5346652592362147
27307 10936890 -1.6585080735732312 -2.488223380331618 1.2801600000000002 5.677300441543373 3.5346652592362147
27308 10936890 -1.7154845454048242 -2.46410239926244 1.2801600000000002 5.677300441543373 3.5346652592362147
27309 10936890 -1.7705959301604557 -2.4451473019608603 1.2801600000000002 5.677300441543373 3.5346652592362147
27310 10936890 -1.8493142426558051 -2.4141494242675194 1.2801600000000002 5.677300441543373 3.5346652592362147
27311 10936890 -1.9079298963889506 -2.3896074641086917 1.2801600000000002 5.677300441543373 3.5346652592362147
27312 10936890 -1.9723536827219632 -2.3692410478243677 1.2801600000000002 5.677300441543373 3.5346652592362147
27313 10936890 -2.037968491578658 -2.3470824474948953 1.27254 5.677300441543373 3.5346652592362147
27314 10936890 -2.0965834409038218 -2.3225389175867415 1.27254 5.677300441543373 3.5346652592362147
27315 10936890 -2.1618438518516463 -2.302013801768073 1.26492 5.677300441543373 3.5346652592362147
27316 10936890 -2.225257044109215 -2.2812743074464223 1.26492 5.677300441543373 3.5346652592362147
27317 10936890 -2.2677739622152804 -2.2699973666548727 1.26492 5.677300441543373 3.5346652592362147
27318 10936890 -2.3102908803213458 -2.2587204258633236 1.26492 5.677300441543373 3.5346652592362147
27319 10936890 -2.3654522583976876 -2.2453520066276185 1.26492 5.677300441543373 3.5346652592362147
27320 10936890 -2.429106602526918 -2.225349503991772 1.26492 5.677300441543373 3.5346652592362147
27321 10936890 -2.485454581342256 -2.206100531311281 1.2572999999999999 5.677300441543373 3.5346652592362147
27322 10936890 -2.542285747409161 -2.1883287498236608 1.26492 5.677300441543373 3.5346652592362147
27323 10936890 -2.5942358403626002 -2.165142773692571 1.26492 5.677300441543373 3.5346652592362147
27324 10936890 -2.656301262750995 -2.1402831201979464 1.26492 5.677300441543373 3.5346652592362147
27325 10936890 -2.7137445268339127 -2.116233866427281 1.27254 5.677300441543373 3.5346652592362147
27326 10936890 -2.7696337729452942 -2.087434632536016 1.27254 5.677300441543373 3.5346652592362147
27327 10936890 -2.8302221260767135 -2.055344906182506 1.27254 5.677300441543373 3.5346652592362147
27328 10936890 -2.8868209799636837 -2.0257281653773673 1.27254 5.677300441543373 3.5346652592362147
27329 10936890 -2.9410711957669546 -1.9989824189361076 1.27254 5.677300441543373 3.5346652592362147
27330 10936890 -3.0012225946293025 -1.9669169871489662 1.27254 5.677300441543373 3.5346652592362147
27331 10936890 -3.060419744654131 -1.9332936640027787 1.27254 5.677300441543373 3.5346652592362147
27332 10936890 -3.1455347639626243 -1.8946945303275442 1.26492 5.677300441543373 3.5346652592362147
27333 10936890 -3.200916608998998 -1.865706571574119 1.2572999999999999 5.677300441543373 3.5346652592362147
27334 10936890 -3.2620202664262345 -1.8351962782870295 1.2572999999999999 5.677300441543373 3.5346652592362147
27335 10936890 -3.3175050563239115 -1.806524031682524 1.2572999999999999 5.677300441543373 3.5346652592362147
27336 10936890 -3.3728859148595705 -1.7775347243013992 1.2572999999999999 5.677300441543373 3.5346652592362147
27337 10936890 -3.4186693461096596 -1.751802509095731 1.2572999999999999 5.677300441543373 3.5346652592362147
27338 10936890 -3.4604483085293527 -1.7301261099635141 1.2572999999999999 5.677300441543373 3.5346652592362147
27339 10936890 -3.502227270949046 -1.7084497108312973 1.2572999999999999 5.677300441543373 3.5346652592362147
27340 10936890 -3.5495989051435304 -1.6875715301014405 1.2572999999999999 5.677300441543373 3.5346652592362147
27341 10936890 -3.631946771699509 -1.6405232725557406 1.2572999999999999 5.677300441543373 3.5346652592362147
27342 10936890 -3.6885693294278754 -1.6153309392831765 1.2572999999999999 5.677300441543373 3.5346652592362147
27343 10936890 -3.7427491714522843 -1.581589894545351 1.26492 5.677300441543373 3.5346652592362147
27344 10936890 -3.80054140123867 -1.5474838371583213 1.27254 5.677300441543373 3.5346652592362147
27345 10936890 -3.8574209734685265 -1.517648696135262 1.27254 5.677300441543373 3.5346652592362147
