36604 10595340 0.3668860655543852 0.004867773304338657 0.45720000000000005 4.295656849804978 1.727385837131815
36605 10595340 0.3231251370186735 0.0050327456776074015 0.46482 4.295656849804978 1.727385837131815
36606 10595340 0.27936420848296184 0.005197718050876145 0.47244 4.295656849804978 1.727385837131815
36607 10595340 0.23560327994725017 0.005362690424144889 0.48006 4.295656849804978 1.727385837131815
36608 10595340 0.15542549353372537 0.0035272889357869652 0.48768 4.295656849804978 1.727385837131815
36609 10595340 0.08437806547853388 0.004900572510657453 0.4953 4.295656849804978 1.727385837131815
36610 10595340 -0.029693261596221876 0.0064339933714136766 0.51054 4.295656849804978 1.727385837131815
36611 10595340 -0.09700106161593003 0.009741085394169818 0.5181600000000001 4.295656849804978 1.727385837131815
36612 10595340 -0.18065441790699643 0.007876856789811676 0.52578 4.295656849804978 1.727385837131815
36613 10595340 -0.2523197510109887 0.011441368359109833 0.5334 4.295656849804978 1.727385837131815
36614 10595340 -0.3421515716951238 0.012416351020360122 0.54864 4.295656849804978 1.727385837131815
36615 10595340 -0.4064681799717146 0.014690219577170593 0.55626 4.295656849804978 1.727385837131815
36616 10595340 -0.4707847882483054 0.016964088133981065 0.56388 4.295656849804978 1.727385837131815
36617 10595340 -0.5427612799383441 0.019581566787254284 0.5715 4.295656849804978 1.727385837131815
36618 10595340 -0.6366622729007492 0.023058655637049036 0.58674 4.295656849804978 1.727385837131815
36619 10595340 -0.7310508740050967 0.020971446511877462 0.6019800000000001 4.295656849804978 1.727385837131815
36620 10595340 -0.8257764697559 0.026005640274926883 0.61722 4.295656849804978 1.727385837131815
36621 10595340 -0.9133899364156961 0.022640071395729627 0.6248400000000001 4.295656849804978 1.727385837131815
36622 10595340 -1.0239672202640087 0.02456459502965777 0.6400800000000001 4.295656849804978 1.727385837131815
36623 10595340 -1.1301238323211031 0.02154001370079725 0.6629400000000001 4.295656849804978 1.727385837131815
36624 10595340 -1.2200319041853278 0.0182271789152689 0.67056 4.295656849804978 1.727385837131815
36625 10595340 -1.2992235916809285 0.02052402761354319 0.6858000000000001 4.295656849804978 1.727385837131815
36626 10595340 -1.4082011837035402 0.01865942193512346 0.7010400000000001 4.295656849804978 1.727385837131815
36627 10595340 -1.484244216278835 0.01700745480140739 0.7162800000000001 4.295656849804978 1.727385837131815
36628 10595340 -1.5351481697213842 0.017532786714341025 0.7277100000000001 4.295656849804978 1.727385837131815
36629 10595340 -1.5860521231639335 0.01805811862727466 0.73914 4.295656849804978 1.727385837131815
36630 10595340 -1.6685842366304031 0.01829668205406418 0.75438 4.295656849804978 1.727385837131815
36631 10595340 -1.770583208618308 0.013336620257137971 0.76962 4.295656849804978 1.727385837131815
36632 10595340 -1.919893072098281 0.013104823589838638 0.7924800000000001 4.295656849804978 1.727385837131815
36633 10595340 -2.0148362297826115 0.01179864389317184 0.80772 4.295656849804978 1.727385837131815
36634 10595340 -2.119199871679391 0.015912336602887905 0.8305800000000001 4.295656849804978 1.727385837131815
36635 10595340 -2.224900312141507 0.014856422196745406 0.8382000000000001 4.295656849804978 1.727385837131815
36636 10595340 -2.3248542272733257 0.01507652431114001 0.86106 4.295656849804978 1.727385837131815
36637 10595340 -2.4121016725652966 0.015580466013888822 0.8763000000000001 4.295656849804978 1.727385837131815
36638 10595340 -2.5587843594680013 0.009827608850226127 0.8915400000000001 4.295656849804978 1.727385837131815
36639 10595340 -2.6026426115460826 0.010858689002341299 0.8953500000000001 4.295656849804978 1.727385837131815
36640 10595340 -2.646500863624164 0.01188976915445647 0.8991600000000001 4.295656849804978 1.727385837131815
36641 10595340 -2.7987117513320943 0.006898731192244906 0.9144000000000001 4.295656849804978 1.727385837131815
36642 10595340 -2.903001073344673 0.008544981008914737 0.9296400000000001 4.295656849804978 1.727385837131815
36643 10595340 -3.009820253989685 0.005178335583859578 0.93726 4.295656849804978 1.727385837131815
36644 10595340 -3.103583048957131 0.006420184043313654 0.9448799999999999 4.295656849804978 1.727385837131815
36645 10595340 -3.2289336627260514 0.0047983815527035956 0.9525 4.295656849804978 1.727385837131815
36646 10595340 -3.3379655262254273 0.003095182094439014 0.96012 4.295656849804978 1.727385837131815
36647 10595340 -3.460795241712068 0.0007687767817320112 0.96774 4.295656849804978 1.727385837131815
36648 10595340 -3.5154175929354317 0.002173733796960925 0.97155 4.295656849804978 1.727385837131815
36649 10595340 -3.570039944158795 0.0035786908121898386 0.97536 4.295656849804978 1.727385837131815
36650 10595340 -3.6700625937657545 -0.0007185638726686927 0.98298 4.295656849804978 1.727385837131815
36651 10595340 -3.8539821499930182 0.0006015954169285853 0.9906 4.295656849804978 1.727385837131815
36652 10595340 -3.968152370120878 0.0005894428097335813 0.99822 4.295656849804978 1.727385837131815
36653 10595340 -4.08192186564205 0.0004477556345852951 1.00584 4.295656849804978 1.727385837131815
