25367 11028290 5.141669570364682 -2.152101937978268 1.50876 -2.0372626117500676 0.28971929235950594
25368 11028290 4.950614071774831 -2.239669742599892 1.50876 -2.0372626117500676 0.28971929235950594
25369 11028290 4.8324962373141815 -2.2955345172993096 1.50876 -2.0372626117500676 0.28971929235950594
25370 11028290 4.774909579183494 -2.325756774459522 1.50876 -2.0372626117500676 0.28971929235950594
25371 11028290 4.717322921052807 -2.3559790316197344 1.50876 -2.0372626117500676 0.28971929235950594
25372 11028290 4.526256968635417 -2.443535882448268 1.50876 -2.0372626117500676 0.28971929235950594
25373 11028290 4.480723052533653 -2.4660649930422225 1.50876 -2.0372626117500676 0.28971929235950594
25374 11028290 4.410414536672445 -2.499203370634446 1.50876 -2.0372626117500676 0.28971929235950594
25375 11028290 4.340106020811238 -2.5323417482266692 1.50876 -2.0372626117500676 0.28971929235950594
25376 11028290 4.1403338659365225 -2.6247597722757052 1.50876 -2.0372626117500676 0.28971929235950594
25377 11028290 3.9405617110618065 -2.717177796324741 1.50876 -2.0372626117500676 0.28971929235950594
25378 11028290 3.8216938694287794 -2.7750062032135494 1.50876 -2.0372626117500676 0.28971929235950594
25379 11028290 3.7046828562378744 -2.8304019890753165 1.50876 -2.0372626117500676 0.28971929235950594
25380 11028290 3.5157147738873906 -2.915237664024574 1.50876 -2.0372626117500676 0.28971929235950594
25381 11028290 3.3989848190428393 -2.9741092626898755 1.5011400000000001 -2.0372626117500676 0.28971929235950594
25382 11028290 3.279432946916904 -3.0285547133268724 1.5011400000000001 -2.0372626117500676 0.28971929235950594
25383 11028290 3.1627693043872336 -3.083941124037444 1.5011400000000001 -2.0372626117500676 0.28971929235950594
25384 11028290 3.0216236317496623 -3.1503785983226025 1.49352 -2.0372626117500676 0.28971929235950594
25385 11028290 2.9626810675356214 -3.180616191244199 1.49352 -2.0372626117500676 0.28971929235950594
25386 11028290 2.9037385033215806 -3.2108537841657956 1.49352 -2.0372626117500676 0.28971929235950594
25387 11028290 2.783857901661195 -3.265186452930526 1.4859 -2.0372626117500676 0.28971929235950594
25388 11028290 2.6640794350441706 -3.3175652937208535 1.47828 -2.0372626117500676 0.28971929235950594
25389 11028290 2.501653470239132 -3.3977275668550715 1.47066 -2.0372626117500676 0.28971929235950594
25390 11028290 2.335014819199894 -3.4766294122070254 1.46304 -2.0372626117500676 0.28971929235950594
25391 11028290 2.2134268729540576 -3.5334356317223605 1.4554200000000002 -2.0372626117500676 0.28971929235950594
25392 11028290 2.1556775864017594 -3.5614884268751923 1.4554200000000002 -2.0372626117500676 0.28971929235950594
25393 11028290 2.0979282998494613 -3.589541222028024 1.4554200000000002 -2.0372626117500676 0.28971929235950594
25394 11028290 1.931648942553064 -3.666217812051427 1.44018 -2.0372626117500676 0.28971929235950594
25395 11028290 1.8170530790883561 -3.7206291962566027 1.4325600000000003 -2.0372626117500676 0.28971929235950594
25396 11028290 1.6949987587526454 -3.776109162090391 1.42494 -2.0372626117500676 0.28971929235950594
25397 11028290 1.6267637434383808 -3.8109577932829377 1.42494 -2.0372626117500676 0.28971929235950594
25398 11028290 1.389976622442061 -3.923951793621757 1.4020800000000002 -2.0372626117500676 0.28971929235950594
25399 11028290 1.33021938864811 -3.9518703217257523 1.3982700000000001 -2.0372626117500676 0.28971929235950594
25400 11028290 1.2704621548541588 -3.9797888498297476 1.39446 -2.0372626117500676 0.28971929235950594
25401 11028290 1.1091102509180033 -4.054907359486248 1.3792200000000001 -2.0372626117500676 0.28971929235950594
25402 11028290 0.988971041156129 -4.112640037646822 1.3716000000000002 -2.0372626117500676 0.28971929235950594
25403 11028290 0.9434160208290217 -4.135147433200757 1.36398 -2.0372626117500676 0.28971929235950594
25404 11028290 0.6835113976029243 -4.2535443986217265 1.34112 -2.0372626117500676 0.28971929235950594
25405 11028290 0.566015668907309 -4.311317874610201 1.3335 -2.0372626117500676 0.28971929235950594
25406 11028290 0.5072001537446188 -4.336326800100867 1.32969 -2.0372626117500676 0.28971929235950594
25407 11028290 0.44838463858192856 -4.361335725591533 1.3258800000000002 -2.0372626117500676 0.28971929235950594
25408 11028290 0.32932391367098524 -4.421165593174495 1.31064 -2.0372626117500676 0.28971929235950594
25409 11028290 0.2361633433822144 -4.4656213614833025 1.30302 -2.0372626117500676 0.28971929235950594
25410 11028290 0.14300277309344356 -4.510077129792111 1.2954 -2.0372626117500676 0.28971929235950594
25411 11028290 -0.041736786686310756 -4.59412821977524 1.2801600000000002 -2.0372626117500676 0.28971929235950594
25412 11028290 -0.1824703834227941 -4.660424666163824 1.26492 -2.0372626117500676 0.28971929235950594
