6812 10520887 -1.0617152371064251 4.60675593214766 0.73152 0.0 0.0
6813 10520887 -1.0420331734356953 4.544814849732661 0.73152 0.0 0.0
6814 10520887 -1.023196459014071 4.492498074163162 0.73152 0.0 0.0
6815 10520887 -1.0075709516950349 4.430365717448243 0.73152 0.0 0.0
6816 10520887 -0.990814904922154 4.381183770598925 0.73152 0.0 0.0
6817 10520887 -0.9764335645540012 4.322029366637408 0.73152 0.0 0.0
6818 10520887 -0.9529194951614472 4.2609386317923725 0.73152 0.0 0.0
6819 10520887 -0.9368239544795687 4.205663750789357 0.73152 0.0 0.0
6820 10520887 -0.9188055171203457 4.148124109471291 0.73152 0.0 0.0
6821 10520887 -0.8887962877583078 4.058035304695601 0.73152 0.0 0.0
6822 10520887 -0.8757866771896963 4.01638955082741 0.73152 0.0 0.0
6823 10520887 -0.8579180841355027 3.957030055291282 0.73152 0.0 0.0
6824 10520887 -0.836856648908263 3.902000930064949 0.73152 0.0 0.0
6825 10520887 -0.821850333124998 3.856956605095091 0.73152 0.0 0.0
6826 10520887 -0.806844017341733 3.811912280125233 0.73152 0.0 0.0
6827 10520887 -0.7938092576421136 3.7621968164405533 0.73152 0.0 0.0
6828 10520887 -0.7719362258029088 3.704215502115082 0.73152 0.0 0.0
6829 10520887 -0.7526014134424421 3.65068678778614 0.73152 0.0 0.0
6830 10520887 -0.7298242738612055 3.5995374204775614 0.73152 0.0 0.0
6831 10520887 -0.7113570426369324 3.5392824408835706 0.73152 0.0 0.0
6832 10520887 -0.6924212748482987 3.495115196052535 0.73152 0.0 0.0
6833 10520887 -0.6688545097671279 3.433075660693764 0.73152 0.0 0.0
6834 10520887 -0.656536672804547 3.3852314694805474 0.73152 0.0 0.0
6835 10520887 -0.6313005353938024 3.3280209357271793 0.73152 0.0 0.0
6836 10520887 -0.6036254931958476 3.259263687662572 0.73152 0.0 0.0
6837 10520887 -0.583062451396265 3.204049524522291 0.73152 0.0 0.0
6838 10520887 -0.55964097267053 3.142642877005238 0.73152 0.0 0.0
6839 10520887 -0.5361153141518262 3.0815529196130678 0.73152 0.0 0.0
6840 10520887 -0.5150622979949502 3.0319042328127757 0.73152 0.0 0.0
6841 10520887 -0.4953998276265541 2.979088522709173 0.73152 0.0 0.0
6842 10520887 -0.4820287846355843 2.936626186288512 0.73152 0.0 0.0
6843 10520887 -0.4686577416446145 2.894163849867852 0.73152 0.0 0.0
6844 10520887 -0.44579384412560796 2.8429888487215784 0.73152 0.0 0.0
6845 10520887 -0.4252727688896025 2.787906732714626 0.73152 0.0 0.0
6846 10520887 -0.40278534632328555 2.7279755986332694 0.73152 0.0 0.0
6847 10520887 -0.380490322357369 2.6696265011976634 0.73152 0.0 0.0
6848 10520887 -0.356835006858659 2.60756134471225 0.73152 0.0 0.0
6849 10520887 -0.3343249493631322 2.555568420612072 0.73152 0.0 0.0
6850 10520887 -0.3177596000364564 2.507389063229599 0.73152 0.0 0.0
6851 10520887 -0.29634196416754954 2.451781292848763 0.73152 0.0 0.0
6852 10520887 -0.2759478142273837 2.402817569979766 0.73152 0.0 0.0
6853 10520887 -0.2427386042164863 2.322440775915822 0.73152 0.0 0.0
6854 10520887 -0.2162292215495436 2.256873439262296 0.73152 0.0 0.0
6855 10520887 -0.19769806119389677 2.211440448930914 0.73152 0.0 0.0
6856 10520887 -0.1805306185211586 2.171068567107179 0.73152 0.0 0.0
6857 10520887 -0.16336317584842042 2.130696685283444 0.73152 0.0 0.0
6858 10520887 -0.14285254107678047 2.0809949949706104 0.73152 0.0 0.0
6859 10520887 -0.11924831038115169 2.0293473200166243 0.73152 0.0 0.0
6860 10520887 -0.09451264778016555 1.9637771043382892 0.73152 0.0 0.0
6861 10520887 -0.06942216905686716 1.9074379203688685 0.73152 0.0 0.0
6862 10520887 -0.04274370971477892 1.8559541842605602 0.7010400000000001 0.0 0.0
6863 10520887 -0.018042050800928466 1.7995089434467764 0.7010400000000001 0.0 0.0
6864 10520887 0.005497506754702508 1.7492855613323746 0.7010400000000001 0.0 0.0
6865 10520887 0.028504302251545544 1.693628544249275 0.7010400000000001 0.0 0.0
6866 10520887 0.050336784125244005 1.6436131565553649 0.7010400000000001 0.0 0.0
6867 10520887 0.07869120707883015 1.5809508729459645 0.7010400000000001 0.0 0.0
6868 10520887 0.1103589977393511 1.4958253266582366 0.7010400000000001 0.0 0.0
6869 10520887 0.12626240332803074 1.4589064433181358 0.7010400000000001 0.0 0.0
6870 10520887 0.14216580891671038 1.4219875599780352 0.7010400000000001 0.0 0.0
6871 10520887 0.15450408364628343 1.3907322872724375 0.7010400000000001 0.0 0.0
6872 10520887 0.19696506507439449 1.2962381123224544 0.7010400000000001 0.0 0.0
6873 10520887 0.21788229447363627 1.2447709035956112 0.7010400000000001 0.0 0.0
6874 10520887 0.23994729472968002 1.1940970265142135 0.7010400000000001 0.0 0.0
6875 10520887 0.2601882475839081 1.141916592050629 0.7010400000000001 0.0 0.0
6876 10520887 0.28363075229124435 1.0805116916559194 0.7010400000000001 0.0 0.0
6877 10520887 0.30187513657773984 1.0371624835254671 0.7010400000000001 0.0 0.0
6878 10520887 0.32011952086423534 0.9938132753950149 0.7010400000000001 0.0 0.0
6879 10520887 0.34094870403282007 0.9434274142258855 0.7010400000000001 0.0 0.0
6880 10520887 0.36865129778590966 0.8746726285294449 0.7010400000000001 0.0 0.0
6881 10520887 0.3918806533843716 0.8153246194789241 0.7010400000000001 0.0 0.0
6882 10520887 0.4143249468451663 0.7617244402363487 0.7010400000000001 0.0 0.0
6883 10520887 0.4336420919129998 0.7107821006595915 0.7010400000000001 0.0 0.0
6884 10520887 0.4524639159120909 0.6569642348805477 0.7010400000000001 0.0 0.0
6885 10520887 0.4785982294456501 0.5997052917659307 0.7010400000000001 0.0 0.0
6886 10520887 0.49487971295820526 0.5503397134757185 0.7010400000000001 0.0 0.0
6887 10520887 0.5320766443092988 0.4646982441372818 0.7010400000000001 0.0 0.0
6888 10520887 0.5463141462990342 0.43597876993813744 0.7010400000000001 0.0 0.0
6889 10520887 0.5743744983224415 0.3506366689352757 0.7010400000000001 0.0 0.0
6890 10520887 0.5958571592210351 0.29408127710116727 0.7010400000000001 0.0 0.0
6891 10520887 0.6073804553559854 0.25515045418209864 0.7010400000000001 0.0 0.0
6892 10520887 0.6189037514909357 0.21621963126302998 0.7010400000000001 0.0 0.0
6893 10520887 0.6358178732074743 0.1527459273004927 0.7010400000000001 0.0 0.0
6894 10520887 0.6491747370408225 0.09849596108074668 0.7010400000000001 0.0 0.0
6895 10520887 0.6625316008741706 0.044245994861000684 0.7010400000000001 0.0 0.0
6896 10520887 0.6687918659773903 0.017199330568339374 0.71628 0.0 0.0
6897 10520887 0.6750521310806099 -0.009847333724321936 0.73152 0.0 0.0
6898 10520887 0.6894245464154691 -0.11127654903364195 0.73152 0.0 0.0
6899 10520887 0.7010310218392172 -0.1627343648132937 0.73152 0.0 0.0
6900 10520887 0.7067136523140868 -0.20921902991028066 0.73152 0.0 0.0
6901 10520887 0.7167468864753777 -0.264134739831113 0.73152 0.0 0.0
6902 10520887 0.7219656440850625 -0.31747730872600055 0.73152 0.0 0.0
6903 10520887 0.7255508773365391 -0.35679259831947446 0.73152 0.0 0.0
6904 10520887 0.7291361105880159 -0.3961078879129484 0.73152 0.0 0.0
6905 10520887 0.736509020333311 -0.45237379800716393 0.73152 0.0 0.0
6906 10520887 0.7408486220635628 -0.5304296989776512 0.73152 0.0 0.0
6907 10520887 0.7490553044453689 -0.5634857707737877 0.73152 0.0 0.0
6908 10520887 0.7547513897074234 -0.6384798717274301 0.73152 0.0 0.0
6909 10520887 0.7614960619959821 -0.7222278863716013 0.73152 0.0 0.0
6910 10520887 0.7725093787635816 -0.7744254883391636 0.73152 0.0 0.0
6911 10520887 0.7760447379645536 -0.8138992760342639 0.73152 0.0 0.0
6912 10520887 0.7795800971655256 -0.8533730637293643 0.73152 0.0 0.0
6913 10520887 0.7798774355043027 -0.8837279947350049 0.73152 0.0 0.0
6914 10520887 0.7887421323431206 -0.9721401714803642 0.73152 0.0 0.0
6915 10520887 0.7965135228512923 -1.0217595413250151 0.73152 0.0 0.0
6916 10520887 0.8045015196421166 -1.0734356203841955 0.73152 0.0 0.0
6917 10520887 0.8074863441916649 -1.114598466504531 0.73152 0.0 0.0
6918 10520887 0.8104711687412132 -1.1557613126248665 0.73152 0.0 0.0
6919 10520887 0.8107100463207522 -1.2039711448840402 0.73152 0.0 0.0
6920 10520887 0.8141688907553706 -1.2559197882692348 0.73152 0.0 0.0
6921 10520887 0.8217023917841755 -1.3345503506730425 0.73152 0.0 0.0
6922 10520887 0.8201498478636611 -1.355889346068829 0.73152 0.0 0.0
6923 10520887 0.8302101910126422 -1.4460929862623788 0.762 0.0 0.0
6924 10520887 0.8333361361764249 -1.500152265766977 0.762 0.0 0.0
6925 10520887 0.8358379771826123 -1.5294745808266255 0.762 0.0 0.0
6926 10520887 0.8424128312091924 -1.6045204265598239 0.762 0.0 0.0
6927 10520887 0.8466169097985488 -1.6596326391141332 0.762 0.0 0.0
6928 10520887 0.8517427069837035 -1.7092046811498236 0.762 0.0 0.0
6929 10520887 0.8555231255251899 -1.7479398891383755 0.762 0.0 0.0
6930 10520887 0.8593035440666764 -1.7866750971269272 0.762 0.0 0.0
6931 10520887 0.8562378741691573 -1.8409311859364352 0.762 0.0 0.0
6932 10520887 0.8633378355557882 -1.8896291620167933 0.762 0.0 0.0
6933 10520887 0.8639604434607681 -1.9682208705156772 0.762 0.0 0.0
6934 10520887 0.8713381918309705 -2.0310281811435744 0.762 0.0 0.0
6935 10520887 0.8741373025362391 -2.064068739860181 0.762 0.0 0.0
6936 10520887 0.8769364132415078 -2.097109298576788 0.762 0.0 0.0
6937 10520887 0.8771103701748447 -2.145530738758522 0.762 0.0 0.0
6938 10520887 0.881455233499528 -2.200220999556041 0.762 0.0 0.0
6939 10520887 0.8858898179270094 -2.258445171604278 0.762 0.0 0.0
6940 10520887 0.8836381647491208 -2.3338779567856185 0.762 0.0 0.0
6941 10520887 0.8912011883307114 -2.379806028988764 0.762 0.0 0.0
6942 10520887 0.8913958003139679 -2.4336077950405537 0.762 0.0 0.0
6943 10520887 0.895213435418516 -2.4722377140993297 0.77724 0.0 0.0
6944 10520887 0.899031070523064 -2.510867633158106 0.7924800000000001 0.0 0.0
6945 10520887 0.9014265952368244 -2.5677245316060557 0.7924800000000001 0.0 0.0
6946 10520887 0.9019678763916427 -2.618835619318459 0.7924800000000001 0.0 0.0
6947 10520887 0.8944558329739275 -2.690797633566653 0.7924800000000001 0.0 0.0
6948 10520887 0.8866094414842051 -2.747463604281747 0.762 0.0 0.0
6949 10520887 0.8824720177219236 -2.7791728528683426 0.762 0.0 0.0
6950 10520887 0.8618119152529132 -2.857121016104956 0.762 0.0 0.0
6951 10520887 0.8393673293323471 -2.908435167141698 0.762 0.0 0.0
6952 10520887 0.8238631650095515 -2.939586274825592 0.762 0.0 0.0
6953 10520887 0.7932094576573752 -2.984481048797416 0.762 0.0 0.0
6954 10520887 0.7326956194182317 -3.051165310808582 0.762 0.0 0.0
6955 10520887 0.7031491518077926 -3.0758024968887643 0.762 0.0 0.0
6956 10520887 0.6736026841973534 -3.1004396829689465 0.762 0.0 0.0
6957 10520887 0.6253301166934819 -3.1247432843586895 0.762 0.0 0.0
6958 10520887 0.5654110745759346 -3.1542380185524177 0.762 0.0 0.0
6959 10520887 0.5420656736417816 -3.157711006357142 0.762 0.0 0.0
6960 10520887 0.4313024911213561 -3.1758547859222936 0.73152 0.0 0.0
6961 10520887 0.37668664387938233 -3.1798608133048885 0.73152 0.0 0.0
6962 10520887 0.3108615303588026 -3.169223484346796 0.73152 0.0 0.0
6963 10520887 0.28356641071871735 -3.1603072248207535 0.73152 0.0 0.0
6964 10520887 0.2562712910786321 -3.1513909652947105 0.73152 0.0 0.0
6965 10520887 0.17919878136714307 -3.1153488955247437 0.73152 0.0 0.0
6966 10520887 0.12543808547228652 -3.075940004957541 0.73152 0.0 0.0
6967 10520887 0.08743845240362902 -3.037240270500931 0.73152 0.0 0.0
6968 10520887 0.04267783456539864 -2.9893218598945164 0.7010400000000001 0.0 0.0
6969 10520887 0.01638736381218686 -2.939259589090295 0.7010400000000001 0.0 0.0
6970 10520887 -0.011877968540708661 -2.8925239377562773 0.7010400000000001 0.0 0.0
6971 10520887 -0.030698287915685518 -2.839995160412991 0.7010400000000001 0.0 0.0
6972 10520887 -0.05050944116835554 -2.7782637010835702 0.7010400000000001 0.0 0.0
6973 10520887 -0.0659200883364166 -2.6761460021995296 0.67056 0.0 0.0
6974 10520887 -0.0685607622848664 -2.6173373098364108 0.67056 0.0 0.0
6975 10520887 -0.06547906859114083 -2.59159095137854 0.67056 0.0 0.0
6976 10520887 -0.06476351223098548 -2.547255419234893 0.67056 0.0 0.0
6977 10520887 -0.06404795587083012 -2.5029198870912452 0.67056 0.0 0.0
6978 10520887 -0.05199581014201837 -2.43068684038123 0.67056 0.0 0.0
6979 10520887 -0.040040441211789735 -2.380502403387288 0.67056 0.0 0.0
6980 10520887 -0.024941435484115537 -2.314171588906565 0.6400800000000001 0.0 0.0
6981 10520887 -0.0007091978893107864 -2.243815388375148 0.6400800000000001 0.0 0.0
6982 10520887 0.01341295472354087 -2.18020286919125 0.6400800000000001 0.0 0.0
6983 10520887 0.04403907146646058 -2.103056979185064 0.6400800000000001 0.0 0.0
6984 10520887 0.05214428261311177 -2.07825100772389 0.6400800000000001 0.0 0.0
6985 10520887 0.08297658761784898 -2.0012892965906475 0.6400800000000001 0.0 0.0
6986 10520887 0.09727112280148192 -1.9670566115628056 0.6400800000000001 0.0 0.0
6987 10520887 0.11156565798511486 -1.932823926534964 0.6400800000000001 0.0 0.0
6988 10520887 0.12142044767906968 -1.8999444258171974 0.6400800000000001 0.0 0.0
6989 10520887 0.14353591433224921 -1.8523787178493165 0.6400800000000001 0.0 0.0
6990 10520887 0.17893037573072124 -1.7783095238542057 0.6096 0.0 0.0
6991 10520887 0.19164438529700156 -1.7557103760376431 0.6096 0.0 0.0
6992 10520887 0.22337455294397446 -1.6885049211863845 0.6096 0.0 0.0
6993 10520887 0.2599045252592541 -1.6283585671172258 0.6096 0.0 0.0
6994 10520887 0.2921814082636969 -1.5801407690461264 0.6096 0.0 0.0
6995 10520887 0.31599139352272704 -1.5499516310796633 0.6096 0.0 0.0
6996 10520887 0.3398013787817572 -1.5197624931132 0.6096 0.0 0.0
6997 10520887 0.3562176205475257 -1.499424342404899 0.6096 0.0 0.0
6998 10520887 0.39753370048660436 -1.4626880633314832 0.6096 0.0 0.0
6999 10520887 0.45353465366784457 -1.4190668866326608 0.57912 0.0 0.0
7000 10520887 0.49795061272034247 -1.3918713945125283 0.57912 0.0 0.0
7001 10520887 0.5247247913743485 -1.3833285958205193 0.57912 0.0 0.0
7002 10520887 0.5709524038095384 -1.3560237500779915 0.57912 0.0 0.0
7003 10520887 0.6250031029878163 -1.3412046683828718 0.57912 0.0 0.0
7004 10520887 0.6889453162848731 -1.3184015197750045 0.57912 0.0 0.0
7005 10520887 0.7434833058114653 -1.3105167970992464 0.57912 0.0 0.0
7006 10520887 0.7949047352124501 -1.2985761858369258 0.54864 0.0 0.0
7007 10520887 0.8479185978292206 -1.2885573733185465 0.54864 0.0 0.0
7008 10520887 0.9272855602443574 -1.2794363315207973 0.54864 0.0 0.0
7009 10520887 0.9481711789981028 -1.276679148053561 0.54864 0.0 0.0
7010 10520887 0.9690567977518482 -1.273921964586325 0.54864 0.0 0.0
7011 10520887 1.0281898307908999 -1.2696392315263603 0.54864 0.0 0.0
7012 10520887 1.0934579441220096 -1.2656076508759457 0.54864 0.0 0.0
7013 10520887 1.1435399588763548 -1.2645593289161337 0.54864 0.0 0.0
7014 10520887 1.195320888003211 -1.2610281970540522 0.54864 0.0 0.0
7015 10520887 1.2467128269692056 -1.255967816463738 0.54864 0.0 0.0
7016 10520887 1.302973783571037 -1.2577543655907542 0.54864 0.0 0.0
7017 10520887 1.3470235498277265 -1.2561364633419314 0.54864 0.0 0.0
7018 10520887 1.3883599872750283 -1.2560269020992547 0.54864 0.0 0.0
7019 10520887 1.42969642472233 -1.2559173408565782 0.54864 0.0 0.0
7020 10520887 1.4997835678095415 -1.2547996634257306 0.5181600000000001 0.0 0.0
7021 10520887 1.5419985620028533 -1.256757749874554 0.5181600000000001 0.0 0.0
7022 10520887 1.5842135561961652 -1.2587158363233772 0.5181600000000001 0.0 0.0
7023 10520887 1.6343979598933132 -1.2573473657211902 0.5181600000000001 0.0 0.0
7024 10520887 1.67729716303327 -1.260608810851607 0.5181600000000001 0.0 0.0
7025 10520887 1.7587846727750054 -1.265372819049398 0.5181600000000001 0.0 0.0
7026 10520887 1.82546850081865 -1.2678721421226975 0.5181600000000001 0.0 0.0
7027 10520887 1.8570722166763018 -1.2703647208589848 0.5181600000000001 0.0 0.0
7028 10520887 1.9152104818886404 -1.2759138713752547 0.5181600000000001 0.0 0.0
7029 10520887 1.9541063266234127 -1.2805532888721547 0.5181600000000001 0.0 0.0
7030 10520887 1.993002171358185 -1.2851927063690547 0.5181600000000001 0.0 0.0
7031 10520887 2.0186898228954444 -1.2854025048173792 0.5181600000000001 0.0 0.0
7032 10520887 2.0974760578843474 -1.299794493976627 0.5181600000000001 0.0 0.0
7033 10520887 2.1408106651095244 -1.3030785804838636 0.5181600000000001 0.0 0.0
7034 10520887 2.1854156547871115 -1.310632154350426 0.5181600000000001 0.0 0.0
7035 10520887 2.230709935840057 -1.316074124243732 0.5181600000000001 0.0 0.0
7036 10520887 2.2832374220664207 -1.32656398336856 0.5181600000000001 0.0 0.0
7037 10520887 2.325321330861682 -1.3309572855299099 0.5181600000000001 0.0 0.0
7038 10520887 2.3714281252378404 -1.3393504033310686 0.5181600000000001 0.0 0.0
7039 10520887 2.424137949912283 -1.352001419401976 0.5181600000000001 0.0 0.0
7040 10520887 2.472514729455689 -1.3616021405343337 0.5181600000000001 0.0 0.0
7041 10520887 2.5171642596037045 -1.3717380890876758 0.48768 0.0 0.0
7042 10520887 2.530517653042601 -1.373001345650335 0.48768 0.0 0.0
7043 10520887 2.5438710464814975 -1.374264602212994 0.48768 0.0 0.0
7044 10520887 2.6096637725402037 -1.390367010053107 0.48768 0.0 0.0
7045 10520887 2.6289260837469266 -1.3966544507544632 0.48768 0.0 0.0
7046 10520887 2.709200191428107 -1.4173659067261533 0.48768 0.0 0.0
7047 10520887 2.7491032465166354 -1.425717448510883 0.48768 0.0 0.0
7048 10520887 2.7643526513647627 -1.430694708085812 0.48768 0.0 0.0
7049 10520887 2.825846146338667 -1.4452749419913193 0.48768 0.0 0.0
7050 10520887 2.8899769648997022 -1.4604817278935762 0.48768 0.0 0.0
7051 10520887 2.9093796803960688 -1.4614407142534755 0.48768 0.0 0.0
7052 10520887 2.94161388160094 -1.4639005872277049 0.48768 0.0 0.0
7053 10520887 2.9738480828058114 -1.4663604602019344 0.48768 0.0 0.0
7054 10520887 3.046834901695916 -1.4631375482230626 0.45720000000000005 0.0 0.0
7055 10520887 3.0847993870304196 -1.454296171616425 0.45720000000000005 0.0 0.0
7056 10520887 3.1227638723649225 -1.4454547950097876 0.45720000000000005 0.0 0.0
7057 10520887 3.1633084968836327 -1.4300667422280544 0.45720000000000005 0.0 0.0
7058 10520887 3.2046138450474944 -1.4058153760177354 0.45720000000000005 0.0 0.0
7059 10520887 3.240987545371093 -1.38252442999038 0.45720000000000005 0.0 0.0
7060 10520887 3.272341764923354 -1.351754792026615 0.42672000000000004 0.0 0.0
7061 10520887 3.321501639729787 -1.3017975227502088 0.42672000000000004 0.0 0.0
7062 10520887 3.3445437188258396 -1.266563179776713 0.42672000000000004 0.0 0.0
7063 10520887 3.359189336956914 -1.2366489870450552 0.42672000000000004 0.0 0.0
7064 10520887 3.3738349550879887 -1.2067347943133975 0.42672000000000004 0.0 0.0
7065 10520887 3.3815273713388905 -1.185882469170178 0.42672000000000004 0.0 0.0
7066 10520887 3.4022657947311377 -1.122328675197453 0.42672000000000004 0.0 0.0
7067 10520887 3.410334434806849 -1.081273768061594 0.42672000000000004 0.0 0.0
7068 10520887 3.413186517131103 -1.0385166143534752 0.39624000000000004 0.0 0.0
7069 10520887 3.4187111106938737 -0.9698814688713265 0.39624000000000004 0.0 0.0
7070 10520887 3.413536687340021 -0.9517223922267145 0.39624000000000004 0.0 0.0
7071 10520887 3.407812085341079 -0.8849065091808569 0.39624000000000004 0.0 0.0
7072 10520887 3.404712477670625 -0.8566484447293705 0.39624000000000004 0.0 0.0
7073 10520887 3.401612870000171 -0.828390380277884 0.39624000000000004 0.0 0.0
7074 10520887 3.3977929130249898 -0.7962176069301966 0.39624000000000004 0.0 0.0
7075 10520887 3.393972956049808 -0.7640448335825092 0.39624000000000004 0.0 0.0
7076 10520887 3.382950239897043 -0.7243525322684088 0.39624000000000004 0.0 0.0
7077 10520887 3.3767327096025603 -0.6835415618563293 0.39624000000000004 0.0 0.0
7078 10520887 3.365077442600513 -0.625653439015572 0.39624000000000004 0.0 0.0
7079 10520887 3.354583179589505 -0.5854324797983722 0.39624000000000004 0.0 0.0
7080 10520887 3.35247385084113 -0.5619654740776023 0.39624000000000004 0.0 0.0
7081 10520887 3.3373447842573096 -0.5049292483974263 0.39624000000000004 0.0 0.0
7082 10520887 3.3280309511155686 -0.46707915276636924 0.39624000000000004 0.0 0.0
7083 10520887 3.326922796004813 -0.43728040840598303 0.39624000000000004 0.0 0.0
7084 10520887 3.3170135217888443 -0.39853500783230644 0.39624000000000004 0.0 0.0
7085 10520887 3.311396813006297 -0.3520789674240953 0.39624000000000004 0.0 0.0
7086 10520887 3.2993880086294753 -0.3165030942612317 0.39624000000000004 0.0 0.0
7087 10520887 3.295337156960989 -0.2908252496467644 0.39624000000000004 0.0 0.0
7088 10520887 3.2912863052925028 -0.26514740503229717 0.39624000000000004 0.0 0.0
7089 10520887 3.276914118810076 -0.2330053614681505 0.39624000000000004 0.0 0.0
7090 10520887 3.2644471414336245 -0.1977469830283551 0.39624000000000004 0.0 0.0
7091 10520887 3.2474267683185074 -0.16555817188230557 0.39624000000000004 0.0 0.0
7092 10520887 3.2255329309370913 -0.13469901697817868 0.39624000000000004 0.0 0.0
7093 10520887 3.1950681268347534 -0.09473424409995693 0.39624000000000004 0.0 0.0
7094 10520887 3.173822488968802 -0.07413246055989944 0.39624000000000004 0.0 0.0
7095 10520887 3.1439445687883145 -0.051413904471228095 0.42672000000000004 0.0 0.0
7096 10520887 3.114729054666725 -0.033467191636260024 0.39624000000000004 0.0 0.0
7097 10520887 3.0848712268439025 -0.01612837429900396 0.39624000000000004 0.0 0.0
7098 10520887 3.0603968560072623 -0.0081396192752001 0.39624000000000004 0.0 0.0
7099 10520887 3.035922485170622 -0.00015086425139623771 0.39624000000000004 0.0 0.0
7100 10520887 3.001221780261904 0.009423884377583874 0.39624000000000004 0.0 0.0
7101 10520887 2.9631223483626625 0.010762940159848994 0.39624000000000004 0.0 0.0
7102 10520887 2.926585423494539 0.01743296400041003 0.39624000000000004 0.0 0.0
7103 10520887 2.8796000454762227 0.018752704146172444 0.39624000000000004 0.0 0.0
7104 10520887 2.848388617179594 0.015624300069888991 0.39624000000000004 0.0 0.0
7105 10520887 2.8082814109325227 0.01516639937135597 0.39624000000000004 0.0 0.0
7106 10520887 2.775361600085335 0.012245524697965887 0.39624000000000004 0.0 0.0
7107 10520887 2.7492870953612742 0.00989373344540359 0.39624000000000004 0.0 0.0
7108 10520887 2.723212590637214 0.007541942192841294 0.39624000000000004 0.0 0.0
7109 10520887 2.65706655723878 0.007291479947579754 0.39624000000000004 0.0 0.0
7110 10520887 2.6371953768033087 0.005718458164904988 0.39624000000000004 0.0 0.0
7111 10520887 2.617324196367837 0.004145436382230222 0.39624000000000004 0.0 0.0
7112 10520887 2.6033231369944576 0.0020578342656228654 0.39624000000000004 0.0 0.0
7113 10520887 2.5402647283132045 0.0074589569965447244 0.39624000000000004 0.0 0.0
7114 10520887 2.5119770439034728 0.0051295572542365 0.39624000000000004 0.0 0.0
7115 10520887 2.4871388616562573 0.006113202082439678 0.38608000000000003 0.0 0.0
7116 10520887 2.4623006794090423 0.007096846910642857 0.37592 0.0 0.0
7117 10520887 2.437462497161827 0.008080491738846035 0.36576 0.0 0.0
7118 10520887 2.395791746382777 0.010997386107882062 0.36576 0.0 0.0
7119 10520887 2.3541209956037266 0.01391428047691809 0.36576 0.0 0.0
7120 10520887 2.3395303214718153 0.013421500477131698 0.36576 0.0 0.0
7121 10520887 2.3249396473399035 0.012928720477345307 0.36576 0.0 0.0
7122 10520887 2.2828158781663657 0.015818815096846434 0.36576 0.0 0.0
7123 10520887 2.2525796797286306 0.015002788848796605 0.36576 0.0 0.0
7124 10520887 2.2223434812908955 0.014186762600746777 0.36576 0.0 0.0
7125 10520887 2.1828212890622387 0.015526989317188905 0.36576 0.0 0.0
7126 10520887 2.1618364523320674 0.012449660521645561 0.33528 0.0 0.0
7127 10520887 2.121408320131444 0.013735565925705323 0.33528 0.0 0.0
7128 10520887 2.0857009147666803 0.010442780615005337 0.33528 0.0 0.0
7129 10520887 2.0531936129885264 0.008792012384789077 0.33528 0.0 0.0
7130 10520887 2.0257326296192355 0.008998073377335741 0.33528 0.0 0.0
7131 10520887 1.9976511001237904 0.007304100346030129 0.33528 0.0 0.0
7132 10520887 1.965626293681649 0.007131619336678802 0.33528 0.0 0.0
7133 10520887 1.9488411426652301 0.008758071692706842 0.33528 0.0 0.0
7134 10520887 1.9320559916488114 0.010384524048734883 0.33528 0.0 0.0
7135 10520887 1.8814906920599797 0.010543013148015395 0.3048 0.0 0.0
7136 10520887 1.8578931228737838 0.010072059301078878 0.3048 0.0 0.0
7137 10520887 1.8201571693631644 0.008727987126341874 0.3048 0.0 0.0
7138 10520887 1.775598631100877 0.007159056163807187 0.3048 0.0 0.0
7139 10520887 1.74744782772574 0.005254946558504503 0.3048 0.0 0.0
7140 10520887 1.7250252331675058 0.004575906040810415 0.3048 0.0 0.0
7141 10520887 1.7026026386092719 0.0038968655231163274 0.3048 0.0 0.0
7142 10520887 1.6723452680356221 0.0064193634436642555 0.27432 0.0 0.0
7143 10520887 1.6356515570844936 0.003918001989179937 0.27432 0.0 0.0
7144 10520887 1.6123759483908358 0.0049781455493821125 0.27432 0.0 0.0
7145 10520887 1.5741913576277615 0.0022630777356278525 0.27432 0.0 0.0
7146 10520887 1.547419454238785 0.004582218451590125 0.27432 0.0 0.0
7147 10520887 1.5139271286153397 0.005358218239692042 0.27432 0.0 0.0
7148 10520887 1.4753630827709825 0.0014825079395038854 0.27432 0.0 0.0
7149 10520887 1.438167532561459 0.0028843321877019684 0.24384 0.0 0.0
7150 10520887 1.4287253906214334 0.0033400279375712452 0.24384 0.0 0.0
7151 10520887 1.4192832486814082 0.003795723687440522 0.24384 0.0 0.0
7152 10520887 1.3679145018461307 0.004219984206888558 0.24384 0.0 0.0
7153 10520887 1.3365878988339117 0.003471539655124131 0.24384 0.0 0.0
7154 10520887 1.3191253833650394 0.004386043064508502 0.24384 0.0 0.0
7155 10520887 1.2869617989746556 0.00379438206810849 0.24384 0.0 0.0
7156 10520887 1.2512216665183118 0.00448811269900444 0.24384 0.0 0.0
7157 10520887 1.2154815340619682 0.00518184332990039 0.24384 0.0 0.0
7158 10520887 1.1948759648071 0.004631179882500822 0.24384 0.0 0.0
7159 10520887 1.1742703955522313 0.004080516435101253 0.24384 0.0 0.0
7160 10520887 1.153664826297363 0.0035298529877016843 0.24384 0.0 0.0
7161 10520887 1.136866706798095 0.0037604233216776417 0.24384 0.0 0.0
7162 10520887 1.1256511522384196 0.0020504431262027556 0.24384 0.0 0.0
7163 10520887 1.0803816989084778 0.0021195908995931823 0.24384 0.0 0.0
7164 10520887 1.058734423435258 0.003817701282145383 0.24384 0.0 0.0
7165 10520887 1.042048960097658 0.00167515834873469 0.24384 0.0 0.0
7166 10520887 1.032419715021808 0.004821042687044613 0.24384 0.0 0.0
7167 10520887 1.0239861330714322 0.004830912451851785 0.24384 0.0 0.0
7168 10520887 1.0155525511210564 0.0048407822166589565 0.24384 0.0 0.0
7169 10520887 0.9920668460357825 0.001999366055175006 0.24384 0.0 0.0
7170 10520887 0.9730006197160616 0.005074167951879649 0.24384 0.0 0.0
7171 10520887 0.9603088109615089 0.007001028085605682 0.24384 0.0 0.0
7172 10520887 0.9321914465969392 0.00520570495333382 0.24384 0.0 0.0
7173 10520887 0.9193271882462738 0.006604845729271697 0.24384 0.0 0.0
7174 10520887 0.9078608600093415 0.006846371038692131 0.24384 0.0 0.0
7175 10520887 0.8963945317724092 0.007087896348112565 0.24384 0.0 0.0
7176 10520887 0.884928203535477 0.007329421657532999 0.24384 0.0 0.0
7177 10520887 0.8734618752985446 0.007570946966953433 0.24384 0.0 0.0
7178 10520887 0.8619955470616123 0.007812472276373867 0.24384 0.0 0.0
7179 10520887 0.85052921882468 0.008053997585794302 0.24384 0.0 0.0
7180 10520887 0.8390628905877477 0.008295522895214735 0.24384 0.0 0.0
7181 10520887 0.8327905439417244 0.008125177929691557 0.24384 0.0 0.0
7182 10520887 0.8277109309411478 0.008207683685013761 0.24384 0.0 0.0
7183 10520887 0.8226313179405712 0.008290189440335965 0.24384 0.0 0.0
7184 10520887 0.8107278693439725 0.006922226653334612 0.24384 0.0 0.0
7185 10520887 0.8066952414011548 0.011160494030838047 0.24384 0.0 0.0
7186 10520887 0.8044322189674564 0.013068170617907299 0.24384 0.0 0.0
7187 10520887 0.802169196533758 0.01497584720497655 0.24384 0.0 0.0
7188 10520887 0.796206146646097 0.021188370875993782 0.24384 0.0 0.0
7189 10520887 0.7956319296696333 0.0235080801097774 0.24384 0.0 0.0
7190 10520887 0.7950577126931696 0.025827789343561017 0.24384 0.0 0.0
7191 10520887 0.7894005022342994 0.034335348479009056 0.24384 0.0 0.0
7192 10520887 0.7895282849632054 0.03432714892779626 0.24384 0.0 0.0
7193 10520887 0.7896560676921114 0.03431894937658346 0.24384 0.0 0.0
7194 10520887 0.7897838504210174 0.03431074982537066 0.24384 0.0 0.0
7195 10520887 0.7899116331499233 0.034302550274157864 0.24384 0.0 0.0
7196 10520887 0.7900394158788293 0.03429435072294507 0.24384 0.0 0.0
7197 10520887 0.7901671986077353 0.034286151171732275 0.24384 0.0 0.0
7198 10520887 0.7902949813366413 0.03427795162051948 0.24384 0.0 0.0
7199 10520887 0.7904227640655473 0.03426975206930668 0.24384 0.0 0.0
7200 10520887 0.7905505467944534 0.03426155251809388 0.24384 0.0 0.0
7201 10520887 0.7906783295233594 0.03425335296688108 0.24384 0.0 0.0
7202 10520887 0.7908061122522654 0.034245153415668285 0.24384 0.0 0.0
7203 10520887 0.7909338949811713 0.03423695386445549 0.24384 0.0 0.0
7204 10520887 0.7910616777100773 0.03422875431324269 0.24384 0.0 0.0
7205 10520887 0.7911894604389833 0.0342205547620299 0.24384 0.0 0.0
7206 10520887 0.7913172431678893 0.0342123552108171 0.24384 0.0 0.0
7207 10520887 0.7914450258967953 0.0342041556596043 0.24384 0.0 0.0
7208 10520887 0.7915728086257013 0.034195956108391504 0.24384 0.0 0.0
7209 10520887 0.7917005913546074 0.034187756557178706 0.24384 0.0 0.0
7210 10520887 0.7918283740835133 0.03417955700596591 0.24384 0.0 0.0
7211 10520887 0.7919561568124193 0.03417135745475311 0.24384 0.0 0.0
7212 10520887 0.7920839395413253 0.03416315790354031 0.24384 0.0 0.0
7213 10520887 0.7922117222702313 0.034154958352327514 0.24384 0.0 0.0
7214 10520887 0.7923395049991373 0.034146758801114716 0.24384 0.0 0.0
7215 10520887 0.7924672877280433 0.034138559249901924 0.24384 0.0 0.0
7216 10520887 0.7925950704569493 0.034130359698689126 0.24384 0.0 0.0
7217 10520887 0.7927228531858552 0.03412216014747633 0.24384 0.0 0.0
7218 10520887 0.7928506359147612 0.03411396059626353 0.24384 0.0 0.0
7219 10520887 0.7929784186436672 0.03410576104505073 0.24384 0.0 0.0
7220 10520887 0.7931062013725733 0.034097561493837934 0.24384 0.0 0.0
7221 10520887 0.7932339841014793 0.034089361942625136 0.24384 0.0 0.0
7222 10520887 0.7933617668303853 0.03408116239141234 0.24384 0.0 0.0
7223 10520887 0.7934895495592913 0.03407296284019954 0.24384 0.0 0.0
7224 10520887 0.7936173322881973 0.03406476328898675 0.24384 0.0 0.0
7225 10520887 0.7937451150171032 0.03405656373777395 0.24384 0.0 0.0
7226 10520887 0.7938728977460092 0.03404836418656115 0.24384 0.0 0.0
7227 10520887 0.7940006804749152 0.034040164635348355 0.24384 0.0 0.0
7228 10520887 0.7941284632038212 0.03403196508413556 0.24384 0.0 0.0
7229 10520887 0.7942562459327273 0.03402376553292276 0.24384 0.0 0.0
7230 10520887 0.7943840286616333 0.03401556598170996 0.24384 0.0 0.0
7231 10520887 0.7945118113905393 0.03400736643049716 0.24384 0.0 0.0
7232 10520887 0.7946395941194452 0.033999166879284365 0.24384 0.0 0.0
7233 10520887 0.7947673768483512 0.033990967328071574 0.24384 0.0 0.0
7234 10520887 0.7948951595772572 0.033982767776858776 0.24384 0.0 0.0
7235 10520887 0.7950229423061632 0.03397456822564598 0.24384 0.0 0.0
7236 10520887 0.7951507250350692 0.03396636867443318 0.24384 0.0 0.0
7237 10520887 0.7952785077639752 0.03395816912322038 0.24384 0.0 0.0
7238 10520887 0.7954062904928813 0.033949969572007584 0.24384 0.0 0.0
7239 10520887 0.7955340732217873 0.033941770020794786 0.24384 0.0 0.0
7240 10520887 0.7956618559506932 0.03393357046958199 0.24384 0.0 0.0
7241 10520887 0.7957896386795992 0.03392537091836919 0.24384 0.0 0.0
7242 10520887 0.7959174214085052 0.0339171713671564 0.24384 0.0 0.0
7243 10520887 0.7960452041374112 0.0339089718159436 0.24384 0.0 0.0
7244 10520887 0.7961729868663172 0.0339007722647308 0.24384 0.0 0.0
7245 10520887 0.7963007695952232 0.033892572713518004 0.24384 0.0 0.0
7246 10520887 0.7964285523241292 0.033884373162305206 0.24384 0.0 0.0
7247 10520887 0.7965563350530351 0.03387617361109241 0.24384 0.0 0.0
7248 10520887 0.7966841177819411 0.03386797405987961 0.24384 0.0 0.0
7249 10520887 0.7968119005108472 0.03385977450866681 0.24384 0.0 0.0
7250 10520887 0.7969396832397532 0.033851574957454014 0.24384 0.0 0.0
7251 10520887 0.7970674659686592 0.033843375406241216 0.24384 0.0 0.0
