9553 11257986 -2.53320097133982 -3.4374949777522863 0.67056 0.0 0.0
9554 11257986 -2.4929652189346045 -3.400063568503739 0.67056 0.0 0.0
9555 11257986 -2.451002768736764 -3.36822073107095 0.67056 0.0 0.0
9556 11257986 -2.4345358739173086 -3.3521081086304476 0.67056 0.0 0.0
9557 11257986 -2.369888600280497 -3.303615467366012 0.67056 0.0 0.0
9558 11257986 -2.3336591581305006 -3.267560674967415 0.67056 0.0 0.0
9559 11257986 -2.2992978529436865 -3.2412932503033436 0.67056 0.0 0.0
9560 11257986 -2.2649365477568724 -3.2150258256392723 0.67056 0.0 0.0
9561 11257986 -2.2276672544083995 -3.1825822408995785 0.67056 0.0 0.0
9562 11257986 -2.183501552148548 -3.1480708509255524 0.67056 0.0 0.0
9563 11257986 -2.138714906137441 -3.1116593312109395 0.67056 0.0 0.0
9564 11257986 -2.0977303848098305 -3.080079792459054 0.67056 0.0 0.0
9565 11257986 -2.052140628531534 -3.0427037763804403 0.67056 0.0 0.0
9566 11257986 -2.0065508722532375 -3.0053277603018267 0.67056 0.0 0.0
9567 11257986 -1.969514377631662 -2.97467674486741 0.67056 0.0 0.0
9568 11257986 -1.928164129220691 -2.9433331407510335 0.67056 0.0 0.0
9569 11257986 -1.8900208818395865 -2.912284328568513 0.67056 0.0 0.0
9570 11257986 -1.851877634458482 -2.8812355163859924 0.67056 0.0 0.0
9571 11257986 -1.8241557764659866 -2.861675426234808 0.67056 0.0 0.0
9572 11257986 -1.7695316691996792 -2.815277021244128 0.67056 0.0 0.0
9573 11257986 -1.7219873499427163 -2.782920361738706 0.67056 0.0 0.0
9574 11257986 -1.701187760457265 -2.768223565997956 0.67056 0.0 0.0
9575 11257986 -1.6472222512622523 -2.7254647621024004 0.67056 0.0 0.0
9576 11257986 -1.5932567420672397 -2.6827059582068444 0.67056 0.0 0.0
9577 11257986 -1.5323450045515423 -2.632287016234994 0.67056 0.0 0.0
9578 11257986 -1.494072185161827 -2.601104283689955 0.67056 0.0 0.0
9579 11257986 -1.469406101061462 -2.584633544709573 0.67056 0.0 0.0
9580 11257986 -1.444740016961097 -2.5681628057291914 0.67056 0.0 0.0
9581 11257986 -1.404152588037045 -2.539138539195573 0.67056 0.0 0.0
9582 11257986 -1.3458744284684026 -2.4940499286069997 0.67056 0.0 0.0
9583 11257986 -1.3003695633349872 -2.455417021110074 0.67056 0.0 0.0
9584 11257986 -1.2584373565568698 -2.422275473229314 0.67056 0.0 0.0
9585 11257986 -1.214959970065263 -2.392559742809717 0.67056 0.0 0.0
9586 11257986 -1.1758251219381897 -2.3571014707263864 0.67056 0.0 0.0
9587 11257986 -1.1294480627941093 -2.3293848629104397 0.67056 0.0 0.0
9588 11257986 -1.0899505705098942 -2.2982508531748462 0.67056 0.0 0.0
9589 11257986 -1.0488225446830712 -2.2648457749571262 0.67056 0.0 0.0
9590 11257986 -1.0049071932160387 -2.231066570005616 0.67056 0.0 0.0
9591 11257986 -0.9694642285781094 -2.2052662439568205 0.67056 0.0 0.0
9592 11257986 -0.9242833932348655 -2.1665261961616307 0.67056 0.0 0.0
9593 11257986 -0.8674590641913584 -2.1258672283059803 0.67056 0.0 0.0
9594 11257986 -0.8240843987258304 -2.0923780271761303 0.67056 0.0 0.0
9595 11257986 -0.7869406518104356 -2.0616420925971743 0.67056 0.0 0.0
9596 11257986 -0.7417957524931704 -2.02300654788575 0.67056 0.0 0.0
9597 11257986 -0.7012897884231266 -1.9898644404646404 0.67056 0.0 0.0
9598 11257986 -0.6786469215776665 -1.9749506930658491 0.67056 0.0 0.0
9599 11257986 -0.6560040547322064 -1.9600369456670579 0.67056 0.0 0.0
9600 11257986 -0.620237870508024 -1.929434465250991 0.67056 0.0 0.0
9601 11257986 -0.5753850502362658 -1.895492964791248 0.67056 0.0 0.0
9602 11257986 -0.5380014038759413 -1.8640169695473976 0.67056 0.0 0.0
9603 11257986 -0.4947671618606362 -1.8309481523541635 0.67056 0.0 0.0
9604 11257986 -0.4508559260116505 -1.7971658199994378 0.67056 0.0 0.0
9605 11257986 -0.41110885457050506 -1.763891668751184 0.67056 0.0 0.0
9606 11257986 -0.3654239458696329 -1.7341936247364005 0.67056 0.0 0.0
9607 11257986 -0.3087957694992649 -1.6886781658744383 0.67056 0.0 0.0
9608 11257986 -0.2873124816085977 -1.6735016203045436 0.67056 0.0 0.0
9609 11257986 -0.24128792208017358 -1.634334152442565 0.67056 0.0 0.0
9610 11257986 -0.1940932939741915 -1.6081664363531936 0.67056 0.0 0.0
9611 11257986 -0.12953931749880487 -1.559866255042851 0.67056 0.0 0.0
9612 11257986 -0.09235422696118833 -1.5292588018371456 0.67056 0.0 0.0
9613 11257986 -0.05304877858869683 -1.5000451252247298 0.67056 0.0 0.0
9614 11257986 -0.008514029294170555 -1.4711382327546696 0.67056 0.0 0.0
9615 11257986 0.03795793205348508 -1.4430978699690002 0.67056 0.0 0.0
9616 11257986 0.08212860720201143 -1.4098658740646115 0.67056 0.0 0.0
9617 11257986 0.1500578137279689 -1.3678076585779122 0.67056 0.0 0.0
9618 11257986 0.18140535312395625 -1.345543522650559 0.67056 0.0 0.0
9619 11257986 0.21275289251994361 -1.3232793867232056 0.67056 0.0 0.0
9620 11257986 0.27620288272430515 -1.2805162555126586 0.67056 0.0 0.0
9621 11257986 0.30557589570943283 -1.263477209023903 0.67056 0.0 0.0
9622 11257986 0.3349489086945605 -1.2464381625351477 0.67056 0.0 0.0
9623 11257986 0.38935660002141403 -1.2158490052920516 0.67056 0.0 0.0
9624 11257986 0.4364214095903997 -1.1887017735831977 0.67056 0.0 0.0
9625 11257986 0.46358109437883327 -1.1708223780640508 0.67056 0.0 0.0
9626 11257986 0.5171162308079341 -1.1401811898346268 0.67056 0.0 0.0
9627 11257986 0.5613241309129989 -1.1136187847342067 0.67056 0.0 0.0
9628 11257986 0.6162315793992943 -1.0869302730647072 0.67056 0.0 0.0
9629 11257986 0.6677778939097916 -1.0610125993370274 0.67056 0.0 0.0
9630 11257986 0.7081068309247438 -1.0368039530580782 0.67056 0.0 0.0
9631 11257986 0.7748759832226426 -1.0037092162130103 0.67056 0.0 0.0
9632 11257986 0.8221451090738544 -0.9759262101580711 0.67056 0.0 0.0
9633 11257986 0.8470711474534681 -0.9675968373010978 0.67056 0.0 0.0
9634 11257986 0.9232971767838418 -0.9381746974053421 0.67056 0.0 0.0
9635 11257986 0.9739637010504691 -0.9203795385773842 0.67056 0.0 0.0
9636 11257986 1.0275736953088006 -0.9071671850771018 0.67056 0.0 0.0
9637 11257986 1.0759574662711955 -0.8895604023552803 0.67056 0.0 0.0
9638 11257986 1.1368022790496488 -0.877308808328786 0.67056 0.0 0.0
9639 11257986 1.1864302649203007 -0.8667668271869939 0.67056 0.0 0.0
9640 11257986 1.2330892636979423 -0.8544370386617844 0.67056 0.0 0.0
9641 11257986 1.274003644710137 -0.8488170633272891 0.67056 0.0 0.0
9642 11257986 1.3149180257223319 -0.8431970879927937 0.67056 0.0 0.0
9643 11257986 1.3685990406068402 -0.8406367865843316 0.67056 0.0 0.0
9644 11257986 1.4137968281836832 -0.8341372120662435 0.67056 0.0 0.0
9645 11257986 1.4679811004897292 -0.8330256672989994 0.67056 0.0 0.0
9646 11257986 1.5243682765257625 -0.8300631216159827 0.67056 0.0 0.0
9647 11257986 1.5797888560437165 -0.8316910139179842 0.67056 0.0 0.0
9648 11257986 1.6323507690050993 -0.8379923541259526 0.67056 0.0 0.0
9649 11257986 1.6879063108028751 -0.8432849804137744 0.67056 0.0 0.0
9650 11257986 1.7343101641501375 -0.8496773226581866 0.67056 0.0 0.0
9651 11257986 1.7969047799201041 -0.857618268535789 0.67056 0.0 0.0
9652 11257986 1.865470458855633 -0.8706626256288866 0.67056 0.0 0.0
9653 11257986 1.9239683935022065 -0.8829888857232108 0.67056 0.0 0.0
9654 11257986 1.9725096391292294 -0.9002409014479388 0.67056 0.0 0.0
9655 11257986 2.0195190233895337 -0.9102168356655086 0.67056 0.0 0.0
9656 11257986 2.06959765325354 -0.926568269305002 0.67056 0.0 0.0
9657 11257986 2.1443464845893727 -0.9549460009972414 0.67056 0.0 0.0
9658 11257986 2.168904415716986 -0.9629641016001665 0.67056 0.0 0.0
9659 11257986 2.216181850900716 -0.9851752555133416 0.67056 0.0 0.0
9660 11257986 2.2587429573537845 -1.003743362422802 0.67056 0.0 0.0
9661 11257986 2.301304063806853 -1.0223114693322624 0.67056 0.0 0.0
9662 11257986 2.351734660574275 -1.0460182307631445 0.67056 0.0 0.0
9663 11257986 2.394494429724062 -1.068738979526981 0.67056 0.0 0.0
9664 11257986 2.4456444993358484 -1.098403836253339 0.67056 0.0 0.0
9665 11257986 2.4945472468216723 -1.12815231557733 0.67056 0.0 0.0
9666 11257986 2.53930325850662 -1.1504722655629998 0.67056 0.0 0.0
9667 11257986 2.5893846229215436 -1.1858613690345163 0.67056 0.0 0.0
9668 11257986 2.632019967190157 -1.2076051509093166 0.67056 0.0 0.0
9669 11257986 2.6794077192444172 -1.241997335607388 0.67056 0.0 0.0
9670 11257986 2.6990343122761766 -1.2526089453514837 0.67056 0.0 0.0
9671 11257986 2.7186609053079365 -1.2632205550955795 0.67056 0.0 0.0
9672 11257986 2.817253562989105 -1.3271159398646541 0.67056 0.0 0.0
9673 11257986 2.858876242279674 -1.3526450396995537 0.6553200000000001 0.0 0.0
9674 11257986 2.900498921570243 -1.3781741395344536 0.6400800000000001 0.0 0.0
9675 11257986 2.941437426965657 -1.4023989097019178 0.6400800000000001 0.0 0.0
9676 11257986 2.9947154513692755 -1.4384767158792782 0.6400800000000001 0.0 0.0
9677 11257986 3.047993475772894 -1.4745545220566385 0.6400800000000001 0.0 0.0
9678 11257986 3.0909737836454045 -1.4993276779268434 0.6400800000000001 0.0 0.0
9679 11257986 3.148054954873505 -1.5339586287013691 0.6400800000000001 0.0 0.0
9680 11257986 3.197075945990564 -1.5660755865800453 0.6400800000000001 0.0 0.0
9681 11257986 3.2420152974312577 -1.5970938206486116 0.6400800000000001 0.0 0.0
9682 11257986 3.283654972562812 -1.6218952327659915 0.6400800000000001 0.0 0.0
9683 11257986 3.3343166424884636 -1.6544294735452258 0.6400800000000001 0.0 0.0
9684 11257986 3.3804040331232867 -1.6846530124972985 0.6400800000000001 0.0 0.0
9685 11257986 3.4256787375711193 -1.7119243278631904 0.6400800000000001 0.0 0.0
9686 11257986 3.4900070499371543 -1.754289564838423 0.6400800000000001 0.0 0.0
9687 11257986 3.5331604822182623 -1.7826200233420653 0.6400800000000001 0.0 0.0
9688 11257986 3.587034554824621 -1.8161999493825363 0.6400800000000001 0.0 0.0
9689 11257986 3.6328376406757137 -1.8445763907017652 0.6400800000000001 0.0 0.0
9690 11257986 3.6561353796273215 -1.8575504089079102 0.6400800000000001 0.0 0.0
9691 11257986 3.7007849001106243 -1.8854716885868206 0.6400800000000001 0.0 0.0
9692 11257986 3.7454344205939276 -1.913392968265731 0.6400800000000001 0.0 0.0
9693 11257986 3.7900839410772305 -1.9413142479446412 0.6400800000000001 0.0 0.0
9694 11257986 3.8166833092895063 -1.9588689071135204 0.6400800000000001 0.0 0.0
9695 11257986 3.8667422276783068 -1.9878140186472788 0.6400800000000001 0.0 0.0
9696 11257986 3.919105607322339 -2.0194961266727245 0.6400800000000001 0.0 0.0
9697 11257986 3.9644741953585347 -2.0502977971440264 0.6400800000000001 0.0 0.0
9698 11257986 4.029451165763508 -2.087962178697661 0.6400800000000001 0.0 0.0
9699 11257986 4.075005292296738 -2.11438474454819 0.6400800000000001 0.0 0.0
9700 11257986 4.116866900768966 -2.141237812753218 0.6400800000000001 0.0 0.0
9701 11257986 4.1630334705195855 -2.1722528397772125 0.6400800000000001 0.0 0.0
9702 11257986 4.209200040270206 -2.203267866801207 0.6400800000000001 0.0 0.0
9703 11257986 4.255366610020825 -2.2342828938252017 0.6400800000000001 0.0 0.0
9704 11257986 4.301533179771445 -2.2652979208491963 0.6400800000000001 0.0 0.0
9705 11257986 4.347699749522064 -2.2963129478731905 0.6400800000000001 0.0 0.0
9706 11257986 4.393866319272684 -2.327327974897185 0.6400800000000001 0.0 0.0
9707 11257986 4.440032889023304 -2.3583430019211797 0.6400800000000001 0.0 0.0
9708 11257986 4.486199458773924 -2.3893580289451744 0.6400800000000001 0.0 0.0
9709 11257986 4.536548778116006 -2.421778981153765 0.6400800000000001 0.0 0.0
9710 11257986 4.574016619317218 -2.442231400813373 0.6400800000000001 0.0 0.0
9711 11257986 4.611484460518431 -2.4626838204729817 0.6400800000000001 0.0 0.0
9712 11257986 4.653200663159666 -2.487266029565015 0.6400800000000001 0.0 0.0
9713 11257986 4.7567722901573175 -2.5345861807519454 0.6400800000000001 0.0 0.0
9714 11257986 4.8025716605804245 -2.560265014256197 0.6400800000000001 0.0 0.0
9715 11257986 4.8417213113451805 -2.577059087442543 0.6400800000000001 0.0 0.0
9716 11257986 4.880870962109936 -2.59385316062889 0.6400800000000001 0.0 0.0
9717 11257986 4.946303524919235 -2.626048759592786 0.6400800000000001 0.0 0.0
9718 11257986 4.980671598174847 -2.6411662519151093 0.6400800000000001 0.0 0.0
9719 11257986 5.015039671430459 -2.6562837442374323 0.6400800000000001 0.0 0.0
9720 11257986 5.01551387804593 -2.6554072084664364 0.6401102982107357 0.0 0.0
9721 11257986 5.015988084661401 -2.6545306726954405 0.6401405964214713 0.0 0.0
9722 11257986 5.016462291276872 -2.653654136924445 0.6401708946322069 0.0 0.0
9723 11257986 5.016936497892343 -2.652777601153449 0.6402011928429424 0.0 0.0
9724 11257986 5.017410704507814 -2.6519010653824533 0.640231491053678 0.0 0.0
9725 11257986 5.017884911123285 -2.6510245296114574 0.6402617892644136 0.0 0.0
9726 11257986 5.018359117738756 -2.6501479938404615 0.6402920874751492 0.0 0.0
9727 11257986 5.018833324354227 -2.649271458069466 0.6403223856858847 0.0 0.0
9728 11257986 5.019307530969698 -2.64839492229847 0.6403526838966204 0.0 0.0
9729 11257986 5.019781737585169 -2.6475183865274743 0.640382982107356 0.0 0.0
9729 11064515 1.434129281410699 0.07371361944947163 0.27432 0.0 0.0
9730 11257986 5.02025594420064 -2.6466418507564784 0.6404132803180915 0.0 0.0
9730 11064515 1.433600569727844 0.07209502142071371 0.27432 0.0 0.0
9731 11257986 5.020730150816111 -2.6457653149854825 0.6404435785288272 0.0 0.0
9731 11064515 1.4330718580449893 0.07047642339195577 0.27432 0.0 0.0
9732 11257986 5.021204357431582 -2.644888779214487 0.6404738767395627 0.0 0.0
9732 11064515 1.4325431463621343 0.06885782536319784 0.27432 0.0 0.0
9733 11257986 5.021678564047052 -2.644012243443491 0.6405041749502983 0.0 0.0
9733 11064515 1.4315463894103286 0.06988435789068913 0.27432 0.0 0.0
9734 11064515 1.430549632458523 0.07091089041818041 0.27432 0.0 0.0
9734 11257986 5.022152770662523 -2.6431357076724953 0.6405344731610338 0.0 0.0
9735 11064515 1.4307013498830696 0.07137535762770157 0.27432 0.0 0.0
9735 11257986 5.022626977277994 -2.6422591719014994 0.6405647713717695 0.0 0.0
9736 11257986 5.023101183893465 -2.6413826361305035 0.6405950695825051 0.0 0.0
9736 11064515 1.4308530673076163 0.07183982483722272 0.27432 0.0 0.0
9737 11064515 1.4310047847321632 0.07230429204674388 0.27432 0.0 0.0
9737 11257986 5.023575390508936 -2.6405061003595076 0.6406253677932406 0.0 0.0
9738 11064515 1.4311565021567099 0.07276875925626503 0.27432 0.0 0.0
9738 11257986 5.0240495971244075 -2.639629564588512 0.6406556660039763 0.0 0.0
9739 11064515 1.4313082195812565 0.07323322646578619 0.27432 0.0 0.0
9739 11257986 5.0245238037398785 -2.6387530288175163 0.6406859642147118 0.0 0.0
9740 11064515 1.4314599370058032 0.07369769367530735 0.27432 0.0 0.0
9740 11257986 5.0249980103553495 -2.6378764930465204 0.6407162624254474 0.0 0.0
9741 11064515 1.4316116544303499 0.07416216088482849 0.27432 0.0 0.0
9741 11257986 5.025472216970821 -2.6369999572755245 0.640746560636183 0.0 0.0
9742 11257986 5.025946423586292 -2.6361234215045286 0.6407768588469186 0.0 0.0
9742 11064515 1.4317633718548968 0.07462662809434965 0.27432 0.0 0.0
9743 11257986 5.026420630201763 -2.635246885733533 0.6408071570576541 0.0 0.0
9743 11064515 1.4319150892794434 0.0750910953038708 0.27432 0.0 0.0
9744 11257986 5.026894836817234 -2.6343703499625373 0.6408374552683898 0.0 0.0
9744 11064515 1.4320668067039901 0.07555556251339196 0.27432 0.0 0.0
9745 11257986 5.027369043432705 -2.6334938141915414 0.6408677534791254 0.0 0.0
9745 11064515 1.432255768056142 0.0752601908242508 0.27432 0.0 0.0
9746 11064515 1.4324447294082943 0.07496481913510965 0.27432 0.0 0.0
9746 11257986 5.027843250048176 -2.6326172784205455 0.6408980516898609 0.0 0.0
9747 11257986 5.028317456663647 -2.6317407426495496 0.6409283499005966 0.0 0.0
9747 11064515 1.4326336907604462 0.07466944744596848 0.27432 0.0 0.0
9748 11257986 5.028791663279118 -2.630864206878554 0.6409586481113321 0.0 0.0
9748 11064515 1.4328226521125982 0.07437407575682732 0.27432 0.0 0.0
9749 11257986 5.029265869894589 -2.6299876711075583 0.6409889463220677 0.0 0.0
9749 11064515 1.4330116134647504 0.07407870406768617 0.27432 0.0 0.0
9750 11257986 5.02974007651006 -2.6291111353365624 0.6410192445328032 0.0 0.0
9750 11064515 1.4332005748169023 0.07378333237854501 0.27432 0.0 0.0
9751 11064515 1.4333895361690545 0.07348796068940386 0.27432 0.0 0.0
9751 11257986 5.030214283125531 -2.6282345995655665 0.6410495427435389 0.0 0.0
9752 11257986 5.030688489741002 -2.6273580637945706 0.6410798409542744 0.0 0.0
9752 11064515 1.4335784975212065 0.0731925890002627 0.27432 0.0 0.0
9753 11257986 5.031162696356473 -2.626481528023575 0.64111013916501 0.0 0.0
9753 11064515 1.4337674588733584 0.07289721731112153 0.27432 0.0 0.0
9754 11064515 1.4339564202255106 0.07260184562198038 0.27432 0.0 0.0
9754 11257986 5.031636902971944 -2.6256049922525793 0.6411404373757457 0.0 0.0
9755 11064515 1.4341453815776626 0.07230647393283922 0.27432 0.0 0.0
9755 11257986 5.032111109587415 -2.6247284564815834 0.6411707355864812 0.0 0.0
9756 11064515 1.4343343429298145 0.07201110224369806 0.27432 0.0 0.0
9756 11257986 5.032585316202886 -2.6238519207105875 0.6412010337972168 0.0 0.0
9757 11064515 1.4345233042819667 0.0717157305545569 0.27432 0.0 0.0
9757 11257986 5.033059522818357 -2.6229753849395916 0.6412313320079523 0.0 0.0
9758 11064515 1.4347122656341187 0.07142035886541574 0.27432 0.0 0.0
9758 11257986 5.033533729433828 -2.622098849168596 0.641261630218688 0.0 0.0
9759 11257986 5.034007936049299 -2.6212223133976003 0.6412919284294235 0.0 0.0
9759 11064515 1.4349012269862707 0.07112498717627458 0.27432 0.0 0.0
9760 11064515 1.4350901883384228 0.07082961548713343 0.27432 0.0 0.0
9760 11257986 5.0344821426647695 -2.6203457776266044 0.6413222266401591 0.0 0.0
9761 11257986 5.0349563492802405 -2.6194692418556085 0.6413525248508948 0.0 0.0
9761 11064515 1.4352791496905748 0.07053424379799227 0.27432 0.0 0.0
9762 11257986 5.0354305558957115 -2.6185927060846126 0.6413828230616303 0.0 0.0
9762 11064515 1.4354681110427268 0.0702388721088511 0.27432 0.0 0.0
9763 11257986 5.035904762511183 -2.617716170313617 0.6414131212723659 0.0 0.0
9763 11064515 1.435657072394879 0.06994350041970995 0.27432 0.0 0.0
9764 11257986 5.036378969126654 -2.6168396345426213 0.6414434194831015 0.0 0.0
9764 11064515 1.435846033747031 0.06964812873056879 0.27432 0.0 0.0
9765 11064515 1.4360349950991829 0.06935275704142763 0.27432 0.0 0.0
9765 11257986 5.036853175742125 -2.6159630987716254 0.6414737176938371 0.0 0.0
9766 11257986 5.037327382357596 -2.6150865630006295 0.6415040159045726 0.0 0.0
9766 11064515 1.436223956451335 0.06905738535228648 0.27432 0.0 0.0
9767 11257986 5.037801588973067 -2.6142100272296336 0.6415343141153083 0.0 0.0
9767 11064515 1.436412917803487 0.06876201366314531 0.27432 0.0 0.0
9768 11064515 1.4366018791556392 0.06846664197400415 0.27432 0.0 0.0
9768 11257986 5.038275795588538 -2.613333491458638 0.6415646123260438 0.0 0.0
9769 11064515 1.4367908405077912 0.068171270284863 0.27432 0.0 0.0
9769 11257986 5.038750002204009 -2.6124569556876422 0.6415949105367794 0.0 0.0
9770 11064515 1.4369798018599431 0.06787589859572184 0.27432 0.0 0.0
9770 11257986 5.03922420881948 -2.6115804199166464 0.641625208747515 0.0 0.0
9771 11064515 1.4371687632120953 0.06758052690658069 0.27432 0.0 0.0
9771 11257986 5.039698415434951 -2.6107038841456505 0.6416555069582506 0.0 0.0
9772 11257986 5.040172622050422 -2.6098273483746546 0.6416858051689862 0.0 0.0
9772 11064515 1.4373577245642473 0.06728515521743952 0.27432 0.0 0.0
9773 11257986 5.040646828665893 -2.6089508126036587 0.6417161033797217 0.0 0.0
9773 11064515 1.4363609669093944 0.06831168706347439 0.27432 0.0 0.0
9774 11257986 5.041121035281364 -2.6080742768326632 0.6417464015904574 0.0 0.0
9774 11064515 1.4353642092545416 0.06933821890950925 0.27432 0.0 0.0
9775 11064515 1.436215221077723 0.06888500259147234 0.27432 0.0 0.0
9775 11257986 5.041595241896835 -2.6071977410616674 0.6417766998011929 0.0 0.0
9776 11064515 1.4370662329009045 0.06843178627343545 0.27432 0.0 0.0
9776 11257986 5.042069448512306 -2.6063212052906715 0.6418069980119285 0.0 0.0
9777 11064515 1.4379172447240862 0.06797856995539855 0.27432 0.0 0.0
9777 11257986 5.042543655127777 -2.6054446695196756 0.641837296222664 0.0 0.0
9778 11257986 5.043017861743248 -2.6045681337486797 0.6418675944333997 0.0 0.0
9778 11064515 1.4387682565472677 0.06752535363736165 0.27432 0.0 0.0
9779 11064515 1.4396192683704492 0.06707213731932474 0.27432 0.0 0.0
9779 11257986 5.043492068358719 -2.6036915979776842 0.6418978926441353 0.0 0.0
9780 11064515 1.4404702801936309 0.06661892100128784 0.27432 0.0 0.0
9781 11064515 1.4413212920168124 0.06616570468325095 0.27432 0.0 0.0
9782 11064515 1.4421723038399938 0.06571248836521404 0.27432 0.0 0.0
9783 11064515 1.4406551375510943 0.06106781372049394 0.27432 0.0 0.0
9784 11064515 1.4438491150410258 0.05453379104709376 0.27432 0.0 0.0
9785 11064515 1.4456639561727693 0.05125403311337279 0.27432 0.0 0.0
9786 11064515 1.447478797304513 0.04797427517965182 0.27432 0.0 0.0
9787 11064515 1.4483859680662328 0.04232352812749634 0.27432 0.0 0.0
9788 11064515 1.4492931388279529 0.03667278107534087 0.27432 0.0 0.0
9789 11064515 1.4502003095896727 0.031022034023185388 0.27432 0.0 0.0
9790 11064515 1.4496131078134593 0.020524462192768073 0.27432 0.0 0.0
9791 11064515 1.448026993357176 0.01566866176354073 0.27432 0.0 0.0
9792 11064515 1.4447405064252703 0.011407218571594477 0.27432 0.0 0.0
9793 11064515 1.4414540194933647 0.007145775379648223 0.27432 0.0 0.0
9794 11064515 1.438167532561459 0.0028843321877019684 0.27432 0.0 0.0
9795 11064515 1.4303616402597559 0.0030327379676115896 0.27432 0.0 0.0
9796 11064515 1.4225557479580526 0.0031811437475212107 0.27432 0.0 0.0
9797 11064515 1.4147498556563496 0.0033295495274308314 0.27432 0.0 0.0
9798 11064515 1.4069439633546463 0.0034779553073404526 0.27432 0.0 0.0
9799 11064515 1.3991380710529433 0.0036263610872500737 0.27432 0.0 0.0
9800 11064515 1.39133217875124 0.0037747668671596945 0.27432 0.0 0.0
9801 11064515 1.383526286449537 0.003923172647069316 0.27432 0.0 0.0
9802 11064515 1.3757203941478338 0.004071578426978937 0.27432 0.0 0.0
9803 11064515 1.3679145018461307 0.004219984206888558 0.27432 0.0 0.0
9804 11064515 1.3529219827790802 0.003860322234158456 0.27432 0.0 0.0
9805 11064515 1.3379294637120294 0.003500660261428354 0.27432 0.0 0.0
9806 11064515 1.3229369446449786 0.003140998288698252 0.27432 0.0 0.0
9807 11064515 1.307944425577928 0.00278133631596815 0.27432 0.0 0.0
9808 11064515 1.2916238747665114 0.0026608931852823334 0.27432 0.0 0.0
9809 11064515 1.2753033239550948 0.0025404500545965166 0.27432 0.0 0.0
9810 11064515 1.2589827731436782 0.0024200069239107003 0.27432 0.0 0.0
9811 11064515 1.2202961558147196 0.0036090247209260296 0.27432 0.0 0.0
9812 11064515 1.1990124192286644 0.0009822783927574963 0.27432 0.0 0.0
9813 11064515 1.1787459342037816 0.0014696352458650336 0.27432 0.0 0.0
9814 11064515 1.158479449178899 0.001956992098972571 0.27432 0.0 0.0
9815 11064515 1.1086805863781883 0.001753282808272319 0.27432 0.0 0.0
9816 11064515 1.0764011762960244 0.002260488815350174 0.27432 0.0 0.0
9817 11064515 1.0441217662138602 0.0027676948224280287 0.27432 0.0 0.0
9818 11064515 1.0118423561316963 0.0032749008295058835 0.27432 0.0 0.0
9819 11064515 0.9795629460495321 0.0037821068365837384 0.27432 0.0 0.0
9820 11064515 0.947283535967368 0.004289312843661594 0.27432 0.0 0.0
9821 11064515 0.915004125885204 0.004796518850739448 0.27432 0.0 0.0
9822 11064515 0.88272471580304 0.0053037248578173025 0.27432 0.0 0.0
9823 11064515 0.8504453057208758 0.005810930864895158 0.27432 0.0 0.0
9824 11064515 0.8181658956387119 0.006318136871973013 0.27432 0.0 0.0
9825 11064515 0.7858864855565477 0.0068253428790508676 0.27432 0.0 0.0
9826 11064515 0.7536070754743838 0.007332548886128722 0.27432 0.0 0.0
9827 11064515 0.7213276653922197 0.007839754893206577 0.27432 0.0 0.0
9828 11064515 0.6890482553100556 0.008346960900284433 0.27432 0.0 0.0
9829 11064515 0.6567688452278916 0.008854166907362286 0.27432 0.0 0.0
9830 11064515 0.6244894351457275 0.009361372914440141 0.27432 0.0 0.0
9831 11064515 0.5890576983102065 0.00964593498185017 0.27432 0.0 0.0
9832 11064515 0.5536259614746853 0.009930497049260198 0.27432 0.0 0.0
9833 11064515 0.5181942246391643 0.010215059116670228 0.27432 0.0 0.0
9834 11064515 0.4900245461704624 0.008263205571813356 0.27432 0.0 0.0
9835 11064515 0.4618548677017605 0.006311352026956485 0.27432 0.0 0.0
9836 11064515 0.41459998998911896 0.005748070894539534 0.27432 0.0 0.0
9837 11064515 0.3785265493759033 0.00678833456447675 0.3048 0.0 0.0
9838 11064515 0.3306786653276236 0.0037324238926074726 0.3048 0.0 0.0
9839 11064515 0.2828307812793439 0.0006765132207381952 0.3048 0.0 0.0
9840 11064515 0.2632689635883609 0.0012864683200023569 0.3048 0.0 0.0
9841 11064515 0.24370714589737785 0.0018964234192665186 0.3048 0.0 0.0
9842 11064515 0.19510643262748018 -0.0027820631106923177 0.3048 0.0 0.0
9843 11064515 0.15883618587357318 -0.003428914004737521 0.3048 0.0 0.0
9844 11064515 0.12250286207345379 -0.003996483231171619 0.3048 0.0 0.0
9845 11064515 0.0861695382733344 -0.004564052457605716 0.3048 0.0 0.0
9846 11064515 0.04786977636297307 -0.00489756390806928 0.3048 0.0 0.0
9847 11064515 -0.001956813075008057 -0.007889065049228122 0.3048 0.0 0.0
9848 11064515 -0.0256822031412981 -0.008195752186403421 0.3048 0.0 0.0
9849 11064515 -0.0780647601145481 -0.009767202488730281 0.3048 0.0 0.0
9850 11064515 -0.11054226876886397 -0.012937650431541187 0.3048 0.0 0.0
9851 11064515 -0.13944129705276942 -0.012224635755390123 0.31242000000000003 0.0 0.0
9852 11064515 -0.16834032533667487 -0.01151162107923906 0.32004 0.0 0.0
9853 11064515 -0.19502264645219447 -0.01298340462143116 0.32766 0.0 0.0
9854 11064515 -0.22170496756771407 -0.014455188163623262 0.33528 0.0 0.0
9855 11064515 -0.24349111133050183 -0.013175313286411278 0.33528 0.0 0.0
9856 11064515 -0.31656261795266594 -0.016627875506584927 0.33528 0.0 0.0
9857 11064515 -0.351640434874396 -0.016610686405918146 0.33528 0.0 0.0
9858 11064515 -0.3952859672019773 -0.018349000227823237 0.33528 0.0 0.0
9859 11064515 -0.4281507606236803 -0.018353917734879627 0.33528 0.0 0.0
9860 11064515 -0.4661857139949228 -0.016785335570819765 0.33528 0.0 0.0
9861 11064515 -0.504260118724787 -0.020227491840006134 0.33528 0.0 0.0
9862 11064515 -0.555667160800374 -0.01989486430448492 0.33528 0.0 0.0
9863 11064515 -0.5955815747832474 -0.017010195837512593 0.33528 0.0 0.0
9864 11064515 -0.6284466124026993 -0.017014185918871022 0.33528 0.0 0.0
9865 11064515 -0.665725107181443 -0.015575093931621792 0.33528 0.0 0.0
9866 11064515 -0.6881391854944708 -0.016892640041513196 0.35052 0.0 0.0
9867 11064515 -0.7105532638074987 -0.0182101861514046 0.36576 0.0 0.0
9868 11064515 -0.7541711361748022 -0.014698011878025857 0.36576 0.0 0.0
9869 11064515 -0.7895110122841269 -0.01249014226609449 0.36576 0.0 0.0
9870 11064515 -0.8219750546161266 -0.012624418508314 0.36576 0.0 0.0
9871 11064515 -0.8808677764812398 -0.009374721696779137 0.36576 0.0 0.0
9872 11064515 -0.9167444654315009 -0.005004532797105804 0.36576 0.0 0.0
9873 11064515 -0.9538032476568754 -0.0015328293614598476 0.36576 0.0 0.0
9874 11064515 -0.9962979216654062 0.001613500105784843 0.36576 0.0 0.0
9875 11064515 -1.037144636255705 0.0016508093183219275 0.36576 0.0 0.0
9876 11064515 -1.0760715412482735 0.0062013363132822075 0.36576 0.0 0.0
9877 11064515 -1.1132814594826137 0.007853882784141536 0.36576 0.0 0.0
9878 11064515 -1.1461470467876136 0.007852292332258898 0.39624000000000004 0.0 0.0
9879 11064515 -1.1847247184421403 0.0066810369922465085 0.39624000000000004 0.0 0.0
9880 11064515 -1.2222238852683913 0.006091967744274535 0.39624000000000004 0.0 0.0
9881 11064515 -1.2561767287650774 0.008198949918007709 0.39624000000000004 0.0 0.0
9882 11064515 -1.295084075561409 0.00982330196753109 0.39624000000000004 0.0 0.0
9883 11064515 -1.3444630436194152 0.009848479004189697 0.39624000000000004 0.0 0.0
9884 11064515 -1.3672939508933084 0.010655399403598026 0.39624000000000004 0.0 0.0
9885 11064515 -1.4279004825767647 0.010030025232414225 0.39624000000000004 0.0 0.0
9886 11064515 -1.4440358098888848 0.009582093933717978 0.39624000000000004 0.0 0.0
9887 11064515 -1.4601711372010049 0.009134162635021731 0.39624000000000004 0.0 0.0
9888 11064515 -1.4998690621754498 0.011602307809603113 0.39624000000000004 0.0 0.0
9889 11064515 -1.5347645262103728 0.011915745086939794 0.39624000000000004 0.0 0.0
9890 11064515 -1.5724107170281212 0.013596379020623911 0.39624000000000004 0.0 0.0
9891 11064515 -1.6213087196196205 0.013466009612186663 0.42672000000000004 0.0 0.0
9892 11064515 -1.661002123674742 0.009974740779966379 0.42672000000000004 0.0 0.0
9893 11064515 -1.6992680335116594 0.011391338838548565 0.42672000000000004 0.0 0.0
9894 11064515 -1.73506789053551 0.013286726099784513 0.42672000000000004 0.0 0.0
9895 11064515 -1.7723094228547225 0.008059296916721331 0.42672000000000004 0.0 0.0
9896 11064515 -1.8066873799908312 0.009957267812657905 0.42672000000000004 0.0 0.0
9897 11064515 -1.855461772481095 0.008035330421513803 0.42672000000000004 0.0 0.0
9898 11064515 -1.888027791824251 0.0100419990388598 0.42672000000000004 0.0 0.0
9899 11064515 -1.931947480717774 0.011556604493848405 0.42672000000000004 0.0 0.0
9900 11064515 -1.9693917898291706 0.009784775512530847 0.42672000000000004 0.0 0.0
9901 11064515 -1.988031812190941 0.010507847305285006 0.44196 0.0 0.0
9902 11064515 -2.0066718345527113 0.011230919098039166 0.45720000000000005 0.0 0.0
9903 11064515 -2.041919594129051 0.014816582547359819 0.45720000000000005 0.0 0.0
9904 11064515 -2.060385277671771 0.012678599051919898 0.45720000000000005 0.0 0.0
9905 11064515 -2.116886427893694 0.02298384511291282 0.45720000000000005 0.0 0.0
9906 11064515 -2.151760715380049 0.03205623855107617 0.45720000000000005 0.0 0.0
9907 11064515 -2.1984662395374954 0.04406481092794276 0.45720000000000005 0.0 0.0
9908 11064515 -2.230399084584178 0.057783689536231 0.45720000000000005 0.0 0.0
9909 11064515 -2.264997278846166 0.07693160232113969 0.45720000000000005 0.0 0.0
9910 11064515 -2.295497745288735 0.08959798827316875 0.45720000000000005 0.0 0.0
9911 11064515 -2.3227702808834643 0.10669998772793807 0.45720000000000005 0.0 0.0
9912 11064515 -2.363001416686184 0.13306626058955826 0.45720000000000005 0.0 0.0
9913 11064515 -2.393927269203184 0.15393449032769677 0.45720000000000005 0.0 0.0
9914 11064515 -2.408613109551224 0.16674339738567237 0.45720000000000005 0.0 0.0
9915 11064515 -2.423298949899264 0.17955230444364798 0.45720000000000005 0.0 0.0
9916 11064515 -2.457851592710197 0.20698238975841796 0.45720000000000005 0.0 0.0
9917 11064515 -2.481584666008933 0.2294703037247224 0.48768 0.0 0.0
9918 11064515 -2.506965045274966 0.25506792106518716 0.48768 0.0 0.0
9919 11064515 -2.53539026909183 0.28493364265415877 0.48768 0.0 0.0
9920 11064515 -2.5600714703819447 0.30995225204362764 0.48768 0.0 0.0
9921 11064515 -2.5794281108836925 0.33766870865593634 0.48768 0.0 0.0
9922 11064515 -2.6060406778658747 0.3676428182772842 0.48768 0.0 0.0
9923 11064515 -2.6358256009612138 0.40963858460062363 0.48768 0.0 0.0
9924 11064515 -2.6556200944308896 0.44415885692109347 0.48768 0.0 0.0
9925 11064515 -2.6772263462780668 0.47857108603570686 0.48768 0.0 0.0
9926 11064515 -2.6951791219266523 0.5092172516368516 0.48768 0.0 0.0
9927 11064515 -2.7042244932021937 0.5243292708188578 0.50292 0.0 0.0
9928 11064515 -2.713269864477735 0.5394412900008642 0.5181600000000001 0.0 0.0
9929 11064515 -2.728305004687387 0.5735729363209318 0.5181600000000001 0.0 0.0
9930 11064515 -2.7400189006361932 0.6042808394236878 0.5181600000000001 0.0 0.0
9931 11064515 -2.7598862718487513 0.6521460032203532 0.5181600000000001 0.0 0.0
9932 11064515 -2.76844610225781 0.6829902813257397 0.5181600000000001 0.0 0.0
9933 11064515 -2.7866304010794076 0.737081907692425 0.5181600000000001 0.0 0.0
9934 11064515 -2.7923182661525274 0.7715433619633864 0.5181600000000001 0.0 0.0
9935 11064515 -2.797083427021829 0.8099093169432519 0.5181600000000001 0.0 0.0
9936 11064515 -2.8043833254534762 0.8391729975027891 0.5181600000000001 0.0 0.0
9937 11064515 -2.806183030927902 0.882527617484801 0.5181600000000001 0.0 0.0
9938 11064515 -2.805379284957808 0.917552044852138 0.5181600000000001 0.0 0.0
9939 11064515 -2.8043636355512787 0.9501702205379787 0.5181600000000001 0.0 0.0
9940 11064515 -2.80334798614475 0.9827883962238195 0.5181600000000001 0.0 0.0
9941 11064515 -2.8017961146198234 1.0090382472096244 0.5181600000000001 0.0 0.0
9942 11064515 -2.8002442430948964 1.0352880981954293 0.5181600000000001 0.0 0.0
9943 11064515 -2.7935009317327832 1.0868303073406744 0.54864 0.0 0.0
9944 11064515 -2.787191962750242 1.1223899042613155 0.54864 0.0 0.0
9945 11064515 -2.7857658640641816 1.1593139654872042 0.54864 0.0 0.0
9946 11064515 -2.785115230183564 1.1992961663210402 0.54864 0.0 0.0
9947 11064515 -2.781128265178217 1.2304745386982492 0.54864 0.0 0.0
9948 11064515 -2.7794722761144275 1.2843829940584874 0.54864 0.0 0.0
9949 11064515 -2.7712820238819313 1.3202616590406955 0.54864 0.0 0.0
9950 11064515 -2.7675549942463533 1.3540373423003902 0.54864 0.0 0.0
9951 11064515 -2.7638279646107757 1.387813025560085 0.54864 0.0 0.0
9952 11064515 -2.7618435319951953 1.421691704614056 0.54864 0.0 0.0
9953 11064515 -2.7598590993796144 1.455570383668027 0.54864 0.0 0.0
9954 11064515 -2.7609503667380872 1.4956554705435245 0.54864 0.0 0.0
9955 11064515 -2.7521225039963344 1.528053763160182 0.54864 0.0 0.0
9956 11064515 -2.749574523712435 1.562974920161404 0.54864 0.0 0.0
9957 11064515 -2.7445010745784373 1.6164660629972627 0.54864 0.0 0.0
9958 11064515 -2.7381448580019647 1.635885428785592 0.54864 0.0 0.0
9959 11064515 -2.734020756668037 1.682676512052632 0.57912 0.0 0.0
9960 11064515 -2.731033370546456 1.7200245256884252 0.57912 0.0 0.0
9961 10979952 1.1979778976374036 -0.0021845150682350822 0.27432 0.0 0.0
9961 11064515 -2.72862337061206 1.7789445691264563 0.57912 0.0 0.0
9962 10979952 1.1681305879616604 -0.0024809469775526755 0.27432 0.0 0.0
9962 11064515 -2.724608503661173 1.8007077460011716 0.57912 0.0 0.0
9963 10979952 1.1391453639856093 -0.000138265559483014 0.27432 0.0 0.0
9963 11064515 -2.7205936367102863 1.8224709228758869 0.57912 0.0 0.0
9964 10979952 1.1088278035816823 -0.0005144942600243674 0.27432 0.0 0.0
9964 11064515 -2.719753134203672 1.857600521477494 0.57912 0.0 0.0
9965 10979952 1.0763190738082604 -0.0021607957544126366 0.27432 0.0 0.0
9965 11064515 -2.711793849628961 1.916106410412192 0.57912 0.0 0.0
9966 11064515 -2.7139800104912624 1.9593544366858173 0.57912 0.0 0.0
9966 10979952 1.042835423263412 -0.004072587902466798 0.27432 0.0 0.0
9967 10979952 1.0123326821644179 -0.006373987986710267 0.27432 0.0 0.0
9967 11064515 -2.7075890406886574 1.9788792856411754 0.57912 0.0 0.0
9968 11064515 -2.706767164593149 2.0329443364113122 0.57912 0.0 0.0
9968 10979952 0.9818879100012872 -0.007817960439352248 0.27432 0.0 0.0
9969 10979952 0.9514431378381566 -0.009261932891994229 0.27432 0.0 0.0
9969 11064515 -2.7083691182468366 2.075533821269155 0.57912 0.0 0.0
9970 10979952 0.9188651770755538 -0.011118632791182553 0.3048 0.0 0.0
9970 11064515 -2.7074530538670842 2.1149621598147523 0.57912 0.0 0.0
9971 11064515 -2.704324113867415 2.1543672588300047 0.57912 0.0 0.0
9971 10979952 0.887291217479007 -0.01207648966393652 0.3048 0.0 0.0
9972 10979952 0.8557172578824601 -0.013034346536690486 0.3048 0.0 0.0
9972 11064515 -2.7061885472836815 2.1975101358514175 0.57912 0.0 0.0
9973 11064515 -2.7107011873868654 2.2407019700864157 0.57912 0.0 0.0
9973 10979952 0.8257720061415461 -0.013355838656559253 0.3048 0.0 0.0
9974 10979952 0.7958267544006321 -0.01367733077642802 0.3048 0.0 0.0
9974 11064515 -2.7120318798531367 2.2800479214959295 0.57912 0.0 0.0
9975 11064515 -2.7177988018667465 2.3356857729361757 0.57912 0.0 0.0
9975 10979952 0.7651694188960103 -0.008567182475911456 0.3048 0.0 0.0
9976 10979952 0.739666015218382 -0.010514962666389294 0.33528 0.0 0.0
9976 11064515 -2.7181272631010867 2.378092321420119 0.57912 0.0 0.0
9977 10979952 0.7086743131955129 -0.00751504273111521 0.33528 0.0 0.0
9977 11064515 -2.719284726338949 2.417965911582623 0.6096 0.0 0.0
9978 10979952 0.6815223322144779 -0.006353763209901428 0.33528 0.0 0.0
9978 11064515 -2.719822148258027 2.4505088121268623 0.6096 0.0 0.0
9979 10979952 0.64765308287821 -0.002646998654546623 0.33528 0.0 0.0
9979 11064515 -2.7265082577290833 2.4962819562092826 0.6096 0.0 0.0
9980 10979952 0.6175708099457198 0.004495599724243862 0.33528 0.0 0.0
9980 11064515 -2.72790176067888 2.5272940061821036 0.6096 0.0 0.0
9981 11064515 -2.7292952636286767 2.5583060561549247 0.6096 0.0 0.0
9981 10979952 0.5872435227773966 0.006811683748145905 0.33528 0.0 0.0
9982 11064515 -2.7312271822047043 2.6012376756924698 0.6096 0.0 0.0
9982 10979952 0.5569162356090733 0.009127767772047948 0.33528 0.0 0.0
9983 11064515 -2.7333292728433367 2.645276676787732 0.6096 0.0 0.0
9983 10979952 0.528184700758106 0.013609637151790074 0.33528 0.0 0.0
9984 11064515 -2.7355126053830805 2.6885243695004033 0.6096 0.0 0.0
9984 10979952 0.4986852253778897 0.0184594602155167 0.35052 0.0 0.0
9985 11064515 -2.734013237321089 2.7256588626291802 0.6096 0.0 0.0
9985 10979952 0.4691857499976734 0.023309283279243323 0.36576 0.0 0.0
9986 11064515 -2.7309244876584593 2.76764811592585 0.6096 0.0 0.0
9986 10979952 0.4371845529961409 0.025939277053335652 0.36576 0.0 0.0
9987 10979952 0.4061237511287945 0.028729411378617786 0.36576 0.0 0.0
9987 11064515 -2.7286554810650783 2.8288352846456464 0.6096 0.0 0.0
9988 11064515 -2.725731736701861 2.867606826509704 0.6096 0.0 0.0
9988 10979952 0.37573642772300153 0.02814520367782042 0.36576 0.0 0.0
9989 10979952 0.34197055069159055 0.03217010185962485 0.36576 0.0 0.0
9989 11064515 -2.7246268628697283 2.908960263094548 0.6096 0.0 0.0
9990 11064515 -2.7181713377052183 2.9558067197651146 0.6096 0.0 0.0
9990 10979952 0.3104394822803225 0.03488066268213014 0.36576 0.0 0.0
9991 11064515 -2.7188182854157192 2.983127543027458 0.6096 0.0 0.0
9991 10979952 0.275056710939435 0.03885022241466041 0.36576 0.0 0.0
9992 11064515 -2.71946523312622 3.010448366289802 0.6096 0.0 0.0
9992 10979952 0.23967393959854755 0.04281978214719068 0.36576 0.0 0.0
9993 10979952 0.20581576897213127 0.04629132910016576 0.36576 0.0 0.0
9993 11064515 -2.7081648009782784 3.0541897172183834 0.6096 0.0 0.0
9994 11064515 -2.7035549532396947 3.1008225059141514 0.6096 0.0 0.0
9994 10979952 0.17019003165066737 0.054137790258785304 0.36576 0.0 0.0
9995 11064515 -2.7003146881942763 3.1514091683993803 0.6096 0.0 0.0
9995 10979952 0.13456429432920347 0.06198425141740485 0.36576 0.0 0.0
9996 10979952 0.07717907376009292 0.06847263103918927 0.39624000000000004 0.0 0.0
9996 11064515 -2.6895224439144156 3.1925125222351 0.6400800000000001 0.0 0.0
9997 11064515 -2.683446322723033 3.2381979306555198 0.6400800000000001 0.0 0.0
9997 10979952 0.043999625272059806 0.074293383607418 0.39624000000000004 0.0 0.0
9998 11064515 -2.6785967775367534 3.2611486933387464 0.6400800000000001 0.0 0.0
9998 10979952 0.0180765391031269 0.07785938411413604 0.39624000000000004 0.0 0.0
9999 11064515 -2.6737472323504736 3.284099456021973 0.6400800000000001 0.0 0.0
9999 10979952 -0.014330525607344435 0.08196764563197032 0.39624000000000004 0.0 0.0
10000 11064515 -2.6661172665131554 3.3413117020970113 0.6400800000000001 0.0 0.0
10000 10979952 -0.04673759031781577 0.08607590714980459 0.39624000000000004 0.0 0.0
10001 10979952 -0.0953829649152248 0.09484954948624938 0.39624000000000004 0.0 0.0
10001 11064515 -2.662302218871318 3.369917812031282 0.6400800000000001 0.0 0.0
10002 11064515 -2.6584871712294804 3.3985239219655523 0.6400800000000001 0.0 0.0
10002 10979952 -0.12257870839168844 0.09859844056041475 0.39624000000000004 0.0 0.0
10003 10979952 -0.14977445186815208 0.10234733163458012 0.39624000000000004 0.0 0.0
10003 11064515 -2.652879614847957 3.4373518028119774 0.6400800000000001 0.0 0.0
10004 10979952 -0.19176329701872175 0.1111073162904822 0.41148000000000007 0.0 0.0
10004 11064515 -2.643147834532593 3.49691409204787 0.6400800000000001 0.0 0.0
10005 11064515 -2.6372563496375623 3.533896292143362 0.6400800000000001 0.0 0.0
10005 10979952 -0.2337521421692914 0.11986730094638429 0.42672000000000004 0.0 0.0
10006 11064515 -2.6342692948682958 3.5755685733954707 0.6400800000000001 0.0 0.0
10006 10979952 -0.25830629632343216 0.1278937821666312 0.42672000000000004 0.0 0.0
10007 10979952 -0.2969100721870006 0.1331526766106503 0.42672000000000004 0.0 0.0
10007 11064515 -2.6245696162079657 3.62146997405971 0.6400800000000001 0.0 0.0
10008 11064515 -2.616190175876489 3.6660508655700395 0.6400800000000001 0.0 0.0
10008 10979952 -0.3298005629897376 0.14121740072490638 0.42672000000000004 0.0 0.0
10009 10979952 -0.37314005399632255 0.15807245459269878 0.42672000000000004 0.0 0.0
10009 11064515 -2.6165495155984972 3.6646803450124383 0.6400459441340783 0.0 0.0
10010 10979952 -0.40330223431821643 0.16524564214863377 0.42672000000000004 0.0 0.0
10010 11064515 -2.6169088553205055 3.6633098244548377 0.6400118882681565 0.0 0.0
10011 11064515 -2.617268195042514 3.6619393038972365 0.6399778324022347 0.0 0.0
10011 10979952 -0.42611665656064246 0.16990002345032681 0.45720000000000005 0.0 0.0
10012 11064515 -2.617627534764522 3.6605687833396354 0.639943776536313 0.0 0.0
10012 10979952 -0.4905187139556675 0.18861778486300282 0.45720000000000005 0.0 0.0
10013 11064515 -2.6179868744865304 3.6591982627820347 0.6399097206703912 0.0 0.0
10013 10979952 -0.5177848213414917 0.19636358171183224 0.45720000000000005 0.0 0.0
10014 11064515 -2.6183462142085387 3.6578277422244336 0.6398756648044693 0.0 0.0
10014 10979952 -0.545050928727316 0.20410937856066166 0.45720000000000005 0.0 0.0
10015 11064515 -2.618705553930547 3.6564572216668325 0.6398416089385476 0.0 0.0
10015 10979952 -0.57846332345613 0.2173698312335194 0.45720000000000005 0.0 0.0
10016 11064515 -2.619064893652556 3.655086701109232 0.6398075530726258 0.0 0.0
10016 10979952 -0.6177814730498756 0.2302247697393308 0.45720000000000005 0.0 0.0
10017 11064515 -2.619424233374564 3.6537161805516307 0.639773497206704 0.0 0.0
10017 10979952 -0.6570996226436212 0.24307970824514216 0.45720000000000005 0.0 0.0
10018 11064515 -2.6197835730965724 3.6523456599940296 0.6397394413407822 0.0 0.0
10018 10979952 -0.6864677994953807 0.25268178557126253 0.45720000000000005 0.0 0.0
10019 11064515 -2.6201429128185807 3.650975139436429 0.6397053854748604 0.0 0.0
10019 10979952 -0.7280325277697268 0.2662718202758232 0.48768 0.0 0.0
10020 10979952 -0.7622150434006614 0.27744836477674384 0.48768 0.0 0.0
10020 11064515 -2.620502252540589 3.649604618878828 0.6396713296089387 0.0 0.0
10021 10979952 -0.7888065796818176 0.28847974084539396 0.48768 0.0 0.0
10021 11064515 -2.6208615922625973 3.6482340983212267 0.6396372737430168 0.0 0.0
10022 11064515 -2.6212209319846056 3.646863577763626 0.6396032178770951 0.0 0.0
10022 10979952 -0.8261813040618755 0.30619166152275634 0.48768 0.0 0.0
10023 10979952 -0.8595473922489452 0.31932166086119285 0.48768 0.0 0.0
10023 11064515 -2.621580271706614 3.645493057206025 0.6395691620111733 0.0 0.0
10024 10979952 -0.8878319924516633 0.3285704313220102 0.50292 0.0 0.0
10024 11064515 -2.621939611428622 3.644122536648424 0.6395351061452514 0.0 0.0
10025 11064515 -2.6222989511506305 3.642752016090823 0.6395010502793297 0.0 0.0
10025 10979952 -0.9161165926543815 0.33781920178282754 0.5181600000000001 0.0 0.0
10026 10979952 -0.9488013164194137 0.34990911428594906 0.5181600000000001 0.0 0.0
10026 11064515 -2.622658290872639 3.641381495533222 0.6394669944134079 0.0 0.0
10027 10979952 -0.9814860401844459 0.3619990267890706 0.5181600000000001 0.0 0.0
10027 11064515 -2.623017630594647 3.640010974975621 0.6394329385474862 0.0 0.0
10028 11064515 -2.6233769703166554 3.63864045441802 0.6393988826815643 0.0 0.0
10028 10979952 -1.0124903535679337 0.374474378194638 0.5181600000000001 0.0 0.0
10029 11064515 -2.6237363100386637 3.637269933860419 0.6393648268156426 0.0 0.0
10029 10979952 -1.070775957919165 0.39587132214476917 0.5181600000000001 0.0 0.0
10030 11064515 -2.6240956497606724 3.6358994133028184 0.6393307709497208 0.0 0.0
10030 10979952 -1.089239478391174 0.40459651148992215 0.5181600000000001 0.0 0.0
10031 11064515 -2.6244549894826807 3.6345288927452173 0.6392967150837989 0.0 0.0
10031 10979952 -1.1126638732998158 0.4171639910869557 0.5181600000000001 0.0 0.0
10032 10979952 -1.144441527527164 0.43515058935483475 0.5181600000000001 0.0 0.0
10032 11064515 -2.624814329204689 3.633158372187616 0.6392626592178772 0.0 0.0
10033 10979952 -1.1813573184349673 0.4624121544085731 0.5181600000000001 0.0 0.0
10033 11064515 -2.6251736689266973 3.6317878516300155 0.6392286033519554 0.0 0.0
10034 10979952 -1.208395050589491 0.4837562490161521 0.5181600000000001 0.0 0.0
10034 11064515 -2.6255330086487056 3.6304173310724144 0.6391945474860337 0.0 0.0
10035 10979952 -1.2354327827440146 0.5051003436237311 0.5181600000000001 0.0 0.0
10035 11064515 -2.625892348370714 3.6290468105148133 0.6391604916201118 0.0 0.0
10036 11064515 -2.6262516880927222 3.6276762899572126 0.63912643575419 0.0 0.0
10036 10979952 -1.2617639836677883 0.5324060736674947 0.5334000000000001 0.0 0.0
10037 11064515 -2.6266110278147305 3.6263057693996115 0.6390923798882683 0.0 0.0
10037 10979952 -1.288095184591562 0.5597118037112582 0.54864 0.0 0.0
10038 10979952 -1.3100055800019874 0.5921148341449256 0.54864 0.0 0.0
10038 11064515 -2.626970367536739 3.6249352488420103 0.6390583240223464 0.0 0.0
10039 10979952 -1.3351541010047996 0.6303674568246295 0.54864 0.0 0.0
10039 11064515 -2.627329707258747 3.6235647282844097 0.6390242681564247 0.0 0.0
10040 11064515 -2.6276890469807554 3.6221942077268086 0.6389902122905029 0.0 0.0
10040 10979952 -1.3447963238584772 0.6513973982785216 0.54864 0.0 0.0
10041 10979952 -1.3653624149666388 0.6955123217235722 0.54864 0.0 0.0
10041 11064515 -2.6280483867027638 3.6208236871692074 0.6389561564245811 0.0 0.0
10042 10979952 -1.3780336167394254 0.7246602459832554 0.54864 0.0 0.0
10042 11064515 -2.628407726424772 3.6194531666116068 0.6389221005586593 0.0 0.0
10043 10979952 -1.3961685851818448 0.768330837568276 0.54864 0.0 0.0
10043 11064515 -2.6287670661467804 3.6180826460540056 0.6388880446927375 0.0 0.0
10044 11064515 -2.629126405868789 3.6167121254964045 0.6388539888268158 0.0 0.0
10044 10979952 -1.4143035536242643 0.8120014291532965 0.54864 0.0 0.0
10045 10979952 -1.4279097063674924 0.8450774722393528 0.5638799999999999 0.0 0.0
10045 11064515 -2.6294857455907974 3.615341604938804 0.6388199329608939 0.0 0.0
10046 11064515 -2.6298450853128057 3.6139710843812027 0.6387858770949721 0.0 0.0
10046 10979952 -1.4415158591107204 0.8781535153254091 0.57912 0.0 0.0
10047 11064515 -2.630204425034814 3.6126005638236016 0.6387518212290504 0.0 0.0
10047 10979952 -1.4645003577805265 0.9409367231499483 0.57912 0.0 0.0
10048 11064515 -2.6305637647568223 3.611230043266001 0.6387177653631286 0.0 0.0
10048 10979952 -1.4755739448700431 0.9722498940854596 0.57912 0.0 0.0
10049 11064515 -2.6309231044788306 3.6098595227084 0.6386837094972068 0.0 0.0
10049 10979952 -1.4886662418073067 1.002821414571622 0.57912 0.0 0.0
10050 11064515 -2.631282444200839 3.6084890021507987 0.638649653631285 0.0 0.0
10050 10979952 -1.5017585387445702 1.0333929350577846 0.57912 0.0 0.0
10051 11064515 -2.631641783922847 3.607118481593198 0.6386155977653633 0.0 0.0
10051 10979952 -1.5269165817737693 1.0895268482957288 0.57912 0.0 0.0
10052 10979952 -1.5436913124598741 1.13707663418329 0.57912 0.0 0.0
10052 11064515 -2.6320011236448555 3.605747961035597 0.6385815418994414 0.0 0.0
10053 10979952 -1.5570143556128657 1.1704697575118725 0.57912 0.0 0.0
10053 11064515 -2.632360463366864 3.604377440477996 0.6385474860335196 0.0 0.0
10054 10979952 -1.5703373987658573 1.203862880840455 0.57912 0.0 0.0
10054 11064515 -2.632719803088872 3.603006919920395 0.6385134301675979 0.0 0.0
10055 11064515 -2.6330791428108804 3.601636399362794 0.6384793743016761 0.0 0.0
10055 10979952 -1.5924999468402035 1.2610038659417888 0.57912 0.0 0.0
10056 11064515 -2.6334384825328887 3.600265878805193 0.6384453184357542 0.0 0.0
10056 10979952 -1.6032936705322325 1.2947966303227412 0.57912 0.0 0.0
10057 11064515 -2.633797822254897 3.598895358247592 0.6384112625698325 0.0 0.0
10057 10979952 -1.6114609521426375 1.3197850620382139 0.57912 0.0 0.0
10058 10979952 -1.6273471846965413 1.3703164778472732 0.57912 0.0 0.0
10058 11064515 -2.6341571619769053 3.597524837689991 0.6383772067039107 0.0 0.0
10059 10979952 -1.643233417250445 1.4208478936563325 0.57912 0.0 0.0
10059 11064515 -2.634516501698914 3.59615431713239 0.6383431508379889 0.0 0.0
10060 10979952 -1.654429428951069 1.4531368141738055 0.57912 0.0 0.0
10060 11064515 -2.6348758414209223 3.5947837965747893 0.6383090949720671 0.0 0.0
10061 11064515 -2.6352351811429306 3.593413276017188 0.6382750391061454 0.0 0.0
10061 10979952 -1.665625440651693 1.4854257346912783 0.57912 0.0 0.0
10062 10979952 -1.6788724071494194 1.5277330620231475 0.57912 0.0 0.0
10062 11064515 -2.635594520864939 3.592042755459587 0.6382409832402236 0.0 0.0
10063 10979952 -1.6899484644786131 1.5637802993768806 0.57912 0.0 0.0
10063 11064515 -2.6359538605869473 3.5906722349019864 0.6382069273743017 0.0 0.0
10064 10979952 -1.7010245218078068 1.5998275367306134 0.57912 0.0 0.0
10064 11064515 -2.6363132003089556 3.5893017143443853 0.63817287150838 0.0 0.0
10065 11064515 -2.636672540030964 3.587931193786784 0.6381388156424582 0.0 0.0
10065 10979952 -1.7143396968218043 1.6419238030378371 0.57912 0.0 0.0
10066 10979952 -1.7276548718358018 1.6840200693450609 0.57912 0.0 0.0
10066 11064515 -2.637031879752972 3.5865606732291835 0.6381047597765364 0.0 0.0
10067 11064515 -2.6373912194749805 3.5851901526715824 0.6380707039106146 0.0 0.0
10067 10979952 -1.7468088098579992 1.7503436698832069 0.57912 0.0 0.0
10068 11064515 -2.6377505591969888 3.5838196321139812 0.6380366480446928 0.0 0.0
10068 10979952 -1.7576525838761545 1.787775863236567 0.57912 0.0 0.0
10069 10979952 -1.7684963578943098 1.8252080565899271 0.57912 0.0 0.0
10070 10979952 -1.7792414514632025 1.8588691327464715 0.57912 0.0 0.0
10071 10979952 -1.789986545032095 1.8925302089030156 0.57912 0.0 0.0
10072 10979952 -1.8060067840364515 1.942639588108015 0.57912 0.0 0.0
10073 10979952 -1.81599162606699 1.978622645189504 0.57912 0.0 0.0
10074 10979952 -1.8297533801173815 2.0193469212507176 0.59436 0.0 0.0
10075 10979952 -1.8435151341677731 2.060071197311931 0.6096 0.0 0.0
10076 10979952 -1.8567239469665837 2.1024841860471826 0.6096 0.0 0.0
10077 10979952 -1.8734333088682773 2.1504827590223736 0.6096 0.0 0.0
10078 10979952 -1.8989153975786992 2.2137375320164003 0.6096 0.0 0.0
10079 10979952 -1.9120194475018673 2.2480543759255274 0.6096 0.0 0.0
10080 10979952 -1.9287388375492618 2.296290355391554 0.6096 0.0 0.0
10081 10979952 -1.9403856397030734 2.335330133359677 0.6096 0.0 0.0
10082 10979952 -1.952032441856885 2.3743699113278005 0.6096 0.0 0.0
10083 10979952 -1.96592998621786 2.4062593291760965 0.6096 0.0 0.0
10084 10979952 -1.9868973197384012 2.4659345255386684 0.6096 0.0 0.0
10085 10979952 -1.9951403642582572 2.490949394663225 0.6096 0.0 0.0
10086 10979952 -2.008219492197826 2.525609213062015 0.6096 0.0 0.0
10087 10979952 -2.02436692698036 2.5671739649902925 0.6096 0.0 0.0
10088 10979952 -2.0405143617628942 2.60873871691857 0.6096 0.0 0.0
10089 10979952 -2.059889977027697 2.6614673314464152 0.6096 0.0 0.0
10090 10979952 -2.0792655922925 2.7141959459742604 0.6096 0.0 0.0
10091 10979952 -2.0872082728642685 2.7319852967250804 0.6096 0.0 0.0
10092 10979952 -2.1082415923929476 2.7914496046984545 0.6096 0.0 0.0
10093 10979952 -2.1220678174217555 2.8235503029595033 0.6096 0.0 0.0
10094 10979952 -2.1408191507561334 2.874789929433368 0.6096 0.0 0.0
10095 10979952 -2.154062884123816 2.913009923037287 0.6096 0.0 0.0
10096 10979952 -2.1673066174914988 2.9512299166412057 0.6096 0.0 0.0
10097 10979952 -2.1791231332912213 2.985127011504866 0.6096 0.0 0.0
10098 10979952 -2.190939649090944 3.019024106368526 0.6096 0.0 0.0
10099 10979952 -2.2068018771662166 3.069318732821735 0.6096 0.0 0.0
10100 10979952 -2.2230186549665385 3.112017635583783 0.6096 0.0 0.0
10101 10979952 -2.2382948789182437 3.1548761909699645 0.6096 0.0 0.0
10102 10979952 -2.257043519331819 3.20611598087966 0.6096 0.0 0.0
10103 10979952 -2.2676322370029185 3.2399622193686537 0.6096 0.0 0.0
10104 10979952 -2.286957558960278 3.288352997643996 0.6096 0.0 0.0
10105 10979952 -2.298898141886599 3.3224082419362784 0.6096 0.0 0.0
10106 10979952 -2.3108387248129194 3.3564634862285603 0.6096 0.0 0.0
10107 10979952 -2.3266462615535204 3.4031189585356056 0.6248400000000001 0.0 0.0
10108 10979952 -2.3424537982941214 3.4497744308426515 0.6400800000000001 0.0 0.0
10109 10979952 -2.355694089694332 3.487994613160436 0.6400800000000001 0.0 0.0
10110 10979952 -2.368934381094543 3.52621479547822 0.6400800000000001 0.0 0.0
10111 10979952 -2.3902810607555036 3.5857845563359096 0.6400800000000001 0.0 0.0
10112 10979952 -2.4036070130968206 3.6275385150909787 0.6400800000000001 0.0 0.0
10113 10979952 -2.4167600140177683 3.6622250107414547 0.6400800000000001 0.0 0.0
10114 10979952 -2.427854754102545 3.6934334028523828 0.6400800000000001 0.0 0.0
10115 10979952 -2.4549668291196713 3.759798869814539 0.6400800000000001 0.0 0.0
10116 10979952 -2.468738299444695 3.8018159603199373 0.6400800000000001 0.0 0.0
10117 10979952 -2.4692835376006523 3.7984944485242758 0.6400467067176407 0.0 0.0
10118 10979952 -2.46982877575661 3.7951729367286147 0.6400134134352814 0.0 0.0
10119 10979952 -2.4703740139125676 3.791851424932953 0.6399801201529219 0.0 0.0
10120 10979952 -2.4709192520685255 3.7885299131372916 0.6399468268705626 0.0 0.0
10121 10979952 -2.471464490224483 3.78520840134163 0.6399135335882032 0.0 0.0
10122 10979952 -2.4720097283804408 3.781886889545969 0.6398802403058439 0.0 0.0
10123 10979952 -2.472554966536398 3.7785653777503074 0.6398469470234845 0.0 0.0
10124 10979952 -2.473100204692356 3.775243865954646 0.6398136537411252 0.0 0.0
10125 10979952 -2.4736454428483134 3.7719223541589844 0.6397803604587657 0.0 0.0
10126 10979952 -2.474190681004271 3.7686008423633233 0.6397470671764064 0.0 0.0
10127 10979952 -2.4747359191602287 3.7652793305676617 0.639713773894047 0.0 0.0
10128 10979952 -2.475281157316186 3.761957818772 0.6396804806116877 0.0 0.0
10129 10979952 -2.475826395472144 3.758636306976339 0.6396471873293283 0.0 0.0
10130 10979952 -2.4763716336281014 3.7553147951806776 0.639613894046969 0.0 0.0
10131 10979952 -2.4769168717840593 3.751993283385016 0.6395806007646095 0.0 0.0
10132 10979952 -2.4774621099400167 3.7486717715893545 0.6395473074822502 0.0 0.0
10133 10979952 -2.478007348095974 3.7453502597936934 0.6395140141998908 0.0 0.0
10134 10979952 -2.478552586251932 3.742028747998032 0.6394807209175315 0.0 0.0
10135 10979952 -2.4790978244078894 3.7387072362023703 0.6394474276351721 0.0 0.0
10136 10979952 -2.4796430625638473 3.735385724406709 0.6394141343528128 0.0 0.0
10137 10979952 -2.4801883007198047 3.7320642126110477 0.6393808410704533 0.0 0.0
10138 10979952 -2.4807335388757625 3.728742700815386 0.639347547788094 0.0 0.0
10139 10979952 -2.48127877703172 3.7254211890197246 0.6393142545057346 0.0 0.0
10140 10979952 -2.481824015187678 3.7220996772240635 0.6392809612233753 0.0 0.0
10141 10979952 -2.4823692533436352 3.718778165428402 0.639247667941016 0.0 0.0
10142 10979952 -2.4829144914995926 3.7154566536327405 0.6392143746586566 0.0 0.0
10143 10979952 -2.4834597296555505 3.712135141837079 0.6391810813762971 0.0 0.0
10144 10979952 -2.484004967811508 3.708813630041418 0.6391477880939378 0.0 0.0
10145 10979952 -2.484550205967466 3.7054921182457563 0.6391144948115784 0.0 0.0
10146 10979952 -2.485095444123423 3.7021706064500948 0.6390812015292191 0.0 0.0
10147 10979952 -2.485640682279381 3.6988490946544337 0.6390479082468598 0.0 0.0
10148 10979952 -2.4861859204353385 3.695527582858772 0.6390146149645004 0.0 0.0
10149 10979952 -2.4867311585912963 3.6922060710631106 0.638981321682141 0.0 0.0
10150 10979952 -2.4872763967472538 3.688884559267449 0.6389480283997816 0.0 0.0
10151 10979952 -2.487821634903211 3.685563047471788 0.6389147351174222 0.0 0.0
10152 10979952 -2.488366873059169 3.6822415356761264 0.6388814418350629 0.0 0.0
10153 10979952 -2.4889121112151265 3.678920023880465 0.6388481485527036 0.0 0.0
10154 10979952 -2.4894573493710843 3.6755985120848034 0.6388148552703442 0.0 0.0
10155 10979952 -2.4900025875270417 3.6722770002891423 0.6387815619879847 0.0 0.0
10156 10979952 -2.4905478256829996 3.6689554884934807 0.6387482687056254 0.0 0.0
10157 10979952 -2.491093063838957 3.665633976697819 0.638714975423266 0.0 0.0
10158 10979952 -2.4916383019949144 3.6623124649021577 0.6386816821409067 0.0 0.0
10159 10979952 -2.4921835401508723 3.6589909531064966 0.6386483888585474 0.0 0.0
10160 10979952 -2.4927287783068297 3.655669441310835 0.638615095576188 0.0 0.0
10161 10979952 -2.4932740164627876 3.6523479295151735 0.6385818022938285 0.0 0.0
10162 10979952 -2.493819254618745 3.6490264177195124 0.6385485090114692 0.0 0.0
10163 10979952 -2.494364492774703 3.645704905923851 0.6385152157291099 0.0 0.0
10164 10979952 -2.4949097309306603 3.6423833941281893 0.6384819224467505 0.0 0.0
10165 10979952 -2.495454969086618 3.639061882332528 0.6384486291643912 0.0 0.0
10166 10979952 -2.4960002072425755 3.6357403705368667 0.6384153358820318 0.0 0.0
10167 10979952 -2.496545445398533 3.632418858741205 0.6383820425996724 0.0 0.0
10168 10979952 -2.497090683554491 3.6290973469455436 0.638348749317313 0.0 0.0
10169 10979952 -2.4976359217104482 3.6257758351498826 0.6383154560349537 0.0 0.0
10170 10979952 -2.498181159866406 3.622454323354221 0.6382821627525943 0.0 0.0
10171 10979952 -2.4987263980223635 3.6191328115585595 0.638248869470235 0.0 0.0
10172 10979952 -2.4992716361783214 3.615811299762898 0.6382155761878756 0.0 0.0
10173 10979952 -2.499816874334279 3.612489787967237 0.6381822829055162 0.0 0.0
10174 10979952 -2.5003621124902367 3.6091682761715753 0.6381489896231568 0.0 0.0
10175 10979952 -2.500907350646194 3.605846764375914 0.6381156963407975 0.0 0.0
10176 10979952 -2.5014525888021515 3.6025252525802522 0.6380824030584381 0.0 0.0
