44875 11289096 0.003956578133293135 0.047702372995472 0.3048 -3.5990871737214585 -0.11978598563140697
44876 11289096 0.009483699376164096 0.046406626701970294 0.3048 -3.5990871737214585 -0.11978598563140697
44877 11289096 0.015010820619035057 0.045110880408468584 0.3048 -3.5990871737214585 -0.11978598563140697
44878 11289096 0.02053794186190602 0.043815134114966875 0.3048 -3.5990871737214585 -0.11978598563140697
44879 11289096 0.02606506310477698 0.042519387821465165 0.3048 -3.5990871737214585 -0.11978598563140697
44880 11289096 0.03159218434764794 0.041223641527963456 0.3048 -3.5990871737214585 -0.11978598563140697
44881 11289096 0.0371193055905189 0.03992789523446175 0.3048 -3.5990871737214585 -0.11978598563140697
44882 11289096 0.042646426833389865 0.03863214894096004 0.3048 -3.5990871737214585 -0.11978598563140697
44883 11289096 0.04817354807626083 0.03733640264745833 0.3048 -3.5990871737214585 -0.11978598563140697
44884 11289096 0.05370066931913179 0.03604065635395662 0.3048 -3.5990871737214585 -0.11978598563140697
44885 11289096 0.05922779056200275 0.03474491006045491 0.3048 -3.5990871737214585 -0.11978598563140697
44886 11289096 0.06475491180487371 0.0334491637669532 0.3048 -3.5990871737214585 -0.11978598563140697
44887 11289096 0.07028203304774468 0.03215341747345149 0.3048 -3.5990871737214585 -0.11978598563140697
44888 11289096 0.07580915429061563 0.03085767117994978 0.3048 -3.5990871737214585 -0.11978598563140697
44889 11289096 0.0813362755334866 0.02956192488644807 0.3048 -3.5990871737214585 -0.11978598563140697
44890 11289096 0.08686339677635756 0.02826617859294636 0.3048 -3.5990871737214585 -0.11978598563140697
44891 11289096 0.09239051801922851 0.026970432299444652 0.3048 -3.5990871737214585 -0.11978598563140697
44892 11289096 0.09791763926209948 0.025674686005942943 0.3048 -3.5990871737214585 -0.11978598563140697
44893 11289096 0.10344476050497044 0.024378939712441233 0.3048 -3.5990871737214585 -0.11978598563140697
44894 11289096 0.1089718817478414 0.023083193418939524 0.3048 -3.5990871737214585 -0.11978598563140697
44895 11289096 0.11449900299071236 0.021787447125437814 0.3048 -3.5990871737214585 -0.11978598563140697
44896 11289096 0.12002612423358333 0.020491700831936105 0.3048 -3.5990871737214585 -0.11978598563140697
44897 11289096 0.1255532454764543 0.019195954538434395 0.3048 -3.5990871737214585 -0.11978598563140697
44898 11289096 0.13108036671932524 0.017900208244932686 0.3048 -3.5990871737214585 -0.11978598563140697
44899 11289096 0.1366074879621962 0.016604461951430977 0.3048 -3.5990871737214585 -0.11978598563140697
44900 11289096 0.14213460920506718 0.015308715657929267 0.3048 -3.5990871737214585 -0.11978598563140697
44901 11289096 0.14766173044793812 0.014012969364427558 0.3048 -3.5990871737214585 -0.11978598563140697
44902 11289096 0.1531888516908091 0.012717223070925848 0.3048 -3.5990871737214585 -0.11978598563140697
44903 11289096 0.15871597293368006 0.011421476777424139 0.3048 -3.5990871737214585 -0.11978598563140697
44904 11289096 0.16424309417655103 0.01012573048392243 0.3048 -3.5990871737214585 -0.11978598563140697
44905 11289096 0.16977021541942197 0.00882998419042072 0.3048 -3.5990871737214585 -0.11978598563140697
44906 11289096 0.17529733666229294 0.0075342378969190105 0.3048 -3.5990871737214585 -0.11978598563140697
44907 11289096 0.1808244579051639 0.006238491603417301 0.3048 -3.5990871737214585 -0.11978598563140697
44908 11289096 0.18635157914803485 0.004942745309915592 0.3048 -3.5990871737214585 -0.11978598563140697
44909 11289096 0.19187870039090582 0.003646999016413882 0.3048 -3.5990871737214585 -0.11978598563140697
44910 11289096 0.21297830075965885 0.004345199408352193 0.3048 -3.5990871737214585 -0.11978598563140697
44911 11289096 0.23407790112841187 0.0050433998002905045 0.3048 -3.5990871737214585 -0.11978598563140697
44912 11289096 0.2531406349134177 0.004129205298685948 0.3048 -3.5990871737214585 -0.11978598563140697
44913 11289096 0.27220336869842354 0.0032150107970813913 0.3048 -3.5990871737214585 -0.11978598563140697
44914 11289096 0.29452454390001537 0.004390431291328337 0.3048 -3.5990871737214585 -0.11978598563140697
44915 11289096 0.3168457191016072 0.005565851785575282 0.3048 -3.5990871737214585 -0.11978598563140697
44916 11289096 0.35181410762052884 0.006171783500387051 0.3048 -3.5990871737214585 -0.11978598563140697
44917 11289096 0.3867824961394505 0.006777715215198821 0.3048 -3.5990871737214585 -0.11978598563140697
44918 11289096 0.4217508846583722 0.00738364693001059 0.3048 -3.5990871737214585 -0.11978598563140697
44919 11289096 0.4567192731772938 0.00798957864482236 0.3048 -3.5990871737214585 -0.11978598563140697
44920 11289096 0.4889868824667104 0.006930908068172945 0.3075709090909091 -3.5990871737214585 -0.11978598563140697
44921 11289096 0.5212544917561269 0.005872237491523531 0.3103418181818182 -3.5990871737214585 -0.11978598563140697
44922 11289096 0.5535221010455436 0.0048135669148741175 0.31311272727272726 -3.5990871737214585 -0.11978598563140697
44923 11289096 0.5857897103349601 0.003754896338224703 0.31588363636363637 -3.5990871737214585 -0.11978598563140697
44924 11289096 0.6180573196243766 0.002696225761575289 0.31865454545454547 -3.5990871737214585 -0.11978598563140697
44925 11289096 0.6503249289137932 0.0016375551849258756 0.32142545454545457 -3.5990871737214585 -0.11978598563140697
44926 11289096 0.6825925382032098 0.0005788846082764613 0.3241963636363636 -3.5990871737214585 -0.11978598563140697
44927 11289096 0.7148601474926264 -0.00047978596837295294 0.3269672727272727 -3.5990871737214585 -0.11978598563140697
44928 11289096 0.7471277567820429 -0.0015384565450223663 0.3297381818181818 -3.5990871737214585 -0.11978598563140697
44929 11289096 0.7793953660714594 -0.0025971271216717814 0.3325090909090909 -3.5990871737214585 -0.11978598563140697
44930 11289096 0.811662975360876 -0.003655797698321195 0.33528 -3.5990871737214585 -0.11978598563140697
44931 11289096 0.8439305846502926 -0.004714468274970608 0.33805090909090907 -3.5990871737214585 -0.11978598563140697
44932 11289096 0.8761981939397092 -0.005773138851620023 0.34082181818181817 -3.5990871737214585 -0.11978598563140697
44933 11289096 0.9084658032291257 -0.006831809428269437 0.34359272727272727 -3.5990871737214585 -0.11978598563140697
44934 11289096 0.9407334125185423 -0.007890480004918852 0.3463636363636364 -3.5990871737214585 -0.11978598563140697
44935 11289096 0.9730010218079588 -0.008949150581568265 0.3491345454545454 -3.5990871737214585 -0.11978598563140697
44936 11289096 1.0052686310973753 -0.010007821158217679 0.3519054545454545 -3.5990871737214585 -0.11978598563140697
44937 11289096 1.037536240386792 -0.011066491734867092 0.3546763636363636 -3.5990871737214585 -0.11978598563140697
44938 11289096 1.0698038496762086 -0.012125162311516509 0.3574472727272727 -3.5990871737214585 -0.11978598563140697
44939 11289096 1.102071458965625 -0.013183832888165922 0.36021818181818177 -3.5990871737214585 -0.11978598563140697
44940 11289096 1.1343390682550416 -0.014242503464815336 0.3629890909090909 -3.5990871737214585 -0.11978598563140697
44941 11289096 1.1666066775444581 -0.015301174041464749 0.36576 -3.5990871737214585 -0.11978598563140697
44942 11289096 1.1926328668897095 -0.018546233062792655 0.36576 -3.5236083343327564 -0.7429410963331727
44943 11289096 1.2186590562349606 -0.02179129208412056 0.36576 -3.5236083343327564 -0.7429410963331727
44944 11289096 1.2536641780817321 -0.02405548164056421 0.36576 -3.5236083343327564 -0.7429410963331727
44945 11289096 1.2886692999285034 -0.026319671197007857 0.36576 -3.5236083343327564 -0.7429410963331727
44946 11289096 1.323674421775275 -0.028583860753451505 0.36576 -3.5236083343327564 -0.7429410963331727
44947 11289096 1.3586795436220465 -0.030848050309895153 0.36576 -3.5236083343327564 -0.7429410963331727
44948 11289096 1.4206871390531715 -0.034046487597055 0.36576 -3.5236083343327564 -0.7429410963331727
44949 11289096 1.4569537945909943 -0.03584586686683239 0.39624000000000004 -3.5236083343327564 -0.7429410963331727
44950 11289096 1.5003170100734562 -0.03902846054794959 0.39624000000000004 -3.5236083343327564 -0.7429410963331727
44951 11289096 1.533213960834537 -0.03890905117703786 0.39624000000000004 -3.5236083343327564 -0.7429410963331727
44952 11289096 1.5701419377965369 -0.04547999351263601 0.39624000000000004 -3.5236083343327564 -0.7429410963331727
44953 11289096 1.5857362212938035 -0.04531637649208141 0.39624000000000004 -3.5236083343327564 -0.7429410963331727
44954 11289096 1.6013305047910704 -0.045152759471526804 0.39624000000000004 -3.5236083343327564 -0.7429410963331727
44955 11289096 1.6438221871517036 -0.04828350419889707 0.39624000000000004 -3.5236083343327564 -0.7429410963331727
44956 11289096 1.6795119959672404 -0.054566304302295005 0.39624000000000004 -3.5236083343327564 -0.7429410963331727
44957 11289096 1.731473074105344 -0.05997154538564334 0.39624000000000004 -3.5236083343327564 -0.7429410963331727
44958 11289096 1.7592103863625683 -0.05933423947952318 0.39624000000000004 -3.5236083343327564 -0.7429410963331727
44959 11289096 1.796093145151678 -0.06495467093451693 0.39624000000000004 -3.5236083343327564 -0.7429410963331727
44960 11289096 1.814683126583759 -0.06839743035904577 0.41148000000000007 -3.5236083343327564 -0.7429410963331727
44961 11289096 1.83327310801584 -0.07184018978357462 0.42672000000000004 -3.5236083343327564 -0.7429410963331727
44962 11289096 1.868266829510735 -0.07345548655730827 0.42672000000000004 -3.5236083343327564 -0.7429410963331727
44963 11289096 1.919964449182727 -0.0783060591268844 0.42672000000000004 -3.5236083343327564 -0.7429410963331727
44964 11289096 1.9532153121538718 -0.07981907534455035 0.42672000000000004 -3.5236083343327564 -0.7429410963331727
44965 11289096 1.9781612712396426 -0.08609641834919385 0.42672000000000004 -3.5236083343327564 -0.7429410963331727
44966 11289096 2.0198146291649146 -0.09070353377233795 0.42672000000000004 -3.5236083343327564 -0.7429410963331727
44967 11289096 2.047561303000844 -0.09275510544745005 0.42672000000000004 -3.5236083343327564 -0.7429410963331727
44968 11289096 2.0833669125748795 -0.097321296006634 0.42672000000000004 -3.5236083343327564 -0.7429410963331727
44969 11289096 2.119172522148915 -0.10188748656581795 0.42672000000000004 -3.5236083343327564 -0.7429410963331727
44970 11289096 2.166331040094679 -0.10431954108083569 0.45720000000000005 -3.5236083343327564 -0.7429410963331727
44971 11289096 2.19930597940963 -0.10667591435162035 0.45720000000000005 -3.5236083343327564 -0.7429410963331727
44972 11289096 2.230893567466522 -0.10892959416689077 0.45720000000000005 -3.5236083343327564 -0.7429410963331727
44973 11289096 2.2626071555500644 -0.11134110111213122 0.45720000000000005 -3.5236083343327564 -0.7429410963331727
44974 11289096 2.2954441544012694 -0.11411928500058019 0.45720000000000005 -3.5236083343327564 -0.7429410963331727
44975 11289096 2.318948995556851 -0.11501841075248376 0.45720000000000005 -3.5236083343327564 -0.7429410963331727
44976 11289096 2.342453836712433 -0.11591753650438733 0.45720000000000005 -3.5236083343327564 -0.7429410963331727
44977 11289096 2.3629104198264947 -0.1141858079407852 0.45720000000000005 -3.5236083343327564 -0.7429410963331727
44978 11289096 2.4125104606703074 -0.11729667497074572 0.45720000000000005 -3.5236083343327564 -0.7429410963331727
44979 11289096 2.448798416530231 -0.1203831899008804 0.45720000000000005 -3.5236083343327564 -0.7429410963331727
44980 11289096 2.480591565889646 -0.12363747710000308 0.45720000000000005 -3.5236083343327564 -0.7429410963331727
44981 11289096 2.5258592916131812 -0.12369767402586498 0.48768 -3.5236083343327564 -0.7429410963331727
44982 11289096 2.5523034667030053 -0.1270159345765448 0.48768 -3.5236083343327564 -0.7429410963331727
44983 11289096 2.5787476417928294 -0.13033419512722463 0.48768 -3.5236083343327564 -0.7429410963331727
44984 11289096 2.611259330102585 -0.13954657864990969 0.48768 -3.5236083343327564 -0.7429410963331727
44985 11289096 2.6309220066307333 -0.14187721597768152 0.48768 -3.5236083343327564 -0.7429410963331727
44986 11289096 2.671965442717972 -0.1494355700524839 0.48768 -3.5236083343327564 -0.7429410963331727
44987 11289096 2.6991948395149183 -0.1530680834903335 0.48768 -3.5236083343327564 -0.7429410963331727
44988 11289096 2.7504979053735896 -0.16455938480982027 0.48768 -3.5236083343327564 -0.7429410963331727
44989 11289096 2.760448364784194 -0.16780770316440854 0.48768 -3.5236083343327564 -0.7429410963331727
44990 11289096 2.812267430694605 -0.17935016395514833 0.5181600000000001 -3.5236083343327564 -0.7429410963331727
44991 11289096 2.834061797625667 -0.18331060292143514 0.5181600000000001 -3.5236083343327564 -0.7429410963331727
44992 11289096 2.8558561645567284 -0.18727104188772195 0.5181600000000001 -3.5236083343327564 -0.7429410963331727
44993 11289096 2.890040936870368 -0.19843001671501512 0.5181600000000001 -3.5236083343327564 -0.7429410963331727
44994 11289096 2.9206288969768766 -0.20374207369387906 0.5181600000000001 -3.5236083343327564 -0.7429410963331727
44995 11289096 2.964936575714172 -0.2176209236598888 0.5181600000000001 -3.5236083343327564 -0.7429410963331727
44996 11289096 2.9976798924454213 -0.22340254676601776 0.5181600000000001 -3.5236083343327564 -0.7429410963331727
44997 11289096 3.0319025763312135 -0.22873236616739875 0.5181600000000001 -3.5236083343327564 -0.7429410963331727
44998 11289096 3.0706988422506925 -0.23637255166442425 0.5181600000000001 -3.5236083343327564 -0.7429410963331727
44999 11289096 3.092468764077184 -0.2431277936196651 0.5181600000000001 -3.5236083343327564 -0.7429410963331727
45000 11289096 3.1397399509923467 -0.2479266459916091 0.54864 -3.5236083343327564 -0.7429410963331727
45001 11289096 3.17101618958627 -0.2527613542560506 0.54864 -3.5236083343327564 -0.7429410963331727
45002 11289096 3.207508463093361 -0.2592983383799289 0.54864 -3.5236083343327564 -0.7429410963331727
45003 11289096 3.2257273783886156 -0.25992952176572165 0.54864 -3.5236083343327564 -0.7429410963331727
45004 11289096 3.2439462936838703 -0.2605607051515144 0.54864 -3.5236083343327564 -0.7429410963331727
45005 11289096 3.2696052448145343 -0.2635616360753491 0.54864 -3.5236083343327564 -0.7429410963331727
45006 11289096 3.3090439644356913 -0.2705924758397672 0.54864 -3.5236083343327564 -0.7429410963331727
45007 11289096 3.3481525435897455 -0.27319322668120793 0.54864 -3.5236083343327564 -0.7429410963331727
45008 11289096 3.373685863025793 -0.27521827466947313 0.54864 -3.5236083343327564 -0.7429410963331727
45009 11289096 3.4147173127808275 -0.28417008875645056 0.54864 -3.5236083343327564 -0.7429410963331727
45010 11289096 3.466837618346773 -0.2904324963100283 0.57912 -3.5236083343327564 -0.7429410963331727
45011 11289096 3.486259099212598 -0.29349971558774723 0.57912 -3.5236083343327564 -0.7429410963331727
45012 11289096 3.5056805800784234 -0.29656693486546615 0.57912 -3.5236083343327564 -0.7429410963331727
45013 11289096 3.5237382769515317 -0.29837133287834117 0.57912 -3.5236083343327564 -0.7429410963331727
45014 11289096 3.573850299053049 -0.30806604652582625 0.57912 -3.5236083343327564 -0.7429410963331727
45015 11289096 3.6051265086106428 -0.3128988307785979 0.57912 -3.5236083343327564 -0.7429410963331727
45016 11289096 3.64565143969864 -0.3261228612471353 0.57912 -3.5236083343327564 -0.7429410963331727
45017 11289096 3.6756315658020116 -0.3319341406138583 0.57912 -3.5236083343327564 -0.7429410963331727
45018 11289096 3.7121563664870685 -0.34245072206103233 0.57912 -3.5236083343327564 -0.7429410963331727
45019 11289096 3.742329503910316 -0.3522962962913331 0.57912 -3.5236083343327564 -0.7429410963331727
45020 11289096 3.776959007005723 -0.37025409279991606 0.57912 -3.5236083343327564 -0.7429410963331727
45021 11289096 3.7981836562766884 -0.3792237115464298 0.57912 -3.5236083343327564 -0.7429410963331727
45022 11289096 3.819408305547654 -0.38819333029294356 0.57912 -3.5236083343327564 -0.7429410963331727
45023 11289096 3.843871895327659 -0.39757718802612096 0.6096 -3.5236083343327564 -0.7429410963331727
45024 11289096 3.8816435228501316 -0.4151578501230462 0.6096 -3.5236083343327564 -0.7429410963331727
45025 11289096 3.910012592270581 -0.43434291981485884 0.6096 -3.5236083343327564 -0.7429410963331727
45026 11289096 3.9486873622052894 -0.4584087855302029 0.6096 -3.5236083343327564 -0.7429410963331727
45027 11289096 3.973422420313108 -0.4767582886113434 0.6096 -3.5236083343327564 -0.7429410963331727
45028 11289096 3.999980241172814 -0.49605279137547886 0.6096 -3.5236083343327564 -0.7429410963331727
45029 11289096 4.013626017225397 -0.5059364745086883 0.6096 -3.5236083343327564 -0.7429410963331727
45030 11289096 4.02727179327798 -0.5158201576418978 0.6096 -3.5236083343327564 -0.7429410963331727
45031 11289096 4.0585415235902405 -0.5370020568892154 0.6096 -3.5236083343327564 -0.7429410963331727
45032 11289096 4.079537308897171 -0.5597379963538157 0.6096 -3.5236083343327564 -0.7429410963331727
45033 11289096 4.10952093174688 -0.5862236749439641 0.6096 -3.5236083343327564 -0.7429410963331727
45034 11289096 4.143903133185995 -0.6237225049758663 0.6096 -3.5236083343327564 -0.7429410963331727
45035 11289096 4.161562671006447 -0.6468881782912227 0.6400800000000001 -3.5236083343327564 -0.7429410963331727
45036 11289096 4.1865814034442375 -0.6752579309415441 0.6400800000000001 -3.5236083343327564 -0.7429410963331727
45037 11289096 4.205490815627645 -0.6989479520793597 0.6400800000000001 -3.5236083343327564 -0.7429410963331727
45038 11289096 4.23989331863081 -0.7459141313652295 0.6400800000000001 -3.5236083343327564 -0.7429410963331727
45039 11289096 4.246355165104549 -0.7587684732660945 0.6400800000000001 -3.5236083343327564 -0.7429410963331727
45040 11289096 4.269459669854727 -0.7875645374038166 0.6400800000000001 -3.5236083343327564 -0.7429410963331727
45041 11289096 4.2764369765236285 -0.8021054683925177 0.6400800000000001 -3.5236083343327564 -0.7429410963331727
45042 11289096 4.283414283192531 -0.8166463993812189 0.6400800000000001 -3.5236083343327564 -0.7429410963331727
45043 11289096 4.315955325019526 -0.8774888667661107 0.6400800000000001 -3.5236083343327564 -0.7429410963331727
45044 11289096 4.324319022118248 -0.8954021281994519 0.6400800000000001 -3.5236083343327564 -0.7429410963331727
45045 11289096 4.346889021989949 -0.9459832476960911 0.6400800000000001 -3.5236083343327564 -0.7429410963331727
45046 11289096 4.364191250044515 -0.9789600425556572 0.6400800000000001 -3.5236083343327564 -0.7429410963331727
45047 11289096 4.372495793311101 -1.003044657401998 0.6553200000000001 -3.5236083343327564 -0.7429410963331727
45048 11289096 4.380800336577688 -1.0271292722483387 0.67056 -3.5236083343327564 -0.7429410963331727
45049 11289096 4.392920571739778 -1.0591164575384917 0.67056 -3.5236083343327564 -0.7429410963331727
45050 11289096 4.4051215112526885 -1.0903122472251652 0.67056 -3.5236083343327564 -0.7429410963331727
45051 11289096 4.4144666961194305 -1.123730313389581 0.67056 -3.5236083343327564 -0.7429410963331727
45052 11289096 4.4206745042635855 -1.1444442843854632 0.67056 -3.5236083343327564 -0.7429410963331727
45053 11289096 4.444742535729246 -1.2138518193967802 0.67056 -3.5236083343327564 -0.7429410963331727
45054 11289096 4.452833406065055 -1.2454004585071745 0.67056 -3.5236083343327564 -0.7429410963331727
45055 11289096 4.460924276400864 -1.2769490976175686 0.67056 -3.5236083343327564 -0.7429410963331727
45056 11289096 4.470061910157463 -1.3051985509459643 0.6807200000000001 -3.5236083343327564 -0.7429410963331727
45057 11289096 4.479199543914062 -1.33344800427436 0.69088 -3.5236083343327564 -0.7429410963331727
45058 11289096 4.48833717767066 -1.3616974576027556 0.7010400000000001 -3.5236083343327564 -0.7429410963331727
45059 11289096 4.4960919558698755 -1.3882887923010832 0.7010400000000001 -3.5236083343327564 -0.7429410963331727
45060 11289096 4.503846734069091 -1.4148801269994105 0.7010400000000001 -3.5236083343327564 -0.7429410963331727
45061 11289096 4.521004540991537 -1.4793463900654824 0.7010400000000001 -3.5236083343327564 -0.7429410963331727
45062 11289096 4.5276009013407785 -1.5081295244258082 0.7010400000000001 -3.5236083343327564 -0.7429410963331727
45063 11289096 4.53535623247514 -1.5347208512925214 0.7010400000000001 -3.5236083343327564 -0.7429410963331727
45064 11289096 4.543111563609501 -1.561312178159235 0.7010400000000001 -3.5236083343327564 -0.7429410963331727
45065 11289096 4.546095280899141 -1.5930052319392185 0.7010400000000001 -3.5236083343327564 -0.7429410963331727
45066 11289096 4.55648144874095 -1.6237834004351726 0.71628 -3.5236083343327564 -0.7429410963331727
45067 11289096 4.56686761658276 -1.6545615689311264 0.73152 -3.5236083343327564 -0.7429410963331727
45068 11289096 4.575078370453883 -1.6947338974311434 0.73152 -3.5236083343327564 -0.7429410963331727
45069 11289096 4.576996618053112 -1.7038278813450187 0.73152 -3.5236083343327564 -0.7429410963331727
45070 11289096 4.578914865652342 -1.712921865258894 0.73152 -3.5236083343327564 -0.7429410963331727
45071 11289096 4.590297453838251 -1.81416646639412 0.73152 -3.5236083343327564 -0.7429410963331727
45072 11289096 4.592899604260554 -1.8395441667300763 0.73152 -3.5236083343327564 -0.7429410963331727
45073 11289096 4.595501754682857 -1.8649218670660326 0.73152 -3.5236083343327564 -0.7429410963331727
45074 11289096 4.598375899405637 -1.9255465915626206 0.73152 -3.5236083343327564 -0.7429410963331727
45075 11289096 4.597916704031965 -1.9501011188406006 0.73152 -3.5236083343327564 -0.7429410963331727
45076 11289096 4.597457508658293 -1.9746556461185805 0.73152 -3.5236083343327564 -0.7429410963331727
45077 11289096 4.592754134010029 -2.027202576296551 0.73152 -3.5236083343327564 -0.7429410963331727
45078 11289096 4.588772770755175 -2.051211983686978 0.73152 -3.5236083343327564 -0.7429410963331727
45079 11289096 4.5847914075003215 -2.0752213910774056 0.73152 -3.5236083343327564 -0.7429410963331727
45080 11289096 4.580810044245467 -2.0992307984678327 0.73152 -3.5236083343327564 -0.7429410963331727
45081 11289096 4.572429070285297 -2.1385475167965624 0.74676 -3.5236083343327564 -0.7429410963331727
45082 11289096 4.564048096325126 -2.177864235125292 0.762 -3.5236083343327564 -0.7429410963331727
45083 11289096 4.545448247718581 -2.245794700349313 0.762 -3.5236083343327564 -0.7429410963331727
45084 11289096 4.535063848557968 -2.2830856337764693 0.762 -3.5236083343327564 -0.7429410963331727
45085 11289096 4.524679449397354 -2.3203765672036254 0.762 -3.5236083343327564 -0.7429410963331727
45086 11289096 4.510610859240903 -2.3580721542745473 0.762 -3.5236083343327564 -0.7429410963331727
45087 11289096 4.496426239166517 -2.401570139670937 0.762 -3.5236083343327564 -0.7429410963331727
45088 11289096 4.4883753539116125 -2.427620328594654 0.762 -3.5236083343327564 -0.7429410963331727
45089 11289096 4.4803244686567085 -2.453670517518371 0.762 -3.5236083343327564 -0.7429410963331727
45090 11289096 4.472032591566569 -2.4804597505863217 0.762 -3.5236083343327564 -0.7429410963331727
45091 11289096 4.46374071447643 -2.507248983654273 0.762 -3.5236083343327564 -0.7429410963331727
45092 11289096 4.444404496844798 -2.5610979182902827 0.762 -3.5236083343327564 -0.7429410963331727
45093 11289096 4.431838028762033 -2.5996337419603837 0.7924800000000001 -3.5236083343327564 -0.7429410963331727
45094 11289096 4.422082040604477 -2.6349978901451645 0.7924800000000001 -3.5236083343327564 -0.7429410963331727
45095 11289096 4.401885080221934 -2.6914862431695314 0.7924800000000001 -3.5236083343327564 -0.7429410963331727
45096 11289096 4.389249757127033 -2.7302332135900755 0.7924800000000001 -3.5236083343327564 -0.7429410963331727
45097 11289096 4.378232582245015 -2.764018035890205 0.7924800000000001 -3.5236083343327564 -0.7429410963331727
45098 11289096 4.369343671172707 -2.793999897758368 0.7924800000000001 -3.5236083343327564 -0.7429410963331727
45099 11289096 4.3604547601003985 -2.823981759626531 0.7924800000000001 -3.5236083343327564 -0.7429410963331727
45100 11289096 4.345134014151765 -2.870963773842201 0.7924800000000001 -3.5236083343327564 -0.7429410963331727
45101 11289096 4.335672440451711 -2.8972547458843736 0.7924800000000001 -3.5236083343327564 -0.7429410963331727
45102 11289096 4.326210866751658 -2.923545717926546 0.7924800000000001 -3.5236083343327564 -0.7429410963331727
45103 11289096 4.3163861003818935 -2.959121026437877 0.7924800000000001 -3.5236083343327564 -0.7429410963331727
45104 11289096 4.309156086822227 -2.9812923090680714 0.80772 -3.5236083343327564 -0.7429410963331727
45105 11289096 4.301926073262562 -3.0034635916982655 0.82296 -3.5236083343327564 -0.7429410963331727
45106 11289096 4.279547461661322 -3.072088983841748 0.82296 -3.5236083343327564 -0.7429410963331727
45107 11289096 4.263946638429562 -3.1144826659448013 0.82296 -3.5236083343327564 -0.7429410963331727
45108 11289096 4.254158983374683 -3.1463128471314645 0.82296 -3.5236083343327564 -0.7429410963331727
45109 11289096 4.2443713283198035 -3.1781430283181273 0.82296 -3.5236083343327564 -0.7429410963331727
45110 11289096 4.2345836732649245 -3.2099732095047906 0.82296 -3.5236083343327564 -0.7429410963331727
45111 11289096 4.229832523091985 -3.224542903776807 0.82296 -3.5236083343327564 -0.7429410963331727
45112 11289096 4.2127340220407214 -3.2715291839297547 0.8534400000000001 -3.5236083343327564 -0.7429410963331727
45113 11289096 4.2004023139615985 -3.3120687867737697 0.8534400000000001 -3.5236083343327564 -0.7429410963331727
45114 11289096 4.188070605882476 -3.352608389617785 0.8534400000000001 -3.5236083343327564 -0.7429410963331727
45115 11289096 4.18168257181388 -3.3803688311275213 0.8534400000000001 -3.5236083343327564 -0.7429410963331727
45116 11289096 4.175294537745284 -3.408129272637258 0.8534400000000001 -3.5236083343327564 -0.7429410963331727
45117 11289096 4.167289901780884 -3.432676036869604 0.8534400000000001 -3.5236083343327564 -0.7429410963331727
45118 11289096 4.159285265816484 -3.4572228011019503 0.8534400000000001 -3.5236083343327564 -0.7429410963331727
45119 11289096 4.148905061301513 -3.489054408496771 0.8534400000000001 -3.5236083343327564 -0.7429410963331727
45120 11289096 4.1385248567865425 -3.5208860158915916 0.8534400000000001 -3.5236083343327564 -0.7429410963331727
45121 11289096 4.117626735499139 -3.5849715337245174 0.88392 -3.5236083343327564 -0.7429410963331727
45122 11289096 4.110475145846655 -3.617797574214323 0.88392 -3.5236083343327564 -0.7429410963331727
45123 11289096 4.106211154709554 -3.6342781855502437 0.88392 -3.5236083343327564 -0.7429410963331727
45124 11289096 4.1019471635724525 -3.6507587968861643 0.88392 -3.5236083343327564 -0.7429410963331727
45125 11289096 4.088506941825519 -3.701507692662194 0.88392 -3.5236083343327564 -0.7429410963331727
45126 11289096 4.0812212358106414 -3.714316429208932 0.88392 -3.5236083343327564 -0.7429410963331727
45127 11289096 4.081606474402095 -3.7134900087527045 0.8838664323374341 -3.5236083343327564 -0.7429410963331727
45128 11289096 4.081991712993549 -3.7126635882964774 0.8838128646748682 -3.5236083343327564 -0.7429410963331727
45129 11289096 4.082376951585003 -3.7118371678402498 0.8837592970123023 -3.5236083343327564 -0.7429410963331727
45130 11289096 4.082762190176457 -3.711010747384022 0.8837057293497365 -3.5236083343327564 -0.7429410963331727
45131 11289096 4.08314742876791 -3.710184326927795 0.8836521616871705 -3.5236083343327564 -0.7429410963331727
45132 11289096 4.083532667359364 -3.7093579064715674 0.8835985940246046 -3.5236083343327564 -0.7429410963331727
45133 11289096 4.083917905950818 -3.7085314860153398 0.8835450263620387 -3.5236083343327564 -0.7429410963331727
45134 11289096 4.084303144542273 -3.7077050655591126 0.8834914586994728 -3.5236083343327564 -0.7429410963331727
45135 11289096 4.084688383133726 -3.706878645102885 0.8834378910369068 -3.5236083343327564 -0.7429410963331727
45136 11289096 4.08507362172518 -3.7060522246466574 0.883384323374341 -3.5236083343327564 -0.7429410963331727
45137 11289096 4.085458860316634 -3.7052258041904302 0.8833307557117751 -3.5236083343327564 -0.7429410963331727
45138 11289096 4.085844098908088 -3.7043993837342026 0.8832771880492092 -3.5236083343327564 -0.7429410963331727
45139 11289096 4.0862293374995415 -3.7035729632779755 0.8832236203866433 -3.5236083343327564 -0.7429410963331727
45140 11289096 4.086614576090995 -3.702746542821748 0.8831700527240773 -3.5236083343327564 -0.7429410963331727
45141 11289096 4.086999814682449 -3.7019201223655203 0.8831164850615114 -3.5236083343327564 -0.7429410963331727
45142 11289096 4.087385053273903 -3.701093701909293 0.8830629173989456 -3.5236083343327564 -0.7429410963331727
45143 11289096 4.087770291865357 -3.7002672814530655 0.8830093497363797 -3.5236083343327564 -0.7429410963331727
45144 11289096 4.0881555304568105 -3.699440860996838 0.8829557820738138 -3.5236083343327564 -0.7429410963331727
45145 11289096 4.088540769048264 -3.6986144405406107 0.8829022144112478 -3.5236083343327564 -0.7429410963331727
45146 11289096 4.088926007639718 -3.697788020084383 0.8828486467486819 -3.5236083343327564 -0.7429410963331727
45147 11289096 4.089311246231172 -3.6969615996281555 0.882795079086116 -3.5236083343327564 -0.7429410963331727
45148 11289096 4.089696484822626 -3.6961351791719284 0.8827415114235502 -3.5236083343327564 -0.7429410963331727
45149 11289096 4.09008172341408 -3.6953087587157007 0.8826879437609843 -3.5236083343327564 -0.7429410963331727
45150 11289096 4.090466962005534 -3.694482338259473 0.8826343760984183 -3.5236083343327564 -0.7429410963331727
45151 11289096 4.090852200596988 -3.693655917803246 0.8825808084358524 -3.5236083343327564 -0.7429410963331727
45152 11289096 4.091237439188442 -3.6928294973470184 0.8825272407732865 -3.5236083343327564 -0.7429410963331727
45153 11289096 4.091622677779895 -3.6920030768907908 0.8824736731107206 -3.5236083343327564 -0.7429410963331727
45154 11289096 4.092007916371349 -3.6911766564345636 0.8824201054481547 -3.5236083343327564 -0.7429410963331727
45155 11289096 4.092393154962803 -3.690350235978336 0.8823665377855888 -3.5236083343327564 -0.7429410963331727
45156 11289096 4.092778393554257 -3.6895238155221084 0.8823129701230229 -3.5236083343327564 -0.7429410963331727
45157 11289096 4.0931636321457106 -3.6886973950658812 0.882259402460457 -3.5236083343327564 -0.7429410963331727
45158 11289096 4.093548870737164 -3.6878709746096536 0.882205834797891 -3.5236083343327564 -0.7429410963331727
45159 11289096 4.093934109328618 -3.687044554153426 0.8821522671353251 -3.5236083343327564 -0.7429410963331727
45160 11289096 4.094319347920072 -3.686218133697199 0.8820986994727593 -3.5236083343327564 -0.7429410963331727
45161 11289096 4.094704586511526 -3.6853917132409713 0.8820451318101934 -3.5236083343327564 -0.7429410963331727
45162 11289096 4.0950898251029795 -3.684565292784744 0.8819915641476275 -3.5236083343327564 -0.7429410963331727
45163 11289096 4.095475063694433 -3.6837388723285165 0.8819379964850615 -3.5236083343327564 -0.7429410963331727
45164 11289096 4.095860302285887 -3.682912451872289 0.8818844288224956 -3.5236083343327564 -0.7429410963331727
45165 11289096 4.096245540877342 -3.6820860314160617 0.8818308611599297 -3.5236083343327564 -0.7429410963331727
45166 11289096 4.0966307794687955 -3.681259610959834 0.8817772934973639 -3.5236083343327564 -0.7429410963331727
45167 11289096 4.097016018060249 -3.6804331905036065 0.881723725834798 -3.5236083343327564 -0.7429410963331727
45168 11289096 4.097401256651703 -3.6796067700473793 0.881670158172232 -3.5236083343327564 -0.7429410963331727
45169 11289096 4.097786495243157 -3.6787803495911517 0.8816165905096661 -3.5236083343327564 -0.7429410963331727
45170 11289096 4.098171733834611 -3.677953929134924 0.8815630228471002 -3.5236083343327564 -0.7429410963331727
45171 11289096 4.098556972426064 -3.677127508678697 0.8815094551845343 -3.5236083343327564 -0.7429410963331727
45172 11289096 4.098942211017518 -3.6763010882224694 0.8814558875219684 -3.5236083343327564 -0.7429410963331727
45173 11289096 4.099327449608972 -3.6754746677662418 0.8814023198594025 -3.5236083343327564 -0.7429410963331727
45174 11289096 4.099712688200426 -3.6746482473100146 0.8813487521968366 -3.5236083343327564 -0.7429410963331727
45175 11289096 4.10009792679188 -3.673821826853787 0.8812951845342707 -3.5236083343327564 -0.7429410963331727
45176 11289096 4.100483165383333 -3.6729954063975594 0.8812416168717048 -3.5236083343327564 -0.7429410963331727
45177 11289096 4.100868403974787 -3.6721689859413322 0.8811880492091388 -3.5236083343327564 -0.7429410963331727
45178 11289096 4.101253642566241 -3.6713425654851046 0.8811344815465729 -3.5236083343327564 -0.7429410963331727
45179 11289096 4.101638881157695 -3.670516145028877 0.8810809138840071 -3.5236083343327564 -0.7429410963331727
45180 11289096 4.102024119749149 -3.66968972457265 0.8810273462214412 -3.5236083343327564 -0.7429410963331727
45181 11289096 4.102409358340603 -3.6688633041164223 0.8809737785588753 -3.5236083343327564 -0.7429410963331727
45182 11289096 4.102794596932057 -3.6680368836601946 0.8809202108963093 -3.5236083343327564 -0.7429410963331727
45183 11289096 4.103179835523511 -3.6672104632039675 0.8808666432337434 -3.5236083343327564 -0.7429410963331727
45184 11289096 4.1035650741149645 -3.66638404274774 0.8808130755711775 -3.5236083343327564 -0.7429410963331727
45185 11289096 4.103950312706418 -3.6655576222915123 0.8807595079086117 -3.5236083343327564 -0.7429410963331727
45186 11289096 4.104335551297872 -3.664731201835285 0.8807059402460458 -3.5236083343327564 -0.7429410963331727
