976 10773969 4.498527564773335 -3.134850746959792 0.67056 0.0 0.0
977 10773969 4.482686760087974 -3.113157872318527 0.67056 0.0 0.0
978 10773969 4.466845955402613 -3.0914649976772623 0.67056 0.0 0.0
979 10773969 4.4023958229898845 -2.9976804239048183 0.67056 0.0 0.0
980 10773969 4.374076606585426 -2.9510685227990896 0.67056 0.0 0.0
981 10773969 4.346314551334981 -2.9032946903436017 0.6553200000000001 0.0 0.0
982 10773969 4.318552496084536 -2.8555208578881133 0.6400800000000001 0.0 0.0
983 10773969 4.307111527464187 -2.8328675015663354 0.6400800000000001 0.0 0.0
984 10773969 4.295670558843838 -2.8102141452445575 0.6400800000000001 0.0 0.0
985 10773969 4.261950766493421 -2.7428590333943474 0.6400800000000001 0.0 0.0
986 10773969 4.228230974143004 -2.6755039215441374 0.6400800000000001 0.0 0.0
987 10773969 4.208436388725564 -2.627815906575841 0.6400800000000001 0.0 0.0
988 10773969 4.188641803308123 -2.5801278916075447 0.6400800000000001 0.0 0.0
989 10773969 4.172024688294152 -2.5319574485292216 0.6400800000000001 0.0 0.0
990 10773969 4.153504188330425 -2.4844508864882746 0.6400800000000001 0.0 0.0
991 10773969 4.134983688366698 -2.436944324447328 0.6400800000000001 0.0 0.0
992 10773969 4.1185510154799845 -2.389300839966592 0.6400800000000001 0.0 0.0
993 10773969 4.101941581985303 -2.340022608546053 0.6400800000000001 0.0 0.0
994 10773969 4.08533214849062 -2.2907443771255136 0.6400800000000001 0.0 0.0
995 10773969 4.0687516536111765 -2.2424682351756093 0.6400800000000001 0.0 0.0
996 10773969 4.054887562329821 -2.200567909007956 0.6400800000000001 0.0 0.0
997 10773969 4.040222449282158 -2.1543178937194076 0.6400800000000001 0.0 0.0
998 10773969 4.025557336234496 -2.1080678784308593 0.6400800000000001 0.0 0.0
999 10773969 4.012079646173518 -2.062263356809823 0.6248400000000001 0.0 0.0
1000 10773969 3.998601956112541 -2.016458835188787 0.6096 0.0 0.0
1001 10773969 3.9831371376761124 -1.9642239743438823 0.6096 0.0 0.0
1002 10773969 3.9708901586332805 -1.9271724070573597 0.6096 0.0 0.0
1003 10773969 3.9566388063435034 -1.883743279895583 0.6096 0.0 0.0
1004 10773969 3.9423874540537263 -1.8403141527338065 0.6096 0.0 0.0
1005 10773969 3.926910077618273 -1.795200034620111 0.6096 0.0 0.0
1006 10773969 3.914643564979711 -1.7511332170772744 0.6096 0.0 0.0
1007 10773969 3.896793343804334 -1.7051280064713679 0.57912 0.0 0.0
1008 10773969 3.8845274169243877 -1.661061171883053 0.57912 0.0 0.0
1009 10773969 3.869755663343344 -1.6186881283210914 0.57912 0.0 0.0
1010 10773969 3.8549839097623 -1.5763150847591298 0.57912 0.0 0.0
1011 10773969 3.836698304001078 -1.5327371452569325 0.57912 0.0 0.0
1012 10773969 3.820751960341436 -1.4901558403511688 0.57912 0.0 0.0
1013 10773969 3.805552421628616 -1.445014563596517 0.57912 0.0 0.0
1014 10773969 3.790352882915796 -1.3998732868418655 0.57912 0.0 0.0
1015 10773969 3.772584547040138 -1.3563467780221223 0.57912 0.0 0.0
1016 10773969 3.7572383927678965 -1.3171924599312306 0.56896 0.0 0.0
1017 10773969 3.741892238495655 -1.2780381418403388 0.5588 0.0 0.0
1018 10773969 3.726546084223414 -1.238883823749447 0.54864 0.0 0.0
1019 10773969 3.711712072192566 -1.2013370107456112 0.54864 0.0 0.0
1020 10773969 3.696878060161718 -1.163790197741775 0.54864 0.0 0.0
1021 10773969 3.6795180344465352 -1.1217394621136227 0.54864 0.0 0.0
1022 10773969 3.6621580087313523 -1.0796887264854704 0.54864 0.0 0.0
1023 10773969 3.6448656676190843 -1.041514601184669 0.54864 0.0 0.0
1024 10773969 3.627573326506816 -1.0033404758838678 0.54864 0.0 0.0
1025 10773969 3.6116504711437454 -0.9677740422772599 0.54864 0.0 0.0
1026 10773969 3.5937421617286023 -0.9286781892924919 0.5384800000000001 0.0 0.0
1027 10773969 3.5758338523134587 -0.8895823363077239 0.52832 0.0 0.0
1028 10773969 3.5579255428983156 -0.8504864833229558 0.5181600000000001 0.0 0.0
1029 10773969 3.545650630094693 -0.8135401032134402 0.5181600000000001 0.0 0.0
1030 10773969 3.5308862684987434 -0.7798696996523724 0.5181600000000001 0.0 0.0
1031 10773969 3.516121906902794 -0.7461992960913046 0.5181600000000001 0.0 0.0
1032 10773969 3.4982329007326403 -0.7016968094544203 0.5181600000000001 0.0 0.0
1033 10773969 3.4803438945624867 -0.6571943228175358 0.5181600000000001 0.0 0.0
1034 10773969 3.4641665348122737 -0.6191491871656447 0.5181600000000001 0.0 0.0
1035 10773969 3.4479891750620606 -0.5811040515137538 0.5181600000000001 0.0 0.0
1036 10773969 3.4344570169725177 -0.5393078580379161 0.5181600000000001 0.0 0.0
1037 10773969 3.4209546106796935 -0.5072167824660615 0.5181600000000001 0.0 0.0
1038 10773969 3.40427298206986 -0.4705836600109521 0.5181600000000001 0.0 0.0
1039 10773969 3.387591353460026 -0.4339505375558427 0.5181600000000001 0.0 0.0
1040 10773969 3.3740918687853036 -0.39777159759667485 0.508 0.0 0.0
1041 10773969 3.3605923841105807 -0.3615926576375071 0.49784 0.0 0.0
1042 10773969 3.347092899435858 -0.32541371767833926 0.48768 0.0 0.0
1043 10773969 3.332344774546523 -0.28789258942078144 0.48768 0.0 0.0
1044 10773969 3.314757762249261 -0.24220236520101088 0.48768 0.0 0.0
1045 10773969 3.292168417722852 -0.20340676281078798 0.47244 0.0 0.0
1046 10773969 3.269579073196443 -0.1646111604205651 0.45720000000000005 0.0 0.0
1047 10773969 3.247405117590778 -0.13243404516838192 0.45720000000000005 0.0 0.0
1048 10773969 3.2252311619851133 -0.10025692991619875 0.45720000000000005 0.0 0.0
1049 10773969 3.1938239994358133 -0.06454030580741368 0.45720000000000005 0.0 0.0
1050 10773969 3.1676076689546986 -0.044885937624016964 0.45720000000000005 0.0 0.0
1051 10773969 3.141391338473584 -0.025231569440620244 0.45720000000000005 0.0 0.0
1052 10773969 3.1038103244343516 1.5604530868296163e-06 0.45720000000000005 0.0 0.0
1053 10773969 3.084954504122326 0.008609428719951212 0.45720000000000005 0.0 0.0
1054 10773969 3.0660986838103 0.017217296986815595 0.45720000000000005 0.0 0.0
1055 10773969 2.9927631211079033 0.033562371681470554 0.42672000000000004 0.0 0.0
1056 10773969 2.958994466675817 0.029399235797816864 0.42672000000000004 0.0 0.0
1057 10773969 2.9193022524672907 0.03225152018390112 0.42672000000000004 0.0 0.0
1058 10773969 2.8796100382587646 0.03510380456998538 0.42672000000000004 0.0 0.0
1059 10773969 2.8455088970576687 0.03128331531244463 0.42672000000000004 0.0 0.0
1060 10773969 2.8018632838124704 0.03793825375044155 0.42672000000000004 0.0 0.0
1061 10773969 2.784381353351688 0.03389105574215204 0.42672000000000004 0.0 0.0
1062 10773969 2.766899422890906 0.029843857733862528 0.42672000000000004 0.0 0.0
1063 10773969 2.732449800825009 0.028357211438221425 0.41148000000000007 0.0 0.0
1064 10773969 2.6980001787591115 0.02687056514258032 0.39624000000000004 0.0 0.0
1065 10773969 2.663576159589463 0.02070306624488963 0.39624000000000004 0.0 0.0
1066 10773969 2.6288562843117935 0.018253726571263507 0.39624000000000004 0.0 0.0
1067 10773969 2.5941364090341237 0.015804386897637385 0.39624000000000004 0.0 0.0
1068 10773969 2.556515257356599 0.012900759409264467 0.39624000000000004 0.0 0.0
1069 10773969 2.518894105679074 0.00999713192089155 0.39624000000000004 0.0 0.0
1070 10773969 2.449912654317909 0.005417325436637782 0.39624000000000004 0.0 0.0
1071 10773969 2.4171893638711124 0.0058214992576081925 0.39624000000000004 0.0 0.0
1072 10773969 2.38060136804794 0.005268196514873119 0.39624000000000004 0.0 0.0
1073 10773969 2.3440133722247674 0.004714893772138046 0.39624000000000004 0.0 0.0
1074 10773969 2.3042375704043305 0.003917816431197568 0.381 0.0 0.0
1075 10773969 2.264461768583894 0.003120739090257091 0.36576 0.0 0.0
1076 10773969 2.2318953435699314 -0.001431904785284821 0.36576 0.0 0.0
1077 10773969 2.1993289185559686 -0.005984548660826733 0.36576 0.0 0.0
1078 10773969 2.157670528648281 -0.009554055067332284 0.36576 0.0 0.0
1079 10773969 2.1224355106692636 -0.009496597444108995 0.36576 0.0 0.0
1080 10773969 2.087200492690246 -0.009439139820885706 0.36576 0.0 0.0
1081 10773969 2.051414421202936 -0.01025287991456919 0.36576 0.0 0.0
1082 10773969 2.0140234171842315 -0.010542348618837377 0.36576 0.0 0.0
1083 10773969 1.9936722678784664 -0.008958603338151211 0.36576 0.0 0.0
1084 10773969 1.973321118572701 -0.007374858057465045 0.36576 0.0 0.0
1085 10773969 1.952969969266936 -0.005791112776778878 0.36576 0.0 0.0
1086 10773969 1.8771849286100952 -0.013517928348551173 0.36576 0.0 0.0
1087 10773969 1.8449887106700942 -0.012582565123650441 0.33528 0.0 0.0
1088 10773969 1.8095803118103295 -0.013869014156901921 0.33528 0.0 0.0
1089 10773969 1.7739198037938815 -0.014839243474472866 0.33528 0.0 0.0
1090 10773969 1.7382592957774334 -0.01580947279204381 0.33528 0.0 0.0
1091 10773969 1.7194030671876592 -0.015900966558179686 0.33528 0.0 0.0
1092 10773969 1.700546838597885 -0.01599246032431556 0.33528 0.0 0.0
1093 10773969 1.627158436285237 -0.006859457670266703 0.33528 0.0 0.0
1094 10773969 1.5921349320767693 -0.0066934434616042204 0.33528 0.0 0.0
1095 10773969 1.5571114278683014 -0.006527429252941738 0.33528 0.0 0.0
1096 10773969 1.522372441190131 -0.009024150655740228 0.33528 0.0 0.0
1097 10773969 1.4876334545119603 -0.011520872058538717 0.33528 0.0 0.0
1098 10773969 1.45296053485708 -0.010008533676082898 0.3048 0.0 0.0
1099 10773969 1.4218575882832087 -0.008260138833438365 0.3048 0.0 0.0
1100 10773969 1.3907546417093377 -0.006511743990793831 0.3048 0.0 0.0
1101 10773969 1.3596516951354665 -0.0047633491481492984 0.3048 0.0 0.0
1102 10773969 1.3316880190597482 -0.0041334233709794275 0.3048 0.0 0.0
1103 10773969 1.30372434298403 -0.003503497593809557 0.3048 0.0 0.0
1104 10773969 1.2757606669083115 -0.0028735718166396865 0.3048 0.0 0.0
1105 10773969 1.2477969908325932 -0.0022436460394698156 0.3048 0.0 0.0
1106 10773969 1.219833314756875 -0.0016137202622999447 0.3048 0.0 0.0
1107 10773969 1.196495345122199 -0.002780726996278581 0.3048 0.0 0.0
1108 10773969 1.1731573754875226 -0.003947733730257218 0.3048 0.0 0.0
1109 10773969 1.1498194058528464 -0.005114740464235854 0.3048 0.0 0.0
1110 10773969 1.1264814362181703 -0.006281747198214491 0.3048 0.0 0.0
1111 10773969 1.126488925395654 -0.006280557097872135 0.3048 0.0 0.0
1112 10773969 1.1264964145731375 -0.006279366997529778 0.3048 0.0 0.0
1113 10773969 1.1265039037506213 -0.006278176897187422 0.3048 0.0 0.0
1114 10773969 1.1265113929281048 -0.0062769867968450665 0.3048 0.0 0.0
1115 10773969 1.1265188821055885 -0.00627579669650271 0.3048 0.0 0.0
1116 10773969 1.126526371283072 -0.006274606596160354 0.3048 0.0 0.0
1117 10773969 1.1265338604605557 -0.006273416495817998 0.3048 0.0 0.0
1118 10773969 1.1265413496380394 -0.0062722263954756415 0.3048 0.0 0.0
1119 10773969 1.126548838815523 -0.006271036295133286 0.3048 0.0 0.0
1120 10773969 1.1265563279930066 -0.00626984619479093 0.3048 0.0 0.0
1121 10773969 1.1265638171704901 -0.006268656094448573 0.3048 0.0 0.0
1122 10773969 1.1265713063479739 -0.006267465994106217 0.3048 0.0 0.0
1123 10773969 1.1265787955254576 -0.0062662758937638615 0.3048 0.0 0.0
1124 10773969 1.126586284702941 -0.006265085793421505 0.3048 0.0 0.0
1125 10773969 1.1265937738804248 -0.006263895693079149 0.3048 0.0 0.0
1126 10773969 1.1266012630579083 -0.006262705592736792 0.3048 0.0 0.0
1127 10773969 1.126608752235392 -0.0062615154923944365 0.3048 0.0 0.0
1128 10773969 1.1266162414128755 -0.006260325392052081 0.3048 0.0 0.0
1129 10773969 1.1266237305903593 -0.006259135291709724 0.3048 0.0 0.0
1130 10773969 1.126631219767843 -0.006257945191367368 0.3048 0.0 0.0
1131 10773969 1.1266387089453265 -0.006256755091025012 0.3048 0.0 0.0
1132 10773969 1.1266461981228102 -0.006255564990682656 0.3048 0.0 0.0
1133 10773969 1.1266536873002937 -0.0062543748903403 0.3048 0.0 0.0
1134 10773969 1.1266611764777774 -0.006253184789997944 0.3048 0.0 0.0
1135 10773969 1.1266686656552611 -0.006251994689655587 0.3048 0.0 0.0
1136 10773969 1.1266761548327446 -0.0062508045893132315 0.3048 0.0 0.0
1137 10773969 1.1266836440102284 -0.006249614488970876 0.3048 0.0 0.0
1138 10773969 1.1266911331877119 -0.006248424388628519 0.3048 0.0 0.0
1139 10773969 1.1266986223651956 -0.006247234288286163 0.3048 0.0 0.0
1140 10773969 1.126706111542679 -0.006246044187943807 0.3048 0.0 0.0
1141 10773969 1.1267136007201628 -0.006244854087601451 0.3048 0.0 0.0
1142 10773969 1.1267210898976465 -0.006243663987259095 0.3048 0.0 0.0
1143 10773969 1.12672857907513 -0.006242473886916739 0.3048 0.0 0.0
1144 10773969 1.1267360682526137 -0.006241283786574382 0.3048 0.0 0.0
1145 10773969 1.1267435574300972 -0.0062400936862320264 0.3048 0.0 0.0
1146 10773969 1.126751046607581 -0.006238903585889671 0.3048 0.0 0.0
1147 10773969 1.1267585357850647 -0.006237713485547314 0.3048 0.0 0.0
1148 10773969 1.1267660249625482 -0.006236523385204958 0.3048 0.0 0.0
1149 10773969 1.126773514140032 -0.006235333284862602 0.3048 0.0 0.0
1150 10773969 1.1267810033175154 -0.006234143184520246 0.3048 0.0 0.0
1151 10773969 1.1267884924949991 -0.00623295308417789 0.3048 0.0 0.0
1152 10773969 1.1267959816724826 -0.006231762983835533 0.3048 0.0 0.0
1153 10773969 1.1268034708499663 -0.006230572883493177 0.3048 0.0 0.0
1154 10773969 1.12681096002745 -0.006229382783150821 0.3048 0.0 0.0
1155 10773969 1.1268184492049336 -0.006228192682808465 0.3048 0.0 0.0
1156 10773969 1.1268259383824173 -0.006227002582466109 0.3048 0.0 0.0
1157 10773969 1.1268334275599008 -0.006225812482123753 0.3048 0.0 0.0
1158 10773969 1.1268409167373845 -0.006224622381781396 0.3048 0.0 0.0
1159 10773969 1.1268484059148682 -0.006223432281439041 0.3048 0.0 0.0
1160 10773969 1.1268558950923517 -0.006222242181096685 0.3048 0.0 0.0
1161 10773969 1.1268633842698355 -0.006221052080754328 0.3048 0.0 0.0
1162 10773969 1.126870873447319 -0.006219861980411972 0.3048 0.0 0.0
1163 10773969 1.1268783626248027 -0.006218671880069616 0.3048 0.0 0.0
1164 10773969 1.1268858518022862 -0.00621748177972726 0.3048 0.0 0.0
1165 10773969 1.12689334097977 -0.006216291679384904 0.3048 0.0 0.0
1166 10773969 1.1269008301572536 -0.006215101579042548 0.3048 0.0 0.0
1167 10773969 1.1269083193347371 -0.006213911478700191 0.3048 0.0 0.0
1168 10773969 1.1269158085122208 -0.0062127213783578356 0.3048 0.0 0.0
1169 10773969 1.1269232976897043 -0.00621153127801548 0.3048 0.0 0.0
1170 10773969 1.126930786867188 -0.006210341177673123 0.3048 0.0 0.0
