29693 11282554 0.9878583313816566 0.0016219304949080249 0.3048 -0.21226888466662047 1.0067452383807878
29694 11282554 0.952725973577993 0.0028193462842660832 0.3048 -0.21226888466662047 1.0067452383807878
29695 11282554 0.91773611636389 0.00309424829705629 0.28956000000000004 -0.21226888466662047 1.0067452383807878
29696 11282554 0.8827462591497869 0.003369150309846497 0.27432 -0.21226888466662047 1.0067452383807878
29697 11282554 0.8459610542311189 0.002770632683478824 0.27432 -0.21226888466662047 1.0067452383807878
29698 11282554 0.8091758493124508 0.0021721150571111514 0.27432 -0.21226888466662047 1.0067452383807878
29699 11282554 0.7712671478106818 0.001940945326466409 0.3048 -0.21226888466662047 1.0067452383807878
29700 11282554 0.7319027127783431 0.002419366911300014 0.3048 -0.21226888466662047 1.0067452383807878
29701 11282554 0.6925382777460044 0.0028977884961336187 0.3048 -0.21226888466662047 1.0067452383807878
29702 11282554 0.6550418884185896 0.0022988066153227515 0.3048 -0.42453776933324094 2.0134904767615756
29703 11282554 0.6160049669806633 0.0037806643980334495 0.3048 -0.42453776933324094 2.0134904767615756
29704 11282554 0.5769680455427371 0.0052625221807441475 0.3048 -0.42453776933324094 2.0134904767615756
29705 11282554 0.5355718860266707 0.003601870515063915 0.3048 -0.42453776933324094 2.0134904767615756
29706 11282554 0.49817874673239226 0.003320387470975794 0.3048 -0.42453776933324094 2.0134904767615756
29707 11282554 0.4567824395694476 0.0016601944840461264 0.3048 -0.42453776933324094 2.0134904767615756
29708 11282554 0.42642319419068964 0.00048250672828771546 0.3048 -0.42453776933324094 2.0134904767615756
29709 11282554 0.39606394881193163 -0.0006951810274706954 0.3048 -0.42453776933324094 2.0134904767615756
29710 11282554 0.33651668261447654 -0.0010963153708715423 0.3048 -0.42453776933324094 2.0134904767615756
29711 11282554 0.3054159518384655 -0.0010089615718654951 0.3048 -0.42453776933324094 2.0134904767615756
29712 11282554 0.2743152210624544 -0.000921607772859448 0.3048 -0.42453776933324094 2.0134904767615756
29713 11282554 0.21485541147442666 0.0005772950678089583 0.3048 -0.42453776933324094 2.0134904767615756
29714 11282554 0.17208543752801014 0.0020547405802522345 0.32004 -0.42453776933324094 2.0134904767615756
29715 11282554 0.12931546358159363 0.0035321860926955106 0.33528 -0.42453776933324094 2.0134904767615756
29716 11282554 0.08906746158227774 0.004302551307570984 0.33528 -0.42453776933324094 2.0134904767615756
29717 11282554 0.04806715133533651 0.003858738354145519 0.33528 -0.42453776933324094 2.0134904767615756
29718 11282554 0.0070668410883952815 0.0034149254007200536 0.33528 -0.42453776933324094 2.0134904767615756
29719 11282554 -0.03835143368059868 0.005759017591571519 0.33528 -0.42453776933324094 2.0134904767615756
29720 11282554 -0.08092673197288969 0.0072909588415067395 0.33528 -0.42453776933324094 2.0134904767615756
29721 11282554 -0.12112927603012424 0.00793073441554551 0.33528 -0.42453776933324094 2.0134904767615756
29722 11282554 -0.16293677557009517 0.009095448617225749 0.35052 -0.42453776933324094 2.0134904767615756
29723 11282554 -0.2047442751100661 0.010260162818905988 0.36576 -0.42453776933324094 2.0134904767615756
29724 11282554 -0.24709994112685685 0.013824214511459293 0.33528 -0.42453776933324094 2.0134904767615756
29725 11282554 -0.2889509085437496 0.017574025049995196 0.36576 -0.42453776933324094 2.0134904767615756
29726 11282554 -0.32842910437282513 0.020431591884096184 0.36576 -0.42453776933324094 2.0134904767615756
29727 11282554 -0.3714404673867817 0.021990882575626064 0.36576 -0.42453776933324094 2.0134904767615756
29728 11282554 -0.4136582470252914 0.025978142470659965 0.36576 -0.42453776933324094 2.0134904767615756
29729 11282554 -0.45566230430236077 0.025865150478456445 0.36576 -0.42453776933324094 2.0134904767615756
29730 11282554 -0.4976663615794301 0.025752158486252924 0.36576 -0.42453776933324094 2.0134904767615756
29731 11282554 -0.5412537976107176 0.024872106646802866 0.36576 -0.42453776933324094 2.0134904767615756
29732 11282554 -0.584841233642005 0.02399205480735281 0.36576 -0.42453776933324094 2.0134904767615756
29733 11282554 -0.6256098723097174 0.03241375305884944 0.36576 -0.42453776933324094 2.0134904767615756
29734 11282554 -0.6679932671954665 0.03544427936394951 0.37592 -0.42453776933324094 2.0134904767615756
29735 11282554 -0.7103766620812155 0.03847480566904959 0.38608000000000003 -0.42453776933324094 2.0134904767615756
29736 11282554 -0.7527600569669646 0.041505331974149656 0.39624000000000004 -0.42453776933324094 2.0134904767615756
29737 11282554 -0.7964471315931883 0.044398023819712196 0.39624000000000004 -0.42453776933324094 2.0134904767615756
29738 11282554 -0.8401342062194119 0.047290715665274735 0.39624000000000004 -0.42453776933324094 2.0134904767615756
29739 11282554 -0.8822833618011796 0.05149187322287571 0.39624000000000004 -0.42453776933324094 2.0134904767615756
29740 11282554 -0.925165932259829 0.061599739221813915 0.39624000000000004 -0.42453776933324094 2.0134904767615756
29741 11282554 -0.9680485027184784 0.07170760522075212 0.39624000000000004 -0.42453776933324094 2.0134904767615756
29742 11282554 -1.0046392470414858 0.08367248401699387 0.39624000000000004 -0.42453776933324094 2.0134904767615756
29743 11282554 -1.045629433473983 0.09929607915804159 0.42672000000000004 -0.42453776933324094 2.0134904767615756
29744 11282554 -1.0861604839282297 0.11523715088812544 0.42672000000000004 -0.42453776933324094 2.0134904767615756
29745 11282554 -1.126436831707966 0.13331509250527993 0.42672000000000004 -0.42453776933324094 2.0134904767615756
29746 11282554 -1.1627180171125688 0.15546129421580965 0.42672000000000004 -0.42453776933324094 2.0134904767615756
29747 11282554 -1.1991025787603073 0.1772910353172725 0.42672000000000004 -0.42453776933324094 2.0134904767615756
29748 11282554 -1.2315264209141408 0.20308340415281376 0.42672000000000004 -0.42453776933324094 2.0134904767615756
29749 11282554 -1.2637167912051452 0.23230486448829257 0.42672000000000004 -0.42453776933324094 2.0134904767615756
29750 11282554 -1.2959071614961497 0.26152632482377136 0.42672000000000004 -0.42453776933324094 2.0134904767615756
29751 11282554 -1.3276399519798023 0.2894300926512078 0.42672000000000004 -0.42453776933324094 2.0134904767615756
29752 11282554 -1.3595359087540528 0.3249819050299706 0.42672000000000004 -0.42453776933324094 2.0134904767615756
29753 11282554 -1.3869866153032635 0.35674332525373975 0.42672000000000004 -0.42453776933324094 2.0134904767615756
29754 11282554 -1.3995959676063545 0.3757642697490248 0.44196 -0.42453776933324094 2.0134904767615756
29755 11282554 -1.4122053199094455 0.3947852142443099 0.45720000000000005 -0.42453776933324094 2.0134904767615756
29756 11282554 -1.4642260458890755 0.4692843138545215 0.45720000000000005 -0.42453776933324094 2.0134904767615756
29757 11282554 -1.4893514358611843 0.507880430834044 0.45720000000000005 -0.42453776933324094 2.0134904767615756
29758 11282554 -1.513939451653439 0.5447237223367871 0.45720000000000005 -0.42453776933324094 2.0134904767615756
29759 11282554 -1.5385274674456937 0.5815670138395301 0.45720000000000005 -0.42453776933324094 2.0134904767615756
29760 11282554 -1.5637321578252121 0.6201896119123564 0.45720000000000005 -0.42453776933324094 2.0134904767615756
29761 11282554 -1.5867303660771688 0.6576817869361982 0.45720000000000005 -0.42453776933324094 2.0134904767615756
29762 11282554 -1.6097285743291254 0.6951739619600398 0.45720000000000005 -0.42453776933324094 2.0134904767615756
29763 11282554 -1.6326288454324038 0.732692761777303 0.45720000000000005 -0.42453776933324094 2.0134904767615756
29764 11282554 -1.654677831921666 0.7722700534622902 0.45720000000000005 -0.42453776933324094 2.0134904767615756
29765 11282554 -1.6753878326259628 0.8094232038711644 0.45720000000000005 -0.42453776933324094 2.0134904767615756
29766 11282554 -1.6962610021801647 0.8487914946078955 0.47244 -0.42453776933324094 2.0134904767615756
29767 11282554 -1.7171341717343667 0.8881597853446266 0.48768 -0.42453776933324094 2.0134904767615756
29768 11282554 -1.7402848525304024 0.925994962603439 0.48768 -0.42453776933324094 2.0134904767615756
29769 11282554 -1.755247969654341 0.9545795417900523 0.48768 -0.42453776933324094 2.0134904767615756
29770 11282554 -1.7702110867782794 0.9831641209766656 0.48768 -0.42453776933324094 2.0134904767615756
29771 11282554 -1.7953101039524908 1.030312649210891 0.48768 -0.42453776933324094 2.0134904767615756
29772 11282554 -1.8204091211267024 1.0774611774451164 0.48768 -0.42453776933324094 2.0134904767615756
29773 11282554 -1.840460822128011 1.1166200811639841 0.48768 -0.42453776933324094 2.0134904767615756
29774 11282554 -1.8613489206076852 1.1559359982675492 0.48768 -0.42453776933324094 2.0134904767615756
29775 11282554 -1.8822370190873594 1.1952519153711143 0.48768 -0.42453776933324094 2.0134904767615756
29776 11282554 -1.9021497162004073 1.234833137319984 0.5181600000000001 -0.42453776933324094 2.0134904767615756
29777 11282554 -1.9203832902366849 1.2781882902873307 0.5181600000000001 -0.42453776933324094 2.0134904767615756
29778 11282554 -1.9401014370646685 1.3170050820938501 0.5181600000000001 -0.42453776933324094 2.0134904767615756
29779 11282554 -1.9607340981417265 1.3576402597655268 0.5181600000000001 -0.42453776933324094 2.0134904767615756
29780 11282554 -1.9813667592187845 1.3982754374372037 0.5181600000000001 -0.42453776933324094 2.0134904767615756
29781 11282554 -2.000266377237951 1.4398627480772168 0.5181600000000001 -0.42453776933324094 2.0134904767615756
29782 11282554 -2.018037317561916 1.4805551571815252 0.5181600000000001 -0.42453776933324094 2.0134904767615756
29783 11282554 -2.035808257885881 1.5212475662858336 0.5181600000000001 -0.42453776933324094 2.0134904767615756
29784 11282554 -2.055027876070942 1.5629399858116766 0.5181600000000001 -0.42453776933324094 2.0134904767615756
29785 11282554 -2.076287354701461 1.6051831805392525 0.5181600000000001 -0.42453776933324094 2.0134904767615756
29786 11282554 -2.09211135301908 1.6477511135281382 0.5181600000000001 -0.42453776933324094 2.0134904767615756
29787 11282554 -2.113805842063721 1.6900201072982697 0.5181600000000001 -0.42453776933324094 2.0134904767615756
29788 11282554 -2.1308151698516986 1.7330346559553145 0.5181600000000001 -0.42453776933324094 2.0134904767615756
29789 11282554 -2.147824497639676 1.7760492046123593 0.5181600000000001 -0.42453776933324094 2.0134904767615756
29790 11282554 -2.1660305882335003 1.8197476829922752 0.54864 -0.42453776933324094 2.0134904767615756
29791 11282554 -2.184179523083209 1.8630770612204346 0.54864 -0.42453776933324094 2.0134904767615756
29792 11282554 -2.202090666206962 1.9080815005968463 0.54864 -0.42453776933324094 2.0134904767615756
29793 11282554 -2.2200018093307152 1.9530859399732579 0.54864 -0.42453776933324094 2.0134904767615756
29794 11282554 -2.239024395313698 1.9940142010946953 0.54864 -0.42453776933324094 2.0134904767615756
29795 11282554 -2.2575497437468712 2.0378178500067063 0.54864 -0.42453776933324094 2.0134904767615756
29796 11282554 -2.2783699717651764 2.0800357712388617 0.54864 -0.42453776933324094 2.0134904767615756
29797 11282554 -2.2977927234119493 2.1210954173910226 0.54864 -0.42453776933324094 2.0134904767615756
29798 11282554 -2.315933107969443 2.164715151301176 0.54864 -0.42453776933324094 2.0134904767615756
29799 11282554 -2.3340734925269366 2.2083348852113294 0.54864 -0.42453776933324094 2.0134904767615756
29800 11282554 -2.3527008371745497 2.2518220850451796 0.57912 -0.42453776933324094 2.0134904767615756
29801 11282554 -2.371548534995595 2.293278311102038 0.57912 -0.42453776933324094 2.0134904767615756
29802 11282554 -2.3841607342748543 2.3293637440734036 0.57912 -0.42453776933324094 2.0134904767615756
29803 11282554 -2.3967729335541135 2.36544917704477 0.57912 -0.42453776933324094 2.0134904767615756
29804 11282554 -2.419223591818339 2.4365956130020963 0.57912 -0.42453776933324094 2.0134904767615756
29805 11282554 -2.4369856670918075 2.482721462555555 0.57912 -0.42453776933324094 2.0134904767615756
29806 11282554 -2.4558662911756386 2.524072294917391 0.57912 -0.42453776933324094 2.0134904767615756
29807 11282554 -2.473261163817793 2.569961384694333 0.57912 -0.42453776933324094 2.0134904767615756
29808 11282554 -2.490504031756955 2.6176704171636924 0.57912 -0.42453776933324094 2.0134904767615756
29809 11282554 -2.50778344944687 2.6636388396262283 0.57912 -0.42453776933324094 2.0134904767615756
29810 11282554 -2.523553608172099 2.706484350626365 0.59436 -0.42453776933324094 2.0134904767615756
29811 11282554 -2.5393237668973283 2.7493298616265016 0.6096 -0.42453776933324094 2.0134904767615756
29812 11282554 -2.5582370514799555 2.7905753386107506 0.6096 -0.42453776933324094 2.0134904767615756
29813 11282554 -2.5720474454441256 2.8324875088571146 0.6096 -0.42453776933324094 2.0134904767615756
29814 11282554 -2.5888991572366145 2.8718899570118728 0.6096 -0.42453776933324094 2.0134904767615756
29815 11282554 -2.6057508690291034 2.911292405166631 0.6096 -0.42453776933324094 2.0134904767615756
29816 11282554 -2.6217519913783445 2.9519356127466905 0.6400800000000001 -0.42453776933324094 2.0134904767615756
29817 11282554 -2.6369550042908805 2.9970501006538743 0.6400800000000001 -0.42453776933324094 2.0134904767615756
29818 11282554 -2.6521580172034165 3.0421645885610578 0.6400800000000001 -0.42453776933324094 2.0134904767615756
29819 11282554 -2.6647710562892293 3.0863729473110846 0.6400800000000001 -0.42453776933324094 2.0134904767615756
29820 11282554 -2.6813213891893914 3.126962699960958 0.6400800000000001 -0.42453776933324094 2.0134904767615756
29821 11282554 -2.697020009163281 3.1696107258935804 0.6400800000000001 -0.42453776933324094 2.0134904767615756
29822 11282554 -2.71389060778235 3.2103055599950587 0.6400800000000001 -0.42453776933324094 2.0134904767615756
29823 11282554 -2.7300625134166747 3.250421220387515 0.6400800000000001 -0.42453776933324094 2.0134904767615756
29824 11282554 -2.7463172682238763 3.292316924969618 0.6400800000000001 -0.42453776933324094 2.0134904767615756
29825 11282554 -2.762572023031078 3.33421262955172 0.6400800000000001 -0.42453776933324094 2.0134904767615756
29826 11282554 -2.780790117316206 3.377569259931779 0.6400800000000001 -0.42453776933324094 2.0134904767615756
29827 11282554 -2.794275809390566 3.419376616764387 0.6400800000000001 -0.42453776933324094 2.0134904767615756
29828 11282554 -2.8084174805617534 3.46677396926222 0.67056 -0.42453776933324094 2.0134904767615756
29829 11282554 -2.807600176205555 3.466863874642768 0.670590741301059 -0.42453776933324094 2.0134904767615756
29830 11282554 -2.8067828718493564 3.466953780023316 0.6706214826021181 -0.42453776933324094 2.0134904767615756
29831 11282554 -2.8059655674931583 3.4670436854038638 0.670652223903177 -0.42453776933324094 2.0134904767615756
29832 11282554 -2.8051482631369598 3.4671335907844116 0.6706829652042361 -0.42453776933324094 2.0134904767615756
29833 11282554 -2.804330958780761 3.467223496164959 0.670713706505295 -0.42453776933324094 2.0134904767615756
29834 11282554 -2.8035136544245627 3.467313401545507 0.670744447806354 -0.42453776933324094 2.0134904767615756
29835 11282554 -2.802696350068364 3.467403306926055 0.6707751891074131 -0.42453776933324094 2.0134904767615756
29836 11282554 -2.8018790457121656 3.4674932123066027 0.670805930408472 -0.42453776933324094 2.0134904767615756
29837 11282554 -2.8010617413559675 3.4675831176871506 0.6708366717095311 -0.42453776933324094 2.0134904767615756
29838 11282554 -2.800244436999769 3.4676730230676984 0.67086741301059 -0.42453776933324094 2.0134904767615756
29839 11282554 -2.7994271326435705 3.4677629284482463 0.670898154311649 -0.42453776933324094 2.0134904767615756
29840 11282554 -2.798609828287372 3.467852833828794 0.6709288956127081 -0.42453776933324094 2.0134904767615756
29841 11282554 -2.7977925239311734 3.467942739209342 0.670959636913767 -0.42453776933324094 2.0134904767615756
29842 11282554 -2.796975219574975 3.46803264458989 0.6709903782148261 -0.42453776933324094 2.0134904767615756
29843 11282554 -2.7961579152187768 3.4681225499704373 0.6710211195158851 -0.42453776933324094 2.0134904767615756
29844 11282554 -2.7953406108625782 3.468212455350985 0.6710518608169441 -0.42453776933324094 2.0134904767615756
29845 11282554 -2.7945233065063797 3.468302360731533 0.6710826021180031 -0.42453776933324094 2.0134904767615756
29846 11282554 -2.793706002150181 3.468392266112081 0.671113343419062 -0.42453776933324094 2.0134904767615756
29847 11282554 -2.7928886977939826 3.468482171492629 0.6711440847201211 -0.42453776933324094 2.0134904767615756
29848 11282554 -2.792071393437784 3.4685720768731767 0.6711748260211801 -0.42453776933324094 2.0134904767615756
29849 11282554 -2.791254089081586 3.4686619822537246 0.6712055673222391 -0.42453776933324094 2.0134904767615756
29850 11282554 -2.7904367847253875 3.4687518876342724 0.6712363086232981 -0.42453776933324094 2.0134904767615756
29851 11282554 -2.789619480369189 3.4688417930148203 0.671267049924357 -0.42453776933324094 2.0134904767615756
29852 11282554 -2.7888021760129904 3.468931698395368 0.6712977912254161 -0.42453776933324094 2.0134904767615756
29853 11282554 -2.787984871656792 3.4690216037759156 0.6713285325264751 -0.42453776933324094 2.0134904767615756
29854 11282554 -2.7871675673005933 3.4691115091564635 0.6713592738275341 -0.42453776933324094 2.0134904767615756
29855 11282554 -2.7863502629443953 3.4692014145370114 0.6713900151285931 -0.42453776933324094 2.0134904767615756
29856 11282554 -2.7855329585881967 3.4692913199175592 0.671420756429652 -0.42453776933324094 2.0134904767615756
29857 11282554 -2.784715654231998 3.469381225298107 0.6714514977307111 -0.42453776933324094 2.0134904767615756
29858 11282554 -2.7838983498757996 3.469471130678655 0.6714822390317701 -0.42453776933324094 2.0134904767615756
29859 11282554 -2.783081045519601 3.469561036059203 0.6715129803328291 -0.42453776933324094 2.0134904767615756
29860 11282554 -2.782263741163403 3.4696509414397507 0.6715437216338881 -0.42453776933324094 2.0134904767615756
29861 11282554 -2.7814464368072045 3.4697408468202986 0.671574462934947 -0.42453776933324094 2.0134904767615756
29862 11282554 -2.780629132451006 3.4698307522008465 0.6716052042360061 -0.42453776933324094 2.0134904767615756
29863 11282554 -2.7798118280948074 3.469920657581394 0.6716359455370651 -0.42453776933324094 2.0134904767615756
29864 11282554 -2.778994523738609 3.4700105629619418 0.6716666868381241 -0.42453776933324094 2.0134904767615756
29865 11282554 -2.7781772193824104 3.4701004683424896 0.6716974281391831 -0.42453776933324094 2.0134904767615756
29866 11282554 -2.7773599150262123 3.4701903737230375 0.671728169440242 -0.42453776933324094 2.0134904767615756
29867 11282554 -2.7765426106700137 3.4702802791035854 0.6717589107413011 -0.42453776933324094 2.0134904767615756
29868 11282554 -2.775725306313815 3.4703701844841333 0.6717896520423601 -0.42453776933324094 2.0134904767615756
29869 11282554 -2.7749080019576167 3.470460089864681 0.6718203933434191 -0.42453776933324094 2.0134904767615756
29870 11282554 -2.774090697601418 3.470549995245229 0.6718511346444781 -0.42453776933324094 2.0134904767615756
29871 11282554 -2.7732733932452196 3.470639900625777 0.6718818759455372 -0.42453776933324094 2.0134904767615756
29872 11282554 -2.7724560888890215 3.4707298060063243 0.6719126172465961 -0.42453776933324094 2.0134904767615756
29873 11282554 -2.771638784532823 3.470819711386872 0.6719433585476551 -0.42453776933324094 2.0134904767615756
29874 11282554 -2.7708214801766244 3.47090961676742 0.6719740998487141 -0.42453776933324094 2.0134904767615756
29875 11282554 -2.770004175820426 3.470999522147968 0.6720048411497731 -0.42453776933324094 2.0134904767615756
29876 11282554 -2.7691868714642274 3.471089427528516 0.6720355824508322 -0.42453776933324094 2.0134904767615756
29877 11282554 -2.768369567108029 3.4711793329090637 0.6720663237518911 -0.42453776933324094 2.0134904767615756
29878 11282554 -2.7675522627518307 3.4712692382896115 0.6720970650529501 -0.42453776933324094 2.0134904767615756
29879 11282554 -2.766734958395632 3.4713591436701594 0.6721278063540091 -0.42453776933324094 2.0134904767615756
29880 11282554 -2.7659176540394337 3.4714490490507073 0.6721585476550681 -0.42453776933324094 2.0134904767615756
29881 11282554 -2.765100349683235 3.471538954431255 0.6721892889561272 -0.42453776933324094 2.0134904767615756
29882 11282554 -2.7642830453270366 3.4716288598118026 0.6722200302571861 -0.42453776933324094 2.0134904767615756
29883 11282554 -2.7634657409708385 3.4717187651923505 0.6722507715582451 -0.42453776933324094 2.0134904767615756
29884 11282554 -2.76264843661464 3.4718086705728983 0.6722815128593042 -0.42453776933324094 2.0134904767615756
29885 11282554 -2.7618311322584415 3.471898575953446 0.6723122541603631 -0.42453776933324094 2.0134904767615756
29886 11282554 -2.761013827902243 3.471988481333994 0.6723429954614222 -0.42453776933324094 2.0134904767615756
29887 11282554 -2.7601965235460444 3.472078386714542 0.6723737367624811 -0.42453776933324094 2.0134904767615756
29888 11282554 -2.759379219189846 3.47216829209509 0.6724044780635401 -0.42453776933324094 2.0134904767615756
