2593 10964732 5.746657896484418 0.016725663910446137 0.5181600000000001 0.0 0.0
2594 10964732 5.678821442979874 0.011510938318711611 0.5181600000000001 0.0 0.0
2595 10964732 5.626468144792092 0.00872408829561186 0.5143500000000001 0.0 0.0
2596 10964732 5.574114846604311 0.0059372382725121076 0.51054 0.0 0.0
2597 10964732 5.502391890473484 0.002692033762529439 0.50292 0.0 0.0
2598 10964732 5.393443626662615 0.0007230497541464709 0.4953 0.0 0.0
2599 10964732 5.359818104912538 0.0010585758970035053 0.4953 0.0 0.0
2600 10964732 5.278096514503385 -0.004530814910132547 0.4953 0.0 0.0
2601 10964732 5.185209290610622 -0.0062445435894555035 0.48768 0.0 0.0
2602 10964732 5.10673259862592 -0.008685380465987796 0.48006 0.0 0.0
2603 10964732 5.0728304792476955 -0.011236905646142131 0.48006 0.0 0.0
2604 10964732 5.038928359869471 -0.013788430826296466 0.48006 0.0 0.0
2605 10964732 4.956278741380479 -0.014049212018588358 0.47243999999999997 0.0 0.0
2606 10964732 4.9273295235443335 -0.015704204384511394 0.47243999999999997 0.0 0.0
2607 10964732 4.8240196053917055 -0.016700900135257518 0.46482000000000007 0.0 0.0
2608 10964732 4.7596772341868006 -0.020711382543345286 0.46482000000000007 0.0 0.0
2609 10964732 4.6438582452942185 -0.021947492597209878 0.45720000000000005 0.0 0.0
2610 10964732 4.604532057695131 -0.025472844736092265 0.45720000000000005 0.0 0.0
2611 10964732 4.506827469108443 -0.025607200712305517 0.44958000000000004 0.0 0.0
2612 10964732 4.441946874602742 -0.0258184718294924 0.44958000000000004 0.0 0.0
2613 10964732 4.353678175251509 -0.02423985374414475 0.44958000000000004 0.0 0.0
2614 10964732 4.326391618251563 -0.023514776873681337 0.44958000000000004 0.0 0.0
2615 10964732 4.299105061251616 -0.022789700003217922 0.44958000000000004 0.0 0.0
2616 10964732 4.236872393316975 -0.023045434906687673 0.44196 0.0 0.0
2617 10964732 4.125865650817054 -0.025843846924448438 0.44196 0.0 0.0
2618 10964732 4.036611093348799 -0.021837360117493848 0.43434000000000006 0.0 0.0
2619 10964732 3.971660469175557 -0.022255476196858776 0.43434000000000006 0.0 0.0
2620 10964732 3.8994289749866606 -0.023217653436117508 0.42672000000000004 0.0 0.0
2621 10964732 3.834962302722679 -0.018068748358730763 0.42672000000000004 0.0 0.0
2622 10964732 3.7687386440260617 -0.018303392609539976 0.41910000000000003 0.0 0.0
2623 10964732 3.7133275701817983 -0.01669245577020409 0.41910000000000003 0.0 0.0
2624 10964732 3.647161173479881 -0.016477495753011967 0.41148 0.0 0.0
2625 10964732 3.5817996362862 -0.011618465446054299 0.41148 0.0 0.0
2626 10964732 3.503994527696257 -0.013327963072951282 0.41148 0.0 0.0
2627 10964732 3.437334394187106 -0.013534146209383119 0.40386 0.0 0.0
2628 10964732 3.3680722808237125 -0.012189667118552544 0.39624000000000004 0.0 0.0
2629 10964732 3.33708047351059 -0.013289022206802753 0.39624000000000004 0.0 0.0
2630 10964732 3.2707753470287324 -0.013492829579635629 0.39624000000000004 0.0 0.0
2631 10964732 3.2063533809569726 -0.008469960463896947 0.38862 0.0 0.0
2632 10964732 3.1353801245207773 -0.011003867850720078 0.38862 0.0 0.0
2633 10964732 3.070427324302858 -0.011413734603765852 0.381 0.0 0.0
2634 10964732 3.010357910677164 -0.013183465570797887 0.381 0.0 0.0
2635 10964732 2.9286323343911 -0.010570298855818089 0.381 0.0 0.0
2636 10964732 2.8701576259697426 -0.010172731191812417 0.37338 0.0 0.0
2637 10964732 2.8052730922938443 -0.01036903687461313 0.37338 0.0 0.0
2638 10964732 2.740504124264769 -0.008850267559093988 0.36576 0.0 0.0
2639 10964732 2.6742777654696095 -0.009074697830800754 0.36576 0.0 0.0
2640 10964732 2.6065868368426766 -0.0042645092477629765 0.35814000000000007 0.0 0.0
2641 10964732 2.575571968053536 -0.004068324776707016 0.35814000000000007 0.0 0.0
2642 10964732 2.497660366988385 -0.006083491855672446 0.35814000000000007 0.0 0.0
2643 10964732 2.437466787006705 -0.002785073191628601 0.35052000000000005 0.0 0.0
2644 10964732 2.3762956116291485 -0.003839747274602595 0.35052000000000005 0.0 0.0
2645 10964732 2.314779590614635 -0.005949542493447285 0.35052000000000005 0.0 0.0
2646 10964732 2.2545856650492486 -0.0026495706438469935 0.34290000000000004 0.0 0.0
2647 10964732 2.1931727510352634 -0.004441618887699256 0.34290000000000004 0.0 0.0
2648 10964732 2.113473105655039 -0.003766338393500074 0.33528 0.0 0.0
2649 10964732 2.0865622495282437 -0.003915334598498438 0.33528 0.0 0.0
2650 10964732 2.0596513934014484 -0.004064330803496802 0.33528 0.0 0.0
2651 10964732 1.9784843776880365 -0.002441198151425017 0.32766 0.0 0.0
2652 10964732 1.919963663652191 0.0005486434003686702 0.32766 0.0 0.0
2653 10964732 1.8509707516440859 -0.0013353481646538046 0.32004000000000005 0.0 0.0
2654 10964732 1.7675087585833351 -0.0012969265577242317 0.31242000000000003 0.0 0.0
2655 10964732 1.7343144572889901 -0.0009696918890804429 0.31242000000000003 0.0 0.0
2656 10964732 1.6804574997325732 -0.0013703709564133748 0.3048 0.0 0.0
2657 10964732 1.622005193251952 0.0018330545478236204 0.3048 0.0 0.0
2658 10964732 1.575520354531869 0.000894546587621059 0.30099 0.0 0.0
2659 10964732 1.529035515811786 -4.3961372581502456e-05 0.29718 0.0 0.0
2660 10964732 1.4433031308130406 0.0012068215844097119 0.28194 0.0 0.0
2661 10964732 1.379951059888146 0.00028820450501096384 0.28194 0.0 0.0
2662 10964732 1.3249712027689498 0.0018925204363447329 0.27813 0.0 0.0
2663 10964732 1.2699913456497536 0.003496836367678502 0.27432 0.0 0.0
2664 10964732 1.27009265168002 0.00349792740976517 0.2743480754226268 0.0 0.0
2665 10964732 1.270193957710286 0.003499018451851839 0.2743761508452536 0.0 0.0
2666 10964732 1.2702952637405525 0.0035001094939385072 0.27440422626788036 0.0 0.0
2667 10964732 1.2703965697708186 0.0035012005360251755 0.27443230169050714 0.0 0.0
2668 10964732 1.270497875801085 0.003502291578111844 0.2744603771131339 0.0 0.0
2669 10964732 1.2705991818313513 0.0035033826201985125 0.27448845253576076 0.0 0.0
2670 10964732 1.2707004878616175 0.003504473662285181 0.27451652795838755 0.0 0.0
2671 10964732 1.2708017938918839 0.003505564704371849 0.27454460338101433 0.0 0.0
2672 10964732 1.27090309992215 0.0035066557464585174 0.2745726788036411 0.0 0.0
2673 10964732 1.2710044059524164 0.003507746788545186 0.2746007542262679 0.0 0.0
2674 10964732 1.2711057119826827 0.0035088378306318544 0.2746288296488947 0.0 0.0
2675 10964732 1.2712070180129489 0.0035099288727185227 0.27465690507152146 0.0 0.0
2676 10964732 1.2713083240432153 0.0035110199148051914 0.27468498049414825 0.0 0.0
2677 10964732 1.2714096300734814 0.0035121109568918597 0.27471305591677503 0.0 0.0
2678 10964732 1.2715109361037478 0.003513201998978528 0.2747411313394018 0.0 0.0
2679 10964732 1.2716122421340141 0.0035142930410651963 0.2747692067620286 0.0 0.0
2680 10964732 1.2717135481642803 0.003515384083151865 0.2747972821846554 0.0 0.0
2681 10964732 1.2718148541945467 0.0035164751252385333 0.2748253576072822 0.0 0.0
2682 10964732 1.2719161602248128 0.0035175661673252016 0.274853433029909 0.0 0.0
2683 10964732 1.2720174662550792 0.00351865720941187 0.2748815084525358 0.0 0.0
2684 10964732 1.2721187722853455 0.0035197482514985386 0.27490958387516257 0.0 0.0
2685 10964732 1.2722200783156117 0.003520839293585207 0.27493765929778935 0.0 0.0
2686 10964732 1.272321384345878 0.0035219303356718752 0.27496573472041613 0.0 0.0
2687 10964732 1.2724226903761442 0.003523021377758544 0.2749938101430429 0.0 0.0
2688 10964732 1.2725239964064106 0.0035241124198452122 0.2750218855656697 0.0 0.0
2689 10964732 1.272625302436677 0.0035252034619318805 0.2750499609882965 0.0 0.0
2690 10964732 1.272726608466943 0.003526294504018549 0.27507803641092327 0.0 0.0
2691 10964732 1.2728279144972094 0.0035273855461052175 0.27510611183355005 0.0 0.0
2692 10964732 1.2729292205274756 0.003528476588191886 0.2751341872561769 0.0 0.0
2693 10964732 1.273030526557742 0.003529567630278554 0.27516226267880367 0.0 0.0
2694 10964732 1.2731318325880083 0.0035306586723652224 0.27519033810143045 0.0 0.0
2695 10964732 1.2732331386182745 0.003531749714451891 0.27521841352405724 0.0 0.0
2696 10964732 1.2733344446485408 0.0035328407565385594 0.275246488946684 0.0 0.0
2697 10964732 1.273435750678807 0.0035339317986252277 0.2752745643693108 0.0 0.0
2698 10964732 1.2735370567090734 0.0035350228407118964 0.2753026397919376 0.0 0.0
2699 10964732 1.2736383627393397 0.0035361138827985647 0.27533071521456437 0.0 0.0
2700 10964732 1.2737396687696059 0.003537204924885233 0.27535879063719115 0.0 0.0
2701 10964732 1.2738409747998722 0.0035382959669719013 0.27538686605981794 0.0 0.0
2702 10964732 1.2739422808301384 0.00353938700905857 0.2754149414824447 0.0 0.0
2703 10964732 1.2740435868604048 0.0035404780511452383 0.2754430169050715 0.0 0.0
2704 10964732 1.2741448928906711 0.0035415690932319066 0.27547109232769834 0.0 0.0
2705 10964732 1.2742461989209373 0.003542660135318575 0.2754991677503251 0.0 0.0
2706 10964732 1.2743475049512036 0.0035437511774052436 0.2755272431729519 0.0 0.0
2707 10964732 1.2744488109814698 0.003544842219491912 0.2755553185955787 0.0 0.0
2708 10964732 1.2745501170117362 0.0035459332615785802 0.2755833940182055 0.0 0.0
2709 10964732 1.2746514230420025 0.003547024303665249 0.27561146944083226 0.0 0.0
2710 10964732 1.2747527290722687 0.0035481153457519172 0.27563954486345904 0.0 0.0
2711 10964732 1.274854035102535 0.0035492063878385855 0.2756676202860858 0.0 0.0
2712 10964732 1.2749553411328012 0.003550297429925254 0.2756956957087126 0.0 0.0
2713 10964732 1.2750566471630675 0.0035513884720119225 0.2757237711313394 0.0 0.0
2714 10964732 1.275157953193334 0.003552479514098591 0.2757518465539662 0.0 0.0
2715 10964732 1.2752592592236 0.003553570556185259 0.275779921976593 0.0 0.0
2716 10964732 1.2753605652538664 0.0035546615982719274 0.2758079973992198 0.0 0.0
2717 10964732 1.2754618712841326 0.003555752640358596 0.2758360728218466 0.0 0.0
2718 10964732 1.275563177314399 0.0035568436824452644 0.27586414824447336 0.0 0.0
2719 10964732 1.2756644833446653 0.0035579347245319327 0.27589222366710014 0.0 0.0
2720 10964732 1.2757657893749315 0.0035590257666186014 0.27592029908972693 0.0 0.0
2721 10964732 1.2758670954051978 0.0035601168087052697 0.2759483745123537 0.0 0.0
2722 10964732 1.275968401435464 0.003561207850791938 0.2759764499349805 0.0 0.0
2723 10964732 1.2760697074657303 0.0035622988928786063 0.2760045253576073 0.0 0.0
