16699 11217673 1.1804370262300774 0.0012092239153603246 0.27432 2.4052100301063666 -2.6800637823521534
16700 11217673 1.1487746158431293 -0.0032840039057900755 0.27432 2.4052100301063666 -2.6800637823521534
16701 11217673 1.1184477671281474 -0.0009701945061682607 0.27432 2.4052100301063666 -2.6800637823521534
16702 11217673 1.0881209184131655 0.0013436148934535541 0.27432 2.4052100301063666 -2.6800637823521534
16703 11217673 1.059804751334849 0.0016572818701122635 0.27432 2.4052100301063666 -2.6800637823521534
16704 11217673 1.0314885842565324 0.001970948846770973 0.27432 2.4052100301063666 -2.6800637823521534
16705 11217673 0.9966603325204291 0.0034193703560344638 0.27432 2.4052100301063666 -2.6800637823521534
16706 11217673 0.9618320807843257 0.004867791865297955 0.27432 2.4052100301063666 -2.6800637823521534
16707 11217673 0.9302669641976866 0.007470032358611628 0.3048 2.4052100301063666 -2.6800637823521534
16708 11217673 0.8968865966134849 0.005875604794245398 0.3048 2.4052100301063666 -2.6800637823521534
16709 11217673 0.8598860113555574 0.008151147600116981 0.3048 2.4052100301063666 -2.6800637823521534
16710 11217673 0.8273965412715489 0.016079383837967795 0.3048 2.4052100301063666 -2.6800637823521534
16711 11217673 0.7955997400357016 0.02273008940926253 0.3048 2.4052100301063666 -2.6800637823521534
16712 11217673 0.7638029387998543 0.029380794980557262 0.3048 2.4052100301063666 -2.6800637823521534
16713 11217673 0.7304231160091963 0.035263948556584115 0.3048 2.4052100301063666 -2.6800637823521534
16714 11217673 0.6970432932185383 0.04114710213261097 0.3048 2.4052100301063666 -2.6800637823521534
16715 11217673 0.6599736553408844 0.04321257747395335 0.3048 2.4052100301063666 -2.6800637823521534
16716 11217673 0.6239316001123982 0.0402693482750477 0.3048 2.4052100301063666 -2.6800637823521534
16717 11217673 0.5902476546022375 0.04590196515964087 0.3048 2.4052100301063666 -2.6800637823521534
16718 11217673 0.5486864610453385 0.05188907370809462 0.33528 2.4052100301063666 -2.6800637823521534
16719 11217673 0.5125592813368252 0.05656802032403345 0.33528 2.4052100301063666 -2.6800637823521534
16720 11217673 0.476789018604484 0.06288294300502177 0.33528 2.4052100301063666 -2.6800637823521534
16721 11217673 0.4513935267734847 0.06636269043680226 0.33528 2.4052100301063666 -2.6800637823521534
16722 11217673 0.4259980349424854 0.06984243786858277 0.33528 2.4052100301063666 -2.6800637823521534
16723 11217673 0.3827230397215694 0.07636148878769562 0.33528 2.4052100301063666 -2.6800637823521534
16724 11217673 0.33944804450065336 0.08288053970680848 0.33528 2.4052100301063666 -2.6800637823521534
16725 11217673 0.30791717009250263 0.08559111601753125 0.36576 2.4052100301063666 -2.6800637823521534
16726 11217673 0.2741751027421021 0.09036809481233044 0.36576 2.4052100301063666 -2.6800637823521534
16727 11217673 0.24043303539170158 0.09514507360712962 0.36576 2.4052100301063666 -2.6800637823521534
16728 11217673 0.204800774497101 0.10188359687802237 0.36576 2.4052100301063666 -2.6800637823521534
16729 11217673 0.17031423892165964 0.09527970382304213 0.36576 2.4052100301063666 -2.6800637823521534
16730 11217673 0.14739019151981692 0.0930750673800751 0.36576 2.4052100301063666 -2.6800637823521534
16731 11217673 0.11240415647498447 0.09200885339268475 0.36576 2.4052100301063666 -2.6800637823521534
16732 11217673 0.08047190438014284 0.09485157423793561 0.39624000000000004 2.4052100301063666 -2.6800637823521534
16733 11217673 0.057862702507568864 0.09225224220075945 0.39624000000000004 2.4052100301063666 -2.6800637823521534
16734 11217673 0.03525350063499488 0.08965291016358329 0.39624000000000004 2.4052100301063666 -2.6800637823521534
16735 11217673 0.004288340713578753 0.08458584873569544 0.39624000000000004 2.4052100301063666 -2.6800637823521534
16736 11217673 -0.060869204549054645 0.09338208443969234 0.39624000000000004 2.4052100301063666 -2.6800637823521534
16737 11217673 -0.09376922974264335 0.0916349523377071 0.39624000000000004 2.4052100301063666 -2.6800637823521534
16738 11217673 -0.1255370378778019 0.08683074122244092 0.39624000000000004 2.4052100301063666 -2.6800637823521534
16739 11217673 -0.1565024895834486 0.0817643777661646 0.39624000000000004 2.4052100301063666 -2.6800637823521534
16740 11217673 -0.18744236459664898 0.07949372797202733 0.42672000000000004 2.4052100301063666 -2.6800637823521534
16741 11217673 -0.21891594387615765 0.0826550928812326 0.42672000000000004 2.4052100301063666 -2.6800637823521534
16742 11217673 -0.24689150954657232 0.08257025888021842 0.42672000000000004 2.4052100301063666 -2.6800637823521534
16743 11217673 -0.274867075216987 0.08248542487920422 0.42672000000000004 2.4052100301063666 -2.6800637823521534
16744 11217673 -0.30284264088740165 0.08240059087819004 0.42672000000000004 2.4052100301063666 -2.6800637823521534
16745 11217673 -0.3548920091397204 0.03539130696815862 0.42672000000000004 2.4052100301063666 -2.6800637823521534
16746 11217673 -0.40694137739203917 -0.011617976941872804 0.42672000000000004 2.4052100301063666 -2.6800637823521534
16747 11217673 -0.4423158226470485 -0.017578568381882532 0.42672000000000004 2.4052100301063666 -2.6800637823521534
16748 11217673 -0.4776902679020578 -0.02353915982189226 0.42672000000000004 2.4052100301063666 -2.6800637823521534
16749 11217673 -0.5130647131570671 -0.02949975126190199 0.42672000000000004 2.4052100301063666 -2.6800637823521534
16750 11217673 -0.5492470847229507 -0.032859256720784685 0.45720000000000005 2.4052100301063666 -2.6800637823521534
16751 11217673 -0.5864173905112557 -0.03788178899362296 0.45720000000000005 2.4052100301063666 -2.6800637823521534
16752 11217673 -0.6144578708371226 -0.04084160712394094 0.45720000000000005 2.4052100301063666 -2.6800637823521534
16753 11217673 -0.6424983511629894 -0.043801425254258924 0.45720000000000005 2.4052100301063666 -2.6800637823521534
16754 11217673 -0.6705388314888563 -0.046761243384576906 0.45720000000000005 2.4052100301063666 -2.6800637823521534
16755 11217673 -0.6985793118147231 -0.04972106151489489 0.45720000000000005 2.4052100301063666 -2.6800637823521534
16756 11217673 -0.7266197921405899 -0.05268087964521287 0.45720000000000005 2.4052100301063666 -2.6800637823521534
16757 11217673 -0.7986993448627142 -0.04874234112342382 0.48768 2.4052100301063666 -2.6800637823521534
16758 11217673 -0.8357711239276475 -0.04666905361813231 0.48768 2.4052100301063666 -2.6800637823521534
16759 11217673 -0.8734381396589563 -0.05456559578940309 0.48768 2.4052100301063666 -2.6800637823521534
16760 11217673 -0.9087369745434228 -0.04571105317006144 0.48768 2.4052100301063666 -2.6800637823521534
16761 11217673 -0.9475215787182216 -0.047516907176096385 0.48768 2.4052100301063666 -2.6800637823521534
16762 11217673 -0.9826823230632842 -0.04910549893574481 0.48768 2.4052100301063666 -2.6800637823521534
16763 11217673 -1.0111000391064953 -0.05044523124712244 0.48768 2.4052100301063666 -2.6800637823521534
16764 11217673 -1.0395177551497066 -0.05178496355850007 0.48768 2.4052100301063666 -2.6800637823521534
16765 11217673 -1.0853779751690875 -0.05349622369579035 0.50292 2.4052100301063666 -2.6800637823521534
16766 11217673 -1.1312381951884685 -0.055207483833080634 0.5181600000000001 2.4052100301063666 -2.6800637823521534
16767 11217673 -1.1547333090282599 -0.042850937563423425 0.5181600000000001 2.4052100301063666 -2.6800637823521534
16768 11217673 -1.1921205643390436 -0.04581346804153194 0.5181600000000001 2.4052100301063666 -2.6800637823521534
16769 11217673 -1.2295078196498272 -0.04877599851964046 0.5181600000000001 2.4052100301063666 -2.6800637823521534
16770 11217673 -1.267671665506936 -0.04868022430134236 0.5181600000000001 2.4052100301063666 -2.6800637823521534
16771 11217673 -1.3060556630233815 -0.05061533229484774 0.5181600000000001 2.4052100301063666 -2.6800637823521534
16772 11217673 -1.3239360055491722 -0.047571941273301416 0.5181600000000001 2.4052100301063666 -2.6800637823521534
16773 11217673 -1.341816348074963 -0.04452855025175509 0.5181600000000001 2.4052100301063666 -2.6800637823521534
16774 11217673 -1.3923456263563947 -0.057796964878813833 0.5181600000000001 2.4052100301063666 -2.6800637823521534
16775 11217673 -1.4239855852337058 -0.03775172863478174 0.5181600000000001 2.4052100301063666 -2.6800637823521534
16776 11217673 -1.490112689003719 -0.0009356615812446123 0.54864 2.4052100301063666 -2.6800637823521534
16777 11217673 -1.5067218647080431 0.010747418963808791 0.54864 2.4052100301063666 -2.6800637823521534
16778 11217673 -1.5233310404123672 0.022430499508862195 0.54864 2.4052100301063666 -2.6800637823521534
16779 11217673 -1.5852763671677088 0.06524082981577181 0.54864 2.4052100301063666 -2.6800637823521534
16780 11217673 -1.609549994980602 0.09830053312140061 0.54864 2.4052100301063666 -2.6800637823521534
16781 11217673 -1.6303383214334277 0.1303373037163669 0.54864 2.4052100301063666 -2.6800637823521534
16782 11217673 -1.6511266478862534 0.1623740743113332 0.54864 2.4052100301063666 -2.6800637823521534
16783 11217673 -1.6692843533505675 0.19810730182299016 0.54864 2.4052100301063666 -2.6800637823521534
16784 11217673 -1.684850772481674 0.2333435569314206 0.57912 2.4052100301063666 -2.6800637823521534
16785 11217673 -1.6935547749404813 0.2725861409832925 0.57912 2.4052100301063666 -2.6800637823521534
16786 11217673 -1.7022587773992888 0.31182872503516434 0.57912 2.4052100301063666 -2.6800637823521534
16787 11217673 -1.715162583900159 0.34841422076242545 0.57912 2.4052100301063666 -2.6800637823521534
16788 11217673 -1.7191445859062815 0.3851192123695425 0.57912 2.4052100301063666 -2.6800637823521534
16789 11217673 -1.7245537883137805 0.42696468934752185 0.57912 2.4052100301063666 -2.6800637823521534
16790 11217673 -1.7220163022027013 0.4686643723140842 0.57912 2.4052100301063666 -2.6800637823521534
16791 11217673 -1.7222442179585948 0.5086982016767152 0.57912 2.4052100301063666 -2.6800637823521534
16792 11217673 -1.71916720191715 0.5506887950464125 0.6096 2.4052100301063666 -2.6800637823521534
16793 11217673 -1.7098354731890428 0.587361847159243 0.6096 2.4052100301063666 -2.6800637823521534
16794 11217673 -1.6988809932882993 0.6289955558009799 0.6096 2.4052100301063666 -2.6800637823521534
16795 11217673 -1.6870854593846354 0.6691273236901711 0.6096 2.4052100301063666 -2.6800637823521534
16796 11217673 -1.6752899254809714 0.7092590915793625 0.6096 2.4052100301063666 -2.6800637823521534
16797 11217673 -1.6644389515548126 0.7505761493342996 0.6096 2.4052100301063666 -2.6800637823521534
16798 11217673 -1.6493953352096533 0.7884185924746281 0.6096 2.4052100301063666 -2.6800637823521534
16799 11217673 -1.6442805692262312 0.8081272055184638 0.6096 2.4052100301063666 -2.6800637823521534
16800 11217673 -1.6391658032428091 0.8278358185622997 0.6096 2.4052100301063666 -2.6800637823521534
16801 11217673 -1.6139962299439794 0.9047788594862418 0.6096 2.4052100301063666 -2.6800637823521534
16802 11217673 -1.6036038536781898 0.9365482111635919 0.6400800000000001 2.4052100301063666 -2.6800637823521534
16803 11217673 -1.591726851510028 0.972856043669741 0.6400800000000001 2.4052100301063666 -2.6800637823521534
16804 11217673 -1.5850192377113752 1.010738048480047 0.6400800000000001 2.4052100301063666 -2.6800637823521534
16805 11217673 -1.5756639197814566 1.047753940300567 0.6400800000000001 2.4052100301063666 -2.6800637823521534
16806 11217673 -1.5666482364466021 1.083595695558413 0.6553200000000001 2.4052100301063666 -2.6800637823521534
16807 11217673 -1.5576325531117476 1.1194374508162592 0.67056 2.4052100301063666 -2.6800637823521534
16808 11217673 -1.5485178482395836 1.1565320623646544 0.67056 2.4052100301063666 -2.6800637823521534
16809 11217673 -1.5438614750044979 1.1952019395211755 0.67056 2.4052100301063666 -2.6800637823521534
16810 11217673 -1.5324159327864841 1.2301904255196168 0.67056 2.4052100301063666 -2.6800637823521534
16811 11217673 -1.5209703905684704 1.2651789115180578 0.67056 2.4052100301063666 -2.6800637823521534
16812 11217673 -1.5139069997343013 1.303061410601374 0.67056 2.4052100301063666 -2.6800637823521534
16813 11217673 -1.506878084055378 1.3408383529560906 0.67056 2.4052100301063666 -2.6800637823521534
16814 11217673 -1.502966542928711 1.360940596775205 0.6858000000000001 2.4052100301063666 -2.6800637823521534
16815 11217673 -1.4990550018020439 1.3810428405943196 0.7010400000000001 2.4052100301063666 -2.6800637823521534
16816 11217673 -1.4825555689353498 1.455914883350182 0.7010400000000001 2.4052100301063666 -2.6800637823521534
16817 11217673 -1.4745274692524322 1.4917681708097736 0.7010400000000001 2.4052100301063666 -2.6800637823521534
16818 11217673 -1.4664993695695148 1.5276214582693652 0.7010400000000001 2.4052100301063666 -2.6800637823521534
16819 11217673 -1.4584712698865971 1.5634747457289568 0.7010400000000001 2.4052100301063666 -2.6800637823521534
16820 11217673 -1.449069794642931 1.6003587522236653 0.7010400000000001 2.4052100301063666 -2.6800637823521534
16821 11217673 -1.443235768360067 1.6358392836256799 0.7010400000000001 2.4052100301063666 -2.6800637823521534
16822 11217673 -1.433385361162668 1.6740953694095484 0.7010400000000001 2.4052100301063666 -2.6800637823521534
16823 11217673 -1.4235349539652689 1.712351455193417 0.7010400000000001 2.4052100301063666 -2.6800637823521534
16824 11217673 -1.408594861346167 1.7498772829057752 0.7010400000000001 2.4052100301063666 -2.6800637823521534
16825 11217673 -1.3908226508314514 1.7830298501177753 0.71628 2.4052100301063666 -2.6800637823521534
16826 11217673 -1.3730504403167358 1.8161824173297754 0.73152 2.4052100301063666 -2.6800637823521534
16827 11217673 -1.35740270817752 1.8512568001882688 0.73152 2.4052100301063666 -2.6800637823521534
16828 11217673 -1.341754976038304 1.8863311830467622 0.73152 2.4052100301063666 -2.6800637823521534
16829 11217673 -1.329418646211386 1.9321865924102075 0.73152 2.4052100301063666 -2.6800637823521534
16830 11217673 -1.313719141275883 1.9720345137404818 0.73152 2.4052100301063666 -2.6800637823521534
16831 11217673 -1.2978470286090682 2.0124101776783756 0.73152 2.4052100301063666 -2.6800637823521534
16832 11217673 -1.2797409931046853 2.0514708724981787 0.74676 2.4052100301063666 -2.6800637823521534
16833 11217673 -1.2616349576003023 2.0905315673179814 0.762 2.4052100301063666 -2.6800637823521534
16834 11217673 -1.2446632612517992 2.1301970253526585 0.762 2.4052100301063666 -2.6800637823521534
16835 11217673 -1.227691564903296 2.1698624833873352 0.762 2.4052100301063666 -2.6800637823521534
16836 11217673 -1.207144620194445 2.2082415637770625 0.762 2.4052100301063666 -2.6800637823521534
16837 11217673 -1.1887179535288623 2.247197403168569 0.7924800000000001 2.4052100301063666 -2.6800637823521534
16838 11217673 -1.1712225243314174 2.2841210666776135 0.7924800000000001 2.4052100301063666 -2.6800637823521534
16839 11217673 -1.1593994144946291 2.31402039088809 0.7924800000000001 2.4052100301063666 -2.6800637823521534
16840 11217673 -1.1475763046578409 2.3439197150985667 0.7924800000000001 2.4052100301063666 -2.6800637823521534
16841 11217673 -1.131139184421688 2.3962035921671294 0.7924800000000001 2.4052100301063666 -2.6800637823521534
16842 11217673 -1.1147020641855352 2.448487469235692 0.7924800000000001 2.4052100301063666 -2.6800637823521534
16843 11217673 -1.1017201601558289 2.488172864306903 0.7924800000000001 2.4052100301063666 -2.6800637823521534
16844 11217673 -1.0887382561261225 2.5278582593781134 0.7924800000000001 2.4052100301063666 -2.6800637823521534
16845 11217673 -1.077300370475984 2.579382273940006 0.7924800000000001 2.4052100301063666 -2.6800637823521534
16846 11217673 -1.0632135908028457 2.622445147464487 0.7924800000000001 2.4052100301063666 -2.6800637823521534
16847 11217673 -1.0491268100450744 2.665508024015041 0.7924800000000001 2.4052100301063666 -2.6800637823521534
16848 11217673 -1.0403965061910867 2.6839171465448985 0.7924800000000001 2.4052100301063666 -2.6800637823521534
16849 11217673 -1.0316662023370988 2.702326269074756 0.7924800000000001 2.4052100301063666 -2.6800637823521534
16850 11217673 -0.9951931929424107 2.788307617039818 0.7924800000000001 1.359486638167775 -2.1835770929012974
16851 11217673 -0.9787692062986453 2.830372283403169 0.7924800000000001 1.359486638167775 -2.1835770929012974
16852 11217673 -0.9623452196548798 2.8724369497665205 0.7924800000000001 1.359486638167775 -2.1835770929012974
16853 11217673 -0.9525157761521701 2.8943422755979915 0.7924800000000001 1.359486638167775 -2.1835770929012974
16854 11217673 -0.9426863326494603 2.9162476014294625 0.7924800000000001 1.359486638167775 -2.1835770929012974
16855 11217673 -0.9221403495273941 2.9546270944588193 0.7924800000000001 1.359486638167775 -2.1835770929012974
16856 11217673 -0.9024125422290206 2.9986488983678603 0.7924800000000001 1.359486638167775 -2.1835770929012974
16857 11217673 -0.8804511523248488 3.041355869342427 0.7924800000000001 1.359486638167775 -2.1835770929012974
16858 11217673 -0.8555444479239596 3.0835667621905696 0.7924800000000001 1.359486638167775 -2.1835770929012974
16859 11217673 -0.8314319545964486 3.1233501420791203 0.7924800000000001 1.359486638167775 -2.1835770929012974
16860 11217673 -0.8077206166918323 3.1632647630909094 0.7924800000000001 1.359486638167775 -2.1835770929012974
16861 11217673 -0.7765832530417931 3.210681729912183 0.7924800000000001 1.359486638167775 -2.1835770929012974
16862 11217673 -0.745445889391754 3.258098696733456 0.7924800000000001 1.359486638167775 -2.1835770929012974
16863 11217673 -0.7263246856760053 3.2856108682676144 0.80772 1.359486638167775 -2.1835770929012974
16864 11217673 -0.7072034819602564 3.313123039801773 0.82296 1.359486638167775 -2.1835770929012974
16865 11217673 -0.6810865765895413 3.3522508985565636 0.82296 1.359486638167775 -2.1835770929012974
16866 11217673 -0.6230422585970745 3.4211283452030488 0.82296 1.359486638167775 -2.1835770929012974
16867 11217673 -0.5943230698774873 3.451927359745206 0.7924800000000001 1.359486638167775 -2.1835770929012974
16868 11217673 -0.5643978224973036 3.4847855648044095 0.82296 1.359486638167775 -2.1835770929012974
16869 11217673 -0.5347022039410636 3.517485249298633 0.82296 1.359486638167775 -2.1835770929012974
16870 11217673 -0.5076300996211922 3.5513936141030142 0.82296 1.359486638167775 -2.1835770929012974
16871 11217673 -0.4765998762598245 3.583832150517724 0.80772 1.359486638167775 -2.1835770929012974
16872 11217673 -0.44556965289845674 3.616270686932434 0.7924800000000001 1.359486638167775 -2.1835770929012974
16873 11217673 -0.4157366358740686 3.6493929842782067 0.7924800000000001 1.359486638167775 -2.1835770929012974
16874 11217673 -0.383353649277163 3.6824407878147127 0.7924800000000001 1.359486638167775 -2.1835770929012974
16875 11217673 -0.35097066268025734 3.715488591351219 0.7924800000000001 1.359486638167775 -2.1835770929012974
16876 11217673 -0.3162633026664985 3.7469584285262627 0.7924800000000001 1.359486638167775 -2.1835770929012974
16877 11217673 -0.28155594265273964 3.778428265701306 0.7924800000000001 1.359486638167775 -2.1835770929012974
16878 11217673 -0.24488765655377542 3.806394332038321 0.7924800000000001 1.359486638167775 -2.1835770929012974
16879 11217673 -0.21135855643734036 3.835620865666934 0.762 1.359486638167775 -2.1835770929012974
16880 11217673 -0.17481046544512546 3.8686505279215693 0.762 1.359486638167775 -2.1835770929012974
16881 11217673 -0.13826237445291056 3.901680190176204 0.762 1.359486638167775 -2.1835770929012974
16882 11217673 -0.09911999157722917 3.9290711657139608 0.762 1.359486638167775 -2.1835770929012974
16883 11217673 -0.06326300412785557 3.9599903635331426 0.762 1.359486638167775 -2.1835770929012974
16884 11217673 -0.02740601667848197 3.990909561352325 0.762 1.359486638167775 -2.1835770929012974
16885 11217673 0.007768324558035777 4.0170281106830625 0.762 1.359486638167775 -2.1835770929012974
16886 11217673 0.04533225667687035 4.047739821698268 0.762 1.359486638167775 -2.1835770929012974
16887 11217673 0.09219263642125008 4.079734536328628 0.762 1.359486638167775 -2.1835770929012974
16888 11217673 0.13905301616562982 4.111729250958989 0.762 1.359486638167775 -2.1835770929012974
16889 11217673 0.16567866904986006 4.130712661197027 0.762 1.359486638167775 -2.1835770929012974
16890 11217673 0.1923043219340903 4.149696071435065 0.762 1.359486638167775 -2.1835770929012974
16891 11217673 0.22707334163765092 4.173494172735068 0.7924800000000001 1.359486638167775 -2.1835770929012974
16892 11217673 0.2650987481410605 4.198564250843332 0.7924800000000001 1.359486638167775 -2.1835770929012974
16893 11217673 0.3010174252640888 4.225608602356902 0.7924800000000001 1.359486638167775 -2.1835770929012974
16894 11217673 0.33693610238711713 4.252652953870473 0.7924800000000001 1.359486638167775 -2.1835770929012974
16895 11217673 0.3755820964765444 4.27039340257054 0.7924800000000001 1.359486638167775 -2.1835770929012974
16896 11217673 0.4106851001379135 4.296302694266902 0.7924800000000001 1.359486638167775 -2.1835770929012974
16897 11217673 0.4483054075882902 4.319052231690477 0.7924800000000001 1.359486638167775 -2.1835770929012974
16898 11217673 0.48664214203055556 4.346708419753256 0.7924800000000001 1.359486638167775 -2.1835770929012974
16899 11217673 0.5066894993343628 4.357795605066917 0.7924800000000001 1.359486638167775 -2.1835770929012974
16900 11217673 0.52673685663817 4.368882790380577 0.7924800000000001 1.359486638167775 -2.1835770929012974
16901 11217673 0.5654740831297786 4.396408266936128 0.7924800000000001 1.359486638167775 -2.1835770929012974
16902 11217673 0.6026925414407871 4.41928967706115 0.7924800000000001 1.359486638167775 -2.1835770929012974
16903 11217673 0.643407780234539 4.443364594104681 0.7924800000000001 1.359486638167775 -2.1835770929012974
16904 11217673 0.7144224814177051 4.503098808728798 0.7924800000000001 1.359486638167775 -2.1835770929012974
16905 11217673 0.7445494515300191 4.538230234199241 0.7924800000000001 1.359486638167775 -2.1835770929012974
16906 11217673 0.7747665165391218 4.572280759268883 0.7924800000000001 1.359486638167775 -2.1835770929012974
16907 11217673 0.8049835815482245 4.606331284338526 0.7924800000000001 1.359486638167775 -2.1835770929012974
16908 11217673 0.8295393448754631 4.640713966642449 0.7924800000000001 1.359486638167775 -2.1835770929012974
16909 11217673 0.8517928007317364 4.6761999054737915 0.7924800000000001 1.359486638167775 -2.1835770929012974
16910 11217673 0.87096588800041 4.713802903390706 0.7924800000000001 1.359486638167775 -2.1835770929012974
16911 11217673 0.8901389752690836 4.75140590130762 0.7924800000000001 1.359486638167775 -2.1835770929012974
16912 11217673 0.9060531263709372 4.788769743263643 0.7924800000000001 1.359486638167775 -2.1835770929012974
16913 11217673 0.9219672774727906 4.826133585219667 0.7924800000000001 1.359486638167775 -2.1835770929012974
16914 11217673 0.9378814285746442 4.86349742717569 0.7924800000000001 1.359486638167775 -2.1835770929012974
16915 11217673 0.9489934510885358 4.897485279967486 0.7924800000000001 1.359486638167775 -2.1835770929012974
16916 11217673 0.9577459859476616 4.937151616547944 0.7924800000000001 1.359486638167775 -2.1835770929012974
16917 11217673 0.9664985208067873 4.9768179531284025 0.7924800000000001 1.359486638167775 -2.1835770929012974
16918 11217673 0.9750658511739028 5.019582557418112 0.7924800000000001 1.359486638167775 -2.1835770929012974
16919 11217673 0.9787461317313085 5.0395264458213465 0.7924800000000001 1.359486638167775 -2.1835770929012974
16920 11217673 0.9824264122887143 5.059470334224581 0.7924800000000001 1.359486638167775 -2.1835770929012974
16921 11217673 0.9855036969231719 5.101459523438981 0.7924800000000001 1.359486638167775 -2.1835770929012974
16922 11217673 0.9822901426094047 5.0983368132083875 0.7922883018867926 1.359486638167775 -2.1835770929012974
16923 11217673 0.9790765882956377 5.095214102977794 0.7920966037735849 1.359486638167775 -2.1835770929012974
16924 11217673 0.9758630339818706 5.092091392747199 0.7919049056603774 1.359486638167775 -2.1835770929012974
16925 11217673 0.9726494796681034 5.088968682516605 0.7917132075471699 1.359486638167775 -2.1835770929012974
16926 11217673 0.9694359253543364 5.085845972286012 0.7915215094339624 1.359486638167775 -2.1835770929012974
16927 11217673 0.9662223710405693 5.082723262055418 0.7913298113207548 1.359486638167775 -2.1835770929012974
16928 11217673 0.9630088167268022 5.079600551824823 0.7911381132075472 1.359486638167775 -2.1835770929012974
16929 11217673 0.9597952624130351 5.0764778415942295 0.7909464150943397 1.359486638167775 -2.1835770929012974
16930 11217673 0.956581708099268 5.073355131363636 0.7907547169811322 1.359486638167775 -2.1835770929012974
16931 11217673 0.9533681537855009 5.070232421133042 0.7905630188679246 1.359486638167775 -2.1835770929012974
16932 11217673 0.9501545994717339 5.067109710902448 0.790371320754717 1.359486638167775 -2.1835770929012974
16933 11217673 0.9469410451579667 5.063987000671854 0.7901796226415095 1.359486638167775 -2.1835770929012974
16933 10979952 1.1704065620407031 0.004485989862379164 0.3048 1.359486638167775 -2.1835770929012974
16934 10979952 1.1430010390836625 0.003508798789453163 0.3048 1.359486638167775 -2.1835770929012974
16934 11217673 0.9437274908441996 5.06086429044126 0.7899879245283019 1.359486638167775 -2.1835770929012974
16935 10979952 1.1154117822899534 0.002241249914056803 0.3048 1.359486638167775 -2.1835770929012974
16935 11217673 0.9405139365304326 5.057741580210666 0.7897962264150944 1.359486638167775 -2.1835770929012974
16936 10979952 1.0850762693896132 0.0009948474899492063 0.3048 1.359486638167775 -2.1835770929012974
16936 11217673 0.9373003822166655 5.0546188699800725 0.7896045283018869 1.359486638167775 -2.1835770929012974
16937 11217673 0.9340868279028983 5.051496159749479 0.7894128301886794 1.359486638167775 -2.1835770929012974
16937 10979952 1.054740756489273 -0.0002515549341583906 0.3048 1.359486638167775 -2.1835770929012974
16938 11217673 0.9308732735891313 5.048373449518884 0.7892211320754717 1.359486638167775 -2.1835770929012974
16938 10979952 1.0228871930387875 0.00010801189506917663 0.3048 1.359486638167775 -2.1835770929012974
16939 10979952 0.9894034714099257 -0.0018035282506303207 0.3048 1.359486638167775 -2.1835770929012974
16939 11217673 0.9276597192753642 5.04525073928829 0.7890294339622642 1.359486638167775 -2.1835770929012974
16940 11217673 0.924446164961597 5.042128029057697 0.7888377358490567 1.359486638167775 -2.1835770929012974
16940 10979952 0.9552697162126871 -0.0038918321421787575 0.3048 1.359486638167775 -2.1835770929012974
16941 11217673 0.92123261064783 5.039005318827103 0.7886460377358492 1.359486638167775 -2.1835770929012974
16941 10979952 0.9211359610154484 -0.005980136033727194 0.3048 1.359486638167775 -2.1835770929012974
16942 11217673 0.9180190563340629 5.035882608596509 0.7884543396226416 1.359486638167775 -2.1835770929012974
16942 10979952 0.8870022058182098 -0.00806843992527563 0.3048 1.359486638167775 -2.1835770929012974
16943 10979952 0.8515121550612547 -0.009323895959356523 0.3048 1.359486638167775 -2.1835770929012974
16943 11217673 0.9148055020202958 5.0327598983659145 0.788262641509434 1.359486638167775 -2.1835770929012974
16944 10979952 0.8161944923622475 -0.010051384479194458 0.3048 1.359486638167775 -2.1835770929012974
16944 11217673 0.9115919477065287 5.029637188135321 0.7880709433962265 1.359486638167775 -2.1835770929012974
16945 11217673 0.9083783933927616 5.026514477904727 0.7878792452830189 1.359486638167775 -2.1835770929012974
16945 10979952 0.7786545662425549 -0.008066560533035727 0.33528 1.359486638167775 -2.1835770929012974
16946 10979952 0.7444714551958653 -0.009398005652194591 0.33528 1.359486638167775 -2.1835770929012974
16946 11217673 0.9051648390789945 5.023391767674133 0.7876875471698114 1.359486638167775 -2.1835770929012974
16947 11217673 0.9019512847652275 5.020269057443539 0.7874958490566039 1.359486638167775 -2.1835770929012974
16947 10979952 0.7102883441491756 -0.010729450771353455 0.33528 1.359486638167775 -2.1835770929012974
16948 10979952 0.6746311801521445 -0.019289640054644563 0.33528 1.359486638167775 -2.1835770929012974
16948 11217673 0.8987377304514603 5.017146347212945 0.7873041509433963 1.359486638167775 -2.1835770929012974
16949 10979952 0.6393132259520179 -0.020016250321037404 0.33528 1.359486638167775 -2.1835770929012974
16949 11217673 0.8955241761376932 5.014023636982351 0.7871124528301887 1.359486638167775 -2.1835770929012974
16950 11217673 0.8923106218239262 5.0109009267517575 0.7869207547169812 1.359486638167775 -2.1835770929012974
16950 10979952 0.6021742640532268 -0.018161594121089225 0.33528 1.359486638167775 -2.1835770929012974
16951 10979952 0.5623646991406981 -0.01496677679224298 0.33528 1.359486638167775 -2.1835770929012974
16951 11217673 0.889097067510159 5.007778216521164 0.7867290566037737 1.359486638167775 -2.1835770929012974
16952 11217673 0.8858835131963919 5.004655506290569 0.7865373584905662 1.359486638167775 -2.1835770929012974
16952 10979952 0.5242035725658344 -0.014880631263113384 0.33528 1.359486638167775 -2.1835770929012974
16953 11217673 0.8826699588826249 5.001532796059975 0.7863456603773585 1.359486638167775 -2.1835770929012974
16953 10979952 0.4857464043581919 -0.016605570650819634 0.33528 1.359486638167775 -2.1835770929012974
16954 11217673 0.8794564045688578 4.998410085829382 0.786153962264151 1.359486638167775 -2.1835770929012974
16954 10979952 0.4472892361505494 -0.018330510038525885 0.33528 1.359486638167775 -2.1835770929012974
16955 11217673 0.8762428502550906 4.995287375598788 0.7859622641509435 1.359486638167775 -2.1835770929012974
16955 10979952 0.4088320679429069 -0.020055449426232136 0.33528 1.359486638167775 -2.1835770929012974
16956 11217673 0.8730292959413236 4.992164665368193 0.7857705660377359 1.359486638167775 -2.1835770929012974
16956 10979952 0.3666149560528075 -0.01607284576993473 0.33528 1.359486638167775 -2.1835770929012974
16957 10979952 0.3275820848153773 -0.015934414592676638 0.33528 1.359486638167775 -2.1835770929012974
16957 11217673 0.8698157416275565 4.9890419551375995 0.7855788679245284 1.359486638167775 -2.1835770929012974
16958 11217673 0.8666021873137894 4.985919244907006 0.7853871698113208 1.359486638167775 -2.1835770929012974
16958 10979952 0.28854921357794716 -0.015795983415418546 0.33528 1.359486638167775 -2.1835770929012974
16959 11217673 0.8633886330000223 4.982796534676412 0.7851954716981133 1.359486638167775 -2.1835770929012974
16959 10979952 0.24886983076227587 -0.02035281033473077 0.36576 1.359486638167775 -2.1835770929012974
16960 11217673 0.8601750786862552 4.979673824445818 0.7850037735849057 1.359486638167775 -2.1835770929012974
16960 10979952 0.20887720482059413 -0.02247038275714379 0.36576 1.359486638167775 -2.1835770929012974
16961 10979952 0.1688845788789124 -0.02458795517955681 0.36576 1.359486638167775 -2.1835770929012974
16961 11217673 0.8569615243724882 4.976551114215224 0.7848120754716982 1.359486638167775 -2.1835770929012974
16962 11217673 0.853747970058721 4.97342840398463 0.7846203773584907 1.359486638167775 -2.1835770929012974
16962 10979952 0.124860489088917 -0.027490572538445196 0.36576 1.359486638167775 -2.1835770929012974
16963 10979952 0.08587070414110887 -0.029935392699865143 0.36576 1.359486638167775 -2.1835770929012974
16963 11217673 0.8505344157449539 4.970305693754036 0.784428679245283 1.359486638167775 -2.1835770929012974
16964 10979952 0.0404868613621201 -0.02748625535617505 0.36576 1.359486638167775 -2.1835770929012974
16964 11217673 0.8473208614311869 4.9671829835234425 0.7842369811320755 1.359486638167775 -2.1835770929012974
16965 10979952 0.0008414257776083733 -0.031936147567395295 0.36576 1.359486638167775 -2.1835770929012974
16965 11217673 0.8441073071174198 4.964060273292849 0.784045283018868 1.359486638167775 -2.1835770929012974
16966 10979952 -0.04135840222038373 -0.03333104401415962 0.36576 1.359486638167775 -2.1835770929012974
16966 11217673 0.8408937528036526 4.960937563062254 0.7838535849056605 1.359486638167775 -2.1835770929012974
16967 10979952 -0.08355823021837583 -0.03472594046092395 0.36576 1.359486638167775 -2.1835770929012974
16967 11217673 0.8376801984898856 4.95781485283166 0.7836618867924529 1.359486638167775 -2.1835770929012974
16968 10979952 -0.1272595571233518 -0.035279220236101 0.36576 1.359486638167775 -2.1835770929012974
16968 11217673 0.8344666441761185 4.954692142601067 0.7834701886792453 1.359486638167775 -2.1835770929012974
16969 11217673 0.8312530898623514 4.951569432370473 0.7832784905660378 1.359486638167775 -2.1835770929012974
16969 10979952 -0.16865714429492695 -0.03693577611761281 0.36576 1.359486638167775 -2.1835770929012974
16970 10979952 -0.2113511847356876 -0.039161293924764695 0.381 1.359486638167775 -2.1835770929012974
16970 11217673 0.8280395355485843 4.948446722139879 0.7830867924528303 1.359486638167775 -2.1835770929012974
16971 11217673 0.8248259812348172 4.9453240119092845 0.7828950943396227 1.359486638167775 -2.1835770929012974
16971 10979952 -0.25404522517644823 -0.04138681173191658 0.39624000000000004 1.359486638167775 -2.1835770929012974
16972 11217673 0.8216124269210501 4.942201301678691 0.7827033962264152 1.359486638167775 -2.1835770929012974
16972 10979952 -0.29741466551606144 -0.042281304268569714 0.39624000000000004 1.359486638167775 -2.1835770929012974
16973 11217673 0.8183988726072831 4.939078591448097 0.7825116981132076 1.359486638167775 -2.1835770929012974
16973 10979952 -0.3388125845881338 -0.04393687007346883 0.39624000000000004 1.359486638167775 -2.1835770929012974
16974 10979952 -0.37975112140357625 -0.04472963218456136 0.40640000000000004 1.359486638167775 -2.1835770929012974
16974 11217673 0.8151853182935159 4.935955881217503 0.7823200000000001 1.359486638167775 -2.1835770929012974
16975 10979952 -0.4206896582190187 -0.045522394295653884 0.41656000000000004 1.359486638167775 -2.1835770929012974
16975 11217673 0.8119717639797488 4.932833170986909 0.7821283018867925 1.359486638167775 -2.1835770929012974
16976 11217673 0.8087582096659818 4.929710460756315 0.781936603773585 1.359486638167775 -2.1835770929012974
16976 10979952 -0.4616281950344612 -0.04631515640674641 0.42672000000000004 1.359486638167775 -2.1835770929012974
16977 11217673 0.8055446553522146 4.926587750525721 0.7817449056603775 1.359486638167775 -2.1835770929012974
16977 10979952 -0.5044226353214489 -0.045176656919404395 0.42672000000000004 1.359486638167775 -2.1835770929012974
16978 11217673 0.8023311010384475 4.923465040295127 0.7815532075471698 1.359486638167775 -2.1835770929012974
16978 10979952 -0.5432410663713445 -0.04709026909192379 0.42672000000000004 1.359486638167775 -2.1835770929012974
16979 11217673 0.7991175467246805 4.920342330064534 0.7813615094339623 1.359486638167775 -2.1835770929012974
16979 10979952 -0.5837767410823591 -0.04610560715712761 0.42672000000000004 1.359486638167775 -2.1835770929012974
16980 11217673 0.7959039924109134 4.917219619833939 0.7811698113207548 1.359486638167775 -2.1835770929012974
16980 10979952 -0.6256021644123393 -0.050423918910233484 0.42672000000000004 1.359486638167775 -2.1835770929012974
16981 11217673 0.7926904380971462 4.914096909603345 0.7809781132075473 1.359486638167775 -2.1835770929012974
16981 10979952 -0.6657712595309269 -0.049675513937211785 0.45720000000000005 1.359486638167775 -2.1835770929012974
16982 10979952 -0.7054527223074796 -0.054227028812413564 0.45720000000000005 1.359486638167775 -2.1835770929012974
16983 10979952 -0.7444440830415122 -0.056667300358677924 0.45720000000000005 1.359486638167775 -2.1835770929012974
16984 10979952 -0.7846478886239103 -0.05602377444860021 0.45720000000000005 1.359486638167775 -2.1835770929012974
16985 10979952 -0.8207963306624044 -0.0592763526625297 0.45720000000000005 1.359486638167775 -2.1835770929012974
16986 10979952 -0.8605947326066514 -0.06010848880311864 0.45720000000000005 1.359486638167775 -2.1835770929012974
16987 10979952 -0.9003931345508984 -0.06094062494370758 0.45720000000000005 1.359486638167775 -2.1835770929012974
16988 10979952 -0.9353812971796585 -0.062001700267227206 0.48768 1.359486638167775 -2.1835770929012974
16989 10979952 -0.9743730958370684 -0.06444071230468565 0.48768 1.359486638167775 -2.1835770929012974
16990 10979952 -1.0131924051788406 -0.06635176112874178 0.48768 1.359486638167775 -2.1835770929012974
16991 10979952 -1.051783136800371 -0.0689215448089038 0.48768 1.359486638167775 -2.1835770929012974
16992 10979952 -1.0903739472324 -0.07149111950913492 0.48768 1.359486638167775 -2.1835770929012974
16993 10979952 -1.1299873333909185 -0.07582917337540954 0.48768 1.359486638167775 -2.1835770929012974
16994 10979952 -1.168185672030053 -0.07583948717708491 0.48768 1.359486638167775 -2.1835770929012974
16995 10979952 -1.2083601107378046 -0.07917573909222345 0.50292 1.359486638167775 -2.1835770929012974
16996 10979952 -1.2485345494455562 -0.08251199100736198 0.5181600000000001 1.359486638167775 -2.1835770929012974
16997 10979952 -1.285740956720525 -0.08763643283068892 0.5181600000000001 1.359486638167775 -2.1835770929012974
16998 10979952 -1.3251562680534241 -0.08864995789801491 0.5181600000000001 1.359486638167775 -2.1835770929012974
16999 10979952 -1.3645715793863233 -0.08966348296534091 0.5181600000000001 1.359486638167775 -2.1835770929012974
17000 10979952 -1.4046816655397554 -0.09144250961167674 0.5181600000000001 1.359486638167775 -2.1835770929012974
17001 10979952 -1.4447917516931874 -0.09322153625801258 0.5181600000000001 1.359486638167775 -2.1835770929012974
17002 10979952 -1.48266964361456 -0.09333513640440075 0.5181600000000001 1.359486638167775 -2.1835770929012974
17003 10979952 -1.522138556746863 -0.09070827154040387 0.5181600000000001 1.359486638167775 -2.1835770929012974
17004 10979952 -1.5612949895473711 -0.08549612136581633 0.54864 1.359486638167775 -2.1835770929012974
17005 10979952 -1.6013397967196992 -0.07485218380700784 0.54864 1.359486638167775 -2.1835770929012974
17006 10979952 -1.6413846038920272 -0.06420824624819935 0.54864 1.359486638167775 -2.1835770929012974
17007 10979952 -1.6779760546598872 -0.05223986781100978 0.54864 1.359486638167775 -2.1835770929012974
17008 10979952 -1.7189920938793948 -0.028542203607504174 0.54864 1.359486638167775 -2.1835770929012974
17009 10979952 -1.7518090530008095 -0.00530618584519485 0.54864 1.359486638167775 -2.1835770929012974
17010 10979952 -1.7882284210997603 0.016421092292022016 0.54864 1.359486638167775 -2.1835770929012974
17011 10979952 -1.8222999096022539 0.04532569895929303 0.54864 1.359486638167775 -2.1835770929012974
17012 10979952 -1.855818735411323 0.0759192031377168 0.57912 1.359486638167775 -2.1835770929012974
17013 10979952 -1.8862525921912183 0.10643851270503066 0.57912 1.359486638167775 -2.1835770929012974
17014 10979952 -1.9186100836291973 0.13922306979606766 0.57912 1.359486638167775 -2.1835770929012974
17015 10979952 -1.9481325802406053 0.17388461751489878 0.57912 1.359486638167775 -2.1835770929012974
17016 10979952 -1.97576021923686 0.20564819846012852 0.57912 1.359486638167775 -2.1835770929012974
17017 10979952 -2.003387858233115 0.23741177940535826 0.57912 1.359486638167775 -2.1835770929012974
17018 10979952 -2.031633889774189 0.27434369318764107 0.57912 1.359486638167775 -2.1835770929012974
17019 10979952 -2.058126483066669 0.31011796399948244 0.6096 1.359486638167775 -2.1835770929012974
17020 10979952 -2.085102200979917 0.34441470159459586 0.6096 1.359486638167775 -2.1835770929012974
17021 10979952 -2.108647708476993 0.3796925305624469 0.6096 1.359486638167775 -2.1835770929012974
17022 10979952 -2.131502325056486 0.4170813164756896 0.6096 1.359486638167775 -2.1835770929012974
17023 10979952 -2.154757844024849 0.45460142715343366 0.6096 1.359486638167775 -2.1835770929012974
17024 10979952 -2.1783025163569567 0.489879462541582 0.6400800000000001 1.359486638167775 -2.1835770929012974
17025 10979952 -2.202836540107132 0.5268835539073452 0.6400800000000001 1.359486638167775 -2.1835770929012974
17026 10979952 -2.227370563857307 0.5638876452731084 0.6400800000000001 1.359486638167775 -2.1835770929012974
17027 10979952 -2.2517543685419463 0.5968701924597327 0.6400800000000001 1.359486638167775 -2.1835770929012974
17028 10979952 -2.2776247995171692 0.6329098694751206 0.6400800000000001 1.359486638167775 -2.1835770929012974
17029 10979952 -2.3056927461311583 0.672005634363337 0.6400800000000001 1.359486638167775 -2.1835770929012974
17030 10979952 -2.320071896211985 0.6904981374192841 0.6400800000000001 1.359486638167775 -2.1835770929012974
17031 10979952 -2.334451046292812 0.7089906404752312 0.6400800000000001 1.359486638167775 -2.1835770929012974
17032 10979952 -2.3900002090800214 0.7873417870459477 0.6400800000000001 1.359486638167775 -2.1835770929012974
17033 10979952 -2.414544469122613 0.8279727668910549 0.6400800000000001 1.359486638167775 -2.1835770929012974
17034 10979952 -2.4394438608884155 0.8686032995619165 0.6400800000000001 1.359486638167775 -2.1835770929012974
17035 10979952 -2.4638838248884767 0.909551055026849 0.6400800000000001 1.359486638167775 -2.1835770929012974
17036 10979952 -2.486653983825801 0.9469146019784518 0.67056 1.359486638167775 -2.1835770929012974
17037 10979952 -2.509145398161322 0.9867576713191626 0.67056 1.359486638167775 -2.1835770929012974
17038 10979952 -2.531937272521282 1.024596023881434 0.67056 1.359486638167775 -2.1835770929012974
17039 10979952 -2.5538775965268865 1.0644927587446926 0.67056 1.359486638167775 -2.1835770929012974
17040 10979952 -2.5788095498829815 1.1050181744676801 0.67056 1.359486638167775 -2.1835770929012974
17041 10979952 -2.5995490491069875 1.1420684928950586 0.67056 1.359486638167775 -2.1835770929012974
17042 10979952 -2.619691509091184 1.1836558749356727 0.67056 1.359486638167775 -2.1835770929012974
17043 10979952 -2.6398339690753803 1.2252432569762868 0.67056 1.359486638167775 -2.1835770929012974
17044 10979952 -2.662232770378264 1.2640056071403583 0.67056 1.359486638167775 -2.1835770929012974
17045 10979952 -2.6846315716811473 1.3027679573044297 0.67056 1.359486638167775 -2.1835770929012974
17046 10979952 -2.704057006517555 1.3438290745014334 0.67056 1.359486638167775 -2.1835770929012974
17047 10979952 -2.7246008480595068 1.388528086795509 0.6400800000000001 1.359486638167775 -2.1835770929012974
17048 10979952 -2.7403429511990174 1.4310713966443174 0.6400800000000001 1.359486638167775 -2.1835770929012974
17049 10979952 -2.7581093276551343 1.4771985525638178 0.6400800000000001 1.359486638167775 -2.1835770929012974
17050 10979952 -2.7703495942574614 1.5225687527681244 0.6400800000000001 1.359486638167775 -2.1835770929012974
17051 10979952 -2.7825898608597885 1.5679389529724312 0.6400800000000001 1.359486638167775 -2.1835770929012974
17052 10979952 -2.7910431269790186 1.6235207613072187 0.6400800000000001 1.359486638167775 -2.1835770929012974
17053 10979952 -2.7986630048316945 1.6680799237548078 0.6400800000000001 1.359486638167775 -2.1835770929012974
17054 10979952 -2.8037531087471494 1.71765346138562 0.6400800000000001 1.359486638167775 -2.1835770929012974
17055 10979952 -2.806941005898822 1.7662538702500064 0.6400800000000001 1.359486638167775 -2.1835770929012974
17056 10979952 -2.807089500356077 1.8153200506016163 0.6400800000000001 1.359486638167775 -2.1835770929012974
17057 10979952 -2.807237994813332 1.8643862309532262 0.6400800000000001 1.359486638167775 -2.1835770929012974
17058 10979952 -2.803902614121041 1.9120199623854917 0.6400800000000001 1.359486638167775 -2.1835770929012974
17059 10979952 -2.80056723342875 1.9596536938177571 0.6400800000000001 1.359486638167775 -2.1835770929012974
17060 10979952 -2.794968488037692 2.0104025531097727 0.6400800000000001 1.359486638167775 -2.1835770929012974
17061 10979952 -2.7825995070033382 2.0970276999861825 0.6400800000000001 1.359486638167775 -2.1835770929012974
17062 10979952 -2.772263627977314 2.1448821961389575 0.6400800000000001 1.359486638167775 -2.1835770929012974
17063 10979952 -2.7619277489512895 2.1927366922917324 0.6400800000000001 1.359486638167775 -2.1835770929012974
17064 10979952 -2.7539009613279752 2.225397300295277 0.6400800000000001 1.359486638167775 -2.1835770929012974
17065 10979952 -2.7388363925016304 2.280642787040423 0.6400800000000001 1.359486638167775 -2.1835770929012974
17066 10979952 -2.7316498144766506 2.31100778053738 0.6400800000000001 1.359486638167775 -2.1835770929012974
17067 10979952 -2.719039939628802 2.349529585222697 0.6400800000000001 1.359486638167775 -2.1835770929012974
17068 10979952 -2.701318344422803 2.394849596284841 0.6400800000000001 1.359486638167775 -2.1835770929012974
17069 10979952 -2.683596749216804 2.4401696073469847 0.6400800000000001 1.359486638167775 -2.1835770929012974
17070 10979952 -2.667186671085659 2.490300746313894 0.6400800000000001 1.359486638167775 -2.1835770929012974
17071 10979952 -2.6429813338888493 2.543897854645778 0.6400800000000001 1.359486638167775 -2.1835770929012974
17072 10979952 -2.6187759966920394 2.597494962977662 0.6400800000000001 1.359486638167775 -2.1835770929012974
17073 10979952 -2.5971332881402702 2.6391945058327178 0.6400800000000001 1.359486638167775 -2.1835770929012974
17074 10979952 -2.575490579588501 2.6808940486877733 0.6400800000000001 1.359486638167775 -2.1835770929012974
17075 10979952 -2.5398193369583346 2.7396768503576356 0.6400800000000001 1.359486638167775 -2.1835770929012974
17076 10979952 -2.5225306328664607 2.7714674070950465 0.6400800000000001 1.359486638167775 -2.1835770929012974
17077 10979952 -2.505241928774587 2.8032579638324573 0.6400800000000001 1.359486638167775 -2.1835770929012974
17078 10979952 -2.4709967119017717 2.867181542670442 0.6400800000000001 1.359486638167775 -2.1835770929012974
17079 10979952 -2.4403099965072874 2.920234635873675 0.6400800000000001 1.359486638167775 -2.1835770929012974
17080 10979952 -2.4039722184491232 2.9807858223654837 0.6400800000000001 1.359486638167775 -2.1835770929012974
17081 10979952 -2.381451450905665 3.015946719580079 0.6400800000000001 1.359486638167775 -2.1835770929012974
17082 10979952 -2.360863374967462 3.054427755756446 0.6400800000000001 1.359486638167775 -2.1835770929012974
17083 10979952 -2.3402752990292592 3.0929087919328127 0.6400800000000001 1.359486638167775 -2.1835770929012974
17084 10979952 -2.3121410503089144 3.141422511535219 0.6400800000000001 1.359486638167775 -2.1835770929012974
17085 10979952 -2.2840068015885695 3.1899362311376254 0.6400800000000001 1.359486638167775 -2.1835770929012974
17086 10979952 -2.269269902735023 3.2175961478086093 0.6400800000000001 1.359486638167775 -2.1835770929012974
17087 10979952 -2.2341400495114296 3.2760891077403733 0.6400800000000001 1.359486638167775 -2.1835770929012974
17088 10979952 -2.206563824694852 3.3196442719001666 0.6400800000000001 1.359486638167775 -2.1835770929012974
17089 10979952 -2.1730949612741517 3.371436436253521 0.6400800000000001 1.359486638167775 -2.1835770929012974
17090 10979952 -2.1558831460795407 3.3985200237549917 0.6400800000000001 1.359486638167775 -2.1835770929012974
17091 10979952 -2.1182097884742355 3.456647991381811 0.6400800000000001 1.359486638167775 -2.1835770929012974
17092 10979952 -2.096518835230541 3.489685355500762 0.6400800000000001 1.359486638167775 -2.1835770929012974
17093 10979952 -2.074827881986846 3.5227227196197126 0.6400800000000001 1.359486638167775 -2.1835770929012974
17094 10979952 -2.052366588559919 3.5574359500665924 0.6400800000000001 1.359486638167775 -2.1835770929012974
17095 10979952 -2.0242792996881533 3.5984870967940337 0.6400800000000001 1.359486638167775 -2.1835770929012974
17096 10979952 -1.9961920108163873 3.6395382435214745 0.6400800000000001 1.359486638167775 -2.1835770929012974
17097 10979952 -1.9646011434270805 3.685869316770006 0.6400800000000001 1.359486638167775 -2.1835770929012974
17098 10979952 -1.9330102760377736 3.7322003900185377 0.6400800000000001 1.359486638167775 -2.1835770929012974
17099 10979952 -1.896962150052351 3.785368804977938 0.6400800000000001 1.359486638167775 -2.1835770929012974
17100 10979952 -1.8697813028430612 3.826366239651207 0.6400800000000001 1.359486638167775 -2.1835770929012974
17101 10979952 -1.8441828753631337 3.863207762056837 0.6400800000000001 1.359486638167775 -2.1835770929012974
17102 10979952 -1.8185844478832063 3.9000492844624666 0.6400800000000001 1.359486638167775 -2.1835770929012974
17103 10979952 -1.7895497965668807 3.9431859858910876 0.6400800000000001 1.359486638167775 -2.1835770929012974
17104 10979952 -1.7605151452505552 3.986322687319708 0.6400800000000001 1.359486638167775 -2.1835770929012974
17105 10979952 -1.7302148584593697 4.02898679542513 0.6400800000000001 1.359486638167775 -2.1835770929012974
17106 10979952 -1.7087778832845701 4.061932324849161 0.6400800000000001 1.359486638167775 -2.1835770929012974
17107 10979952 -1.6532905616690525 4.139235918551251 0.6400800000000001 1.359486638167775 -2.1835770929012974
17108 10979952 -1.6372303452428307 4.163892421054631 0.6400800000000001 1.359486638167775 -2.1835770929012974
17109 10979952 -1.6079078832737725 4.204656622687908 0.6400800000000001 1.359486638167775 -2.1835770929012974
17110 10979952 -1.5744887673688803 4.256582669069688 0.6400800000000001 1.359486638167775 -2.1835770929012974
17111 10979952 -1.5512691745819773 4.290230247907376 0.6400800000000001 1.359486638167775 -2.1835770929012974
17112 10979952 -1.5280495817950743 4.323877826745064 0.6400800000000001 1.359486638167775 -2.1835770929012974
17113 10979952 -1.4889649129262745 4.3863354964004735 0.6096 1.359486638167775 -2.1835770929012974
17114 10979952 -1.4547756165141992 4.4403465528333435 0.6096 1.359486638167775 -2.1835770929012974
17115 10979952 -1.4297843409802036 4.4749334213170915 0.6096 1.359486638167775 -2.1835770929012974
17116 10979952 -1.4050227195514828 4.509361794346776 0.6248400000000001 1.359486638167775 -2.1835770929012974
17117 10979952 -1.380261098122762 4.543790167376461 0.6400800000000001 1.359486638167775 -2.1835770929012974
17118 10979952 -1.3796161135550011 4.544010707961368 0.6402164776119403 1.359486638167775 -2.1835770929012974
17119 10979952 -1.3789711289872402 4.544231248546275 0.6403529552238807 1.359486638167775 -2.1835770929012974
17120 10979952 -1.3783261444194792 4.544451789131182 0.6404894328358209 1.359486638167775 -2.1835770929012974
17121 10979952 -1.3776811598517182 4.544672329716089 0.6406259104477613 1.359486638167775 -2.1835770929012974
17122 10979952 -1.3770361752839573 4.5448928703009965 0.6407623880597015 1.359486638167775 -2.1835770929012974
17123 10979952 -1.3763911907161963 4.545113410885904 0.6408988656716419 1.359486638167775 -2.1835770929012974
17124 10979952 -1.3757462061484353 4.545333951470811 0.6410353432835821 1.359486638167775 -2.1835770929012974
17125 10979952 -1.3751012215806744 4.545554492055718 0.6411718208955225 1.359486638167775 -2.1835770929012974
17126 10979952 -1.3744562370129134 4.545775032640625 0.6413082985074627 1.359486638167775 -2.1835770929012974
17127 10979952 -1.3738112524451525 4.545995573225533 0.6414447761194031 1.359486638167775 -2.1835770929012974
17128 10979952 -1.3731662678773915 4.54621611381044 0.6415812537313433 1.359486638167775 -2.1835770929012974
17129 10979952 -1.3725212833096305 4.546436654395348 0.6417177313432837 1.359486638167775 -2.1835770929012974
17130 10979952 -1.3718762987418696 4.546657194980255 0.6418542089552239 1.359486638167775 -2.1835770929012974
17131 10979952 -1.3712313141741086 4.546877735565162 0.6419906865671643 1.359486638167775 -2.1835770929012974
17132 10979952 -1.3705863296063476 4.547098276150069 0.6421271641791045 1.359486638167775 -2.1835770929012974
17133 10979952 -1.3699413450385867 4.547318816734976 0.6422636417910449 1.359486638167775 -2.1835770929012974
17134 10979952 -1.3692963604708257 4.5475393573198835 0.6424001194029851 1.359486638167775 -2.1835770929012974
17135 10979952 -1.3686513759030647 4.547759897904791 0.6425365970149255 1.359486638167775 -2.1835770929012974
17136 10979952 -1.3680063913353038 4.547980438489698 0.6426730746268657 1.359486638167775 -2.1835770929012974
17137 10979952 -1.3673614067675428 4.548200979074605 0.6428095522388061 1.359486638167775 -2.1835770929012974
17138 10979952 -1.3667164221997818 4.548421519659512 0.6429460298507463 1.359486638167775 -2.1835770929012974
17139 10979952 -1.3660714376320209 4.548642060244419 0.6430825074626867 1.359486638167775 -2.1835770929012974
17140 10979952 -1.36542645306426 4.5488626008293265 0.6432189850746269 1.359486638167775 -2.1835770929012974
17141 10979952 -1.364781468496499 4.549083141414234 0.6433554626865673 1.359486638167775 -2.1835770929012974
17142 10979952 -1.364136483928738 4.549303681999141 0.6434919402985075 1.359486638167775 -2.1835770929012974
17143 10979952 -1.363491499360977 4.549524222584048 0.6436284179104479 1.359486638167775 -2.1835770929012974
17144 10979952 -1.362846514793216 4.549744763168955 0.6437648955223881 1.359486638167775 -2.1835770929012974
17145 10979952 -1.362201530225455 4.549965303753863 0.6439013731343285 1.359486638167775 -2.1835770929012974
17146 10979952 -1.3615565456576941 4.55018584433877 0.6440378507462687 1.359486638167775 -2.1835770929012974
17147 10979952 -1.3609115610899332 4.5504063849236775 0.6441743283582091 1.359486638167775 -2.1835770929012974
17148 10979952 -1.3602665765221722 4.550626925508585 0.6443108059701493 1.359486638167775 -2.1835770929012974
17149 10979952 -1.3596215919544112 4.550847466093492 0.6444472835820897 1.359486638167775 -2.1835770929012974
17150 10979952 -1.3589766073866503 4.551068006678399 0.6445837611940299 0.0 0.0
17151 10979952 -1.3583316228188893 4.551288547263306 0.6447202388059703 0.0 0.0
17152 10979952 -1.3576866382511283 4.551509087848213 0.6448567164179105 0.0 0.0
17153 10979952 -1.3570416536833674 4.551729628433121 0.6449931940298509 0.0 0.0
17154 10979952 -1.3563966691156064 4.551950169018028 0.6451296716417911 0.0 0.0
17155 10979952 -1.3557516845478454 4.552170709602935 0.6452661492537315 0.0 0.0
17156 10979952 -1.3551066999800845 4.552391250187842 0.6454026268656717 0.0 0.0
17157 10979952 -1.3544617154123235 4.552611790772749 0.645539104477612 0.0 0.0
17158 10979952 -1.3538167308445626 4.552832331357656 0.6456755820895523 0.0 0.0
17159 10979952 -1.3531717462768016 4.553052871942564 0.6458120597014926 0.0 0.0
17160 10979952 -1.3525267617090406 4.553273412527471 0.6459485373134329 0.0 0.0
17161 10979952 -1.3518817771412797 4.553493953112378 0.6460850149253732 0.0 0.0
17162 10979952 -1.3512367925735187 4.553714493697285 0.6462214925373135 0.0 0.0
17163 10979952 -1.3505918080057577 4.553935034282193 0.6463579701492538 0.0 0.0
17164 10979952 -1.3499468234379968 4.5541555748671 0.6464944477611941 0.0 0.0
17165 10979952 -1.3493018388702356 4.5543761154520075 0.6466309253731344 0.0 0.0
17166 10979952 -1.3486568543024746 4.554596656036915 0.6467674029850747 0.0 0.0
17167 10979952 -1.3480118697347137 4.554817196621822 0.646903880597015 0.0 0.0
17168 10979952 -1.3473668851669527 4.555037737206729 0.6470403582089553 0.0 0.0
17169 10979952 -1.3467219005991917 4.555258277791636 0.6471768358208956 0.0 0.0
17170 10979952 -1.3460769160314308 4.555478818376543 0.6473133134328359 0.0 0.0
17171 10979952 -1.3454319314636698 4.5556993589614505 0.6474497910447762 0.0 0.0
17172 10979952 -1.3447869468959088 4.555919899546358 0.6475862686567165 0.0 0.0
17173 10979952 -1.3441419623281479 4.556140440131265 0.6477227462686568 0.0 0.0
17174 10979952 -1.343496977760387 4.556360980716172 0.6478592238805971 0.0 0.0
17175 10979952 -1.342851993192626 4.556581521301079 0.6479957014925374 0.0 0.0
17176 10979952 -1.342207008624865 4.556802061885986 0.6481321791044777 0.0 0.0
17177 10979952 -1.341562024057104 4.5570226024708935 0.648268656716418 0.0 0.0
