23741 10561439 0.9484482162973998 0.13868401892008111 0.3048 2.2691385112094458 -1.2112899144904086
23742 10561439 0.9517747029114765 0.14016737066397028 0.3048 2.2691385112094458 -1.2112899144904086
23743 10561439 0.9555260240712125 0.13894174325586733 0.3048 2.2691385112094458 -1.2112899144904086
23744 10561439 0.9592773452309485 0.13771611584776441 0.3048 2.2691385112094458 -1.2112899144904086
23745 10561439 0.9629885464367527 0.13650360020784677 0.3048 2.2691385112094458 -1.2112899144904086
23746 10561439 0.9666997476425568 0.13529108456792913 0.3048 2.2691385112094458 -1.2112899144904086
23747 10561439 0.9704612389757739 0.1359313643533319 0.3048 2.2691385112094458 -1.2112899144904086
23748 10561439 0.9742227303089909 0.13657164413873465 0.3048 2.2691385112094458 -1.2112899144904086
23749 10561439 0.9779842216422079 0.13721192392413742 0.3048 2.2691385112094458 -1.2112899144904086
23750 10561439 0.9817112222838897 0.13774665095876287 0.3048 3.5236083343327564 0.7429410963331737
23751 10561439 0.9854382229255716 0.13828137799338835 0.3048 3.5236083343327564 0.7429410963331737
23752 10561439 0.9891652235672534 0.1388161050280138 0.3048 3.5236083343327564 0.7429410963331737
23753 10561439 0.9927801370502639 0.13900777298208639 0.31242000000000003 3.5236083343327564 0.7429410963331737
23754 10561439 0.9963950505332744 0.139199440936159 0.32004 3.5236083343327564 0.7429410963331737
23755 10561439 1.000009964016285 0.13939110889023157 0.32766 3.5236083343327564 0.7429410963331737
23756 10561439 1.0036248774992953 0.13958277684430415 0.33528 3.5236083343327564 0.7429410963331737
23757 10561439 1.0105257039209006 0.13732819683768965 0.3048 3.5236083343327564 0.7429410963331737
23758 10561439 1.0172131252739443 0.14040051970999065 0.3048 3.5236083343327564 0.7429410963331737
23759 10561439 1.0224156332079786 0.14001510787089466 0.3048 3.5236083343327564 0.7429410963331737
23760 10561439 1.0276181411420129 0.13962969603179864 0.3048 3.5236083343327564 0.7429410963331737
23761 10561439 1.0328206490760472 0.13924428419270266 0.3048 3.5236083343327564 0.7429410963331737
23762 10561439 1.0380231570100815 0.13885887235360667 0.3048 3.5236083343327564 0.7429410963331737
23763 10561439 1.0425286681729447 0.13797102074597323 0.33528 3.5236083343327564 0.7429410963331737
23764 10561439 1.0474234412948986 0.13637186825844524 0.3048 3.5236083343327564 0.7429410963331737
23765 10561439 1.0476522187319015 0.13571299568276995 0.33528 3.5236083343327564 0.7429410963331737
23766 10561439 1.0544085915859123 0.13899647112927008 0.3048 3.5236083343327564 0.7429410963331737
23767 10561439 1.0596794114050925 0.13918263020598665 0.31496 3.5236083343327564 0.7429410963331737
23768 10561439 1.0649502312242727 0.13936878928270324 0.32512 3.5236083343327564 0.7429410963331737
23769 10561439 1.0702210510434529 0.1395549483594198 0.33528 3.5236083343327564 0.7429410963331737
23770 10561439 1.0735644757312803 0.13846264784139406 0.33528 3.5236083343327564 0.7429410963331737
23771 10561439 1.0769079004191076 0.13737034732336834 0.33528 3.5236083343327564 0.7429410963331737
23772 10561439 1.080251325106935 0.1362780468053426 0.33528 3.5236083343327564 0.7429410963331737
23773 10561439 1.0835947497947624 0.13518574628731686 0.33528 3.5236083343327564 0.7429410963331737
23774 10561439 1.0869381744825897 0.1340934457692911 0.33528 3.5236083343327564 0.7429410963331737
23775 10561439 1.0902815991704171 0.13300114525126538 0.33528 3.5236083343327564 0.7429410963331737
23776 10561439 1.0926888663354313 0.13221469313157913 0.33528 3.5236083343327564 0.7429410963331737
23777 10561439 1.0950961335004454 0.13142824101189288 0.33528 3.5236083343327564 0.7429410963331737
23778 10561439 1.0982208563216687 0.124682940638355 0.33528 3.5236083343327564 0.7429410963331737
23779 10561439 1.0996103750620188 0.1225934290937502 0.33528 3.5236083343327564 0.7429410963331737
23780 10561439 1.1009998938023688 0.1205039175491454 0.33528 3.5236083343327564 0.7429410963331737
23781 10561439 1.102389412542719 0.1184144060045406 0.33528 3.5236083343327564 0.7429410963331737
23782 10561439 1.103733933157712 0.1150545148086452 0.32004 3.5236083343327564 0.7429410963331737
23783 10561439 1.1050784537727054 0.11169462361274979 0.3048 3.5236083343327564 0.7429410963331737
23784 10561439 1.1079662822934406 0.1105759623020394 0.30581600000000003 3.5236083343327564 0.7429410963331737
23785 10561439 1.110854110814176 0.109457300991329 0.306832 3.5236083343327564 0.7429410963331737
23786 10561439 1.1137419393349113 0.1083386396806186 0.307848 3.5236083343327564 0.7429410963331737
23787 10561439 1.1166297678556465 0.10721997836990822 0.308864 3.5236083343327564 0.7429410963331737
23788 10561439 1.1195175963763817 0.10610131705919783 0.30988000000000004 3.5236083343327564 0.7429410963331737
23789 10561439 1.1224054248971171 0.10498265574848743 0.310896 3.5236083343327564 0.7429410963331737
23790 10561439 1.1252932534178524 0.10386399443777704 0.311912 3.5236083343327564 0.7429410963331737
23791 10561439 1.1281810819385876 0.10274533312706664 0.31292800000000004 3.5236083343327564 0.7429410963331737
23792 10561439 1.1310689104593228 0.10162667181635626 0.313944 3.5236083343327564 0.7429410963331737
23793 10561439 1.1339567389800582 0.10050801050564587 0.31496 3.5236083343327564 0.7429410963331737
23794 10561439 1.1368445675007934 0.09938934919493547 0.31597600000000003 3.5236083343327564 0.7429410963331737
23795 10561439 1.1397323960215286 0.09827068788422508 0.316992 3.5236083343327564 0.7429410963331737
23796 10561439 1.1426202245422639 0.09715202657351468 0.318008 3.5236083343327564 0.7429410963331737
23797 10561439 1.1455080530629993 0.09603336526280429 0.31902400000000003 3.5236083343327564 0.7429410963331737
23798 10561439 1.1483958815837345 0.09491470395209389 0.32004 3.5236083343327564 0.7429410963331737
23799 10561439 1.1512837101044697 0.09379604264138351 0.321056 3.5236083343327564 0.7429410963331737
23800 10561439 1.1541715386252052 0.09267738133067312 0.322072 3.5236083343327564 0.7429410963331737
23801 10561439 1.1570593671459404 0.09155872001996272 0.32308800000000004 3.5236083343327564 0.7429410963331737
23802 10561439 1.1599471956666756 0.09044005870925233 0.324104 3.5236083343327564 0.7429410963331737
23803 10561439 1.1628350241874108 0.08932139739854195 0.32512 3.5236083343327564 0.7429410963331737
23804 10561439 1.1657228527081462 0.08820273608783155 0.32613600000000004 3.5236083343327564 0.7429410963331737
23805 10561439 1.1686106812288815 0.08708407477712116 0.327152 3.5236083343327564 0.7429410963331737
23806 10561439 1.1714985097496167 0.08596541346641076 0.328168 3.5236083343327564 0.7429410963331737
23807 10561439 1.1743863382703519 0.08484675215570037 0.32918400000000003 3.5236083343327564 0.7429410963331737
23808 10561439 1.1772741667910873 0.08372809084498997 0.33020000000000005 3.5236083343327564 0.7429410963331737
23809 10561439 1.1801619953118225 0.08260942953427958 0.331216 3.5236083343327564 0.7429410963331737
23810 10561439 1.1830498238325577 0.0814907682235692 0.332232 3.5236083343327564 0.7429410963331737
23811 10561439 1.1859376523532932 0.0803721069128588 0.33324800000000004 3.5236083343327564 0.7429410963331737
23812 10561439 1.1888254808740284 0.0792534456021484 0.334264 3.5236083343327564 0.7429410963331737
23813 10561439 1.1917133093947636 0.07813478429143801 0.33528 3.5236083343327564 0.7429410963331737
23814 10561439 1.1924140541949775 0.07737213859501428 0.33528 3.5236083343327564 0.7429410963331737
23815 10561439 1.1931147989951914 0.07660949289859055 0.33528 3.5236083343327564 0.7429410963331737
23816 10561439 1.193815543795405 0.07584684720216682 0.33528 3.5236083343327564 0.7429410963331737
23817 10561439 1.1945162885956189 0.07508420150574309 0.33528 3.5236083343327564 0.7429410963331737
23818 10561439 1.1952170333958327 0.07432155580931936 0.33528 3.5236083343327564 0.7429410963331737
23819 10561439 1.1959177781960466 0.07355891011289563 0.33528 3.5236083343327564 0.7429410963331737
23820 10561439 1.1966185229962603 0.0727962644164719 0.33528 3.5236083343327564 0.7429410963331737
23821 10561439 1.1973192677964741 0.07203361872004817 0.33528 3.5236083343327564 0.7429410963331737
23822 10561439 1.198020012596688 0.07127097302362444 0.33528 3.5236083343327564 0.7429410963331737
23823 10561439 1.1987207573969019 0.0705083273272007 0.33528 3.5236083343327564 0.7429410963331737
23824 10561439 1.1994215021971155 0.06974568163077698 0.33528 3.5236083343327564 0.7429410963331737
23825 10561439 1.2001222469973294 0.06898303593435325 0.33528 3.5236083343327564 0.7429410963331737
23826 10561439 1.2008229917975433 0.06822039023792952 0.33528 3.5236083343327564 0.7429410963331737
23827 10561439 1.2015237365977571 0.06745774454150578 0.33528 3.5236083343327564 0.7429410963331737
23828 10561439 1.2022244813979708 0.06669509884508205 0.33528 3.5236083343327564 0.7429410963331737
23829 10561439 1.2029252261981846 0.06593245314865832 0.33528 3.5236083343327564 0.7429410963331737
23830 10561439 1.2036259709983985 0.0651698074522346 0.33528 3.5236083343327564 0.7429410963331737
23831 10561439 1.2043267157986124 0.06440716175581086 0.33528 3.5236083343327564 0.7429410963331737
23832 10561439 1.205027460598826 0.06364451605938715 0.33528 3.5236083343327564 0.7429410963331737
23833 10561439 1.20572820539904 0.06288187036296342 0.33528 3.5236083343327564 0.7429410963331737
23834 10561439 1.2064289501992538 0.06211922466653968 0.33528 3.5236083343327564 0.7429410963331737
23835 10561439 1.2071296949994677 0.06135657897011595 0.33528 3.5236083343327564 0.7429410963331737
23836 10561439 1.2078304397996813 0.06059393327369222 0.33528 3.5236083343327564 0.7429410963331737
23837 10561439 1.2085311845998952 0.05983128757726849 0.33528 3.5236083343327564 0.7429410963331737
23838 10561439 1.209231929400109 0.059068641880844756 0.33528 3.5236083343327564 0.7429410963331737
23839 10561439 1.209932674200323 0.058305996184421026 0.33528 3.5236083343327564 0.7429410963331737
23840 10561439 1.2106334190005366 0.0575433504879973 0.33528 3.5236083343327564 0.7429410963331737
23841 10561439 1.2113341638007504 0.05678070479157357 0.33528 3.5236083343327564 0.7429410963331737
23842 10561439 1.2120349086009643 0.05601805909514984 0.33528 3.5236083343327564 0.7429410963331737
23843 10561439 1.2127356534011782 0.05525541339872611 0.33528 3.5236083343327564 0.7429410963331737
23844 10561439 1.2134363982013918 0.05449276770230238 0.33528 3.5236083343327564 0.7429410963331737
23845 10561439 1.2141371430016057 0.05373012200587865 0.33528 3.5236083343327564 0.7429410963331737
23846 10561439 1.2148378878018196 0.05296747630945492 0.33528 3.5236083343327564 0.7429410963331737
23847 10561439 1.2155386326020334 0.05220483061303119 0.33528 3.5236083343327564 0.7429410963331737
23848 10561439 1.216239377402247 0.05144218491660746 0.33528 3.5236083343327564 0.7429410963331737
23849 10561439 1.216940122202461 0.05067953922018373 0.33528 3.5236083343327564 0.7429410963331737
23850 10561439 1.2176408670026748 0.04991689352376 0.33528 3.5236083343327564 0.7429410963331737
23851 10561439 1.2183416118028887 0.04915424782733627 0.33528 3.5236083343327564 0.7429410963331737
23852 10561439 1.2190423566031023 0.04839160213091254 0.33528 3.5236083343327564 0.7429410963331737
23853 10561439 1.2197431014033162 0.047628956434488806 0.33528 3.5236083343327564 0.7429410963331737
23854 10561439 1.22044384620353 0.046866310738065076 0.33528 3.5236083343327564 0.7429410963331737
23855 10561439 1.221144591003744 0.046103665041641345 0.33528 3.5236083343327564 0.7429410963331737
23856 10561439 1.2218453358039576 0.045341019345217615 0.33528 3.5236083343327564 0.7429410963331737
23857 10561439 1.2225460806041715 0.044578373648793884 0.33528 3.5236083343327564 0.7429410963331737
23858 10561439 1.2232468254043853 0.043815727952370154 0.33528 3.5236083343327564 0.7429410963331737
23859 10561439 1.2239475702045992 0.04305308225594642 0.33528 3.5236083343327564 0.7429410963331737
23860 10561439 1.2246483150048129 0.04229043655952269 0.33528 3.5236083343327564 0.7429410963331737
23861 10561439 1.2253490598050267 0.04152779086309896 0.33528 3.5236083343327564 0.7429410963331737
23862 10561439 1.2260498046052406 0.04076514516667523 0.33528 3.5236083343327564 0.7429410963331737
23863 10561439 1.2267505494054545 0.0400024994702515 0.33528 3.5236083343327564 0.7429410963331737
23864 10561439 1.2274512942056681 0.03923985377382777 0.33528 3.5236083343327564 0.7429410963331737
23865 10561439 1.228152039005882 0.03847720807740404 0.33528 3.5236083343327564 0.7429410963331737
23866 10561439 1.2288527838060959 0.03771456238098031 0.33528 3.5236083343327564 0.7429410963331737
23867 10561439 1.2295535286063097 0.036951916684556586 0.33528 3.5236083343327564 0.7429410963331737
23868 10561439 1.2302542734065236 0.036189270988132856 0.33528 3.5236083343327564 0.7429410963331737
23869 10561439 1.2309550182067373 0.035426625291709125 0.33528 3.5236083343327564 0.7429410963331737
23870 10561439 1.2316557630069511 0.034663979595285395 0.33528 3.5236083343327564 0.7429410963331737
23871 10561439 1.232356507807165 0.033901333898861664 0.33528 3.5236083343327564 0.7429410963331737
23872 10561439 1.2330572526073789 0.033138688202437934 0.33528 3.5236083343327564 0.7429410963331737
23873 10561439 1.2337579974075925 0.032376042506014203 0.33528 3.5236083343327564 0.7429410963331737
