61731 10801356 5.793776337233571 0.18030573655133839 0.5181600000000001 -0.7988559315902777 -2.445003484775232
61732 10801356 5.711972631714647 0.19623108669025688 0.5181600000000001 -0.7988559315902777 -2.445003484775232
61733 10801356 5.65660109850196 0.1979324573844455 0.5181600000000001 -0.7988559315902777 -2.445003484775232
61734 10801356 5.595016707411157 0.20236083271004687 0.5181600000000001 -0.7988559315902777 -2.445003484775232
61735 10801356 5.541387525754612 0.2039621464448967 0.5181600000000001 -0.7988559315902777 -2.445003484775232
61736 10801356 5.485692641220414 0.19922914277893397 0.5181600000000001 -0.7988559315902777 -2.445003484775232
61737 10801356 5.443052531160484 0.19464906491211628 0.50292 -0.7988559315902777 -2.445003484775232
61738 10801356 5.400412421100555 0.1900689870452986 0.48768 -0.7988559315902777 -2.445003484775232
61739 10801356 5.357868739569918 0.183063344793129 0.48768 -0.7988559315902777 -2.445003484775232
61740 10801356 5.3153250580392815 0.1760577025409594 0.48768 -0.7988559315902777 -2.445003484775232
61741 10801356 5.240435107407952 0.16310201449165315 0.48768 -0.7988559315902777 -2.445003484775232
61742 10801356 5.19216464880892 0.14847419565711326 0.48768 -0.7988559315902777 -2.445003484775232
61743 10801356 5.138369793627999 0.13868521996252334 0.48768 -0.7988559315902777 -2.445003484775232
61744 10801356 5.089158123510864 0.1222623732147122 0.48768 -0.7988559315902777 -2.445003484775232
61745 10801356 5.028012815130201 0.10926456224263612 0.48768 -0.7988559315902777 -2.445003484775232
61746 10801356 4.981072282320026 0.0973578737126933 0.48768 -0.7988559315902777 -2.445003484775232
61747 10801356 4.922792711171699 0.0847110057706216 0.45720000000000005 -0.7988559315902777 -2.445003484775232
61748 10801356 4.838222551819359 0.06767389016565559 0.45720000000000005 -0.7988559315902777 -2.445003484775232
61749 10801356 4.792357549109933 0.052263567535275474 0.45720000000000005 -0.7988559315902777 -2.445003484775232
61750 10801356 4.735557790325044 0.044157974519006465 0.45720000000000005 -0.7988559315902777 -2.445003484775232
61751 10801356 4.705683017807606 0.036264552138325995 0.45720000000000005 -0.7988559315902777 -2.445003484775232
61752 10801356 4.675808245290168 0.028371129757645525 0.45720000000000005 -0.7988559315902777 -2.445003484775232
61753 10801356 4.618754883538419 0.018129658580808256 0.42672000000000004 -0.7988559315902777 -2.445003484775232
61754 10801356 4.5619199475904795 0.009919865328372607 0.42672000000000004 -0.7988559315902777 -2.445003484775232
61755 10801356 4.509899410838954 0.00013995468652647225 0.42672000000000004 -0.7988559315902777 -2.445003484775232
61756 10801356 4.458016421025822 -0.009217281742600197 0.42672000000000004 -0.7988559315902777 -2.445003484775232
61757 10801356 4.358990631716956 -0.014759201573854047 0.42672000000000004 -0.7988559315902777 -2.445003484775232
61758 10801356 4.31762339430545 -0.017734093766739983 0.42672000000000004 -0.7988559315902777 -2.445003484775232
61759 10801356 4.271246860425671 -0.018373681899380295 0.42672000000000004 -0.7988559315902777 -2.445003484775232
61760 10801356 4.2108359426279875 -0.021209303516491335 0.39624000000000004 -0.7988559315902777 -2.445003484775232
61761 10801356 4.150746951552731 -0.021696477524764918 0.39624000000000004 -0.7988559315902777 -2.445003484775232
61762 10801356 4.104472284581743 -0.02447091362965917 0.39624000000000004 -0.7988559315902777 -2.445003484775232
61763 10801356 4.046721839087059 -0.02513622315383071 0.39624000000000004 -0.7988559315902777 -2.445003484775232
61764 10801356 3.971660469175557 -0.022255476196858776 0.39624000000000004 -0.7988559315902777 -2.445003484775232
61765 10801356 3.9280472133861277 -0.02122478956457466 0.39624000000000004 -0.7988559315902777 -2.445003484775232
61766 10801356 3.8997501303070665 -0.02291355322057606 0.39624000000000004 -0.7988559315902777 -2.445003484775232
61767 10801356 3.8714530472280053 -0.024602316876577462 0.39624000000000004 -0.7988559315902777 -2.445003484775232
61768 10801356 3.8269326214097994 -0.02607854852301142 0.42672000000000004 -0.7988559315902777 -2.445003484775232
61769 10801356 3.7682623450747625 -0.030646906564901127 0.42672000000000004 -0.7988559315902777 -2.445003484775232
61770 10801356 3.7198219132941164 -0.029441643666315992 0.42672000000000004 -0.7988559315902777 -2.445003484775232
61771 10801356 3.6641552258820074 -0.03405486827200646 0.42672000000000004 -0.7988559315902777 -2.445003484775232
61772 10801356 3.615622160721464 -0.03422048788801904 0.42672000000000004 -0.7988559315902777 -2.445003484775232
61773 10801356 3.5574571216128517 -0.036148667290849784 0.42672000000000004 -0.7988559315902777 -2.445003484775232
61774 10801356 3.506344258856201 -0.036055782285677324 0.42672000000000004 -0.7988559315902777 -2.445003484775232
61775 10801356 3.4542256667284654 -0.02979363591905551 0.42672000000000004 -0.7988559315902777 -2.445003484775232
61776 10801356 3.404775181188303 -0.022610389321749847 0.42672000000000004 -0.7988559315902777 -2.445003484775232
61777 10801356 3.355324695648141 -0.015427142724444185 0.42672000000000004 -0.7988559315902777 -2.445003484775232
61778 10801356 3.3058742101079783 -0.008243896127138522 0.42672000000000004 -0.7988559315902777 -2.445003484775232
61779 10801356 3.2408767976476964 0.012970175120170263 0.42672000000000004 -0.7988559315902777 -2.445003484775232
61780 10801356 3.200041359803949 0.021158646519879393 0.42672000000000004 -0.7988559315902777 -2.445003484775232
61781 10801356 3.1510041549595185 0.04230420057046433 0.42672000000000004 -0.7988559315902777 -2.445003484775232
61782 10801356 3.1181044670050704 0.05304291296819183 0.42672000000000004 -0.7988559315902777 -2.445003484775232
61783 10801356 3.0852047790506223 0.06378162536591933 0.42672000000000004 -0.7988559315902777 -2.445003484775232
61784 10801356 3.0515519276293235 0.08037361357426662 0.42672000000000004 -0.7988559315902777 -2.445003484775232
61785 10801356 3.007280576423592 0.09435748796226515 0.42672000000000004 -0.7988559315902777 -2.445003484775232
61786 10801356 2.963528706395273 0.11401292401310734 0.42672000000000004 -0.7988559315902777 -2.445003484775232
61787 10801356 2.9133772357688006 0.13038419239796237 0.42672000000000004 -0.7988559315902777 -2.445003484775232
61788 10801356 2.844086077537175 0.15884486688562036 0.42672000000000004 -0.7988559315902777 -2.445003484775232
61789 10801356 2.79995305832018 0.1732523130776161 0.42672000000000004 -0.7988559315902777 -2.445003484775232
61790 10801356 2.751180566059965 0.1938474062663482 0.42672000000000004 -0.7988559315902777 -2.445003484775232
61791 10801356 2.715190300677679 0.21143801950414773 0.42672000000000004 -0.7988559315902777 -2.445003484775232
61792 10801356 2.664653362577713 0.23342759032336288 0.42672000000000004 -0.7988559315902777 -2.445003484775232
61793 10801356 2.6189612463077125 0.2648167545038751 0.42672000000000004 -0.7988559315902777 -2.445003484775232
61794 10801356 2.5921612522389594 0.2826786427976628 0.42672000000000004 -0.7988559315902777 -2.445003484775232
61795 10801356 2.5653612581702063 0.3005405310914505 0.42672000000000004 -0.7988559315902777 -2.445003484775232
61796 10801356 2.5086706475144984 0.3431148659930823 0.42672000000000004 -0.7988559315902777 -2.445003484775232
61797 10801356 2.4923994346846303 0.35718904148189284 0.42672000000000004 -0.7988559315902777 -2.445003484775232
61798 10801356 2.4761282218547622 0.3712632169707034 0.42672000000000004 -0.7988559315902777 -2.445003484775232
61799 10801356 2.4297939734734104 0.4169989174562547 0.42672000000000004 -0.7988559315902777 -2.445003484775232
61800 10801356 2.4007374587285235 0.4449441332834605 0.42672000000000004 -0.7988559315902777 -2.445003484775232
61801 10801356 2.372254706093769 0.47328628498890324 0.42672000000000004 -0.7988559315902777 -2.445003484775232
61802 10801356 2.3275389689253023 0.5198964011181478 0.42672000000000004 -0.7988559315902777 -2.445003484775232
61803 10801356 2.291623196881189 0.5583764256005538 0.42672000000000004 -0.7988559315902777 -2.445003484775232
61804 10801356 2.2641962862745117 0.5869586025013647 0.42672000000000004 -0.7988559315902777 -2.445003484775232
61805 10801356 2.236106316796869 0.617860259956773 0.42672000000000004 -0.7988559315902777 -2.445003484775232
61806 10801356 2.2016666349733756 0.6510693425665391 0.42672000000000004 -0.7988559315902777 -2.445003484775232
61807 10801356 2.1751629904800494 0.6868271494814095 0.42672000000000004 -0.7988559315902777 -2.445003484775232
61808 10801356 2.1410906259406146 0.7197999396968101 0.42672000000000004 -0.7988559315902777 -2.445003484775232
61809 10801356 2.1268628266333485 0.735369293003971 0.42672000000000004 -0.7988559315902777 -2.445003484775232
61810 10801356 2.112635027326082 0.7509386463111319 0.42672000000000004 -0.7988559315902777 -2.445003484775232
61811 10801356 2.067212528365849 0.7983664002443797 0.42672000000000004 -0.7988559315902777 -2.445003484775232
61812 10801356 2.021938585084107 0.8443442745260707 0.42672000000000004 -0.7988559315902777 -2.445003484775232
61813 10801356 1.9745884246031313 0.8883137429864741 0.42672000000000004 -0.7988559315902777 -2.445003484775232
61814 10801356 1.9579370876928794 0.9046167991855859 0.42672000000000004 -0.7988559315902777 -2.445003484775232
61815 10801356 1.9412857507826273 0.9209198553846977 0.42672000000000004 -0.7988559315902777 -2.445003484775232
61816 10801356 1.8991260636631164 0.9454377267720311 0.42672000000000004 -0.7988559315902777 -2.445003484775232
61817 10801356 1.8461921604527631 0.9872602874665771 0.42672000000000004 -0.7988559315902777 -2.445003484775232
61818 10801356 1.8269270872065742 0.9962398463466765 0.42672000000000004 -0.7988559315902777 -2.445003484775232
61819 10801356 1.7626949834274135 1.0306553844401145 0.42672000000000004 -0.31954237263611107 -0.978001393910093
61820 10801356 1.7234570651250352 1.0518837488120885 0.42672000000000004 -0.31954237263611107 -0.978001393910093
61821 10801356 1.6746710873337727 1.0754135795521538 0.42672000000000004 -0.31954237263611107 -0.978001393910093
61822 10801356 1.6306240463857138 1.0898021486751917 0.42672000000000004 -0.31954237263611107 -0.978001393910093
61823 10801356 1.586496864331918 1.1042172029128396 0.42672000000000004 -0.31954237263611107 -0.978001393910093
61824 10801356 1.542450003656959 1.1186063238855881 0.42672000000000004 -0.31954237263611107 -0.978001393910093
61825 10801356 1.4769654149287397 1.1345084288036411 0.42672000000000004 -0.31954237263611107 -0.978001393910093
61826 10801356 1.4364214074650115 1.1424967601699896 0.42672000000000004 -0.31954237263611107 -0.978001393910093
61827 10801356 1.4136221481436613 1.1473167092393668 0.42672000000000004 -0.31954237263611107 -0.978001393910093
61828 10801356 1.390822888822311 1.1521366583087438 0.42672000000000004 -0.31954237263611107 -0.978001393910093
61829 10801356 1.3134767855425973 1.1599993167798917 0.42672000000000004 -0.31954237263611107 -0.978001393910093
61830 10801356 1.2632365238643088 1.1648773231953675 0.42672000000000004 -0.31954237263611107 -0.978001393910093
61831 10801356 1.2129962621860204 1.1697553296108432 0.42672000000000004 -0.31954237263611107 -0.978001393910093
61832 10801356 1.1593225257026605 1.1749965008702912 0.42672000000000004 -0.31954237263611107 -0.978001393910093
61833 10801356 1.1056487892193008 1.180237672129739 0.42672000000000004 -0.31954237263611107 -0.978001393910093
61834 10801356 1.0736137021560386 1.1841043862181462 0.42672000000000004 -0.31954237263611107 -0.978001393910093
61835 10801356 1.0415786150927764 1.1879711003065534 0.42672000000000004 -0.31954237263611107 -0.978001393910093
61836 10801356 0.9868383473010016 1.1930069218985007 0.42672000000000004 -0.31954237263611107 -0.978001393910093
61837 10801356 0.9351385741851718 1.2005544568016795 0.42672000000000004 -0.31954237263611107 -0.978001393910093
61838 10801356 0.881093221192716 1.2009245073334285 0.42672000000000004 -0.31954237263611107 -0.978001393910093
61839 10801356 0.8288992222316768 1.207232355541135 0.42672000000000004 -0.31954237263611107 -0.978001393910093
61840 10801356 0.7653191274303857 1.2121210169699579 0.42672000000000004 -0.31954237263611107 -0.978001393910093
61841 10801356 0.7285090560890127 1.2163230232743698 0.42672000000000004 -0.31954237263611107 -0.978001393910093
61842 10801356 0.6916989847476398 1.2205250295787817 0.42672000000000004 -0.31954237263611107 -0.978001393910093
61843 10801356 0.6262614249041714 1.225437814246296 0.42672000000000004 -0.31954237263611107 -0.978001393910093
61844 10801356 0.5851963183880782 1.2281688251536451 0.42672000000000004 -0.31954237263611107 -0.978001393910093
61845 10801356 0.544131211871985 1.230899836060994 0.42672000000000004 -0.31954237263611107 -0.978001393910093
61846 10801356 0.5239534504790686 1.2316530061785547 0.42672000000000004 -0.31954237263611107 -0.978001393910093
61847 10801356 0.4320037088745458 1.2376385389528597 0.42672000000000004 -0.31954237263611107 -0.978001393910093
61848 10801356 0.3746554080928089 1.243531328751996 0.42672000000000004 -0.31954237263611107 -0.978001393910093
61849 10801356 0.3403835817652008 1.2466719795638999 0.42672000000000004 -0.31954237263611107 -0.978001393910093
61850 10801356 0.3061117554375926 1.249812630375804 0.42672000000000004 -0.31954237263611107 -0.978001393910093
61851 10801356 0.2804903252237767 1.252929950333897 0.42672000000000004 -0.31954237263611107 -0.978001393910093
61852 10801356 0.20581297241237873 1.2594646195929633 0.42672000000000004 -0.31954237263611107 -0.978001393910093
61853 10801356 0.17902257542421252 1.2630812391275688 0.42672000000000004 -0.31954237263611107 -0.978001393910093
61854 10801356 0.10439251851636722 1.2711203043235328 0.42672000000000004 -0.31954237263611107 -0.978001393910093
61855 10801356 0.07532900893040595 1.2718585620285718 0.42672000000000004 -0.31954237263611107 -0.978001393910093
61856 10801356 0.0277739910413497 1.2744358607772264 0.42672000000000004 -0.31954237263611107 -0.978001393910093
61857 10801356 -0.04037496696151788 1.285732031271542 0.42672000000000004 -0.31954237263611107 -0.978001393910093
61858 10801356 -0.09932865514445366 1.2863117039963068 0.42672000000000004 -0.31954237263611107 -0.978001393910093
61859 10801356 -0.14152919477446013 1.2892425935768774 0.42672000000000004 -0.31954237263611107 -0.978001393910093
61860 10801356 -0.19170433081995086 1.2971175769596315 0.42672000000000004 -0.31954237263611107 -0.978001393910093
61861 10801356 -0.24025422573630917 1.3023585398244393 0.42672000000000004 -0.31954237263611107 -0.978001393910093
61862 10801356 -0.27838648874194494 1.3036096187560222 0.42672000000000004 -0.31954237263611107 -0.978001393910093
61863 10801356 -0.35664031905906457 1.3114361639210768 0.42672000000000004 -0.31954237263611107 -0.978001393910093
61864 10801356 -0.3802907507220027 1.3137945793522778 0.42672000000000004 -0.31954237263611107 -0.978001393910093
61865 10801356 -0.4039411823849408 1.3161529947834791 0.42672000000000004 -0.31954237263611107 -0.978001393910093
61866 10801356 -0.44646286736018537 1.3191906329431569 0.42672000000000004 -0.31954237263611107 -0.978001393910093
61867 10801356 -0.5001408971026955 1.3217871719227723 0.42672000000000004 -0.31954237263611107 -0.978001393910093
61868 10801356 -0.5618037085729164 1.330383268881045 0.42672000000000004 -0.31954237263611107 -0.978001393910093
61869 10801356 -0.6106923833550033 1.3302461746572758 0.42672000000000004 -0.31954237263611107 -0.978001393910093
61870 10801356 -0.6675863586987967 1.3382184649313942 0.42672000000000004 -0.31954237263611107 -0.978001393910093
61871 10801356 -0.7148874523016018 1.3429373766937294 0.42672000000000004 -0.31954237263611107 -0.978001393910093
61872 10801356 -0.7607673402569595 1.347250414775909 0.42672000000000004 -0.31954237263611107 -0.978001393910093
61873 10801356 -0.8066472282123172 1.3515634528580884 0.42672000000000004 -0.31954237263611107 -0.978001393910093
61874 10801356 -0.8421058644287287 1.35515614870343 0.42672000000000004 -0.31954237263611107 -0.978001393910093
61875 10801356 -0.8775645006451402 1.3587488445487714 0.42672000000000004 -0.31954237263611107 -0.978001393910093
61876 10801356 -0.919491392198456 1.3608936593734102 0.42672000000000004 -0.31954237263611107 -0.978001393910093
61877 10801356 -0.9684317496267738 1.366033479861988 0.42672000000000004 -0.31954237263611107 -0.978001393910093
61878 10801356 -1.0354972912067104 1.372778599567795 0.42672000000000004 -0.31954237263611107 -0.978001393910093
61879 10801356 -1.0879064250536306 1.3727444420526458 0.42672000000000004 -0.31954237263611107 -0.978001393910093
61880 10801356 -1.1326361338902016 1.3706662564052674 0.42672000000000004 -0.31954237263611107 -0.978001393910093
61881 10801356 -1.184271394536023 1.3659397500276007 0.42672000000000004 -0.31954237263611107 -0.978001393910093
61882 10801356 -1.230451290666984 1.3594291895341017 0.42672000000000004 -0.31954237263611107 -0.978001393910093
61883 10801356 -1.2667176053360392 1.3495594598012017 0.42672000000000004 -0.31954237263611107 -0.978001393910093
61884 10801356 -1.3029839200050943 1.339689730068302 0.42672000000000004 -0.31954237263611107 -0.978001393910093
61885 10801356 -1.3619879887097446 1.3194981387733284 0.42672000000000004 -0.31954237263611107 -0.978001393910093
61886 10801356 -1.4310836006720378 1.2888208386752618 0.42672000000000004 -0.31954237263611107 -0.978001393910093
61887 10801356 -1.4528636399379502 1.2740962778602196 0.42672000000000004 -0.31954237263611107 -0.978001393910093
61888 10801356 -1.4883016321344449 1.2482997589413518 0.42672000000000004 -0.31954237263611107 -0.978001393910093
61889 10801356 -1.5497456061146944 1.1935047248598762 0.42672000000000004 -0.31954237263611107 -0.978001393910093
61890 10801356 -1.5832259057477358 1.1563187145356033 0.42672000000000004 -0.31954237263611107 -0.978001393910093
61891 10801356 -1.6120552318412489 1.1252059325516945 0.42672000000000004 -0.31954237263611107 -0.978001393910093
61892 10801356 -1.6267084692559022 1.1021329677629899 0.42672000000000004 -0.31954237263611107 -0.978001393910093
61893 10801356 -1.6413617066705555 1.0790600029742854 0.42672000000000004 -0.31954237263611107 -0.978001393910093
61894 10801356 -1.6652147920335747 1.0387247637228274 0.42672000000000004 -0.31954237263611107 -0.978001393910093
61895 10801356 -1.6873960536711998 0.9872101265122879 0.42672000000000004 -0.31954237263611107 -0.978001393910093
61896 10801356 -1.7044772428450303 0.9431406646362782 0.42672000000000004 -0.31954237263611107 -0.978001393910093
61897 10801356 -1.7141648078513658 0.8972367049107431 0.42672000000000004 -0.31954237263611107 -0.978001393910093
61898 10801356 -1.7236205133010156 0.8438959438890631 0.42672000000000004 -0.31954237263611107 -0.978001393910093
61899 10801356 -1.7325845081140343 0.7893427768321217 0.42672000000000004 -0.31954237263611107 -0.978001393910093
61900 10801356 -1.7375448420659245 0.7361672408609669 0.42672000000000004 -0.31954237263611107 -0.978001393910093
61901 10801356 -1.7412898870822262 0.6731301013975748 0.42672000000000004 -0.31954237263611107 -0.978001393910093
61902 10801356 -1.7425915326591201 0.6202766983286726 0.42672000000000004 -0.31954237263611107 -0.978001393910093
61903 10801356 -1.7483682730575312 0.5551000887792887 0.42672000000000004 -0.31954237263611107 -0.978001393910093
61904 10801356 -1.7489918809023386 0.5272624401772219 0.42672000000000004 -0.31954237263611107 -0.978001393910093
61905 10801356 -1.749615488747146 0.49942479157515496 0.42672000000000004 -0.31954237263611107 -0.978001393910093
61906 10801356 -1.7490763771054223 0.4511103200077079 0.42672000000000004 -0.31954237263611107 -0.978001393910093
61907 10801356 -1.7467344614877858 0.3754498269013847 0.42672000000000004 -0.31954237263611107 -0.978001393910093
61908 10801356 -1.7423619947472808 0.3392596932734391 0.42672000000000004 -0.31954237263611107 -0.978001393910093
61909 10801356 -1.7379895280067756 0.3030695596454934 0.42672000000000004 -0.31954237263611107 -0.978001393910093
61910 10801356 -1.7208865859562172 0.2385879019936102 0.42672000000000004 -0.31954237263611107 -0.978001393910093
61911 10801356 -1.7047988227365265 0.19815689066368167 0.42672000000000004 -0.31954237263611107 -0.978001393910093
61912 10801356 -1.6924466932868436 0.15988261537177037 0.42672000000000004 -0.31954237263611107 -0.978001393910093
61913 10801356 -1.6539502657351857 0.09997090520228755 0.42672000000000004 -0.31954237263611107 -0.978001393910093
61914 10801356 -1.6345790748618285 0.07201966928605949 0.42672000000000004 -0.31954237263611107 -0.978001393910093
61915 10801356 -1.6022204246941907 0.039236424184333346 0.42672000000000004 -0.31954237263611107 -0.978001393910093
61916 10801356 -1.5711268195348629 0.0131764519479933 0.42672000000000004 -0.31954237263611107 -0.978001393910093
61917 10801356 -1.5338599394275902 -0.00976150633138853 0.42672000000000004 -0.31954237263611107 -0.978001393910093
61918 10801356 -1.4990340772350723 -0.02115175448986964 0.42672000000000004 -0.31954237263611107 -0.978001393910093
61919 10801356 -1.4596172735605453 -0.03941783699851345 0.42672000000000004 -0.31954237263611107 -0.978001393910093
61920 10801356 -1.402276622840296 -0.04742200518273457 0.42672000000000004 -0.31954237263611107 -0.978001393910093
61921 10801356 -1.3846313834041972 -0.05050548965317306 0.42672000000000004 -0.31954237263611107 -0.978001393910093
61922 10801356 -1.3669861439680984 -0.05358897412361155 0.42672000000000004 -0.31954237263611107 -0.978001393910093
61923 10801356 -1.3113105299222474 -0.053102928784157705 0.41148000000000007 -0.31954237263611107 -0.978001393910093
61924 10801356 -1.2776636150946312 -0.052072193502774256 0.40386000000000005 -0.31954237263611107 -0.978001393910093
61925 10801356 -1.2440167002670148 -0.051041458221390806 0.39624000000000004 -0.31954237263611107 -0.978001393910093
61926 10801356 -1.2149796479788675 -0.04984657733194803 0.39624000000000004 -0.31954237263611107 -0.978001393910093
61927 10801356 -1.1859425956907204 -0.04865169644250525 0.39624000000000004 -0.31954237263611107 -0.978001393910093
61928 10801356 -1.1314382921782327 -0.049300242958849966 0.39624000000000004 -0.31954237263611107 -0.978001393910093
61929 10801356 -1.0908741700232776 -0.045857309704082555 0.39624000000000004 -0.31954237263611107 -0.978001393910093
61930 10801356 -1.0580429615198483 -0.04596100669699746 0.39624000000000004 -0.31954237263611107 -0.978001393910093
61931 10801356 -1.0153322426584468 -0.04029873350904947 0.39624000000000004 -0.31954237263611107 -0.978001393910093
61932 10801356 -1.0002497796335335 -0.03763622886155896 0.39624000000000004 -0.31954237263611107 -0.978001393910093
61933 10801356 -0.9488849402988897 -0.03538758498753583 0.39624000000000004 -0.31954237263611107 -0.978001393910093
61934 10801356 -0.9143628336127787 -0.03031865898619604 0.36576 -0.31954237263611107 -0.978001393910093
61935 10801356 -0.881967634116221 -0.03039590407923823 0.36576 -0.31954237263611107 -0.978001393910093
61936 10801356 -0.8469322436577396 -0.027831225640446905 0.36576 -0.31954237263611107 -0.978001393910093
61937 10801356 -0.8131954300093449 -0.027879512132566425 0.36576 -0.31954237263611107 -0.978001393910093
61938 10801356 -0.783056732873116 -0.025349205314212392 0.36576 -0.31954237263611107 -0.978001393910093
61939 10801356 -0.7506230004281123 -0.021232471560880956 0.36576 -0.31954237263611107 -0.978001393910093
61940 10801356 -0.7169553548041243 -0.021491403618815713 0.33528 -0.31954237263611107 -0.978001393910093
61941 10801356 -0.6675195860895125 -0.021063769456697107 0.33528 -0.31954237263611107 -0.978001393910093
61942 10801356 -0.6395942721438723 -0.018510285829792777 0.33528 -0.31954237263611107 -0.978001393910093
61943 10801356 -0.6231962519498805 -0.01861386822508776 0.33528 -0.31954237263611107 -0.978001393910093
61944 10801356 -0.6067982317558887 -0.018717450620382742 0.33528 -0.31954237263611107 -0.978001393910093
61945 10801356 -0.5680471853474034 -0.015380163435666255 0.33528 -0.31954237263611107 -0.978001393910093
61946 10801356 -0.5211113471993756 -0.014718484097892365 0.3048 -0.31954237263611107 -0.978001393910093
61947 10801356 -0.5010854742643791 -0.010516691016580676 0.3048 -0.31954237263611107 -0.978001393910093
61948 10801356 -0.45288834692750357 -0.009799618137507876 0.3048 -0.31954237263611107 -0.978001393910093
61949 10801356 -0.4249762101201906 -0.00864308577504072 0.3048 -0.31954237263611107 -0.978001393910093
61950 10801356 -0.3793422031444973 -0.0021806903640157194 0.3048 -0.31954237263611107 -0.978001393910093
61951 10801356 -0.3416629052331819 -0.0037494357161012293 0.27432 -0.31954237263611107 -0.978001393910093
61952 10801356 -0.3096697217965265 -0.003692915109341083 0.27432 -0.31954237263611107 -0.978001393910093
61953 10801356 -0.27174060712847703 -0.0017795101491502874 0.27432 -0.31954237263611107 -0.978001393910093
61954 10801356 -0.23381149246042754 0.00013389481104050804 0.27432 -0.31954237263611107 -0.978001393910093
61955 10801356 -0.19910948440400267 0.003044017239419855 0.27432 -0.31954237263611107 -0.978001393910093
61956 10801356 -0.18266001967934842 0.0030997817275981165 0.27432 -0.31954237263611107 -0.978001393910093
61957 10801356 -0.16621055495469417 0.003155546215776378 0.27432 -0.31954237263611107 -0.978001393910093
61958 10801356 -0.13373614844480053 0.00305548238855588 0.27432 -0.31954237263611107 -0.978001393910093
61959 10801356 -0.10581553434077084 0.0015232389518941292 0.24384 -0.31954237263611107 -0.978001393910093
61960 10801356 -0.06848896064060128 0.0032255602744356293 0.24384 -0.31954237263611107 -0.978001393910093
61961 10801356 -0.02757474610176125 0.00340493293530017 0.24384 -0.31954237263611107 -0.978001393910093
61962 10801356 0.006126403213148612 0.00325498215398326 0.24384 -0.31954237263611107 -0.978001393910093
61963 10801356 0.04044850617830498 0.005005174002040952 0.24384 -0.31954237263611107 -0.978001393910093
61964 10801356 0.07419805865153847 0.0046646713516771895 0.23622 -0.31954237263611107 -0.978001393910093
61965 10801356 0.10794761112477197 0.004324168701313427 0.22860000000000003 -0.31954237263611107 -0.978001393910093
61966 10801356 0.14169716359800547 0.003983666050949665 0.22098 -0.31954237263611107 -0.978001393910093
61967 10801356 0.17544671607123896 0.0036431634005859026 0.21336000000000002 -0.31954237263611107 -0.978001393910093
61968 10801356 0.2191255797554973 0.005490534113149842 0.21336000000000002 -0.31954237263611107 -0.978001393910093
61969 10801356 0.2432170413711125 0.0051526182217189465 0.21336000000000002 -0.31954237263611107 -0.978001393910093
61970 10801356 0.2673085029867277 0.004814702330288051 0.21336000000000002 -0.31954237263611107 -0.978001393910093
61971 10801356 0.2909298276379496 0.0045332578651371596 0.21336000000000002 -0.31954237263611107 -0.978001393910093
61972 10801356 0.3145511522891715 0.004251813399986269 0.21336000000000002 -0.31954237263611107 -0.978001393910093
61973 10801356 0.33817247694039343 0.003970368934835378 0.21336000000000002 -0.31954237263611107 -0.978001393910093
61974 10801356 0.3607568234841223 0.00459265622815952 0.21336000000000002 -0.31954237263611107 -0.978001393910093
61975 10801356 0.3833411700278512 0.0052149435214836615 0.21336000000000002 -0.31954237263611107 -0.978001393910093
61976 10801356 0.4027644612663762 0.005163527421803069 0.21336000000000002 -0.31954237263611107 -0.978001393910093
61977 10801356 0.42218775250490126 0.005112111322122478 0.21336000000000002 -0.31954237263611107 -0.978001393910093
61978 10801356 0.44161104374342625 0.005060695222441886 0.21336000000000002 -0.31954237263611107 -0.978001393910093
61979 10801356 0.4610343349819513 0.005009279122761294 0.21336000000000002 -0.31954237263611107 -0.978001393910093
61980 10801356 0.48045762622047633 0.004957863023080702 0.21336000000000002 -0.31954237263611107 -0.978001393910093
61981 10801356 0.4998809174590013 0.004906446923400111 0.21336000000000002 -0.31954237263611107 -0.978001393910093
61982 10801356 0.5193042086975264 0.004855030823719519 0.21336000000000002 -0.31954237263611107 -0.978001393910093
61983 10801356 0.5387274999360514 0.004803614724038927 0.21336000000000002 -0.31954237263611107 -0.978001393910093
61984 10801356 0.5581507911745764 0.004752198624358335 0.21336000000000002 -0.31954237263611107 -0.978001393910093
