4389 10866934 0.9386288301169193 0.16081810651074782 0.43434000000000006 6.543844049475119 1.3797477503330375
4390 10866934 0.935403041046506 0.15638119833811953 0.43434000000000006 6.543844049475119 1.3797477503330375
4391 10866934 0.9321933627517976 0.15742987361403943 0.43434000000000006 6.543844049475119 1.3797477503330375
4392 10866934 0.934608677336028 0.15938615842207332 0.43434000000000006 6.543844049475119 1.3797477503330375
4393 10866934 0.9370239919202583 0.1613424432301072 0.43434000000000006 6.543844049475119 1.3797477503330375
4394 10866934 0.9338143158885234 0.1623911177675373 0.43434000000000006 6.543844049475119 1.3797477503330375
4395 10866934 0.9338736193041005 0.16238517032900018 0.4293475862068966 6.543844049475119 1.3797477503330375
4396 10866934 0.9339329227196776 0.16237922289046305 0.42435517241379317 6.543844049475119 1.3797477503330375
4397 10866934 0.9339922261352548 0.16237327545192592 0.4193627586206897 6.543844049475119 1.3797477503330375
4398 10866934 0.9340515295508319 0.1623673280133888 0.4143703448275863 6.543844049475119 1.3797477503330375
4399 10866934 0.9341108329664091 0.1623613805748517 0.40937793103448283 6.543844049475119 1.3797477503330375
4400 10866934 0.9341701363819862 0.16235543313631456 0.4043855172413794 6.543844049475119 1.3797477503330375
4401 10866934 0.9342294397975633 0.16234948569777743 0.39939310344827594 6.543844049475119 1.3797477503330375
4402 10866934 0.9342887432131405 0.1623435382592403 0.3944006896551725 6.543844049475119 1.3797477503330375
4403 10866934 0.9343480466287176 0.16233759082070318 0.38940827586206905 6.543844049475119 1.3797477503330375
4404 10866934 0.9344073500442948 0.16233164338216605 0.38441586206896555 6.543844049475119 1.3797477503330375
4405 10866934 0.9344666534598719 0.16232569594362892 0.3794234482758621 6.543844049475119 1.3797477503330375
4406 10866934 0.934525956875449 0.1623197485050918 0.37443103448275866 6.543844049475119 1.3797477503330375
4407 10866934 0.9345852602910262 0.16231380106655466 0.3694386206896552 6.543844049475119 1.3797477503330375
4408 10866934 0.9346445637066033 0.16230785362801756 0.36444620689655177 6.543844049475119 1.3797477503330375
4409 10866934 0.9347038671221805 0.16230190618948043 0.3594537931034483 6.543844049475119 1.3797477503330375
4410 10866934 0.9347631705377576 0.1622959587509433 0.3544613793103449 6.543844049475119 1.3797477503330375
4411 10866934 0.9348224739533347 0.16229001131240617 0.34946896551724144 6.543844049475119 1.3797477503330375
4412 10866934 0.9348817773689119 0.16228406387386904 0.344476551724138 6.543844049475119 1.3797477503330375
4413 10866934 0.934941080784489 0.1622781164353319 0.33948413793103455 6.543844049475119 1.3797477503330375
4414 10866934 0.9350003842000661 0.16227216899679478 0.3344917241379311 6.543844049475119 1.3797477503330375
4415 10866934 0.9350596876156433 0.16226622155825765 0.32949931034482766 6.543844049475119 1.3797477503330375
4416 10866934 0.9351189910312205 0.16226027411972055 0.32450689655172416 6.543844049475119 1.3797477503330375
4417 10866934 0.9351782944467977 0.16225432668118342 0.3195144827586207 6.543844049475119 1.3797477503330375
4418 10866934 0.9352375978623748 0.1622483792426463 0.31452206896551727 6.543844049475119 1.3797477503330375
4419 10866934 0.935296901277952 0.16224243180410916 0.3095296551724138 6.543844049475119 1.3797477503330375
4420 10866934 0.9353562046935291 0.16223648436557203 0.3045372413793104 6.543844049475119 1.3797477503330375
4421 10866934 0.9354155081091062 0.1622305369270349 0.29954482758620693 6.543844049475119 1.3797477503330375
4422 10866934 0.9354748115246834 0.16222458948849777 0.2945524137931035 6.543844049475119 1.3797477503330375
4423 10866934 0.9355341149402605 0.16221864204996064 0.28956000000000004 6.543844049475119 1.3797477503330375
4424 10866934 0.9355934183558376 0.1622126946114235 0.2845675862068966 6.543844049475119 1.3797477503330375
4425 10866934 0.9356527217714148 0.1622067471728864 0.27957517241379315 6.543844049475119 1.3797477503330375
4426 10866934 0.9357120251869919 0.16220079973434928 0.2745827586206897 6.543844049475119 1.3797477503330375
4427 10866934 0.9357713286025691 0.16219485229581215 0.26959034482758626 6.543844049475119 1.3797477503330375
4428 10866934 0.9358306320181462 0.16218890485727502 0.2645979310344828 6.543844049475119 1.3797477503330375
4429 10866934 0.9358899354337233 0.1621829574187379 0.25960551724137937 6.543844049475119 1.3797477503330375
4430 10866934 0.9359492388493005 0.16217700998020076 0.2546131034482759 6.543844049475119 1.3797477503330375
4431 10866934 0.9360085422648776 0.16217106254166364 0.24962068965517245 6.543844049475119 1.3797477503330375
4432 10866934 0.9360678456804548 0.1621651151031265 0.244628275862069 6.543844049475119 1.3797477503330375
4433 10866934 0.9361271490960319 0.16215916766458938 0.23963586206896556 6.543844049475119 1.3797477503330375
4434 10866934 0.936186452511609 0.16215322022605227 0.23464344827586212 6.543844049475119 1.3797477503330375
4435 10866934 0.9362457559271862 0.16214727278751515 0.22965103448275867 6.543844049475119 1.3797477503330375
4436 10866934 0.9363050593427633 0.16214132534897802 0.22465862068965523 6.543844049475119 1.3797477503330375
4437 10866934 0.9363643627583405 0.1621353779104409 0.21966620689655178 6.543844049475119 1.3797477503330375
4438 10866934 0.9364236661739176 0.16212943047190376 0.2146737931034483 6.543844049475119 1.3797477503330375
4439 10866934 0.9364829695894947 0.16212348303336663 0.20968137931034486 6.543844049475119 1.3797477503330375
4440 10866934 0.9365422730050719 0.1621175355948295 0.20468896551724142 6.543844049475119 1.3797477503330375
4441 10866934 0.936601576420649 0.16211158815629237 0.19969655172413797 6.543844049475119 1.3797477503330375
4442 10866934 0.9366608798362261 0.16210564071775527 0.19470413793103453 6.543844049475119 1.3797477503330375
4443 10866934 0.9367201832518033 0.16209969327921814 0.18971172413793108 6.543844049475119 1.3797477503330375
4444 10866934 0.9367794866673804 0.162093745840681 0.18471931034482764 6.543844049475119 1.3797477503330375
4445 10866934 0.9368387900829576 0.16208779840214388 0.1797268965517242 6.543844049475119 1.3797477503330375
4446 10866934 0.9368980934985347 0.16208185096360675 0.17473448275862075 6.543844049475119 1.3797477503330375
4447 10866934 0.9369573969141118 0.16207590352506962 0.1697420689655173 6.543844049475119 1.3797477503330375
4448 10866934 0.937016700329689 0.1620699560865325 0.16474965517241386 6.543844049475119 1.3797477503330375
4449 10866934 0.9370760037452661 0.16206400864799536 0.1597572413793104 6.543844049475119 1.3797477503330375
4450 10866934 0.9371353071608433 0.16205806120945823 0.1547648275862069 6.543844049475119 1.3797477503330375
4451 10866934 0.9371946105764204 0.16205211377092113 0.14977241379310346 6.543844049475119 1.3797477503330375
4452 10866934 0.9372539139919975 0.162046166332384 0.14478000000000002 6.543844049475119 1.3797477503330375
4453 10866934 0.9373132174075747 0.16204021889384687 0.13978758620689657 6.543844049475119 1.3797477503330375
4454 10866934 0.9373725208231518 0.16203427145530974 0.13479517241379313 6.543844049475119 1.3797477503330375
