12369 10628960 1.8759163928784635 -4.713489300787583 0.762 6.111787835250203 -0.8691578770785184
12370 10628960 1.8546606917435287 -4.641136618014394 0.762 6.111787835250203 -0.8691578770785184
12371 10628960 1.8517872394656434 -4.624078533023291 0.762 6.111787835250203 -0.8691578770785184
12372 10628960 1.8253207365845985 -4.56088853560808 0.7924800000000001 6.111787835250203 -0.8691578770785184
12373 10628960 1.8054896321368343 -4.518203739766662 0.7924800000000001 6.111787835250203 -0.8691578770785184
12374 10628960 1.7804726080846598 -4.477797859709768 0.7924800000000001 6.111787835250203 -0.8691578770785184
12375 10628960 1.7697239548860484 -4.460914368814001 0.7924800000000001 6.111787835250203 -0.8691578770785184
12376 10628960 1.7589753016874372 -4.444030877918235 0.7924800000000001 6.111787835250203 -0.8691578770785184
12377 10628960 1.7292674013424332 -4.402210369664641 0.7924800000000001 6.111787835250203 -0.8691578770785184
12378 10628960 1.717433905603128 -4.387834602583703 0.7924800000000001 6.111787835250203 -0.8691578770785184
12379 10628960 1.6591623790412906 -4.32927254473069 0.7924800000000001 6.111787835250203 -0.8691578770785184
12380 10628960 1.6376412724437666 -4.307558213240675 0.7924800000000001 6.111787835250203 -0.8691578770785184
12381 10628960 1.6161201658462423 -4.285843881750661 0.7924800000000001 6.111787835250203 -0.8691578770785184
12382 10628960 1.5665293547770227 -4.252951621154361 0.7924800000000001 6.111787835250203 -0.8691578770785184
12383 10628960 1.5306777529268565 -4.230501475478756 0.7924800000000001 6.111787835250203 -0.8691578770785184
12384 10628960 1.487244449139307 -4.205692925185471 0.7924800000000001 6.111787835250203 -0.8691578770785184
12385 10628960 1.4567130464616578 -4.190352570952099 0.7924800000000001 6.111787835250203 -0.8691578770785184
12386 10628960 1.4197584306963027 -4.172915180151381 0.7924800000000001 6.111787835250203 -0.8691578770785184
12387 10628960 1.366745722098062 -4.150235224536985 0.7924800000000001 6.111787835250203 -0.8691578770785184
12388 10628960 1.3330030240303334 -4.133845856498954 0.7924800000000001 6.111787835250203 -0.8691578770785184
12389 10628960 1.3040983541276865 -4.1244092982012255 0.7924800000000001 6.111787835250203 -0.8691578770785184
12390 10628960 1.2751936842250393 -4.114972739903496 0.7924800000000001 6.111787835250203 -0.8691578770785184
12391 10628960 1.2342659060805463 -4.106984264782263 0.7924800000000001 6.111787835250203 -0.8691578770785184
12392 10628960 1.189323622825797 -4.0976848548566585 0.7924800000000001 6.111787835250203 -0.8691578770785184
12393 10628960 1.1676655778561833 -4.095987319904138 0.82296 6.111787835250203 -0.8691578770785184
12394 10628960 1.115818352216503 -4.084433015681324 0.82296 6.111787835250203 -0.8691578770785184
12395 10628960 1.0680286883071746 -4.080044059034545 0.82296 6.111787835250203 -0.8691578770785184
12396 10628960 1.0289135811675172 -4.0719453129539 0.82296 6.111787835250203 -0.8691578770785184
12397 10628960 0.9894538078018142 -4.064901990731731 0.82296 6.111787835250203 -0.8691578770785184
12398 10628960 0.9525406207094163 -4.058222692764067 0.82296 6.111787835250203 -0.8691578770785184
12399 10628960 0.9236219646126524 -4.054270410631633 0.82296 6.111787835250203 -0.8691578770785184
12400 10628960 0.8947033085158886 -4.0503181284992 0.82296 6.111787835250203 -0.8691578770785184
12401 10628960 0.8448138215025598 -4.046643857071009 0.80772 6.111787835250203 -0.8691578770785184
12402 10628960 0.8001174768879212 -4.042484156764439 0.80264 6.111787835250203 -0.8691578770785184
12403 10628960 0.7554211322732826 -4.038324456457868 0.79756 6.111787835250203 -0.8691578770785184
12404 10628960 0.710724787658644 -4.034164756151298 0.7924800000000001 6.111787835250203 -0.8691578770785184
12405 10628960 0.6591754060893911 -4.034211121984683 0.7924800000000001 6.111787835250203 -0.8691578770785184
12406 10628960 0.6206972085306821 -4.030961624078278 0.7924800000000001 6.111787835250203 -0.8691578770785184
12407 10628960 0.5822190109719731 -4.027712126171874 0.7924800000000001 6.111787835250203 -0.8691578770785184
12408 10628960 0.5284158667935639 -4.0264958892869505 0.7924800000000001 6.111787835250203 -0.8691578770785184
12409 10628960 0.49111966166274124 -4.0275161489528735 0.7924800000000001 6.111787835250203 -0.8691578770785184
12410 10628960 0.44659546936623984 -4.029446591792467 0.7924800000000001 6.111787835250203 -0.8691578770785184
12411 10628960 0.40827850145002 -4.029782618206969 0.7924800000000001 6.111787835250203 -0.8691578770785184
12412 10628960 0.3594303045048972 -4.029716226121128 0.7924800000000001 6.111787835250203 -0.8691578770785184
12413 10628960 0.335423656122306 -4.0318051988933785 0.7924800000000001 6.111787835250203 -0.8691578770785184
12414 10628960 0.3114170077397148 -4.0338941716656285 0.7924800000000001 6.111787835250203 -0.8691578770785184
12415 10628960 0.23188438250007998 -4.046702025979699 0.7924800000000001 6.111787835250203 -0.8691578770785184
12416 10628960 0.2019799534061237 -4.050252081962158 0.7924800000000001 6.111787835250203 -0.8691578770785184
12417 10628960 0.17207552431216744 -4.053802137944618 0.7924800000000001 6.111787835250203 -0.8691578770785184
12418 10628960 0.1270885548017049 -4.060953523047091 0.7924800000000001 6.111787835250203 -0.8691578770785184
12419 10628960 0.07661905583944739 -4.065846522747822 0.7924800000000001 6.111787835250203 -0.8691578770785184
12420 10628960 0.026149405390330616 -4.07073916595193 0.7924800000000001 6.111787835250203 -0.8691578770785184
12421 10628960 -0.03581727268320578 -4.078184323482467 0.7924800000000001 6.111787835250203 -0.8691578770785184
12422 10628960 -0.07565140473578502 -4.081527165286725 0.7924800000000001 6.111787835250203 -0.8691578770785184
12423 10628960 -0.11889127373185371 -4.082238530591047 0.7924800000000001 6.111787835250203 -0.8691578770785184
12424 10628960 -0.16551680875327013 -4.084881054385616 0.7924800000000001 6.111787835250203 -0.8691578770785184
12425 10628960 -0.2129464030831587 -4.08889617560864 0.7924800000000001 6.111787835250203 -0.8691578770785184
12426 10628960 -0.255174620148128 -4.085965255665082 0.7924800000000001 6.111787835250203 -0.8691578770785184
12427 10628960 -0.2984137568138401 -4.085040327142989 0.7924800000000001 6.111787835250203 -0.8691578770785184
12428 10628960 -0.3433083121053522 -4.089181926320032 0.7924800000000001 6.111787835250203 -0.8691578770785184
12429 10628960 -0.3930742875153377 -4.086474578091244 0.7924800000000001 6.111787835250203 -0.8691578770785184
12430 10628960 -0.4219276547294486 -4.0863936935578735 0.7924800000000001 6.111787835250203 -0.8691578770785184
12431 10628960 -0.4507810219435595 -4.086312809024503 0.7924800000000001 6.111787835250203 -0.8691578770785184
12432 10628960 -0.4934589765801738 -4.086387923212131 0.7924800000000001 6.111787835250203 -0.8691578770785184
12433 10628960 -0.5436983728190958 -4.087847476694449 0.7924800000000001 6.111787835250203 -0.8691578770785184
12434 10628960 -0.5826033975986118 -4.089972641706088 0.7924800000000001 6.111787835250203 -0.8691578770785184
12435 10628960 -0.6280589421936245 -4.091476000985051 0.7924800000000001 6.111787835250203 -0.8691578770785184
12436 10628960 -0.6718669341671921 -4.09935878212776 0.7924800000000001 6.111787835250203 -0.8691578770785184
12437 10628960 -0.7111516355121943 -4.102644369886257 0.7924800000000001 6.111787835250203 -0.8691578770785184
12438 10628960 -0.7559686030026584 -4.109262414997298 0.7924800000000001 6.111787835250203 -0.8691578770785184
12439 10628960 -0.7988859574630423 -4.122575984949178 0.7924800000000001 6.111787835250203 -0.8691578770785184
12440 10628960 -0.8408852274622456 -4.135254750787252 0.7924800000000001 6.111787835250203 -0.8691578770785184
12441 10628960 -0.8933889365216028 -4.157234893214708 0.7924800000000001 6.111787835250203 -0.8691578770785184
12442 10628960 -0.9368290123891996 -4.178671818808187 0.7924800000000001 6.111787835250203 -0.8691578770785184
12443 10628960 -0.9819108418097711 -4.201324480331261 0.7924800000000001 6.111787835250203 -0.8691578770785184
12444 10628960 -1.0157164020053229 -4.225909587340255 0.7924800000000001 6.111787835250203 -0.8691578770785184
12445 10628960 -1.0507128638128738 -4.24706788442309 0.7924800000000001 6.111787835250203 -0.8691578770785184
12446 10628960 -1.0688844480732684 -4.260522880690177 0.7924800000000001 6.111787835250203 -0.8691578770785184
12447 10628960 -1.087056032333663 -4.273977876957264 0.7924800000000001 6.111787835250203 -0.8691578770785184
12448 10628960 -1.1469246757345306 -4.323925349075732 0.7924800000000001 6.111787835250203 -0.8691578770785184
12449 10628960 -1.1832465397435104 -4.352127115999341 0.7924800000000001 6.111787835250203 -0.8691578770785184
12450 10628960 -1.21956840375249 -4.380328882922951 0.7924800000000001 6.111787835250203 -0.8691578770785184
12451 10628960 -1.2630427809819225 -4.414370935552492 0.7924800000000001 6.111787835250203 -0.8691578770785184
12452 10628960 -1.2648365379169872 -4.4131858703431055 0.7923051625239006 6.111787835250203 -0.8691578770785184
12453 10628960 -1.266630294852052 -4.412000805133719 0.7921303250478012 6.111787835250203 -0.8691578770785184
12454 10628960 -1.268424051787117 -4.410815739924332 0.7919554875717018 6.111787835250203 -0.8691578770785184
12455 10628960 -1.2702178087221818 -4.409630674714944 0.7917806500956024 6.111787835250203 -0.8691578770785184
12456 10628960 -1.2720115656572466 -4.4084456095055575 0.7916058126195029 6.111787835250203 -0.8691578770785184
12457 10628960 -1.2738053225923114 -4.407260544296171 0.7914309751434035 6.111787835250203 -0.8691578770785184
12458 10628960 -1.2755990795273764 -4.406075479086784 0.7912561376673041 6.111787835250203 -0.8691578770785184
12459 10628960 -1.2773928364624412 -4.404890413877397 0.7910813001912047 6.111787835250203 -0.8691578770785184
12460 10628960 -1.279186593397506 -4.4037053486680104 0.7909064627151052 6.111787835250203 -0.8691578770785184
12461 10628960 -1.2809803503325707 -4.402520283458624 0.7907316252390059 6.111787835250203 -0.8691578770785184
12462 10628960 -1.2827741072676355 -4.401335218249236 0.7905567877629064 6.111787835250203 -0.8691578770785184
12463 10628960 -1.2845678642027005 -4.400150153039849 0.7903819502868069 6.111787835250203 -0.8691578770785184
12464 10628960 -1.2863616211377653 -4.3989650878304625 0.7902071128107075 6.111787835250203 -0.8691578770785184
12465 10628960 -1.28815537807283 -4.397780022621076 0.7900322753346081 6.111787835250203 -0.8691578770785184
12466 10628960 -1.2899491350078949 -4.396594957411689 0.7898574378585087 6.111787835250203 -0.8691578770785184
12467 10628960 -1.2917428919429599 -4.395409892202302 0.7896826003824092 6.111787835250203 -0.8691578770785184
12468 10628960 -1.2935366488780247 -4.394224826992915 0.7895077629063099 6.111787835250203 -0.8691578770785184
12469 10628960 -1.2953304058130894 -4.393039761783529 0.7893329254302104 6.111787835250203 -0.8691578770785184
12470 10628960 -1.2971241627481542 -4.391854696574141 0.789158087954111 6.111787835250203 -0.8691578770785184
12471 10628960 -1.2989179196832192 -4.390669631364754 0.7889832504780115 6.111787835250203 -0.8691578770785184
12472 10628960 -1.300711676618284 -4.389484566155367 0.7888084130019121 6.111787835250203 -0.8691578770785184
12473 10628960 -1.3025054335533488 -4.388299500945981 0.7886335755258127 6.111787835250203 -0.8691578770785184
12474 10628960 -1.3042991904884136 -4.387114435736594 0.7884587380497132 6.111787835250203 -0.8691578770785184
12475 10628960 -1.3060929474234784 -4.385929370527207 0.7882839005736139 6.111787835250203 -0.8691578770785184
12476 10628960 -1.3078867043585434 -4.38474430531782 0.7881090630975144 6.111787835250203 -0.8691578770785184
12477 10628960 -1.3096804612936082 -4.383559240108433 0.787934225621415 6.111787835250203 -0.8691578770785184
12478 10628960 -1.311474218228673 -4.382374174899046 0.7877593881453155 6.111787835250203 -0.8691578770785184
12479 10628960 -1.3132679751637377 -4.381189109689659 0.7875845506692162 6.111787835250203 -0.8691578770785184
12480 10628960 -1.3150617320988027 -4.380004044480272 0.7874097131931167 6.111787835250203 -0.8691578770785184
12481 10628960 -1.3168554890338675 -4.378818979270886 0.7872348757170173 6.111787835250203 -0.8691578770785184
12482 10628960 -1.3186492459689323 -4.377633914061499 0.7870600382409179 6.111787835250203 -0.8691578770785184
12483 10628960 -1.320443002903997 -4.376448848852112 0.7868852007648184 6.111787835250203 -0.8691578770785184
12484 10628960 -1.3222367598390619 -4.375263783642724 0.786710363288719 6.111787835250203 -0.8691578770785184
12485 10628960 -1.3240305167741269 -4.374078718433338 0.7865355258126195 6.111787835250203 -0.8691578770785184
12486 10628960 -1.3258242737091916 -4.372893653223951 0.7863606883365202 6.111787835250203 -0.8691578770785184
12487 10628960 -1.3276180306442564 -4.371708588014564 0.7861858508604207 6.111787835250203 -0.8691578770785184
12488 10628960 -1.3294117875793212 -4.370523522805177 0.7860110133843213 6.111787835250203 -0.8691578770785184
12489 10628960 -1.3312055445143862 -4.3693384575957905 0.7858361759082219 6.111787835250203 -0.8691578770785184
12490 10628960 -1.332999301449451 -4.368153392386404 0.7856613384321225 6.111787835250203 -0.8691578770785184
12491 10628960 -1.3347930583845158 -4.366968327177017 0.785486500956023 6.111787835250203 -0.8691578770785184
12492 10628960 -1.3365868153195806 -4.365783261967629 0.7853116634799235 6.111787835250203 -0.8691578770785184
12493 10628960 -1.3383805722546454 -4.364598196758243 0.7851368260038242 6.111787835250203 -0.8691578770785184
12494 10628960 -1.3401743291897104 -4.363413131548856 0.7849619885277247 6.111787835250203 -0.8691578770785184
12495 10628960 -1.3419680861247751 -4.362228066339469 0.7847871510516253 6.111787835250203 -0.8691578770785184
12496 10628960 -1.34376184305984 -4.361043001130082 0.7846123135755259 6.111787835250203 -0.8691578770785184
12497 10628960 -1.3455555999949047 -4.3598579359206955 0.7844374760994265 6.111787835250203 -0.8691578770785184
12498 10628960 -1.3473493569299697 -4.358672870711309 0.784262638623327 6.111787835250203 -0.8691578770785184
12499 10628960 -1.3491431138650345 -4.357487805501921 0.7840878011472276 6.111787835250203 -0.8691578770785184
12500 10628960 -1.3509368708000993 -4.356302740292534 0.7839129636711282 6.111787835250203 -0.8691578770785184
12501 10628960 -1.352730627735164 -4.3551176750831475 0.7837381261950288 6.111787835250203 -0.8691578770785184
12502 10628960 -1.354524384670229 -4.353932609873761 0.7835632887189293 6.111787835250203 -0.8691578770785184
12503 10628960 -1.3563181416052938 -4.352747544664374 0.7833884512428299 6.111787835250203 -0.8691578770785184
12504 10628960 -1.3581118985403586 -4.351562479454987 0.7832136137667305 6.111787835250203 -0.8691578770785184
12505 10628960 -1.3599056554754234 -4.3503774142456 0.783038776290631 6.111787835250203 -0.8691578770785184
12506 10628960 -1.3616994124104882 -4.349192349036213 0.7828639388145316 6.111787835250203 -0.8691578770785184
12507 10628960 -1.3634931693455532 -4.348007283826826 0.7826891013384322 6.111787835250203 -0.8691578770785184
12508 10628960 -1.365286926280618 -4.346822218617439 0.7825142638623328 6.111787835250203 -0.8691578770785184
12509 10628960 -1.3670806832156828 -4.3456371534080525 0.7823394263862333 6.111787835250203 -0.8691578770785184
12510 10628960 -1.3688744401507476 -4.344452088198666 0.782164588910134 6.111787835250203 -0.8691578770785184
12511 10628960 -1.3706681970858126 -4.343267022989279 0.7819897514340345 6.111787835250203 -0.8691578770785184
