14368 10628960 0.6149730069943387 0.15418377792023844 0.39624000000000004 6.111787835250203 -0.8691578770785184
14369 10628960 0.6149728748895003 0.15418435593123495 0.39624000000000004 6.111787835250203 -0.8691578770785184
14370 10628960 0.6149727427846619 0.15418493394223148 0.39624000000000004 6.111787835250203 -0.8691578770785184
14371 10628960 0.6149726106798235 0.15418551195322802 0.39624000000000004 6.111787835250203 -0.8691578770785184
14372 10628960 0.614972478574985 0.15418608996422453 0.39624000000000004 6.111787835250203 -0.8691578770785184
14373 10628960 0.6149723464701466 0.15418666797522107 0.39624000000000004 6.111787835250203 -0.8691578770785184
14374 10628960 0.6149722143653082 0.1541872459862176 0.39624000000000004 6.111787835250203 -0.8691578770785184
14375 10628960 0.6149720822604698 0.15418782399721412 0.39624000000000004 6.111787835250203 -0.8691578770785184
14376 10628960 0.6149719501556314 0.15418840200821066 0.39624000000000004 6.111787835250203 -0.8691578770785184
14377 10628960 0.614971818050793 0.15418898001920717 0.39624000000000004 6.111787835250203 -0.8691578770785184
14378 10628960 0.6149716859459546 0.1541895580302037 0.39624000000000004 6.111787835250203 -0.8691578770785184
14379 10628960 0.6149715538411162 0.15419013604120024 0.39624000000000004 6.111787835250203 -0.8691578770785184
14380 10628960 0.6149714217362778 0.15419071405219675 0.39624000000000004 6.111787835250203 -0.8691578770785184
14381 10628960 0.6149712896314395 0.1541912920631933 0.39624000000000004 6.111787835250203 -0.8691578770785184
14382 10628960 0.6149711575266011 0.15419187007418983 0.39624000000000004 6.111787835250203 -0.8691578770785184
14383 10628960 0.6149710254217627 0.15419244808518634 0.39624000000000004 6.111787835250203 -0.8691578770785184
14384 10628960 0.6149708933169243 0.15419302609618288 0.39624000000000004 6.111787835250203 -0.8691578770785184
14385 10628960 0.6149707612120859 0.15419360410717942 0.39624000000000004 6.111787835250203 -0.8691578770785184
14386 10628960 0.6149706291072475 0.15419418211817593 0.39624000000000004 6.111787835250203 -0.8691578770785184
14387 10628960 0.6149704970024091 0.15419476012917246 0.39624000000000004 6.111787835250203 -0.8691578770785184
14388 10628960 0.6149703648975707 0.154195338140169 0.39624000000000004 6.111787835250203 -0.8691578770785184
14389 10628960 0.6149702327927323 0.1541959161511655 0.39624000000000004 6.111787835250203 -0.8691578770785184
14390 10628960 0.6149701006878939 0.15419649416216205 0.39624000000000004 6.111787835250203 -0.8691578770785184
14391 10628960 0.6149699685830555 0.1541970721731586 0.39624000000000004 6.111787835250203 -0.8691578770785184
14392 10628960 0.6149698364782171 0.1541976501841551 0.39624000000000004 6.111787835250203 -0.8691578770785184
14393 10628960 0.6149697043733787 0.15419822819515164 0.39624000000000004 6.111787835250203 -0.8691578770785184
14394 10628960 0.6149695722685403 0.15419880620614815 0.39624000000000004 6.111787835250203 -0.8691578770785184
14395 10628960 0.6149694401637019 0.15419938421714469 0.39624000000000004 6.111787835250203 -0.8691578770785184
14396 10628960 0.6149693080588635 0.15419996222814122 0.39624000000000004 6.111787835250203 -0.8691578770785184
14397 10628960 0.6149691759540251 0.15420054023913773 0.39624000000000004 6.111787835250203 -0.8691578770785184
14398 10628960 0.6149690438491867 0.15420111825013427 0.39624000000000004 6.111787835250203 -0.8691578770785184
14399 10628960 0.6149689117443483 0.1542016962611308 0.39624000000000004 6.111787835250203 -0.8691578770785184
14400 10628960 0.6149687796395099 0.15420227427212732 0.39624000000000004 6.111787835250203 -0.8691578770785184
14401 10628960 0.6149686475346715 0.15420285228312386 0.39624000000000004 4.890006969550464 -1.5977118631805556
14402 10628960 0.6149685154298331 0.1542034302941204 0.39624000000000004 4.890006969550464 -1.5977118631805556
14403 10628960 0.6149683833249947 0.1542040083051169 0.39624000000000004 4.890006969550464 -1.5977118631805556
14404 10628960 0.6149682512201563 0.15420458631611345 0.39624000000000004 4.890006969550464 -1.5977118631805556
14405 10628960 0.6149681191153179 0.15420516432710998 0.39624000000000004 4.890006969550464 -1.5977118631805556
14406 10628960 0.6149679870104795 0.1542057423381065 0.39624000000000004 4.890006969550464 -1.5977118631805556
14407 10628960 0.6149678549056411 0.15420632034910303 0.39624000000000004 4.890006969550464 -1.5977118631805556
14408 10628960 0.6149677228008028 0.15420689836009954 0.39624000000000004 4.890006969550464 -1.5977118631805556
14409 10628960 0.6149675906959644 0.15420747637109608 0.39624000000000004 4.890006969550464 -1.5977118631805556
14410 10628960 0.614967458591126 0.15420805438209262 0.39624000000000004 4.890006969550464 -1.5977118631805556
14411 10628960 0.6149673264862876 0.15420863239308913 0.39624000000000004 4.890006969550464 -1.5977118631805556
14412 10628960 0.6149671943814492 0.15420921040408567 0.39624000000000004 4.890006969550464 -1.5977118631805556
14413 10628960 0.6149670622766108 0.1542097884150822 0.39624000000000004 4.890006969550464 -1.5977118631805556
14414 10628960 0.6149669301717724 0.15421036642607872 0.39624000000000004 4.890006969550464 -1.5977118631805556
14415 10628960 0.614966798066934 0.15421094443707525 0.39624000000000004 4.890006969550464 -1.5977118631805556
14416 10628960 0.6149666659620956 0.1542115224480718 0.39624000000000004 4.890006969550464 -1.5977118631805556
14417 10628960 0.6149665338572572 0.1542121004590683 0.39624000000000004 4.890006969550464 -1.5977118631805556
14418 10628960 0.6149664017524188 0.15421267847006484 0.39624000000000004 4.890006969550464 -1.5977118631805556
14419 10628960 0.6149662696475804 0.15421325648106138 0.39624000000000004 4.890006969550464 -1.5977118631805556
14420 10628960 0.614966137542742 0.1542138344920579 0.39624000000000004 4.890006969550464 -1.5977118631805556
14421 10628960 0.6149660054379036 0.15421441250305443 0.39624000000000004 4.890006969550464 -1.5977118631805556
14422 10628960 0.6149658733330652 0.15421499051405096 0.39624000000000004 4.890006969550464 -1.5977118631805556
14423 10628960 0.6149657412282268 0.15421556852504748 0.39624000000000004 4.890006969550464 -1.5977118631805556
14424 10628960 0.6149656091233884 0.154216146536044 0.39624000000000004 4.890006969550464 -1.5977118631805556
14425 10628960 0.61496547701855 0.15421672454704052 0.39624000000000004 4.890006969550464 -1.5977118631805556
14426 10628960 0.6149653449137116 0.15421730255803706 0.39624000000000004 4.890006969550464 -1.5977118631805556
14427 10628960 0.6149652128088732 0.1542178805690336 0.39624000000000004 4.890006969550464 -1.5977118631805556
