15785 10801356 0.6833371625629222 -0.00714135137579081 0.45720000000000005 4.890006969550464 -1.5977118631805556
15786 10801356 0.6523576076129344 -0.0077278776929697824 0.45720000000000005 4.890006969550464 -1.5977118631805556
15787 10801356 0.6213780526629467 -0.008314404010148754 0.45720000000000005 4.890006969550464 -1.5977118631805556
15788 10801356 0.6053820241638442 -0.008344780551205855 0.45720000000000005 4.890006969550464 -1.5977118631805556
15789 10801356 0.5759253838095462 -0.006897306736034947 0.45720000000000005 4.890006969550464 -1.5977118631805556
15790 10801356 0.546468743455248 -0.0054498329208640395 0.45720000000000005 4.890006969550464 -1.5977118631805556
15791 10801356 0.5209625095018089 -0.005955021860288207 0.45720000000000005 4.890006969550464 -1.5977118631805556
15792 10801356 0.4954562755483698 -0.006460210799712374 0.45720000000000005 4.890006969550464 -1.5977118631805556
15793 10801356 0.4699500415949307 -0.006965399739136541 0.45720000000000005 4.890006969550464 -1.5977118631805556
15794 10801356 0.4563094921744841 -0.00794042677086635 0.45720000000000005 4.890006969550464 -1.5977118631805556
15795 10801356 0.44266894275403745 -0.00891545380259616 0.45720000000000005 4.890006969550464 -1.5977118631805556
15796 10801356 0.39865819606068514 -0.01042197375811757 0.45720000000000005 4.890006969550464 -1.5977118631805556
15797 10801356 0.384878763223055 -0.006386278184356303 0.48768 4.890006969550464 -1.5977118631805556
15798 10801356 0.3561651594179762 -0.00728375655365604 0.48768 4.890006969550464 -1.5977118631805556
15799 10801356 0.32386231077998806 -0.008293281121561719 0.48768 4.890006969550464 -1.5977118631805556
15800 10801356 0.3022145368864263 -0.0065928596058663635 0.48768 4.890006969550464 -1.5977118631805556
15801 10801356 0.2690641777143865 -0.006390551371226849 0.48768 4.890006969550464 -1.5977118631805556
15802 10801356 0.24234528189794569 -0.007705845243380166 0.48768 4.890006969550464 -1.5977118631805556
15803 10801356 0.19554738377526726 -0.009585474028182273 0.48768 4.890006969550464 -1.5977118631805556
15804 10801356 0.1807825194755266 -0.004760003849457184 0.48768 4.890006969550464 -1.5977118631805556
15805 10801356 0.14947384506364514 -0.00924813796951282 0.48768 4.890006969550464 -1.5977118631805556
15806 10801356 0.12836965287820695 -0.008601075357964005 0.48768 4.890006969550464 -1.5977118631805556
15807 10801356 0.10726546069276877 -0.00795401274641519 0.48768 4.890006969550464 -1.5977118631805556
15808 10801356 0.0797679496285123 -0.007845978140299331 0.5181600000000001 4.890006969550464 -1.5977118631805556
15809 10801356 0.06332462859489374 -0.007612218708103857 0.5181600000000001 4.890006969550464 -1.5977118631805556
15810 10801356 0.029449474896581895 -0.009625440540911578 0.5181600000000001 4.890006969550464 -1.5977118631805556
15811 10801356 -0.017953220318769114 -0.007918036987054539 0.5181600000000001 4.890006969550464 -1.5977118631805556
15812 10801356 -0.0291695072504764 -0.009626200327979534 0.5181600000000001 4.890006969550464 -1.5977118631805556
15813 10801356 -0.06537265716171392 -0.011695926023666786 0.5181600000000001 4.890006969550464 -1.5977118631805556
15814 10801356 -0.1034183645286868 -0.009891952192418813 0.5181600000000001 4.890006969550464 -1.5977118631805556
15815 10801356 -0.1285126926484057 -0.014657791527107195 0.5181600000000001 4.890006969550464 -1.5977118631805556
15816 10801356 -0.1552080284265951 -0.014811137180222839 0.5181600000000001 4.890006969550464 -1.5977118631805556
15817 10801356 -0.1880725095694038 -0.014817165711497243 0.5181600000000001 4.890006969550464 -1.5977118631805556
15818 10801356 -0.2358294758434598 -0.011473813087158474 0.5181600000000001 4.890006969550464 -1.5977118631805556
15819 10801356 -0.2623267411676071 -0.008303405440209105 0.54864 4.890006969550464 -1.5977118631805556
15820 10801356 -0.2863516767183669 -0.00979653807710909 0.54864 4.890006969550464 -1.5977118631805556
15821 10801356 -0.32240438733765764 -0.010044950362483401 0.54864 4.890006969550464 -1.5977118631805556
15822 10801356 -0.3533608516260849 -0.005299700030287541 0.54864 4.890006969550464 -1.5977118631805556
15823 10801356 -0.3809294513357142 -0.0070361153804377186 0.54864 4.890006969550464 -1.5977118631805556
15824 10801356 -0.4042880883520541 -0.007169421892638722 0.54864 4.890006969550464 -1.5977118631805556
15825 10801356 -0.427646725368394 -0.007302728404839726 0.54864 4.890006969550464 -1.5977118631805556
15826 10801356 -0.47228489073098223 -0.003925955747400872 0.57912 4.890006969550464 -1.5977118631805556
15827 10801356 -0.4843211520015116 -0.0054238393792281625 0.57912 4.890006969550464 -1.5977118631805556
15828 10801356 -0.49635741327204097 -0.006921723011055453 0.57912 4.890006969550464 -1.5977118631805556
15829 10801356 -0.5459869460802071 -0.006586065612526754 0.57912 4.890006969550464 -1.5977118631805556
15830 10801356 -0.5699735547934597 -0.0038848619645634186 0.57912 4.890006969550464 -1.5977118631805556
15831 10801356 -0.601406176669556 -0.004941415443079827 0.57912 4.890006969550464 -1.5977118631805556
15832 10801356 -0.6278346352161541 -0.0015585354503604154 0.57912 4.890006969550464 -1.5977118631805556
15833 10801356 -0.6612389098371498 -0.0018534048982404017 0.57912 4.890006969550464 -1.5977118631805556
15834 10801356 -0.7046433748949408 -0.002850955759536339 0.57912 4.890006969550464 -1.5977118631805556
15835 10801356 -0.7373317407652598 0.0017611442206524053 0.57912 4.890006969550464 -1.5977118631805556
15836 10801356 -0.7707361448283716 0.0014667903007425098 0.57912 4.890006969550464 -1.5977118631805556
15837 10801356 -0.8007798847350855 0.0019431230228614538 0.6096 4.890006969550464 -1.5977118631805556
15838 10801356 -0.8320575738475644 0.006795416378786806 0.6096 4.890006969550464 -1.5977118631805556
15839 10801356 -0.8644413531753388 0.006635099596481425 0.6096 4.890006969550464 -1.5977118631805556
15840 10801356 -0.895915775184388 0.009799468057998334 0.6096 4.890006969550464 -1.5977118631805556
15841 10801356 -0.923058773678215 0.009911988738783711 0.6096 4.890006969550464 -1.5977118631805556
15842 10801356 -0.9440825878498093 0.01135357133923251 0.6096 4.890006969550464 -1.5977118631805556
15843 10801356 -0.9651064020214035 0.012795153939681309 0.6096 4.890006969550464 -1.5977118631805556
15844 10801356 -0.9986102700993402 0.01627305410742294 0.6096 4.890006969550464 -1.5977118631805556
15845 10801356 -1.041785725650127 0.015436203510302976 0.6400800000000001 4.890006969550464 -1.5977118631805556
15846 10801356 -1.0675418615752623 0.01503735206775425 0.6400800000000001 4.890006969550464 -1.5977118631805556
15847 10801356 -1.0932979975003976 0.014638500625205525 0.6400800000000001 4.890006969550464 -1.5977118631805556
15848 10801356 -1.1281265307983483 0.012708338412365933 0.6400800000000001 4.890006969550464 -1.5977118631805556
15849 10801356 -1.1621786374943233 0.0077203502830594795 0.6400800000000001 4.890006969550464 -1.5977118631805556
15850 10801356 -1.1946926096876254 -0.00641640545498437 0.6400800000000001 4.890006969550464 -1.5977118631805556
15851 10801356 -1.2214722173464 -0.01985791265278783 0.67056 4.890006969550464 -1.5977118631805556
15852 10801356 -1.2610446947423493 -0.03928056977301744 0.67056 4.890006969550464 -1.5977118631805556
15853 10801356 -1.285886919035441 -0.06363714195742157 0.67056 4.890006969550464 -1.5977118631805556
15854 10801356 -1.31268965066047 -0.08746936735673252 0.67056 4.890006969550464 -1.5977118631805556
15855 10801356 -1.332006415791663 -0.11339918990590905 0.67056 4.890006969550464 -1.5977118631805556
15856 10801356 -1.3513415809246443 -0.14563217984110013 0.67056 4.890006969550464 -1.5977118631805556
15857 10801356 -1.3640482744054891 -0.1776961530078728 0.67056 4.890006969550464 -1.5977118631805556
15858 10801356 -1.381462090310887 -0.2146467723154403 0.7010400000000001 4.890006969550464 -1.5977118631805556
15859 10801356 -1.3940788705834002 -0.2695233714504748 0.7010400000000001 4.890006969550464 -1.5977118631805556
15860 10801356 -1.399535022416394 -0.3095666826159499 0.7010400000000001 4.890006969550464 -1.5977118631805556
15861 10801356 -1.400217560945839 -0.34696497451243236 0.7010400000000001 4.890006969550464 -1.5977118631805556
15862 10801356 -1.40165762186075 -0.38505021007977047 0.7010400000000001 4.890006969550464 -1.5977118631805556
15863 10801356 -1.4021156705530318 -0.42719535095159333 0.7010400000000001 4.890006969550464 -1.5977118631805556
15864 10801356 -1.3992858566207242 -0.46200343709522074 0.7010400000000001 4.890006969550464 -1.5977118631805556
15865 10801356 -1.3992690994131973 -0.510846650976492 0.7010400000000001 4.890006969550464 -1.5977118631805556
15866 10801356 -1.3895703734704805 -0.5681136703644944 0.7010400000000001 4.890006969550464 -1.5977118631805556
15867 10801356 -1.385913404751128 -0.5911579849326236 0.7010400000000001 4.890006969550464 -1.5977118631805556
15868 10801356 -1.3721050155501329 -0.6342295433872006 0.73152 4.890006969550464 -1.5977118631805556
15869 10801356 -1.3550840385660272 -0.6735904122372116 0.73152 4.890006969550464 -1.5977118631805556
15870 10801356 -1.3380630615819216 -0.7129512810872227 0.73152 4.890006969550464 -1.5977118631805556
15871 10801356 -1.3147932102345108 -0.7486887515294385 0.73152 4.890006969550464 -1.5977118631805556
15872 10801356 -1.2915233588871 -0.7844262219716541 0.73152 4.890006969550464 -1.5977118631805556
15873 10801356 -1.2572726544210495 -0.82366644809757 0.73152 4.890006969550464 -1.5977118631805556
15874 10801356 -1.2270259318189243 -0.8534186946327337 0.73152 4.890006969550464 -1.5977118631805556
15875 10801356 -1.1715633766240197 -0.8984257790340419 0.7010400000000001 4.890006969550464 -1.5977118631805556
15876 10801356 -1.122119913480165 -0.9305985951750883 0.7010400000000001 4.890006969550464 -1.5977118631805556
15877 10801356 -1.0790707611446142 -0.9578762658893344 0.7010400000000001 4.890006969550464 -1.5977118631805556
15878 10801356 -1.03013222509006 -0.9793680741409404 0.7010400000000001 4.890006969550464 -1.5977118631805556
15879 10801356 -0.9811678328348761 -0.9980639240250225 0.7010400000000001 4.890006969550464 -1.5977118631805556
15880 10801356 -0.8953035562357348 -1.023448751943311 0.7010400000000001 4.890006969550464 -1.5977118631805556
15881 10801356 -0.8327131428591417 -1.0412238364228312 0.7010400000000001 4.890006969550464 -1.5977118631805556
15882 10801356 -0.7774235475359021 -1.0541581315233046 0.7010400000000001 4.890006969550464 -1.5977118631805556
15883 10801356 -0.7156277795794501 -1.0634940600129401 0.7010400000000001 4.890006969550464 -1.5977118631805556
15884 10801356 -0.6794960092503461 -1.069814339527481 0.7010400000000001 4.890006969550464 -1.5977118631805556
15885 10801356 -0.5935978920659049 -1.0842241205588554 0.7010400000000001 4.890006969550464 -1.5977118631805556
15886 10801356 -0.5624449941765113 -1.0921875724751349 0.7010400000000001 4.890006969550464 -1.5977118631805556
15887 10801356 -0.49898408053428955 -1.0991451104811343 0.7010400000000001 4.890006969550464 -1.5977118631805556
15888 10801356 -0.4432562500128576 -1.109649672701871 0.7010400000000001 4.890006969550464 -1.5977118631805556
15889 10801356 -0.3764275481721002 -1.1209781755010564 0.7010400000000001 4.890006969550464 -1.5977118631805556
15890 10801356 -0.31948165320296007 -1.1288422785910248 0.7010400000000001 4.890006969550464 -1.5977118631805556
15891 10801356 -0.26214718988711616 -1.138234884060266 0.7010400000000001 4.890006969550464 -1.5977118631805556
15892 10801356 -0.16956157121288995 -1.1512034399051234 0.7010400000000001 4.890006969550464 -1.5977118631805556
15893 10801356 -0.14107139494616483 -1.1550818794677828 0.7010400000000001 4.890006969550464 -1.5977118631805556
15894 10801356 -0.11258121867943971 -1.1589603190304423 0.7010400000000001 4.890006969550464 -1.5977118631805556
15895 10801356 -0.0655421884751679 -1.1645193532589475 0.7010400000000001 4.890006969550464 -1.5977118631805556
15896 10801356 -0.006887738197310256 -1.1725888336020764 0.7010400000000001 4.890006969550464 -1.5977118631805556
15897 10801356 0.058989846246872535 -1.1830182472086188 0.7010400000000001 4.890006969550464 -1.5977118631805556
15898 10801356 0.14119824870295172 -1.1937599259250329 0.7010400000000001 4.890006969550464 -1.5977118631805556
15899 10801356 0.20531419277269058 -1.198705561124092 0.7010400000000001 4.890006969550464 -1.5977118631805556
15900 10801356 0.2526290277332519 -1.2034180218501425 0.7010400000000001 4.890006969550464 -1.5977118631805556
15901 10801356 0.31929052871838126 -1.2087271345634398 0.73152 4.890006969550464 -1.5977118631805556
15902 10801356 0.35107713531458107 -1.2133887076226393 0.73152 4.890006969550464 -1.5977118631805556
15903 10801356 0.4093069153436396 -1.2216665102424116 0.73152 4.890006969550464 -1.5977118631805556
15904 10801356 0.5011504993777219 -1.2298277244317481 0.73152 4.890006969550464 -1.5977118631805556
15905 10801356 0.5588641801108715 -1.2380525214425702 0.73152 4.890006969550464 -1.5977118631805556
15906 10801356 0.6209764017293228 -1.2382509943914002 0.73152 4.890006969550464 -1.5977118631805556
15907 10801356 0.6724386628535372 -1.2479372956201906 0.73152 4.890006969550464 -1.5977118631805556
15908 10801356 0.7058115106581131 -1.2477415568529635 0.73152 4.890006969550464 -1.5977118631805556
15909 10801356 0.7972301552435526 -1.256110725688088 0.73152 4.890006969550464 -1.5977118631805556
15910 10801356 0.8261981419723479 -1.2571624597951891 0.73152 4.890006969550464 -1.5977118631805556
15911 10801356 0.8911753769265645 -1.2594628852360001 0.73152 4.890006969550464 -1.5977118631805556
15912 10801356 0.9432267413281675 -1.2632648313000439 0.73152 4.890006969550464 -1.5977118631805556
15913 10801356 1.030447178431391 -1.272245754869012 0.73152 4.890006969550464 -1.5977118631805556
15914 10801356 1.063716219163979 -1.272365013068528 0.73152 4.890006969550464 -1.5977118631805556
15915 10801356 1.149998872687275 -1.2774166926641997 0.73152 4.890006969550464 -1.5977118631805556
15916 10801356 1.1988989963736256 -1.277267007021891 0.73152 4.890006969550464 -1.5977118631805556
15917 10801356 1.2573955489044057 -1.28036813608366 0.73152 4.890006969550464 -1.5977118631805556
15918 10801356 1.2969987963265563 -1.2828471459115756 0.73152 4.890006969550464 -1.5977118631805556
15919 10801356 1.336602043748707 -1.2853261557394908 0.73152 4.890006969550464 -1.5977118631805556
15920 10801356 1.3912578548916756 -1.2865877534505725 0.73152 4.890006969550464 -1.5977118631805556
15921 10801356 1.440142423037272 -1.2919220654771184 0.73152 4.890006969550464 -1.5977118631805556
15922 10801356 1.4952338443794853 -1.293208354091725 0.73152 4.890006969550464 -1.5977118631805556
15923 10801356 1.5428799730790619 -1.2982543614547546 0.73152 4.890006969550464 -1.5977118631805556
15924 10801356 1.5934535977430218 -1.2984150273809896 0.73152 4.890006969550464 -1.5977118631805556
15925 10801356 1.6468927480290283 -1.3006793183678156 0.73152 4.890006969550464 -1.5977118631805556
15926 10801356 1.6889895761831089 -1.3036786000381415 0.73152 4.890006969550464 -1.5977118631805556
15927 10801356 1.7346758936152953 -1.30656473981277 0.73152 4.890006969550464 -1.5977118631805556
15928 10801356 1.777976522747946 -1.3099566083375218 0.7010400000000001 4.890006969550464 -1.5977118631805556
15929 10801356 1.8337002021938096 -1.3079423081630435 0.7010400000000001 4.890006969550464 -1.5977118631805556
15930 10801356 1.882530284030177 -1.3079990375435273 0.7010400000000001 4.890006969550464 -1.5977118631805556
15931 10801356 1.9288392970193113 -1.3048959152522397 0.7010400000000001 4.890006969550464 -1.5977118631805556
15932 10801356 1.9645889803641605 -1.2974101992756162 0.7010400000000001 4.890006969550464 -1.5977118631805556
15933 10801356 2.0003386637090097 -1.2899244832989925 0.7010400000000001 4.890006969550464 -1.5977118631805556
15934 10801356 2.0286418665017667 -1.28865185773467 0.67056 4.890006969550464 -1.5977118631805556
15935 10801356 2.0954177417333453 -1.2707356162247538 0.67056 4.890006969550464 -1.5977118631805556
15936 10801356 2.138096211649726 -1.2586191865238117 0.67056 4.890006969550464 -1.5977118631805556
15937 10801356 2.1880931618714836 -1.242583731092043 0.67056 4.890006969550464 -1.5977118631805556
15938 10801356 2.2313973524512596 -1.218755750882059 0.67056 4.890006969550464 -1.5977118631805556
15939 10801356 2.2835933808208146 -1.1867328439322355 0.67056 4.890006969550464 -1.5977118631805556
15940 10801356 2.31805405555581 -1.16550783461837 0.67056 4.890006969550464 -1.5977118631805556
15941 10801356 2.3478714621762586 -1.1421827919780314 0.67056 4.890006969550464 -1.5977118631805556
15942 10801356 2.381088288662597 -1.109804351326293 0.6400800000000001 4.890006969550464 -1.5977118631805556
15943 10801356 2.415993584599926 -1.0722530105042078 0.6400800000000001 4.890006969550464 -1.5977118631805556
15944 10801356 2.44336312616634 -1.0373814856529344 0.6400800000000001 4.890006969550464 -1.5977118631805556
15945 10801356 2.4670667395348405 -0.9960564115763254 0.6400800000000001 4.890006969550464 -1.5977118631805556
15946 10801356 2.489677362332021 -0.960799449468669 0.6400800000000001 4.890006969550464 -1.5977118631805556
15947 10801356 2.505520552550573 -0.9285900123546212 0.6400800000000001 4.890006969550464 -1.5977118631805556
15948 10801356 2.519487656970944 -0.8885254705256804 0.6400800000000001 4.890006969550464 -1.5977118631805556
15949 10801356 2.5274951683860216 -0.8626361674238984 0.6400800000000001 4.890006969550464 -1.5977118631805556
15950 10801356 2.5355026798010987 -0.8367468643221163 0.6400800000000001 4.890006969550464 -1.5977118631805556
15951 10801356 2.546565051965771 -0.8028599061728997 0.6400800000000001 4.890006969550464 -1.5977118631805556
15952 10801356 2.5575929624896654 -0.7690785129771068 0.6400800000000001 4.890006969550464 -1.5977118631805556
15953 10801356 2.5645048807316337 -0.7343039049502172 0.6400800000000001 4.890006969550464 -1.5977118631805556
15954 10801356 2.5713173030706447 -0.693305506356031 0.6096 4.890006969550464 -1.5977118631805556
15955 10801356 2.5769549726288834 -0.6417605075765941 0.6096 4.890006969550464 -1.5977118631805556
15956 10801356 2.5768957484361508 -0.6256204043422151 0.6096 4.890006969550464 -1.5977118631805556
15957 10801356 2.5781410363377493 -0.5755618927208824 0.6096 4.890006969550464 -1.5977118631805556
15958 10801356 2.575634981055856 -0.5478757974053257 0.57912 4.890006969550464 -1.5977118631805556
15959 10801356 2.5674623200439255 -0.5049057647892096 0.57912 4.890006969550464 -1.5977118631805556
15960 10801356 2.5611409662366027 -0.4725863584036971 0.57912 4.890006969550464 -1.5977118631805556
15961 10801356 2.5539236850622267 -0.4430116833779375 0.57912 4.890006969550464 -1.5977118631805556
15962 10801356 2.5421280850907975 -0.4002605237535015 0.57912 4.890006969550464 -1.5977118631805556
15963 10801356 2.528720176860297 -0.36924878029737684 0.57912 4.890006969550464 -1.5977118631805556
15964 10801356 2.518556804285426 -0.3391794064204531 0.57912 4.890006969550464 -1.5977118631805556
15965 10801356 2.511970233677289 -0.31039454286584034 0.57912 4.890006969550464 -1.5977118631805556
15966 10801356 2.500603420160206 -0.2799321753405585 0.57912 4.890006969550464 -1.5977118631805556
15967 10801356 2.486848878351716 -0.2540638361771441 0.54864 4.890006969550464 -1.5977118631805556
15968 10801356 2.4733444341645674 -0.23178163807823846 0.54864 4.890006969550464 -1.5977118631805556
15969 10801356 2.460331353425539 -0.21234660972146738 0.54864 4.890006969550464 -1.5977118631805556
15970 10801356 2.447318272686511 -0.1929115813646963 0.54864 4.890006969550464 -1.5977118631805556
15971 10801356 2.4311859872173462 -0.1743271758212718 0.54864 4.890006969550464 -1.5977118631805556
15972 10801356 2.4062957175877457 -0.152649599352471 0.54864 4.890006969550464 -1.5977118631805556
15973 10801356 2.380027961676615 -0.13355943095842374 0.54864 4.890006969550464 -1.5977118631805556
15974 10801356 2.3508930408426183 -0.1156357175798153 0.5181600000000001 4.890006969550464 -1.5977118631805556
15975 10801356 2.325615860445216 -0.10738244292744853 0.5181600000000001 4.890006969550464 -1.5977118631805556
15976 10801356 2.2922948935425467 -0.09112893380890094 0.5181600000000001 4.890006969550464 -1.5977118631805556
15976 11396927 -4.12662553447513 0.04978984733189082 0.7010400000000001 4.890006969550464 -1.5977118631805556
15977 10801356 2.2622833649115606 -0.08132954779725857 0.5181600000000001 4.890006969550464 -1.5977118631805556
15977 11396927 -4.056179851444439 0.04541981639309797 0.7010400000000001 4.890006969550464 -1.5977118631805556
15978 10801356 2.232111388937433 -0.07147762967307705 0.5181600000000001 4.890006969550464 -1.5977118631805556
15978 11396927 -4.028300464563755 0.04482150525373782 0.7010400000000001 4.890006969550464 -1.5977118631805556
15979 11396927 -3.93866992253958 0.03907876412873454 0.7010400000000001 4.890006969550464 -1.5977118631805556
15979 10801356 2.2024209218870094 -0.06178279676504883 0.5181600000000001 4.890006969550464 -1.5977118631805556
15980 10801356 2.1677530995869905 -0.05373349689287954 0.48768 4.890006969550464 -1.5977118631805556
15980 11396927 -3.8500761375448596 0.030171043860175745 0.67056 4.890006969550464 -1.5977118631805556
15981 10801356 2.135034898858083 -0.045152450102645236 0.48768 4.890006969550464 -1.5977118631805556
15981 11396927 -3.790776977022336 0.02676532072131596 0.67056 4.890006969550464 -1.5977118631805556
15982 10801356 2.0924116567654263 -0.03427132795228413 0.48768 4.890006969550464 -1.5977118631805556
15982 11396927 -3.7569675319763487 0.026914112961103326 0.67056 4.890006969550464 -1.5977118631805556
15983 10801356 2.066752709618628 -0.03126611513320385 0.48768 4.890006969550464 -1.5977118631805556
15983 11396927 -3.6754332264584866 0.021955521247368187 0.67056 4.890006969550464 -1.5977118631805556
15984 11396927 -3.615778807414255 0.01855172348579312 0.67056 4.890006969550464 -1.5977118631805556
15984 10801356 2.037175400147469 -0.02394389913704348 0.48768 4.890006969550464 -1.5977118631805556
15985 11396927 -3.5675257167431162 0.013973061063066922 0.6400800000000001 4.890006969550464 -1.5977118631805556
15985 10801356 2.00129273509575 -0.015263383927212881 0.48768 4.890006969550464 -1.5977118631805556
15986 11396927 -3.509063948050086 0.010726840515465325 0.6400800000000001 4.890006969550464 -1.5977118631805556
15986 10801356 1.9898256673663621 -0.016658779724691958 0.48768 4.890006969550464 -1.5977118631805556
15987 11396927 -3.4505331700972715 0.007692180482269023 0.6400800000000001 4.890006969550464 -1.5977118631805556
15987 10801356 1.9661508006578376 -0.01301606113378985 0.48768 4.890006969550464 -1.5977118631805556
15988 11396927 -3.3920715724134745 0.004446925698763898 0.6400800000000001 4.890006969550464 -1.5977118631805556
15988 10801356 1.9424759339493134 -0.009373342542887741 0.48768 4.890006969550464 -1.5977118631805556
15989 11396927 -3.3393473436421592 -0.001126396298946647 0.6400800000000001 4.890006969550464 -1.5977118631805556
15989 10801356 1.8987639296606298 -0.005904065441335843 0.48768 4.890006969550464 -1.5977118631805556
15990 10801356 1.8772746537578038 -0.0044058987805496025 0.47244 4.890006969550464 -1.5977118631805556
15990 11396927 -3.2810129124402145 -0.005030236019204187 0.6400800000000001 4.890006969550464 -1.5977118631805556
15991 10801356 1.8557853778549778 -0.002907732119763362 0.45720000000000005 4.890006969550464 -1.5977118631805556
15991 11396927 -3.2369383945699886 -0.008122056837882613 0.6400800000000001 4.890006969550464 -1.5977118631805556
15992 11396927 -3.1928638766997626 -0.011213877656561039 0.6400800000000001 4.890006969550464 -1.5977118631805556
15992 10801356 1.82900297178918 0.0004652339166103525 0.45720000000000005 4.890006969550464 -1.5977118631805556
15993 11396927 -3.139315058081687 -0.017523035572535678 0.6400800000000001 4.890006969550464 -1.5977118631805556
15993 10801356 1.802025597119765 0.003785153023298543 0.45720000000000005 4.890006969550464 -1.5977118631805556
15994 10801356 1.7589138042501435 0.005014833924523565 0.45720000000000005 4.890006969550464 -1.5977118631805556
15994 11396927 -3.0813193641683334 -0.025988266449189196 0.6400800000000001 4.890006969550464 -1.5977118631805556
15995 10801356 1.7309353570868473 0.003638600920267021 0.45720000000000005 4.890006969550464 -1.5977118631805556
15995 11396927 -3.027415073763035 -0.03229608593789837 0.6096 4.890006969550464 -1.5977118631805556
15996 10801356 1.7026026386092719 0.0038968655231163274 0.45720000000000005 4.890006969550464 -1.5977118631805556
15996 11396927 -2.9663659309784913 -0.03848803997634534 0.6096 4.890006969550464 -1.5977118631805556
15997 11396927 -2.888611738287551 -0.047926287532850026 0.6096 4.890006969550464 -1.5977118631805556
15997 10801356 1.6771598889422688 0.0048468573137614435 0.45720000000000005 4.890006969550464 -1.5977118631805556
15998 11396927 -2.836485131878245 -0.05423514877173599 0.6096 4.890006969550464 -1.5977118631805556
15998 10801356 1.6415503623608185 0.0032180789532166576 0.44196 4.890006969550464 -1.5977118631805556
15999 10801356 1.6059408357793683 0.0015893005926718717 0.42672000000000004 4.890006969550464 -1.5977118631805556
15999 11396927 -2.7843930867225666 -0.06064916738291806 0.6096 4.890006969550464 -1.5977118631805556
16000 10801356 1.58950972776054 0.001582191522995574 0.42672000000000004 4.890006969550464 -1.5977118631805556
16000 11396927 -2.732938919104927 -0.06358244508057301 0.6096 4.890006969550464 -1.5977118631805556
16001 10801356 1.5529111291707847 0.003723068635017035 0.42672000000000004 4.890006969550464 -1.5977118631805556
16001 11396927 -2.673369966632828 -0.07022232611421933 0.6096 4.890006969550464 -1.5977118631805556
16002 10801356 1.524220891559493 0.0015286460701675053 0.42672000000000004 4.890006969550464 -1.5977118631805556
16002 11396927 -2.6262095029760184 -0.07677412494441552 0.6096 4.890006969550464 -1.5977118631805556
16003 10801356 1.4914964836973799 0.0019370886680730448 0.42672000000000004 4.890006969550464 -1.5977118631805556
16003 11396927 -2.573280587415499 -0.08334361883862465 0.57912 4.890006969550464 -1.5977118631805556
16004 10801356 1.4641132558258922 -0.0003335661248891203 0.42672000000000004 4.890006969550464 -1.5977118631805556
16004 11396927 -2.5218052692949726 -0.08756761775256452 0.57912 4.890006969550464 -1.5977118631805556
16005 10801356 1.429714932559028 0.0003882562142109025 0.42672000000000004 4.890006969550464 -1.5977118631805556
16005 11396927 -2.4761116205198146 -0.09317111589418095 0.57912 4.890006969550464 -1.5977118631805556
16006 10801356 1.415255325060603 -0.00037929085383256456 0.42672000000000004 4.890006969550464 -1.5977118631805556
16006 11396927 -2.4175412944394754 -0.10041688578163291 0.57912 4.890006969550464 -1.5977118631805556
16007 10801356 1.3751364358652185 0.0018609139158310972 0.39624000000000004 4.890006969550464 -1.5977118631805556
16007 11396927 -2.3426927847801036 -0.103523830209195 0.57912 4.890006969550464 -1.5977118631805556
16008 11396927 -2.2986420006085906 -0.10192873024358531 0.57912 4.890006969550464 -1.5977118631805556
16008 10801356 1.3407380130974924 0.0025831679396450258 0.39624000000000004 4.890006969550464 -1.5977118631805556
16009 11396927 -2.261762335808868 -0.10324503243608288 0.57912 4.890006969550464 -1.5977118631805556
16009 10801356 1.3291558476970906 0.0011094890294924553 0.39624000000000004 4.890006969550464 -1.5977118631805556
16010 11396927 -2.224882671009145 -0.10456133462858044 0.57912 4.890006969550464 -1.5977118631805556
16010 10801356 1.3055353689005311 0.0013876345898111893 0.39624000000000004 4.890006969550464 -1.5977118631805556
16011 10801356 1.2819148901039716 0.0016657801501299232 0.39624000000000004 4.890006969550464 -1.5977118631805556
16011 11396927 -2.173592081155891 -0.09984256288439011 0.57912 4.890006969550464 -1.5977118631805556
16012 11396927 -2.1132918462533983 -0.0985382927038704 0.54864 4.890006969550464 -1.5977118631805556
16012 10801356 1.2582944113074122 0.0019439257104486574 0.39624000000000004 4.890006969550464 -1.5977118631805556
16013 10801356 1.228471691341388 0.003625316675969957 0.39624000000000004 4.890006969550464 -1.5977118631805556
16013 11396927 -2.061995176352534 -0.0981439108756367 0.54864 4.890006969550464 -1.5977118631805556
16014 11396927 -2.01422556361515 -0.09332385785712397 0.54864 4.890006969550464 -1.5977118631805556
16014 10801356 1.198648971375364 0.005306707641491257 0.39624000000000004 4.890006969550464 -1.5977118631805556
16015 10801356 1.1695351375607719 0.004537072087122632 0.39624000000000004 4.890006969550464 -1.5977118631805556
16015 11396927 -1.9537288462138502 -0.09033005053730639 0.54864 4.890006969550464 -1.5977118631805556
16016 10801356 1.1404213037461794 0.0037674365327540066 0.39624000000000004 4.890006969550464 -1.5977118631805556
16016 11396927 -1.882040932309213 -0.08842609100612778 0.54864 4.890006969550464 -1.5977118631805556
16017 10801356 1.1086805863781883 0.001753282808272319 0.39624000000000004 4.890006969550464 -1.5977118631805556
16017 11396927 -1.8283962308725743 -0.09008349527826656 0.54864 4.890006969550464 -1.5977118631805556
16018 11396927 -1.7658985669472373 -0.09183214560341471 0.54864 4.890006969550464 -1.5977118631805556
16018 10801356 1.0866884567607333 0.0023957821535621295 0.39624000000000004 4.890006969550464 -1.5977118631805556
16019 11396927 -1.7129360986085833 -0.09828965682330007 0.54864 4.890006969550464 -1.5977118631805556
16019 10801356 1.0646963271432783 0.00303828149885194 0.39624000000000004 4.890006969550464 -1.5977118631805556
16020 11396927 -1.655944527465372 -0.11143918854135962 0.54864 4.890006969550464 -1.5977118631805556
16020 10801356 1.0427041975258233 0.003680780844141751 0.39624000000000004 4.890006969550464 -1.5977118631805556
16021 10801356 1.016544263513199 0.0032771568121586258 0.39624000000000004 4.890006969550464 -1.5977118631805556
16021 11396927 -1.5954996087014226 -0.12326411827573394 0.54864 4.890006969550464 -1.5977118631805556
16022 10801356 0.9903843295005743 0.0028735327801755004 0.39624000000000004 4.890006969550464 -1.5977118631805556
16022 11396927 -1.5427636450711175 -0.13747441782742567 0.54864 4.890006969550464 -1.5977118631805556
16023 11396927 -1.468135374690996 -0.16188197568077947 0.57912 4.890006969550464 -1.5977118631805556
16023 10801356 0.9642243954879499 0.002469908748192375 0.39624000000000004 4.890006969550464 -1.5977118631805556
16024 10801356 0.9380644614753254 0.0020662847162092497 0.39624000000000004 4.890006969550464 -1.5977118631805556
16024 11396927 -1.4387596335110582 -0.17663006896740488 0.54864 4.890006969550464 -1.5977118631805556
16025 11396927 -1.38245164345828 -0.1993385112406879 0.5638799999999999 4.890006969550464 -1.5977118631805556
16025 10801356 0.9119045274627009 0.001662660684226124 0.39624000000000004 4.890006969550464 -1.5977118631805556
16026 11396927 -1.3261436534055022 -0.22204695351397094 0.57912 4.890006969550464 -1.5977118631805556
16026 10801356 0.8857445934500764 0.0012590366522429986 0.39624000000000004 4.890006969550464 -1.5977118631805556
16027 11396927 -1.280881069613618 -0.24423859767038975 0.57912 4.890006969550464 -1.5977118631805556
16027 10801356 0.8595846594374519 0.0008554126202598732 0.39624000000000004 4.890006969550464 -1.5977118631805556
16028 10801356 0.8334247254248275 0.0004517885882767479 0.39624000000000004 4.890006969550464 -1.5977118631805556
16028 11396927 -1.2356184858217338 -0.2664302418268086 0.57912 4.890006969550464 -1.5977118631805556
16029 10801356 0.807264791412203 4.816455629362256e-05 0.39624000000000004 4.890006969550464 -1.5977118631805556
16029 11396927 -1.1893567242143381 -0.2903207179478763 0.57912 4.890006969550464 -1.5977118631805556
16030 10801356 0.7811048573995785 -0.0003554594756895032 0.39624000000000004 4.890006969550464 -1.5977118631805556
16030 11396927 -1.1430949626069424 -0.31421119406894393 0.57912 4.890006969550464 -1.5977118631805556
16031 10801356 0.7549449233869541 -0.0007590835076726286 0.39624000000000004 4.890006969550464 -1.5977118631805556
16031 11396927 -1.0823289221994383 -0.34366159330446217 0.57912 4.890006969550464 -1.5977118631805556
16032 11396927 -1.0377275430708286 -0.3658396093511701 0.57912 4.890006969550464 -1.5977118631805556
16032 10801356 0.7287849893743295 -0.001162707539655754 0.39624000000000004 4.890006969550464 -1.5977118631805556
16033 10801356 0.702625055361705 -0.0015663315716388793 0.39624000000000004 4.890006969550464 -1.5977118631805556
16033 11396927 -0.9931261639422186 -0.3880176253978781 0.57912 4.890006969550464 -1.5977118631805556
16034 11396927 -0.92220536990189 -0.418333196865308 0.57912 4.890006969550464 -1.5977118631805556
16034 10801356 0.6671076771286035 -0.000864481472973686 0.39624000000000004 4.890006969550464 -1.5977118631805556
16035 10801356 0.631590298895502 -0.00016263137430849272 0.39624000000000004 4.890006969550464 -1.5977118631805556
16035 11396927 -0.900805600834387 -0.42895189050409255 0.57912 4.890006969550464 -1.5977118631805556
16036 10801356 0.5960729206624005 0.0005392187243567007 0.39624000000000004 4.890006969550464 -1.5977118631805556
16036 11396927 -0.8286846544777098 -0.4637479375137329 0.57912 4.890006969550464 -1.5977118631805556
16037 11396927 -0.766738803391678 -0.49054316752748306 0.57912 4.890006969550464 -1.5977118631805556
16037 10801356 0.5605555424292988 0.0012410688230218938 0.39624000000000004 4.890006969550464 -1.5977118631805556
16038 10801356 0.5250381641961973 0.001942918921687087 0.39624000000000004 4.890006969550464 -1.5977118631805556
16038 11396927 -0.7158253846402349 -0.5179369754892239 0.57912 4.890006969550464 -1.5977118631805556
16039 10801356 0.4895207859630958 0.0026447690203522806 0.39624000000000004 4.890006969550464 -1.5977118631805556
16039 11396927 -0.6636453664666366 -0.540370077689155 0.57912 4.890006969550464 -1.5977118631805556
16040 11396927 -0.606305070170291 -0.5633213372955302 0.57912 4.890006969550464 -1.5977118631805556
16040 10801356 0.4406610652495189 0.002605753006364425 0.42672000000000004 4.890006969550464 -1.5977118631805556
16041 11396927 -0.5325260125396609 -0.5930478379255145 0.57912 4.890006969550464 -1.5977118631805556
16041 10801356 0.409785369700257 0.007321440558589243 0.42672000000000004 4.890006969550464 -1.5977118631805556
16042 10801356 0.3785265493759033 0.00678833456447675 0.42672000000000004 4.890006969550464 -1.5977118631805556
16042 11396927 -0.5070350526710277 -0.6074559598918934 0.57912 4.890006969550464 -1.5977118631805556
16043 11396927 -0.45063463456343267 -0.630565830986865 0.57912 4.890006969550464 -1.5977118631805556
16043 10801356 0.33817247694039343 0.003970368934835378 0.42672000000000004 4.890006969550464 -1.5977118631805556
16044 10801356 0.3056296562110268 0.003857162318832291 0.42672000000000004 4.890006969550464 -1.5977118631805556
16044 11396927 -0.3922404878019803 -0.6557288527228905 0.57912 4.890006969550464 -1.5977118631805556
16045 10801356 0.27280031633410784 0.003954558157014537 0.45720000000000005 4.890006969550464 -1.5977118631805556
16045 11396927 -0.333902319073512 -0.6797046959093657 0.57912 4.890006969550464 -1.5977118631805556
16046 10801356 0.2590126647699188 0.005247711866017468 0.45720000000000005 4.890006969550464 -1.5977118631805556
16046 11396927 -0.2805170182455281 -0.7025284305638354 0.57912 4.890006969550464 -1.5977118631805556
16047 11396927 -0.23262192375441026 -0.7224471221553361 0.57912 4.890006969550464 -1.5977118631805556
16047 10801356 0.24522501320572976 0.006540865575020399 0.45720000000000005 4.890006969550464 -1.5977118631805556
16048 11396927 -0.18472682926329242 -0.742365813746837 0.57912 4.890006969550464 -1.5977118631805556
16048 10801356 0.2124301066100548 0.0067440964639872425 0.45720000000000005 4.890006969550464 -1.5977118631805556
16049 10801356 0.18344638842034777 0.01154337779303588 0.45720000000000005 4.890006969550464 -1.5977118631805556
16049 11396927 -0.10638461745305228 -0.7757983605937385 0.57912 4.890006969550464 -1.5977118631805556
16050 10801356 0.15097240012826862 0.0116419914919893 0.45720000000000005 4.890006969550464 -1.5977118631805556
16050 11396927 -0.052615315858714595 -0.7933714100225283 0.57912 4.890006969550464 -1.5977118631805556
16051 10801356 0.10394950683982906 0.014509689522348684 0.45720000000000005 4.890006969550464 -1.5977118631805556
16051 11396927 -0.00046722141750321633 -0.8159051556751366 0.57912 4.890006969550464 -1.5977118631805556
16052 10801356 0.08253266990512809 0.01800456691210897 0.45720000000000005 4.890006969550464 -1.5977118631805556
16052 11396927 0.023216579925610326 -0.826332248766663 0.57912 4.890006969550464 -1.5977118631805556
16053 10801356 0.0486696529887678 0.01657148426296398 0.45720000000000005 4.890006969550464 -1.5977118631805556
16053 11396927 0.04690038126872387 -0.8367593418581895 0.57912 4.890006969550464 -1.5977118631805556
16054 10801356 0.01739255118457761 0.021420020946565282 0.45720000000000005 4.890006969550464 -1.5977118631805556
16054 11396927 0.12715382372822526 -0.8629858471001033 0.57912 4.890006969550464 -1.5977118631805556
16055 11396927 0.17771369473397103 -0.87950792648289 0.57912 4.890006969550464 -1.5977118631805556
16055 10801356 -0.019647334621703316 0.01950678606071707 0.48768 4.890006969550464 -1.5977118631805556
16056 11396927 0.2282735657397168 -0.8960300058656768 0.57912 4.890006969550464 -1.5977118631805556
16056 10801356 -0.05560884415347822 0.018175895346096455 0.48768 4.890006969550464 -1.5977118631805556
16057 10801356 -0.08508926660122673 0.019283166139957092 0.48768 4.890006969550464 -1.5977118631805556
16057 11396927 0.29358194554590744 -0.9119966894266095 0.57912 4.890006969550464 -1.5977118631805556
16058 10801356 -0.1158760897370611 0.021284894184727204 0.48768 4.890006969550464 -1.5977118631805556
16058 11396927 0.35105999506256746 -0.9252873093243469 0.57912 4.890006969550464 -1.5977118631805556
16059 10801356 -0.1438912715163383 0.019810489944603132 0.48768 4.890006969550464 -1.5977118631805556
16059 11396927 0.379864074563175 -0.9295587329021978 0.57912 4.890006969550464 -1.5977118631805556
16060 11396927 0.43937178308169567 -0.9431613170003424 0.57912 4.890006969550464 -1.5977118631805556
16060 10801356 -0.17204450311885555 0.01791398146044751 0.5181600000000001 4.890006969550464 -1.5977118631805556
16061 10801356 -0.205529936949715 0.016008072249264288 0.5181600000000001 4.890006969550464 -1.5977118631805556
16061 11396927 0.5243169196468674 -0.9550274903133812 0.57912 4.890006969550464 -1.5977118631805556
16062 11396927 0.5726049184775505 -0.9594722677335966 0.57912 4.890006969550464 -1.5977118631805556
16062 10801356 -0.238679245337853 0.0178478826666644 0.5181600000000001 4.890006969550464 -1.5977118631805556
16063 10801356 -0.2783467245625306 0.014691791927413683 0.5181600000000001 4.890006969550464 -1.5977118631805556
16063 11396927 0.6212657588547597 -0.9709312769153345 0.57912 4.890006969550464 -1.5977118631805556
16064 10801356 -0.29329045541849297 0.01244997729119493 0.5181600000000001 4.890006969550464 -1.5977118631805556
16064 11396927 0.6749459400807865 -0.972464037365068 0.57912 4.890006969550464 -1.5977118631805556
16065 11396927 0.7378866438122429 -0.9809938877634027 0.57912 4.890006969550464 -1.5977118631805556
16065 10801356 -0.33650402932741685 0.0065978845172019185 0.5181600000000001 4.890006969550464 -1.5977118631805556
16066 10801356 -0.35815217484483886 0.008300324802086229 0.54864 4.890006969550464 -1.5977118631805556
16066 11396927 0.7908173903468892 -0.9875381143239504 0.57912 4.890006969550464 -1.5977118631805556
16067 10801356 -0.38677594703503515 0.006324717484193082 0.54864 4.890006969550464 -1.5977118631805556
16067 11396927 0.8200446555747175 -0.9932310783027748 0.57912 4.890006969550464 -1.5977118631805556
16068 10801356 -0.41515822163373595 0.005088092967443364 0.54864 4.890006969550464 -1.5977118631805556
16068 11396927 0.9024001285095218 -1.0021439073948135 0.57912 4.890006969550464 -1.5977118631805556
16069 10801356 -0.4426819418969392 0.0024025687417501274 0.54864 4.890006969550464 -1.5977118631805556
16069 11396927 0.9491588482746368 -1.0078680158520328 0.57912 4.890006969550464 -1.5977118631805556
16070 10801356 -0.4671126668912341 0.0023862688326098114 0.54864 4.890006969550464 -1.5977118631805556
16070 11396927 0.9959175680397518 -1.0135921243092518 0.57912 4.890006969550464 -1.5977118631805556
16071 11396927 1.0465008769446538 -1.019163049437156 0.57912 4.890006969550464 -1.5977118631805556
16071 10801356 -0.491543391885529 0.0023699689234694954 0.54864 4.890006969550464 -1.5977118631805556
16072 11396927 1.097084185849556 -1.0247339745650599 0.57912 4.890006969550464 -1.5977118631805556
16072 10801356 -0.5096778840758311 -0.0025670018493716695 0.54864 4.890006969550464 -1.5977118631805556
16073 10801356 -0.5535298639337376 -0.004120089090883322 0.54864 4.890006969550464 -1.5977118631805556
16073 11396927 1.1423655351665558 -1.0315807413608402 0.57912 4.890006969550464 -1.5977118631805556
16074 11396927 1.1957895344990288 -1.0376989869134663 0.57912 4.890006969550464 -1.5977118631805556
16074 10801356 -0.56788721614718 -0.0045669462584920495 0.54864 4.890006969550464 -1.5977118631805556
16075 11396927 1.2779117273164409 -1.0516715493525202 0.57912 4.890006969550464 -1.5977118631805556
16075 10801356 -0.6019246622616853 -0.007342175390109923 0.5638799999999999 4.890006969550464 -1.5977118631805556
16076 11396927 1.3293999697974872 -1.0544696292934972 0.57912 4.890006969550464 -1.5977118631805556
16076 10801356 -0.6359621083761906 -0.010117404521727796 0.57912 4.890006969550464 -1.5977118631805556
16077 11396927 1.3869140765802908 -1.066011104802681 0.57912 4.890006969550464 -1.5977118631805556
16077 10801356 -0.6821231523644327 -0.015471394161261837 0.57912 4.890006969550464 -1.5977118631805556
16078 10801356 -0.7145068282961047 -0.01563239745708342 0.57912 4.890006969550464 -1.5977118631805556
16078 11396927 1.4337439988102645 -1.072193558051461 0.57912 4.890006969550464 -1.5977118631805556
16079 11396927 1.4874080960024019 -1.0792058001893374 0.57912 4.890006969550464 -1.5977118631805556
16079 10801356 -0.7373872496241407 -0.01878354825893716 0.57912 4.890006969550464 -1.5977118631805556
16080 10801356 -0.76586935274171 -0.01624759940880785 0.57912 4.890006969550464 -1.5977118631805556
16080 11396927 1.5404764615474398 -1.0853221586166384 0.57912 4.890006969550464 -1.5977118631805556
16081 11396927 1.5941749915794952 -1.0922280268083322 0.57912 4.890006969550464 -1.5977118631805556
16081 10801356 -0.7926860149057131 -0.022200824486697218 0.57912 4.890006969550464 -1.5977118631805556
16082 11396927 1.6495077044653128 -1.0990244294983729 0.57912 4.890006969550464 -1.5977118631805556
16082 10801356 -0.8335774125476887 -0.021215336557837167 0.6096 4.890006969550464 -1.5977118631805556
16083 11396927 1.7048404173511305 -1.1058208321884133 0.57912 4.890006969550464 -1.5977118631805556
16083 10801356 -0.8479504271426672 -0.025512120814572853 0.6096 4.890006969550464 -1.5977118631805556
16084 11396927 1.7621391099459882 -1.1136674514961409 0.57912 4.890006969550464 -1.5977118631805556
16084 10801356 -0.8754851921271192 -0.02714107043375949 0.6096 4.890006969550464 -1.5977118631805556
16085 10801356 -0.913672583464147 -0.028207651813705575 0.6096 4.890006969550464 -1.5977118631805556
16085 11396927 1.8010170710707778 -1.1183605065815863 0.57912 4.890006969550464 -1.5977118631805556
16086 10801356 -0.9472628315633609 -0.03042672508134639 0.6096 4.890006969550464 -1.5977118631805556
16086 11396927 1.8398950321955674 -1.1230535616670316 0.57912 4.890006969550464 -1.5977118631805556
16087 11396927 1.888792995454505 -1.1228991521020786 0.57912 4.890006969550464 -1.5977118631805556
16087 10801356 -0.9588507529299848 -0.030551656172342706 0.6096 4.890006969550464 -1.5977118631805556
16088 11396927 1.9425258201049478 -1.129696808099739 0.57912 4.890006969550464 -1.5977118631805556
16088 10801356 -0.9704386742966087 -0.030676587263339022 0.6096 4.890006969550464 -1.5977118631805556
16089 11396927 1.9934793891230667 -1.1246056048032573 0.57912 4.890006969550464 -1.5977118631805556
16089 10801356 -0.9977130285383047 -0.03531115746587002 0.6096 4.890006969550464 -1.5977118631805556
16090 11396927 2.0220002032475968 -1.122936970483755 0.57912 4.890006969550464 -1.5977118631805556
16090 10801356 -1.0229701170143692 -0.040838942951597984 0.6400800000000001 4.890006969550464 -1.5977118631805556
16091 10801356 -1.062555668904707 -0.051612351783288185 0.6400800000000001 4.890006969550464 -1.5977118631805556
16091 11396927 2.098667745218661 -1.111171284321361 0.57912 4.890006969550464 -1.5977118631805556
16092 11396927 2.147471659050531 -1.0949804451020637 0.57912 4.890006969550464 -1.5977118631805556
16092 10801356 -1.0909951230183337 -0.06252529996194925 0.6400800000000001 4.890006969550464 -1.5977118631805556
16093 11396927 2.2045692015861644 -1.0737870605288897 0.57912 4.890006969550464 -1.5977118631805556
16093 10801356 -1.1110736620288537 -0.07231662529232089 0.6400800000000001 4.890006969550464 -1.5977118631805556
16094 11396927 2.2408971640117303 -1.0556836441929698 0.57912 4.890006969550464 -1.5977118631805556
16094 10801356 -1.1337771540518438 -0.09176478986073114 0.6400800000000001 4.890006969550464 -1.5977118631805556
16095 11396927 2.2772251264372962 -1.0375802278570496 0.57912 4.890006969550464 -1.5977118631805556
16095 10801356 -1.157616254755548 -0.11142574751426162 0.6400800000000001 4.890006969550464 -1.5977118631805556
16096 10801356 -1.1783767167914438 -0.12601792500610512 0.6400800000000001 4.890006969550464 -1.5977118631805556
16096 11396927 2.320072802320648 -1.0083462955207316 0.57912 4.890006969550464 -1.5977118631805556
16097 10801356 -1.1999226771990792 -0.15659344982830706 0.6400800000000001 4.890006969550464 -1.5977118631805556
16097 11396927 2.3591142259789137 -0.9771686948276092 0.57912 4.890006969550464 -1.5977118631805556
16098 10801356 -1.217335702908972 -0.19354443971245663 0.6400800000000001 4.890006969550464 -1.5977118631805556
16098 11396927 2.407133271413648 -0.9280115218547337 0.57912 4.890006969550464 -1.5977118631805556
16099 10801356 -1.2379242461895548 -0.240205931329915 0.6400800000000001 4.890006969550464 -1.5977118631805556
16099 11396927 2.424206530201797 -0.900876411790635 0.57912 4.890006969550464 -1.5977118631805556
16100 11396927 2.4412797889899465 -0.8737413017265364 0.57912 4.890006969550464 -1.5977118631805556
16100 10801356 -1.2490038636208631 -0.27408721731983543 0.6400800000000001 4.890006969550464 -1.5977118631805556
16101 10801356 -1.2552341286146362 -0.3094374639269546 0.67056 4.890006969550464 -1.5977118631805556
16101 11396927 2.466899705352107 -0.8303550844213528 0.57912 4.890006969550464 -1.5977118631805556
16102 11396927 2.493334591212812 -0.7659741469528564 0.57912 4.890006969550464 -1.5977118631805556
16102 10801356 -1.263086587931648 -0.3497485333323025 0.6400800000000001 4.890006969550464 -1.5977118631805556
16103 11396927 2.5078090957447645 -0.7216361880098496 0.57912 4.890006969550464 -1.5977118631805556
16103 10801356 -1.2657685917918122 -0.39163355198680394 0.67056 4.890006969550464 -1.5977118631805556
16104 10801356 -1.260299643626204 -0.42543505377020785 0.67056 4.890006969550464 -1.5977118631805556
16104 11396927 2.50949619361396 -0.6998748398236794 0.57912 4.890006969550464 -1.5977118631805556
16105 11396927 2.522109718490672 -0.6612374804289639 0.57912 4.890006969550464 -1.5977118631805556
16105 10801356 -1.2648901011643494 -0.47207041167118347 0.67056 4.890006969550464 -1.5977118631805556
16106 10801356 -1.263146792153244 -0.51563613568029 0.67056 4.890006969550464 -1.5977118631805556
16106 11396927 2.5311725008758286 -0.6160673432948423 0.54864 4.890006969550464 -1.5977118631805556
16107 10801356 -1.2580293952309896 -0.557033750394611 0.67056 4.890006969550464 -1.5977118631805556
16107 11396927 2.5456017769864716 -0.5707800677866275 0.54864 4.890006969550464 -1.5977118631805556
16108 10801356 -1.2555437565589183 -0.5928973050670598 0.7010400000000001 4.890006969550464 -1.5977118631805556
16108 11396927 2.551584618246048 -0.5372207251401847 0.54864 4.890006969550464 -1.5977118631805556
16109 10801356 -1.2456520280711556 -0.6533813726848362 0.7010400000000001 4.890006969550464 -1.5977118631805556
16109 11396927 2.559511254021299 -0.4938991945710075 0.54864 4.890006969550464 -1.5977118631805556
16110 11396927 2.5660003196706924 -0.4577014829708764 0.54864 4.890006969550464 -1.5977118631805556
16110 10801356 -1.236601107687312 -0.6843815066653283 0.7010400000000001 4.890006969550464 -1.5977118631805556
16111 10801356 -1.2236390004496072 -0.7262410115161645 0.7010400000000001 4.890006969550464 -1.5977118631805556
16111 11396927 2.572386043642773 -0.4218204809876488 0.54864 4.890006969550464 -1.5977118631805556
16112 11396927 2.5732578379664384 -0.38378891842675156 0.54864 4.890006969550464 -1.5977118631805556
16112 10801356 -1.2034368405897131 -0.764976548066981 0.7010400000000001 4.890006969550464 -1.5977118631805556
16113 11396927 2.575999329935883 -0.3634231094162964 0.54864 4.890006969550464 -1.5977118631805556
16113 10801356 -1.1856551994667943 -0.7934567868837041 0.71628 4.890006969550464 -1.5977118631805556
16114 11396927 2.5707916390525707 -0.3295980885765828 0.54864 4.890006969550464 -1.5977118631805556
16114 10801356 -1.1678735583438753 -0.8219370257004273 0.73152 4.890006969550464 -1.5977118631805556
16115 11396927 2.5655839481692584 -0.2957730677368692 0.54864 4.890006969550464 -1.5977118631805556
16115 10801356 -1.1275634507767713 -0.8806828852156524 0.73152 4.890006969550464 -1.5977118631805556
16116 10801356 -1.109445137555821 -0.8999844768845512 0.73152 4.890006969550464 -1.5977118631805556
16116 11396927 2.5570173828796854 -0.25197324909629154 0.54864 4.890006969550464 -1.5977118631805556
16117 10801356 -1.0913268243348706 -0.91928606855345 0.73152 4.890006969550464 -1.5977118631805556
16117 11396927 2.5450480819976713 -0.22709671960162753 0.54864 4.890006969550464 -1.5977118631805556
16118 11396927 2.533078781115657 -0.20222019010696354 0.54864 4.890006969550464 -1.5977118631805556
16118 10801356 -1.0543136881191908 -0.9500812686671775 0.7010400000000001 4.890006969550464 -1.5977118631805556
16119 11396927 2.5146475609456744 -0.1743577414972272 0.5181600000000001 4.890006969550464 -1.5977118631805556
16119 10801356 -0.9964163005990823 -0.9930785528070162 0.7010400000000001 4.890006969550464 -1.5977118631805556
16120 10801356 -0.9684384999346618 -1.010754513167128 0.7010400000000001 4.890006969550464 -1.5977118631805556
16120 11396927 2.4927601847368055 -0.15436182390734757 0.5181600000000001 4.890006969550464 -1.5977118631805556
16121 11396927 2.467791250320558 -0.13020559886964764 0.5181600000000001 4.890006969550464 -1.5977118631805556
16121 10801356 -0.9017565144303414 -1.043186924383756 0.7010400000000001 4.890006969550464 -1.5977118631805556
16122 10801356 -0.8470523955771547 -1.0687819666055896 0.7010400000000001 4.890006969550464 -1.5977118631805556
16122 11396927 2.4431439719255716 -0.1114109761269051 0.5181600000000001 4.890006969550464 -1.5977118631805556
16123 10801356 -0.7879133914671743 -1.086246027873102 0.7010400000000001 4.890006969550464 -1.5977118631805556
16123 11396927 2.4184966935305856 -0.09261635338416258 0.5181600000000001 4.890006969550464 -1.5977118631805556
16124 10801356 -0.7346938033957879 -1.1055131225380903 0.7010400000000001 4.890006969550464 -1.5977118631805556
16124 11396927 2.393849415135599 -0.07382173064142003 0.5181600000000001 4.890006969550464 -1.5977118631805556
16125 11396927 2.3480024176371375 -0.04833856610886447 0.5181600000000001 4.890006969550464 -1.5977118631805556
16125 10801356 -0.6841156636649297 -1.116555869922195 0.7010400000000001 4.890006969550464 -1.5977118631805556
16126 10801356 -0.6271349141013249 -1.1243168968928254 0.7010400000000001 4.890006969550464 -1.5977118631805556
16126 11396927 2.325189339989798 -0.04205796605378778 0.5181600000000001 4.890006969550464 -1.5977118631805556
16127 10801356 -0.5501935163146607 -1.1389526017921692 0.7010400000000001 4.890006969550464 -1.5977118631805556
16127 11396927 2.299053452014933 -0.03235593187824223 0.48768 4.890006969550464 -1.5977118631805556
16128 11396927 2.260784463624304 -0.025818025982360215 0.48768 4.890006969550464 -1.5977118631805556
16128 10801356 -0.4836854583775567 -1.1501771798779512 0.7010400000000001 4.890006969550464 -1.5977118631805556
16129 10801356 -0.436335549311921 -1.1547886954640854 0.7010400000000001 4.890006969550464 -1.5977118631805556
16129 11396927 2.2312182612641864 -0.01914267323798459 0.48768 4.890006969550464 -1.5977118631805556
16130 10801356 -0.3697584936478302 -1.1658010920902089 0.7010400000000001 4.890006969550464 -1.5977118631805556
16130 11396927 2.2016520589040693 -0.012467320493608963 0.48768 4.890006969550464 -1.5977118631805556
16131 11396927 2.1916215752227304 -0.009192009715780963 0.48768 4.890006969550464 -1.5977118631805556
16131 10801356 -0.3124454967909027 -1.1739018461354542 0.7010400000000001 4.890006969550464 -1.5977118631805556
16132 11396927 2.150099905154131 -0.005679968458765172 0.47244 4.890006969550464 -1.5977118631805556
16132 10801356 -0.27997773601818765 -1.1737651018927762 0.7010400000000001 4.890006969550464 -1.5977118631805556
16133 11396927 2.1085782350855324 -0.002167927201749381 0.45720000000000005 4.890006969550464 -1.5977118631805556
16133 10801356 -0.22157711673613956 -1.1839730530182584 0.7010400000000001 4.890006969550464 -1.5977118631805556
16134 11396927 2.088099627161662 -0.002606693886613637 0.48768 4.890006969550464 -1.5977118631805556
16134 10801356 -0.15931634196653688 -1.1864462085635525 0.7010400000000001 4.890006969550464 -1.5977118631805556
16135 11396927 2.056137149162919 0.0042093353442833326 0.45720000000000005 4.890006969550464 -1.5977118631805556
16135 10801356 -0.07991300519468347 -1.1921845555515336 0.7010400000000001 4.890006969550464 -1.5977118631805556
16136 11396927 2.0289270258513774 0.0024643245912217837 0.45720000000000005 4.890006969550464 -1.5977118631805556
16136 10801356 -0.014890604467531099 -1.19707780094832 0.7010400000000001 4.890006969550464 -1.5977118631805556
16137 10801356 0.03315808054309444 -1.2022651167520766 0.7010400000000001 4.890006969550464 -1.5977118631805556
16137 11396927 1.9960308563124338 0.002342622895959323 0.45720000000000005 4.890006969550464 -1.5977118631805556
16138 11396927 1.953929796883462 0.0055775664389971225 0.45720000000000005 4.890006969550464 -1.5977118631805556
16138 10801356 0.07834137612253667 -1.2053474779750815 0.7010400000000001 4.890006969550464 -1.5977118631805556
16139 10801356 0.12317967972012173 -1.209484973878891 0.7010400000000001 4.890006969550464 -1.5977118631805556
16139 11396927 1.9377741133263702 0.00559661719991178 0.45720000000000005 4.890006969550464 -1.5977118631805556
16140 11396927 1.9216184297692782 0.005615667960826437 0.45720000000000005 4.890006969550464 -1.5977118631805556
16140 10801356 0.1680179833177068 -1.2136224697827007 0.7010400000000001 4.890006969550464 -1.5977118631805556
16141 11396927 1.87990484853343 0.005687123167734093 0.45720000000000005 4.890006969550464 -1.5977118631805556
16141 10801356 0.22661947456016762 -1.2164154439928279 0.7010400000000001 4.890006969550464 -1.5977118631805556
16142 10801356 0.27874984714207884 -1.2227012228254646 0.7010400000000001 4.890006969550464 -1.5977118631805556
16142 11396927 1.8513666320125521 0.006946533291127932 0.45720000000000005 4.890006969550464 -1.5977118631805556
16143 11396927 1.82569398168196 0.006919721625579023 0.45720000000000005 4.890006969550464 -1.5977118631805556
16143 10801356 0.33088019596842755 -1.2289866169856176 0.7010400000000001 4.890006969550464 -1.5977118631805556
16144 11396927 1.7972109754867045 0.005357573748579814 0.42672000000000004 4.890006969550464 -1.5977118631805556
16144 10801356 0.4058924782039788 -1.2321167345624973 0.73152 4.890006969550464 -1.5977118631805556
16145 11396927 1.7637284261160948 0.00344238700546709 0.42672000000000004 4.890006969550464 -1.5977118631805556
16145 10801356 0.46800919590894213 -1.2415471919102274 0.73152 4.890006969550464 -1.5977118631805556
16146 11396927 1.7189879051429844 0.004036006292020916 0.42672000000000004 4.890006969550464 -1.5977118631805556
16146 10801356 0.5216568890022948 -1.2431866224764356 0.73152 4.890006969550464 -1.5977118631805556
16147 10801356 0.5778125216255979 -1.2493834653346398 0.73152 4.890006969550464 -1.5977118631805556
16147 11396927 1.6857703766557472 0.004020574366927071 0.42672000000000004 4.890006969550464 -1.5977118631805556
16148 11396927 1.6591709513588222 0.00686710260050355 0.42672000000000004 4.890006969550464 -1.5977118631805556
16148 10801356 0.6279863972217734 -1.2494199131847359 0.73152 4.890006969550464 -1.5977118631805556
16149 11396927 1.6331514826903453 0.0033326925285753484 0.42672000000000004 4.890006969550464 -1.5977118631805556
16149 10801356 0.6907130439409745 -1.2558934428471036 0.73152 4.890006969550464 -1.5977118631805556
16150 11396927 1.6123759483908358 0.0049781455493821125 0.42672000000000004 4.890006969550464 -1.5977118631805556
16150 10801356 0.7459405320304842 -1.2608511828156737 0.73152 4.890006969550464 -1.5977118631805556
16151 10801356 0.8012619666271188 -1.2628017571474175 0.73152 4.890006969550464 -1.5977118631805556
16151 11396927 1.5813599691517695 0.0051786762361901995 0.42672000000000004 4.890006969550464 -1.5977118631805556
16152 10801356 0.8719263376574542 -1.2667265233214624 0.73152 4.890006969550464 -1.5977118631805556
16152 11396927 1.535757173444062 0.0031344135234139398 0.42672000000000004 4.890006969550464 -1.5977118631805556
16153 10801356 0.9256863882745503 -1.270736268811493 0.73152 4.890006969550464 -1.5977118631805556
16153 11396927 1.5074574736784256 0.0018639001991963278 0.42672000000000004 4.890006969550464 -1.5977118631805556
16154 10801356 0.9685205207158797 -1.2701251336665518 0.73152 4.890006969550464 -1.5977118631805556
16154 11396927 1.4753630827709825 0.0014825079395038854 0.39624000000000004 4.890006969550464 -1.5977118631805556
16155 10801356 1.011354653157209 -1.2695139985216106 0.73152 4.890006969550464 -1.5977118631805556
16155 11396927 1.459496570666445 0.0014373127139288497 0.39624000000000004 4.890006969550464 -1.5977118631805556
16156 11396927 1.443630058561907 0.001392117488353814 0.39624000000000004 4.890006969550464 -1.5977118631805556
16156 10801356 1.0751485440754682 -1.2743468860979361 0.73152 4.890006969550464 -1.5977118631805556
16157 10801356 1.1291853200207564 -1.275875456269292 0.73152 4.890006969550464 -1.5977118631805556
16157 11396927 1.4190602371699037 0.002116307045828908 0.39624000000000004 4.890006969550464 -1.5977118631805556
16158 10801356 1.1892680019623236 -1.2741213372070574 0.73152 4.890006969550464 -1.5977118631805556
16158 11396927 1.3944904157779001 0.002840496603304002 0.39624000000000004 4.890006969550464 -1.5977118631805556
16159 11396927 1.3699205943858968 0.003564686160779096 0.39624000000000004 4.890006969550464 -1.5977118631805556
16159 10801356 1.2506990616604128 -1.2791155709815782 0.73152 4.890006969550464 -1.5977118631805556
16160 10801356 1.3062610119039988 -1.2803232721981912 0.73152 4.890006969550464 -1.5977118631805556
16160 11396927 1.3308743704563226 0.0029723202073189056 0.39624000000000004 4.890006969550464 -1.5977118631805556
16161 10801356 1.3647918629813067 -1.2833179527803287 0.73152 4.890006969550464 -1.5977118631805556
16161 11396927 1.2918281465267483 0.0023799542538587154 0.39624000000000004 4.890006969550464 -1.5977118631805556
16162 10801356 1.430010547616296 -1.283239359969038 0.73152 4.890006969550464 -1.5977118631805556
16162 11396927 1.272493480061029 0.003000762771089009 0.39624000000000004 4.890006969550464 -1.5977118631805556
16163 10801356 1.4918549476268104 -1.2869647518713063 0.73152 4.890006969550464 -1.5977118631805556
16163 11396927 1.25315881359531 0.003621571288319303 0.39624000000000004 4.890006969550464 -1.5977118631805556
16164 10801356 1.577963167518488 -1.294174173951186 0.73152 4.890006969550464 -1.5977118631805556
16164 11396927 1.2254597815573727 0.0035578453141859915 0.39624000000000004 4.890006969550464 -1.5977118631805556
16165 10801356 1.6316436248056325 -1.2956996386420407 0.73152 4.890006969550464 -1.5977118631805556
16165 11396927 1.1977607495194353 0.0034941193400526795 0.39624000000000004 4.890006969550464 -1.5977118631805556
16166 11396927 1.170061717481498 0.003430393365919368 0.39624000000000004 4.890006969550464 -1.5977118631805556
16166 10801356 1.6905752690814309 -1.2988226718248113 0.73152 4.890006969550464 -1.5977118631805556
16167 11396927 1.148047767627163 0.005364861520300412 0.39624000000000004 4.890006969550464 -1.5977118631805556
16167 10801356 1.7474782468865346 -1.299997783646018 0.73152 4.890006969550464 -1.5977118631805556
16168 10801356 1.8173480284759633 -1.306341088522508 0.73152 4.890006969550464 -1.5977118631805556
16168 11396927 1.1241046388563984 0.003840749940590943 0.39624000000000004 4.890006969550464 -1.5977118631805556
16169 10801356 1.8761291904013697 -1.311282639024516 0.73152 4.890006969550464 -1.5977118631805556
16169 11396927 1.1038659633564514 0.0033261777575938345 0.39624000000000004 4.890006969550464 -1.5977118631805556
16170 11396927 1.0703512360167724 0.005396499416409545 0.39624000000000004 4.890006969550464 -1.5977118631805556
16170 10801356 1.920852687038714 -1.3130355342631166 0.73152 4.890006969550464 -1.5977118631805556
16171 10801356 1.9883391183978758 -1.315795372201945 0.73152 4.890006969550464 -1.5977118631805556
16171 11396927 1.0539198018257103 0.005390630392337392 0.39624000000000004 4.890006969550464 -1.5977118631805556
16172 10801356 2.040433481759912 -1.3221737296719303 0.73152 4.890006969550464 -1.5977118631805556
16172 11396927 1.0190251452163375 0.005505424912512957 0.3996266666666667 4.890006969550464 -1.5977118631805556
16173 11396927 0.9841304886069644 0.005620219432688521 0.4030133333333334 4.890006969550464 -1.5977118631805556
16173 10801356 2.0733001641624345 -1.322157229420437 0.73152 4.890006969550464 -1.5977118631805556
16174 11396927 0.9492358319975915 0.005735013952864086 0.40640000000000004 4.890006969550464 -1.5977118631805556
16174 10801356 2.116677976770685 -1.3253093448638613 0.73152 4.890006969550464 -1.5977118631805556
16175 11396927 0.9143411753882186 0.005849808473039651 0.4097866666666667 4.890006969550464 -1.5977118631805556
16175 10801356 2.160055789378935 -1.3284614603072857 0.73152 4.890006969550464 -1.5977118631805556
16176 10801356 2.20123751096508 -1.3315386620203749 0.73152 4.890006969550464 -1.5977118631805556
16176 11396927 0.8794465187788456 0.005964602993215214 0.4131733333333334 4.890006969550464 -1.5977118631805556
16177 10801356 2.2424192325512253 -1.334615863733464 0.73152 4.890006969550464 -1.5977118631805556
16177 11396927 0.8445518621694728 0.006079397513390779 0.41656000000000004 4.890006969550464 -1.5977118631805556
16178 11396927 0.8096572055600998 0.0061941920335663436 0.4199466666666667 4.890006969550464 -1.5977118631805556
16178 10801356 2.31255413029946 -1.3374197072317975 0.7010400000000001 4.890006969550464 -1.5977118631805556
16179 11396927 0.7747625489507268 0.006308986553741908 0.4233333333333334 4.890006969550464 -1.5977118631805556
16179 10801356 2.3550638668212076 -1.339148230196028 0.7010400000000001 4.890006969550464 -1.5977118631805556
16180 10801356 2.4105084130395977 -1.3420617770646568 0.7010400000000001 4.890006969550464 -1.5977118631805556
16180 11396927 0.7398678923413539 0.006423781073917473 0.42672000000000004 4.890006969550464 -1.5977118631805556
16181 11396927 0.7049732357319809 0.006538575594093037 0.4301066666666667 4.890006969550464 -1.5977118631805556
16181 10801356 2.4836710459041473 -1.343749723008586 0.7010400000000001 4.890006969550464 -1.5977118631805556
16182 10801356 2.532500134391389 -1.3438019755709445 0.7010400000000001 4.890006969550464 -1.5977118631805556
16182 11396927 0.670078579122608 0.006653370114268602 0.4334933333333334 4.890006969550464 -1.5977118631805556
16183 10801356 2.593416854521819 -1.3421923856589844 0.7010400000000001 4.890006969550464 -1.5977118631805556
16183 11396927 0.6351839225132351 0.006768164634444167 0.43688000000000005 4.890006969550464 -1.5977118631805556
16184 11396927 0.6002892659038621 0.006882959154619731 0.4402666666666667 4.890006969550464 -1.5977118631805556
16184 10801356 2.6575093148293103 -1.3417357318848249 0.7010400000000001 4.890006969550464 -1.5977118631805556
16185 11396927 0.5653946092944893 0.006997753674795295 0.4436533333333334 4.890006969550464 -1.5977118631805556
16185 10801356 2.7127731210376504 -1.338396878793852 0.7010400000000001 4.890006969550464 -1.5977118631805556
16186 11396927 0.5304999526851163 0.0071125481949708596 0.44704000000000005 4.890006969550464 -1.5977118631805556
16186 10801356 2.7631989640257646 -1.3321936031919568 0.7010400000000001 4.890006969550464 -1.5977118631805556
16187 11396927 0.49560529607574333 0.007227342715146424 0.4504266666666667 4.890006969550464 -1.5977118631805556
16187 10801356 2.8092326792335425 -1.325841453906873 0.7010400000000001 4.890006969550464 -1.5977118631805556
16188 10801356 2.8578491878449297 -1.3140240427847736 0.7010400000000001 4.890006969550464 -1.5977118631805556
16188 11396927 0.46071063946637036 0.007342137235321989 0.4538133333333334 4.890006969550464 -1.5977118631805556
16189 10801356 2.8949523371004457 -1.3018362386383118 0.7010400000000001 4.890006969550464 -1.5977118631805556
16189 11396927 0.4258159828569975 0.007456931755497553 0.45720000000000005 4.890006969550464 -1.5977118631805556
16190 10801356 2.932055486355962 -1.28964843449185 0.7010400000000001 4.890006969550464 -1.5977118631805556
16190 11396927 0.38795015297505486 0.007768839206637478 0.45720000000000005 4.890006969550464 -1.5977118631805556
16191 11396927 0.35008432309311216 0.008080746657777402 0.45720000000000005 4.890006969550464 -1.5977118631805556
16191 10801356 2.9718109994059896 -1.2701490729940168 0.67056 4.890006969550464 -1.5977118631805556
16192 11396927 0.31221849321116946 0.008392654108917326 0.45720000000000005 4.890006969550464 -1.5977118631805556
16192 10801356 3.0179439608943284 -1.2468902259609722 0.67056 4.890006969550464 -1.5977118631805556
16193 11396927 0.2743526633292268 0.00870456156005725 0.45720000000000005 4.890006969550464 -1.5977118631805556
16193 10801356 3.0693816486828487 -1.2090084886531873 0.67056 4.890006969550464 -1.5977118631805556
16194 11396927 0.2535688212054852 0.014679148951158127 0.48768 4.890006969550464 -1.5977118631805556
16194 10801356 3.0906489251894236 -1.1944554440184254 0.67056 4.890006969550464 -1.5977118631805556
16195 11396927 0.20358532109654104 0.015008911901422728 0.45720000000000005 4.890006969550464 -1.5977118631805556
16195 10801356 3.130319897385041 -1.1583404147788974 0.67056 4.890006969550464 -1.5977118631805556
16196 11396927 0.1573739351433857 0.014923979383853841 0.48768 4.890006969550464 -1.5977118631805556
16196 10801356 3.177559146821471 -1.0979448808099526 0.6400800000000001 4.890006969550464 -1.5977118631805556
16197 10801356 3.2052572080195203 -1.063412597823919 0.6400800000000001 4.890006969550464 -1.5977118631805556
16197 11396927 0.12573534287067978 0.013230880749868112 0.48768 4.890006969550464 -1.5977118631805556
16198 10801356 3.224943706375548 -1.0207755414213935 0.6400800000000001 4.890006969550464 -1.5977118631805556
16198 11396927 0.06708988459077525 0.0212994073299958 0.48768 4.890006969550464 -1.5977118631805556
16199 11396927 0.022207161830305577 0.019846382911157506 0.48768 4.890006969550464 -1.5977118631805556
16199 10801356 3.24612988885922 -0.9830667929447424 0.6400800000000001 4.890006969550464 -1.5977118631805556
16200 11396927 -0.013314698280313286 0.022577512994962884 0.48768 4.890006969550464 -1.5977118631805556
16200 10801356 3.2603240909071527 -0.9395718631845716 0.6400800000000001 4.890006969550464 -1.5977118631805556
16201 10801356 3.2701821677860368 -0.8995680315168827 0.6400800000000001 4.890006969550464 -1.5977118631805556
16201 11396927 -0.050993469312497264 0.024144516814067735 0.48768 4.890006969550464 -1.5977118631805556
16202 10801356 3.2778965349551665 -0.8585141718168933 0.6400800000000001 4.890006969550464 -1.5977118631805556
16202 11396927 -0.08727598146501936 0.022918699493134714 0.48768 4.890006969550464 -1.5977118631805556
16203 10801356 3.281661943497849 -0.8381325084135938 0.6400800000000001 4.890006969550464 -1.5977118631805556
16203 11396927 -0.12066508574424673 0.025654207896948528 0.48768 4.890006969550464 -1.5977118631805556
16204 10801356 3.2854273520405313 -0.8177508450102942 0.6400800000000001 4.890006969550464 -1.5977118631805556
16204 11396927 -0.163158582184582 0.028795544005976254 0.48768 4.890006969550464 -1.5977118631805556
16205 11396927 -0.20083751181449694 0.030363344759183203 0.5181600000000001 4.890006969550464 -1.5977118631805556
16205 10801356 3.2946707168894953 -0.7690190094134186 0.6400800000000001 4.890006969550464 -1.5977118631805556
16206 10801356 3.296065182530965 -0.7320937705993414 0.6400800000000001 4.890006969550464 -1.5977118631805556
16206 11396927 -0.25064765095201347 0.0328592046922935 0.5181600000000001 4.890006969550464 -1.5977118631805556
16207 11396927 -0.27382712028266565 0.03395212680495005 0.5181600000000001 4.890006969550464 -1.5977118631805556
16207 10801356 3.2985975050448113 -0.6900496138717677 0.6096 4.890006969550464 -1.5977118631805556
16208 10801356 3.3034710653162858 -0.6440969537696235 0.6096 4.890006969550464 -1.5977118631805556
16208 11396927 -0.29700658961331783 0.0350450489176066 0.5181600000000001 4.890006969550464 -1.5977118631805556
16209 11396927 -0.3342499361791651 0.03658795778773641 0.5181600000000001 4.890006969550464 -1.5977118631805556
16209 10801356 3.305210370688921 -0.6061160658630427 0.6096 4.890006969550464 -1.5977118631805556
16210 10801356 3.3075253936189597 -0.5636504975712111 0.6096 4.890006969550464 -1.5977118631805556
16210 11396927 -0.3715278272237146 0.038025509738776025 0.5181600000000001 4.890006969550464 -1.5977118631805556
16211 10801356 3.308183062889549 -0.5112989181203599 0.6096 4.890006969550464 -1.5977118631805556
16211 11396927 -0.40917246878338 0.03969997128347272 0.54864 4.890006969550464 -1.5977118631805556
16212 11396927 -0.44000117913092884 0.04592271562397551 0.54864 4.890006969550464 -1.5977118631805556
16212 10801356 3.30917694537787 -0.4742428354992686 0.6096 4.890006969550464 -1.5977118631805556
16213 10801356 3.3105721730189215 -0.4373177170752778 0.6096 4.890006969550464 -1.5977118631805556
16213 11396927 -0.47732653456620566 0.045857480914742316 0.54864 4.890006969550464 -1.5977118631805556
16214 11396927 -0.5197858628919259 0.049106510487650884 0.54864 4.890006969550464 -1.5977118631805556
16214 10801356 3.3071525998656446 -0.39882122578642976 0.6096 4.890006969550464 -1.5977118631805556
16215 11396927 -0.5535956332520093 0.05572016242747882 0.54864 4.890006969550464 -1.5977118631805556
16215 10801356 3.3082270558458964 -0.361791379288652 0.6096 4.890006969550464 -1.5977118631805556
16216 11396927 -0.5915684647380617 0.06182569047998668 0.54864 4.890006969550464 -1.5977118631805556
16216 10801356 3.3018010910214945 -0.3281543609579598 0.6096 4.890006969550464 -1.5977118631805556
16217 10801356 3.296201291556512 -0.29361879196020624 0.57912 4.890006969550464 -1.5977118631805556
16217 11396927 -0.6272591472218363 0.06811996778487425 0.57912 4.890006969550464 -1.5977118631805556
16218 11396927 -0.658536462895313 0.07297149753397755 0.57912 4.890006969550464 -1.5977118631805556
16218 10801356 3.282725676101654 -0.2570968318207043 0.6096 4.890006969550464 -1.5977118631805556
16219 10801356 3.2680325657668776 -0.2248500112908888 0.57912 4.890006969550464 -1.5977118631805556
16219 11396927 -0.6936707659764982 0.08504275648519924 0.57912 4.890006969550464 -1.5977118631805556
16220 11396927 -0.7203407905805275 0.09855280763441873 0.57912 4.890006969550464 -1.5977118631805556
16220 10801356 3.2479889873986876 -0.18560017332487175 0.57912 4.890006969550464 -1.5977118631805556
16221 11396927 -0.753257585645402 0.1146896002712964 0.57912 4.890006969550464 -1.5977118631805556
16221 10801356 3.241095982065924 -0.16863178215718663 0.57912 4.890006969550464 -1.5977118631805556
16222 11396927 -0.7794512476261521 0.13400274767017614 0.57912 4.890006969550464 -1.5977118631805556
16222 10801356 3.209538254608546 -0.13473526908788938 0.57912 4.890006969550464 -1.5977118631805556
16223 10801356 3.185045914456559 -0.11727917975390509 0.5638799999999999 4.890006969550464 -1.5977118631805556
16223 11396927 -0.8091167729447932 0.15573641086864595 0.57912 4.890006969550464 -1.5977118631805556
16224 11396927 -0.8320332040218952 0.1725762546114791 0.6096 4.890006969550464 -1.5977118631805556
16224 10801356 3.160553574304572 -0.0998230904199208 0.54864 4.890006969550464 -1.5977118631805556
16225 11396927 -0.8544076687979181 0.20302555112888557 0.6096 4.890006969550464 -1.5977118631805556
16225 10801356 3.1396923195489577 -0.08892540092801515 0.54864 4.890006969550464 -1.5977118631805556
16226 11396927 -0.8798156050154435 0.22745675233075027 0.6096 4.890006969550464 -1.5977118631805556
16226 10801356 3.1188310647933433 -0.07802771143610951 0.54864 4.890006969550464 -1.5977118631805556
16227 10801356 3.097969810037729 -0.06713002194420387 0.54864 4.890006969550464 -1.5977118631805556
16227 11396927 -0.8901949881348462 0.24732447553820225 0.6096 4.890006969550464 -1.5977118631805556
16228 10801356 3.0771085552821145 -0.05623233245229822 0.54864 4.890006969550464 -1.5977118631805556
16228 11396927 -0.9005743712542489 0.26719219874565425 0.6096 4.890006969550464 -1.5977118631805556
16229 11396927 -0.9170060036924805 0.2997878987204675 0.6096 4.890006969550464 -1.5977118631805556
16229 10801356 3.0674792309873045 -0.05308923198904572 0.54864 4.890006969550464 -1.5977118631805556
16230 10801356 3.010140505600111 -0.03180308515900723 0.5181600000000001 4.890006969550464 -1.5977118631805556
16230 11396927 -0.9313149222408241 0.33344211291341486 0.6096 4.890006969550464 -1.5977118631805556
16231 11396927 -0.94631657402567 0.39431206166659977 0.6096 4.890006969550464 -1.5977118631805556
16231 10801356 2.995606457629443 -0.024372104139397194 0.5181600000000001 4.890006969550464 -1.5977118631805556
16232 10801356 2.9599077521471324 -0.015405954972698394 0.5181600000000001 4.890006969550464 -1.5977118631805556
16232 11396927 -0.951160376239639 0.4320567861402359 0.6248400000000001 4.890006969550464 -1.5977118631805556
16233 10801356 2.9286323343911 -0.010570298855818089 0.5181600000000001 4.890006969550464 -1.5977118631805556
16233 11396927 -0.956004178453608 0.469801510613872 0.6400800000000001 4.890006969550464 -1.5977118631805556
16234 11396927 -0.9553557006748905 0.5070938957896335 0.6400800000000001 4.890006969550464 -1.5977118631805556
16234 10801356 2.8749427750013723 -0.0036744318663645414 0.5181600000000001 4.890006969550464 -1.5977118631805556
16235 10801356 2.8456832619549535 -0.0021832721541776012 0.5181600000000001 4.890006969550464 -1.5977118631805556
16235 11396927 -0.9527872415984948 0.5488992487000305 0.6096 4.890006969550464 -1.5977118631805556
16236 11396927 -0.9477680470263217 0.5981985895750948 0.6400800000000001 4.890006969550464 -1.5977118631805556
16236 10801356 2.8132237839574685 -0.0023341698370488995 0.48768 4.890006969550464 -1.5977118631805556
16237 10801356 2.7770401117330135 0.0010671897429160582 0.48768 4.890006969550464 -1.5977118631805556
16237 11396927 -0.9391555961203408 0.6408315986221177 0.6400800000000001 4.890006969550464 -1.5977118631805556
16238 11396927 -0.9281614880444478 0.6907475015116317 0.6400800000000001 4.890006969550464 -1.5977118631805556
16238 10801356 2.749924469171745 0.002326116116311311 0.48768 4.890006969550464 -1.5977118631805556
16239 10801356 2.7170981337346776 0.0024122061982035647 0.48768 4.890006969550464 -1.5977118631805556
16239 11396927 -0.9092812749067243 0.748483006963836 0.6400800000000001 4.890006969550464 -1.5977118631805556
16240 10801356 2.682263082108082 -0.0009344074941786962 0.48768 4.890006969550464 -1.5977118631805556
16240 11396927 -0.8885898659565621 0.7954614604415934 0.6400800000000001 4.890006969550464 -1.5977118631805556
16241 11396927 -0.8804268643728931 0.820423896237847 0.6400800000000001 4.890006969550464 -1.5977118631805556
16241 10801356 2.6490009677054585 -0.0008225844727357823 0.48768 4.890006969550464 -1.5977118631805556
16242 10801356 2.6157732771848563 -0.0006050394125065861 0.48768 4.890006969550464 -1.5977118631805556
16242 11396927 -0.8722638627892241 0.8453863320341006 0.6400800000000001 4.890006969550464 -1.5977118631805556
16243 10801356 2.5931349485677857 0.0007697814997097707 0.48768 4.890006969550464 -1.5977118631805556
16243 11396927 -0.8470903668976111 0.8965656784164239 0.67056 4.890006969550464 -1.5977118631805556
16244 10801356 2.570496619950715 0.0021446024119261275 0.48768 4.890006969550464 -1.5977118631805556
16244 11396927 -0.8287538157820837 0.9321340196641495 0.67056 4.890006969550464 -1.5977118631805556
16245 11396927 -0.8104172646665564 0.9677023609118752 0.67056 4.890006969550464 -1.5977118631805556
16245 10801356 2.5528819093891943 -0.002851760647448326 0.48768 4.890006969550464 -1.5977118631805556
16246 11396927 -0.7874579114300191 1.0026060900566494 0.67056 4.890006969550464 -1.5977118631805556
16246 10801356 2.5216062885580466 0.001985696873781445 0.45720000000000005 4.890006969550464 -1.5977118631805556
16247 11396927 -0.7627383871916456 1.0428929063698813 0.67056 4.890006969550464 -1.5977118631805556
16247 10801356 2.472567224158044 0.002459752836194623 0.45720000000000005 4.890006969550464 -1.5977118631805556
16248 11396927 -0.7350325773149662 1.0776466046864528 0.67056 4.890006969550464 -1.5977118631805556
16248 10801356 2.445506247563999 8.05226100895895e-05 0.45720000000000005 4.890006969550464 -1.5977118631805556
16249 11396927 -0.710106229265921 1.1185668544989196 0.67056 4.890006969550464 -1.5977118631805556
16249 10801356 2.4190107260231684 0.0032408913881395718 0.45720000000000005 4.890006969550464 -1.5977118631805556
16250 11396927 -0.6704012128444878 1.1693758757833308 0.7010400000000001 4.890006969550464 -1.5977118631805556
16250 10801356 2.3894282029657665 0.002386065021017708 0.45720000000000005 4.890006969550464 -1.5977118631805556
16251 10801356 2.3444807840182955 0.0007072357282212061 0.45720000000000005 4.890006969550464 -1.5977118631805556
16251 11396927 -0.6407435302553651 1.2071133735406145 0.7010400000000001 4.890006969550464 -1.5977118631805556
16252 10801356 2.3227998229419353 0.002295918298426153 0.45720000000000005 4.890006969550464 -1.5977118631805556
16252 11396927 -0.6110858476662424 1.244850871297898 0.7010400000000001 4.890006969550464 -1.5977118631805556
16253 11396927 -0.5824247933510636 1.283615336754224 0.7010400000000001 4.890006969550464 -1.5977118631805556
16253 10801356 2.2940885552854002 0.0013906081004298187 0.45720000000000005 4.890006969550464 -1.5977118631805556
16254 11396927 -0.5583711735599575 1.3137217013292422 0.7010400000000001 4.890006969550464 -1.5977118631805556
16254 10801356 2.256171273578204 0.0022063970069299 0.45720000000000005 4.890006969550464 -1.5977118631805556
16255 10801356 2.2276170562811126 -0.003656390980859875 0.42672000000000004 4.890006969550464 -1.5977118631805556
16255 11396927 -0.5210748272742409 1.3544528819486334 0.7010400000000001 4.890006969550464 -1.5977118631805556
16256 11396927 -0.4908612040229776 1.3979674083248876 0.7010400000000001 4.890006969550464 -1.5977118631805556
16256 10801356 2.194792868007292 0.0005199004615158154 0.42672000000000004 4.890006969550464 -1.5977118631805556
16257 10801356 2.1623297609329857 -0.0037158070818192612 0.42672000000000004 4.890006969550464 -1.5977118631805556
16257 11396927 -0.4564208476232443 1.43811370908387 0.7010400000000001 4.890006969550464 -1.5977118631805556
16258 10801356 2.129834954772833 -0.003969143995367658 0.42672000000000004 4.890006969550464 -1.5977118631805556
16258 11396927 -0.42668232465154343 1.4774607552426005 0.7010400000000001 4.890006969550464 -1.5977118631805556
16259 11396927 -0.39711654404559904 1.5162801470243719 0.73152 4.890006969550464 -1.5977118631805556
16259 10801356 2.1049774236209666 -0.00286121542594589 0.42672000000000004 4.890006969550464 -1.5977118631805556
16260 10801356 2.071383457176223 -0.0007694248389705505 0.42672000000000004 4.890006969550464 -1.5977118631805556
16260 11396927 -0.3705359512940376 1.5514022414577713 0.73152 4.890006969550464 -1.5977118631805556
16261 11396927 -0.3495364517812784 1.5759062822972858 0.73152 4.890006969550464 -1.5977118631805556
16261 10801356 2.038841621635333 -0.002525692641958177 0.42672000000000004 4.890006969550464 -1.5977118631805556
16262 11396927 -0.3285369522685192 1.6004103231368 0.73152 4.890006969550464 -1.5977118631805556
16262 10801356 2.016149721411794 -0.0033512683648525277 0.42672000000000004 4.890006969550464 -1.5977118631805556
16263 11396927 -0.28020840136754077 1.6609018129020148 0.73152 4.890006969550464 -1.5977118631805556
16263 10801356 1.9934578211882545 -0.004176844087746878 0.42672000000000004 4.890006969550464 -1.5977118631805556
16264 10801356 1.9665607791420952 -0.0008837573926165909 0.42672000000000004 4.890006969550464 -1.5977118631805556
16264 11396927 -0.26644918132697715 1.6777254378054787 0.73152 4.890006969550464 -1.5977118631805556
16265 10801356 1.928780945114512 0.0003560341224824737 0.42672000000000004 4.890006969550464 -1.5977118631805556
16265 11396927 -0.2526899612864135 1.6945490627089423 0.73152 4.890006969550464 -1.5977118631805556
16266 11396927 -0.20592347844150716 1.7479572008223498 0.762 4.890006969550464 -1.5977118631805556
16266 10801356 1.9002867531853134 -0.0009691959249479298 0.42672000000000004 4.890006969550464 -1.5977118631805556
16267 11396927 -0.17791200034683397 1.7820275269041532 0.762 4.890006969550464 -1.5977118631805556
16267 10801356 1.871106583085866 0.0004997811141496389 0.42672000000000004 4.890006969550464 -1.5977118631805556
16268 10801356 1.8453536890900848 0.0004991039451952284 0.42672000000000004 4.890006969550464 -1.5977118631805556
16268 11396927 -0.14829621889372535 1.8155733592641161 0.762 4.890006969550464 -1.5977118631805556
16269 10801356 1.8120560623088684 0.0005092870892648982 0.42672000000000004 4.890006969550464 -1.5977118631805556
16269 11396927 -0.1132715487920436 1.8575154107471756 0.762 4.890006969550464 -1.5977118631805556
16270 11396927 -0.08551065333197005 1.8935371491453286 0.762 4.890006969550464 -1.5977118631805556
16270 10801356 1.766991613347314 -0.002880361519904312 0.39624000000000004 4.890006969550464 -1.5977118631805556
16271 10801356 1.7357499798958251 0.0020661348640989563 0.39624000000000004 4.890006969550464 -1.5977118631805556
16271 11396927 -0.04875244856311256 1.938067069661967 0.762 4.890006969550464 -1.5977118631805556
16272 11396927 -0.013672465744211992 1.9788228686016482 0.762 4.890006969550464 -1.5977118631805556
16272 10801356 1.7084705012190795 0.00011122597014856517 0.39624000000000004 4.890006969550464 -1.5977118631805556
16273 11396927 0.014418153325726935 2.0128675920746613 0.7924800000000001 4.890006969550464 -1.5977118631805556
16273 10801356 1.6756428745734322 0.00020213291829079827 0.39624000000000004 4.890006969550464 -1.5977118631805556
16274 11396927 0.046061618459792286 2.0461013009462166 0.7924800000000001 4.890006969550464 -1.5977118631805556
16274 10801356 1.6444972527598463 -0.004344986926963834 0.39624000000000004 4.890006969550464 -1.5977118631805556
16275 10801356 1.612601684131691 0.00023149737307991136 0.39624000000000004 4.890006969550464 -1.5977118631805556
16275 11396927 0.07659931295803923 2.0851877844796145 0.7924800000000001 4.890006969550464 -1.5977118631805556
16276 11396927 0.10265972972697934 2.1187280351528073 0.7924800000000001 4.890006969550464 -1.5977118631805556
16276 10801356 1.5846230437767024 -0.0011441601749862945 0.39624000000000004 4.890006969550464 -1.5977118631805556
16277 11396927 0.12573074647847488 2.14448310907361 0.7924800000000001 4.890006969550464 -1.5977118631805556
16277 10801356 1.5458678833089787 -0.00016804173274032053 0.39624000000000004 4.890006969550464 -1.5977118631805556
16278 11396927 0.1488017632299704 2.170238182994413 0.7924800000000001 4.890006969550464 -1.5977118631805556
16278 10801356 1.5130055755451794 -0.00018194391939649335 0.39624000000000004 4.890006969550464 -1.5977118631805556
16279 11396927 0.18478630991861356 2.216481894792632 0.7924800000000001 4.890006969550464 -1.5977118631805556
16279 10801356 1.4853935512407608 -0.001793823468641792 0.39624000000000004 4.890006969550464 -1.5977118631805556
16280 11396927 0.21218111838099285 2.2547851568808257 0.80772 4.890006969550464 -1.5977118631805556
16280 10801356 1.471830464711316 0.00018311521881415882 0.39624000000000004 4.890006969550464 -1.5977118631805556
16281 10801356 1.4582673781818714 0.0021600539062701096 0.39624000000000004 4.890006969550464 -1.5977118631805556
16281 11396927 0.23957592684337214 2.2930884189690195 0.82296 4.890006969550464 -1.5977118631805556
16282 11396927 0.2642552562665195 2.325123423633496 0.82296 4.890006969550464 -1.5977118631805556
16282 10801356 1.4337951525808406 0.002393529357961307 0.39624000000000004 4.890006969550464 -1.5977118631805556
16283 11396927 0.2889345856896669 2.3571584282979723 0.82296 4.890006969550464 -1.5977118631805556
16283 10801356 1.4093229269798098 0.002627004809652504 0.39624000000000004 4.890006969550464 -1.5977118631805556
16284 10801356 1.384850701378779 0.0028604802613437013 0.39624000000000004 4.890006969550464 -1.5977118631805556
16284 11396927 0.31607209824967786 2.3912814891445304 0.82296 4.890006969550464 -1.5977118631805556
16285 10801356 1.360378475777748 0.0030939557130348983 0.39624000000000004 4.890006969550464 -1.5977118631805556
16285 11396927 0.34514003118413716 2.4296805110968775 0.82296 4.890006969550464 -1.5977118631805556
16286 10801356 1.3359062501767172 0.0033274311647260957 0.39624000000000004 4.890006969550464 -1.5977118631805556
16286 11396927 0.3677506519036162 2.465166697921005 0.82296 4.890006969550464 -1.5977118631805556
16287 10801356 1.3114340245756864 0.003560906616417293 0.39624000000000004 4.890006969550464 -1.5977118631805556
16287 11396927 0.39481871611945896 2.4990788932130563 0.82296 4.890006969550464 -1.5977118631805556
16288 11396927 0.42572530068806014 2.5420176126782197 0.82296 4.890006969550464 -1.5977118631805556
16288 10801356 1.2869617989746556 0.00379438206810849 0.39624000000000004 4.890006969550464 -1.5977118631805556
16289 10801356 1.2854599733692633 0.003805850937214374 0.3963590625 4.890006969550464 -1.5977118631805556
16289 11396927 0.4482217242252273 2.578242200929326 0.82296 4.890006969550464 -1.5977118631805556
16290 11396927 0.49271324297920516 2.6328630211229185 0.8534400000000001 4.890006969550464 -1.5977118631805556
16290 10801356 1.2839581477638708 0.0038173198063202584 0.396478125 4.890006969550464 -1.5977118631805556
16291 11396927 0.5172276851655855 2.669829975733309 0.8534400000000001 4.890006969550464 -1.5977118631805556
16291 10801356 1.2824563221584786 0.0038287886754261426 0.39659718750000006 4.890006969550464 -1.5977118631805556
16292 11396927 0.5404222992409389 2.705475906807081 0.8534400000000001 4.890006969550464 -1.5977118631805556
16292 10801356 1.2809544965530864 0.003840257544532027 0.39671625000000005 4.890006969550464 -1.5977118631805556
16293 11396927 0.5693526721596102 2.745088510728082 0.8534400000000001 4.890006969550464 -1.5977118631805556
16293 10801356 1.2794526709476939 0.0038517264136379106 0.39683531250000004 4.890006969550464 -1.5977118631805556
16294 10801356 1.2779508453423016 0.0038631952827437948 0.396954375 4.890006969550464 -1.5977118631805556
16294 11396927 0.5918484322086038 2.781313437712054 0.8534400000000001 4.890006969550464 -1.5977118631805556
16295 11396927 0.6243880215009047 2.8197462834702613 0.8534400000000001 4.890006969550464 -1.5977118631805556
16295 10801356 1.2764490197369094 0.003874664151849679 0.3970734375 4.890006969550464 -1.5977118631805556
16296 10801356 1.274947194131517 0.003886133020955563 0.39719250000000006 4.890006969550464 -1.5977118631805556
16296 11396927 0.6486302505153101 2.8599568324867177 0.8534400000000001 4.890006969550464 -1.5977118631805556
16297 10801356 1.2734453685261247 0.0038976018900614474 0.39731156250000005 4.890006969550464 -1.5977118631805556
16297 11396927 0.6729194053980386 2.890805449200925 0.88392 4.890006969550464 -1.5977118631805556
16298 11396927 0.6928075685220283 2.9224501434305887 0.88392 4.890006969550464 -1.5977118631805556
16298 10801356 1.2719435429207324 0.003909070759167331 0.39743062500000004 4.890006969550464 -1.5977118631805556
16299 11396927 0.7126957316460178 2.954094837660252 0.88392 4.890006969550464 -1.5977118631805556
16299 10801356 1.27044171731534 0.003920539628273215 0.3975496875 4.890006969550464 -1.5977118631805556
16300 10801356 1.2689398917099477 0.0039320084973791 0.39766875 4.890006969550464 -1.5977118631805556
16300 11396927 0.7335583705666903 2.9860051789111135 0.88392 4.890006969550464 -1.5977118631805556
16301 10801356 1.2674380661045554 0.003943477366484984 0.39778781250000006 4.890006969550464 -1.5977118631805556
16301 11396927 0.7544210094873627 3.017915520161975 0.88392 4.890006969550464 -1.5977118631805556
16302 11396927 0.7862483962701715 3.06639533061468 0.88392 4.890006969550464 -1.5977118631805556
16302 10801356 1.265936240499163 0.003954946235590868 0.39790687500000005 4.890006969550464 -1.5977118631805556
16303 11396927 0.8162711067763121 3.1104412951266114 0.9144000000000001 4.890006969550464 -1.5977118631805556
16303 10801356 1.2644344148937707 0.003966415104696752 0.39802593750000004 4.890006969550464 -1.5977118631805556
16304 11396927 0.8478753843914884 3.154437650564907 0.9144000000000001 4.890006969550464 -1.5977118631805556
16304 10801356 1.2629325892883785 0.003977883973802636 0.398145 4.890006969550464 -1.5977118631805556
16305 11396927 0.8704388679676167 3.190874335369145 0.9144000000000001 4.890006969550464 -1.5977118631805556
16305 10801356 1.261430763682986 0.003989352842908521 0.3982640625 4.890006969550464 -1.5977118631805556
16306 11396927 0.893631804703796 3.2265211266318397 0.9144000000000001 4.890006969550464 -1.5977118631805556
16306 10801356 1.2599289380775938 0.004000821712014405 0.39838312500000006 4.890006969550464 -1.5977118631805556
16307 11396927 0.9177131884578748 3.267602305522661 0.9144000000000001 4.890006969550464 -1.5977118631805556
16307 10801356 1.2584271124722015 0.004012290581120289 0.39850218750000005 4.890006969550464 -1.5977118631805556
16308 11396927 0.9465275103243336 3.3079542821987347 0.9144000000000001 4.890006969550464 -1.5977118631805556
16308 10801356 1.256925286866809 0.004023759450226173 0.39862125000000004 4.890006969550464 -1.5977118631805556
16309 10801356 1.2554234612614168 0.004035228319332057 0.3987403125 4.890006969550464 -1.5977118631805556
16309 11396927 0.9635034619056939 3.3397916593673065 0.9144000000000001 4.890006969550464 -1.5977118631805556
16310 10801356 1.2539216356560245 0.004046697188437942 0.398859375 4.890006969550464 -1.5977118631805556
16310 11396927 0.993009349425497 3.383889925742853 0.9144000000000001 4.890006969550464 -1.5977118631805556
16311 11396927 1.0152616511688772 3.41937695097609 0.9144000000000001 4.890006969550464 -1.5977118631805556
16311 10801356 1.252419810050632 0.004058166057543826 0.39897843750000006 4.890006969550464 -1.5977118631805556
16312 11396927 1.03942174846796 3.459614675389058 0.9144000000000001 4.890006969550464 -1.5977118631805556
16312 10801356 1.2509179844452398 0.004069634926649709 0.39909750000000005 4.890006969550464 -1.5977118631805556
16313 10801356 1.2494161588398476 0.004081103795755593 0.39921656250000004 4.890006969550464 -1.5977118631805556
16313 11396927 1.0634213207316794 3.4999048879659678 0.9144000000000001 4.890006969550464 -1.5977118631805556
16314 11396927 1.0910223274147055 3.5425229149656667 0.9448799999999999 4.890006969550464 -1.5977118631805556
16314 10801356 1.247914333234455 0.0040925726648614776 0.399335625 4.890006969550464 -1.5977118631805556
16315 11396927 1.108738020638476 3.580427489945882 0.9448799999999999 4.890006969550464 -1.5977118631805556
16315 10801356 1.2464125076290629 0.004104041533967362 0.3994546875 4.890006969550464 -1.5977118631805556
16316 10801356 1.2449106820236706 0.004115510403073246 0.39957375000000006 4.890006969550464 -1.5977118631805556
16316 11396927 1.1328528657499923 3.621614730402928 0.9448799999999999 4.890006969550464 -1.5977118631805556
16317 10801356 1.2434088564182781 0.00412697927217913 0.39969281250000005 4.890006969550464 -1.5977118631805556
16317 11396927 1.147674560097128 3.649307815877756 0.9448799999999999 4.890006969550464 -1.5977118631805556
16318 10801356 1.241907030812886 0.004138448141285014 0.39981187500000004 4.890006969550464 -1.5977118631805556
16318 11396927 1.1624962544442639 3.6770009013525837 0.9448799999999999 4.890006969550464 -1.5977118631805556
16319 10801356 1.2404052052074936 0.004149917010390899 0.3999309375 4.890006969550464 -1.5977118631805556
16319 11396927 1.186576342647048 3.7180827092489372 0.9448799999999999 4.890006969550464 -1.5977118631805556
16320 11396927 1.2077866038490064 3.7655936264157552 0.9448799999999999 4.890006969550464 -1.5977118631805556
16320 10801356 1.2389033796021012 0.004161385879496783 0.40005 4.890006969550464 -1.5977118631805556
16321 11396927 1.232347682349586 3.806518252513767 0.9448799999999999 4.890006969550464 -1.5977118631805556
16321 10801356 1.237401553996709 0.004172854748602667 0.40016906250000006 4.890006969550464 -1.5977118631805556
16322 10801356 1.2358997283913167 0.004184323617708551 0.40028812500000005 4.890006969550464 -1.5977118631805556
16322 11396927 1.2471654313311693 3.8464215606596586 0.9448799999999999 4.890006969550464 -1.5977118631805556
16323 11396927 1.2717541505011514 3.8917767754491295 0.9448799999999999 4.890006969550464 -1.5977118631805556
16323 10801356 1.2343979027859242 0.004195792486814435 0.40040718750000004 4.890006969550464 -1.5977118631805556
16324 11396927 1.3010353963551071 3.9623526791483115 0.9448799999999999 4.890006969550464 -1.5977118631805556
16324 10801356 1.232896077180532 0.00420726135592032 0.40052625000000003 4.890006969550464 -1.5977118631805556
16325 10801356 1.2313942515751397 0.004218730225026204 0.4006453125 4.890006969550464 -1.5977118631805556
16325 11396927 1.3135850796717556 4.003464640493739 0.9448799999999999 4.890006969550464 -1.5977118631805556
16326 10801356 1.2298924259697472 0.004230199094132088 0.40076437500000006 4.890006969550464 -1.5977118631805556
16326 11396927 1.334267134989073 4.050447262140965 0.9448799999999999 4.890006969550464 -1.5977118631805556
16327 10801356 1.228390600364355 0.004241667963237972 0.40088343750000005 4.890006969550464 -1.5977118631805556
16327 11396927 1.3437124248289583 4.0929243863927915 0.9448799999999999 4.890006969550464 -1.5977118631805556
16328 11396927 1.3568486335553707 4.135830789251661 0.9448799999999999 4.890006969550464 -1.5977118631805556
16328 10801356 1.2268887747589627 0.004253136832343856 0.40100250000000004 4.890006969550464 -1.5977118631805556
16329 11396927 1.3657074935216817 4.176513459688341 0.9448799999999999 4.890006969550464 -1.5977118631805556
16329 10801356 1.2253869491535703 0.00426460570144974 0.40112156250000003 4.890006969550464 -1.5977118631805556
16330 11396927 1.375770064433052 4.227668043068634 0.9448799999999999 4.890006969550464 -1.5977118631805556
16330 10801356 1.223885123548178 0.004276074570555624 0.401240625 4.890006969550464 -1.5977118631805556
16331 11396927 1.38918849595809 4.297236660164078 0.9448799999999999 4.890006969550464 -1.5977118631805556
16331 10801356 1.2223832979427858 0.004287543439661508 0.40135968750000006 4.890006969550464 -1.5977118631805556
16332 11396927 1.3938300320259982 4.3277314521804895 0.9448799999999999 4.890006969550464 -1.5977118631805556
16332 10801356 1.2208814723373933 0.004299012308767392 0.40147875000000005 4.890006969550464 -1.5977118631805556
16333 11396927 1.3941952063299325 4.366867568404013 0.96012 4.890006969550464 -1.5977118631805556
16333 10801356 1.219379646732001 0.0043104811778732766 0.40159781250000004 4.890006969550464 -1.5977118631805556
16334 10801356 1.2178778211266088 0.004321950046979161 0.40171687500000003 4.890006969550464 -1.5977118631805556
16334 11396927 1.3945603806338667 4.406003684627536 0.97536 4.890006969550464 -1.5977118631805556
16335 11396927 1.394547124408061 4.454843743626113 0.97536 4.890006969550464 -1.5977118631805556
16335 10801356 1.2163759955212163 0.004333418916085045 0.4018359375 4.890006969550464 -1.5977118631805556
16336 11396927 1.3922830690992622 4.499512589151678 0.9448799999999999 4.890006969550464 -1.5977118631805556
16336 10801356 1.214874169915824 0.004344887785190929 0.40195500000000006 4.890006969550464 -1.5977118631805556
16337 11396927 1.3895726768415484 4.564539322290545 0.9448799999999999 4.890006969550464 -1.5977118631805556
16337 10801356 1.2133723443104318 0.004356356654296813 0.40207406250000005 4.890006969550464 -1.5977118631805556
16338 10801356 1.2118705187050394 0.004367825523402698 0.40219312500000004 4.890006969550464 -1.5977118631805556
16338 11396927 1.3829199860711678 4.6093576023221585 0.9448799999999999 4.890006969550464 -1.5977118631805556
16339 11396927 1.3707231827353623 4.6562218084151095 0.9448799999999999 4.890006969550464 -1.5977118631805556
16339 10801356 1.2103686930996471 0.004379294392508582 0.40231218750000003 4.890006969550464 -1.5977118631805556
16340 11396927 1.3674143072436076 4.678683716150352 0.9448799999999999 4.890006969550464 -1.5977118631805556
16340 10801356 1.2088668674942549 0.004390763261614466 0.40243125 4.890006969550464 -1.5977118631805556
16341 10801356 1.2073650418888624 0.00440223213072035 0.40255031250000006 4.890006969550464 -1.5977118631805556
16341 11396927 1.345832038915792 4.764717241693645 0.9448799999999999 4.890006969550464 -1.5977118631805556
16342 10801356 1.2058632162834702 0.004413700999826234 0.40266937500000005 4.890006969550464 -1.5977118631805556
16342 11396927 1.3388935448742512 4.789650846114437 0.9448799999999999 4.890006969550464 -1.5977118631805556
16343 10801356 1.204361390678078 0.004425169868932119 0.40278843750000004 4.890006969550464 -1.5977118631805556
16343 11396927 1.3153196172410544 4.866872369368953 0.9448799999999999 4.890006969550464 -1.5977118631805556
16344 11396927 1.2919147394134527 4.912026630455933 0.9448799999999999 4.890006969550464 -1.5977118631805556
16344 10801356 1.2028595650726854 0.004436638738038002 0.40290750000000003 4.890006969550464 -1.5977118631805556
16345 11396927 1.2736879146643398 4.955371552840841 0.9448799999999999 4.890006969550464 -1.5977118631805556
16345 10801356 1.2013577394672932 0.004448107607143887 0.4030265625 4.890006969550464 -1.5977118631805556
16346 10801356 1.199855913861901 0.00445957647624977 0.40314562500000006 4.890006969550464 -1.5977118631805556
16346 11396927 1.268634222117285 4.965026688785752 0.9448799999999999 4.890006969550464 -1.5977118631805556
16347 11396927 1.2635805295702305 4.974681824730663 0.9448799999999999 4.890006969550464 -1.5977118631805556
16347 10801356 1.1983540882565085 0.0044710453453556545 0.40326468750000005 4.890006969550464 -1.5977118631805556
16348 10801356 1.1968522626511162 0.004482514214461539 0.40338375000000004 4.890006969550464 -1.5977118631805556
16348 11396927 1.209718893255495 5.059702534521924 0.9448799999999999 4.890006969550464 -1.5977118631805556
