27595 10866934 0.9346167349853349 0.16212894940727313 0.38862 2.02432691222005 -1.58691946628102
27596 10866934 0.9322094780504114 0.162915455584439 0.38862 2.02432691222005 -1.58691946628102
27597 10866934 0.9330118969694674 0.16265328667598816 0.38862 2.02432691222005 -1.58691946628102
27598 10866934 0.9338143158885234 0.1623911177675373 0.38862 2.02432691222005 -1.58691946628102
27599 10866934 0.9338145449002833 0.16239104294418874 0.3886171003186986 2.02432691222005 -1.58691946628102
27600 10866934 0.9338147739120432 0.1623909681208402 0.38861420063739716 2.02432691222005 -1.58691946628102
27601 10866934 0.933815002923803 0.16239089329749162 0.38861130095609575 2.02432691222005 -1.58691946628102
27602 10866934 0.9338152319355629 0.16239081847414308 0.3886084012747943 2.02432691222005 -1.58691946628102
27603 10866934 0.9338154609473229 0.1623907436507945 0.3886055015934929 2.02432691222005 -1.58691946628102
27604 10866934 0.9338156899590828 0.16239066882744596 0.3886026019121914 2.02432691222005 -1.58691946628102
27605 10866934 0.9338159189708427 0.1623905940040974 0.38859970223089 2.02432691222005 -1.58691946628102
27606 10866934 0.9338161479826026 0.16239051918074882 0.38859680254958856 2.02432691222005 -1.58691946628102
27607 10866934 0.9338163769943625 0.16239044435740027 0.38859390286828716 2.02432691222005 -1.58691946628102
27608 10866934 0.9338166060061224 0.1623903695340517 0.3885910031869857 2.02432691222005 -1.58691946628102
27609 10866934 0.9338168350178823 0.16239029471070315 0.3885881035056843 2.02432691222005 -1.58691946628102
27610 10866934 0.9338170640296422 0.16239021988735458 0.38858520382438283 2.02432691222005 -1.58691946628102
27611 10866934 0.933817293041402 0.16239014506400604 0.3885823041430814 2.02432691222005 -1.58691946628102
27612 10866934 0.9338175220531619 0.16239007024065746 0.38857940446177996 2.02432691222005 -1.58691946628102
27613 10866934 0.9338177510649219 0.1623899954173089 0.38857650478047856 2.02432691222005 -1.58691946628102
27614 10866934 0.9338179800766818 0.16238992059396035 0.3885736050991771 2.02432691222005 -1.58691946628102
27615 10866934 0.9338182090884417 0.16238984577061177 0.3885707054178757 2.02432691222005 -1.58691946628102
27616 10866934 0.9338184381002016 0.16238977094726323 0.38856780573657423 2.02432691222005 -1.58691946628102
27617 10866934 0.9338186671119615 0.16238969612391466 0.38856490605527283 2.02432691222005 -1.58691946628102
27618 10866934 0.9338188961237214 0.1623896213005661 0.38856200637397137 2.02432691222005 -1.58691946628102
27619 10866934 0.9338191251354813 0.16238954647721754 0.38855910669266996 2.02432691222005 -1.58691946628102
27620 10866934 0.9338193541472412 0.16238947165386897 0.3885562070113685 2.02432691222005 -1.58691946628102
27621 10866934 0.933819583159001 0.16238939683052042 0.3885533073300671 2.02432691222005 -1.58691946628102
27622 10866934 0.933819812170761 0.16238932200717185 0.38855040764876564 2.02432691222005 -1.58691946628102
27623 10866934 0.9338200411825209 0.1623892471838233 0.38854750796746423 2.02432691222005 -1.58691946628102
27624 10866934 0.9338202701942808 0.16238917236047473 0.3885446082861628 2.02432691222005 -1.58691946628102
27625 10866934 0.9338204992060407 0.1623890975371262 0.38854170860486137 2.02432691222005 -1.58691946628102
27626 10866934 0.9338207282178006 0.16238902271377761 0.3885388089235599 2.02432691222005 -1.58691946628102
27627 10866934 0.9338209572295605 0.16238894789042904 0.3885359092422585 2.02432691222005 -1.58691946628102
27628 10866934 0.9338211862413204 0.1623888730670805 0.38853300956095704 2.02432691222005 -1.58691946628102
27629 10866934 0.9338214152530803 0.16238879824373192 0.38853010987965564 2.02432691222005 -1.58691946628102
27630 10866934 0.9338216442648402 0.16238872342038338 0.3885272101983542 2.02432691222005 -1.58691946628102
27631 10866934 0.9338218732766 0.1623886485970348 0.3885243105170528 2.02432691222005 -1.58691946628102
27632 10866934 0.93382210228836 0.16238857377368626 0.38852141083575137 2.02432691222005 -1.58691946628102
27633 10866934 0.9338223313001199 0.1623884989503377 0.3885185111544499 2.02432691222005 -1.58691946628102
27634 10866934 0.9338225603118798 0.16238842412698914 0.3885156114731485 2.02432691222005 -1.58691946628102
27635 10866934 0.9338227893236397 0.16238834930364057 0.38851271179184704 2.02432691222005 -1.58691946628102
27636 10866934 0.9338230183353996 0.162388274480292 0.38850981211054564 2.02432691222005 -1.58691946628102
27637 10866934 0.9338232473471595 0.16238819965694345 0.3885069124292442 2.02432691222005 -1.58691946628102
27638 10866934 0.9338234763589194 0.16238812483359488 0.3885040127479428 2.02432691222005 -1.58691946628102
27639 10866934 0.9338237053706793 0.16238805001024634 0.3885011130666413 2.02432691222005 -1.58691946628102
27640 10866934 0.9338239343824392 0.16238797518689777 0.3884982133853399 2.02432691222005 -1.58691946628102
27641 10866934 0.9338241633941992 0.16238790036354922 0.38849531370403845 2.02432691222005 -1.58691946628102
27642 10866934 0.933824392405959 0.16238782554020065 0.38849241402273704 2.02432691222005 -1.58691946628102
27643 10866934 0.9338246214177189 0.16238775071685208 0.3884895143414356 2.02432691222005 -1.58691946628102
27644 10866934 0.9338248504294788 0.16238767589350353 0.3884866146601342 2.02432691222005 -1.58691946628102
27645 10866934 0.9338250794412387 0.16238760107015496 0.3884837149788327 2.02432691222005 -1.58691946628102
27646 10866934 0.9338253084529986 0.1623875262468064 0.3884808152975313 2.02432691222005 -1.58691946628102
27647 10866934 0.9338255374647585 0.16238745142345784 0.38847791561622985 2.02432691222005 -1.58691946628102
27648 10866934 0.9338257664765184 0.1623873766001093 0.38847501593492845 2.02432691222005 -1.58691946628102
27649 10866934 0.9338259954882783 0.16238730177676072 0.388472116253627 2.02432691222005 -1.58691946628102
27650 10866934 0.9338262245000383 0.16238722695341215 0.3884692165723256 2.02432691222005 -1.58691946628102
27651 10866934 0.9338264535117982 0.1623871521300636 0.3884663168910241 2.02432691222005 -1.58691946628102
27652 10866934 0.933826682523558 0.16238707730671503 0.3884634172097227 2.02432691222005 -1.58691946628102
27653 10866934 0.9338269115353179 0.1623870024833665 0.38846051752842126 2.02432691222005 -1.58691946628102
27654 10866934 0.9338271405470778 0.16238692766001792 0.38845761784711985 2.02432691222005 -1.58691946628102
27655 10866934 0.9338273695588377 0.16238685283666937 0.3884547181658184 2.02432691222005 -1.58691946628102
27656 10866934 0.9338275985705976 0.1623867780133208 0.388451818484517 2.02432691222005 -1.58691946628102
27657 10866934 0.9338278275823575 0.16238670318997223 0.3884489188032155 2.02432691222005 -1.58691946628102
27658 10866934 0.9338280565941174 0.16238662836662368 0.3884460191219141 2.02432691222005 -1.58691946628102
