13667 10596570 4.821646049684404 -2.88991059624993 0.59436 4.074525223500135 -0.5794385847190122
13668 10596570 4.8439171547525 -2.821600518870051 0.59436 4.074525223500135 -0.5794385847190122
13669 10596570 4.8627947554624935 -2.7459935231958235 0.59436 4.074525223500135 -0.5794385847190122
13670 10596570 4.880858091009623 -2.671522659440866 0.59436 4.074525223500135 -0.5794385847190122
13671 10596570 4.898921426556752 -2.5970517956859083 0.59436 4.074525223500135 -0.5794385847190122
13672 10596570 4.916493419894773 -2.5131933162250557 0.59436 4.074525223500135 -0.5794385847190122
13673 10596570 4.929338726079868 -2.441109244677329 0.59436 4.074525223500135 -0.5794385847190122
13674 10596570 4.935342911547615 -2.404989162915516 0.59436 4.074525223500135 -0.5794385847190122
13675 10596570 4.941347097015362 -2.3688690811537025 0.59436 4.074525223500135 -0.5794385847190122
13676 10596570 4.957314320963652 -2.284487313541856 0.59436 4.074525223500135 -0.5794385847190122
13677 10596570 4.968886682004609 -2.2163098307908644 0.59436 4.074525223500135 -0.5794385847190122
13678 10596570 4.980459043045564 -2.1481323480398724 0.59436 4.074525223500135 -0.5794385847190122
13679 10596570 4.989235686156296 -2.0694654645900648 0.59436 4.074525223500135 -0.5794385847190122
13680 10596570 4.999257542448435 -1.9883428338388334 0.59436 4.074525223500135 -0.5794385847190122
13681 10596570 5.009279398740573 -1.9072202030876022 0.59436 4.074525223500135 -0.5794385847190122
13682 10596570 5.01478674399799 -1.8385835345364552 0.59436 4.074525223500135 -0.5794385847190122
13683 10596570 5.015222154842683 -1.735120932098575 0.59436 4.074525223500135 -0.5794385847190122
13684 10596570 5.0176119130339245 -1.6644747611689454 0.59436 4.074525223500135 -0.5794385847190122
13685 10596570 5.020001671225166 -1.5938285902393157 0.59436 4.074525223500135 -0.5794385847190122
13686 10596570 5.015904290019119 -1.5127156255198426 0.59436 4.074525223500135 -0.5794385847190122
13687 10596570 5.0181242353864794 -1.4372833415523347 0.58674 4.074525223500135 -0.5794385847190122
13688 10596570 5.0142210879543985 -1.3642929157139605 0.58674 4.074525223500135 -0.5794385847190122
13689 10596570 5.010317940522317 -1.2913024898755865 0.58674 4.074525223500135 -0.5794385847190122
13690 10596570 5.003776266992157 -1.225861449039206 0.58674 4.074525223500135 -0.5794385847190122
13691 10596570 4.992732574364022 -1.1464541724482231 0.58674 4.074525223500135 -0.5794385847190122
13692 10596570 4.978880857844279 -1.065313406517258 0.58674 4.074525223500135 -0.5794385847190122
13693 10596570 4.964681869707 -0.9983093885473014 0.57912 4.074525223500135 -0.5794385847190122
13694 10596570 4.944258526736898 -0.9275233435073696 0.57912 4.074525223500135 -0.5794385847190122
13695 10596570 4.928087609437185 -0.8638472673462262 0.57912 4.074525223500135 -0.5794385847190122
13696 10596570 4.904250960262841 -0.7861073504839552 0.57912 4.074525223500135 -0.5794385847190122
13697 10596570 4.877886428558005 -0.7281005550566259 0.57912 4.074525223500135 -0.5794385847190122
13698 10596570 4.839431886553715 -0.6527178793774365 0.5715 4.074525223500135 -0.5794385847190122
13699 10596570 4.817698227691009 -0.6199907741201172 0.5715 4.074525223500135 -0.5794385847190122
13700 10596570 4.795964568828304 -0.5872636688627979 0.5715 4.074525223500135 -0.5794385847190122
13701 10596570 4.751420216532347 -0.5223920963686565 0.56388 4.074525223500135 -0.5794385847190122
13702 10596570 4.661143962345167 -0.4180743943617232 0.56388 4.074525223500135 -0.5794385847190122
13703 10596570 4.610586261048477 -0.3743677447397197 0.55626 4.074525223500135 -0.5794385847190122
13704 10596570 4.563731571482948 -0.3329196937865764 0.55626 4.074525223500135 -0.5794385847190122
13705 10596570 4.500666183408821 -0.2894539735921191 0.54864 4.074525223500135 -0.5794385847190122
13706 10596570 4.439547416794985 -0.2536310172591626 0.54864 4.074525223500135 -0.5794385847190122
13707 10596570 4.3885167328527075 -0.2222663586738726 0.54102 4.074525223500135 -0.5794385847190122
13708 10596570 4.315587492977311 -0.19134998440155573 0.5334 4.074525223500135 -0.5794385847190122
13709 10596570 4.235742942956817 -0.16530209303292134 0.52578 4.074525223500135 -0.5794385847190122
13710 10596570 4.165091727114721 -0.14400468627734478 0.5181600000000001 4.074525223500135 -0.5794385847190122
13711 10596570 4.1346263546801065 -0.135875782738658 0.5143500000000001 4.074525223500135 -0.5794385847190122
13712 10596570 4.104160982245493 -0.12774687919997121 0.51054 4.074525223500135 -0.5794385847190122
13713 10596570 4.028254780876913 -0.11548011067838806 0.50292 4.074525223500135 -0.5794385847190122
13714 10596570 3.9516737423607573 -0.09983842529670986 0.4953 4.074525223500135 -0.5794385847190122
13715 10596570 3.8799176201247025 -0.08845689381719049 0.48768 4.074525223500135 -0.5794385847190122
13716 10596570 3.80365483561092 -0.07864120656276799 0.48768 4.074525223500135 -0.5794385847190122
13717 10596570 3.666033187891565 -0.060950607341752644 0.47243999999999997 4.074525223500135 -0.5794385847190122
13718 10596570 3.628742599471256 -0.05958678266869341 0.46863 4.074525223500135 -0.5794385847190122
13719 10596570 3.591452011050947 -0.05822295799563418 0.46482000000000007 4.074525223500135 -0.5794385847190122
13720 10596570 3.5083102482763806 -0.047444241063538645 0.45720000000000005 4.074525223500135 -0.5794385847190122
13721 10596570 3.431781534980247 -0.04115867556389738 0.45339000000000007 4.074525223500135 -0.5794385847190122
13722 10596570 3.3552528216841138 -0.03487311006425611 0.44958000000000004 4.074525223500135 -0.5794385847190122
13723 10596570 3.2832057642404915 -0.030632808510489967 0.44196 4.074525223500135 -0.5794385847190122
13724 10596570 3.211158706796869 -0.02639250695672382 0.43434000000000006 4.074525223500135 -0.5794385847190122
13725 10596570 3.1396141695153945 -0.025235577464728737 0.42672000000000004 4.074525223500135 -0.5794385847190122
13726 10596570 3.083320596554361 -0.020878945473545435 0.42672000000000004 4.074525223500135 -0.5794385847190122
13727 10596570 3.0085192648278642 -0.020176345934287437 0.41910000000000003 4.074525223500135 -0.5794385847190122
13728 10596570 2.9438786744190972 -0.015547169239481767 0.41910000000000003 4.074525223500135 -0.5794385847190122
13729 10596570 2.8846015259636255 -0.014887781842530895 0.41910000000000003 4.074525223500135 -0.5794385847190122
13730 10596570 2.8167607965732406 -0.011899653686500672 0.41148 4.074525223500135 -0.5794385847190122
13731 10596570 2.751602960304937 -0.008852227035476418 0.41148 4.074525223500135 -0.5794385847190122
13732 10596570 2.696706963146304 -0.005649843702314611 0.40386 4.074525223500135 -0.5794385847190122
13733 10596570 2.6704502304056064 -0.005839182175359919 0.40386 4.074525223500135 -0.5794385847190122
13734 10596570 2.6441934976649084 -0.006028520648405228 0.40386 4.074525223500135 -0.5794385847190122
13735 10596570 2.575571968053536 -0.004068324776707016 0.39624000000000004 4.074525223500135 -0.5794385847190122
13736 10596570 2.4838452412359135 -0.00420129532903013 0.39624000000000004 4.074525223500135 -0.5794385847190122
13737 10596570 2.4370476159832983 -0.003728617089338318 0.39243000000000006 4.074525223500135 -0.5794385847190122
13738 10596570 2.390249990730683 -0.003255938849646506 0.38862 4.074525223500135 -0.5794385847190122
13739 10596570 2.3365791342095097 -0.001735987121771948 0.38862 4.074525223500135 -0.5794385847190122
13740 10596570 2.2765079687252987 -0.003499509387964589 0.38862 4.074525223500135 -0.5794385847190122
13741 10596570 2.212691716939688 0.001217221589365186 0.381 4.074525223500135 -0.5794385847190122
13742 10596570 2.103442634370865 -0.000490901964371987 0.37338 4.074525223500135 -0.5794385847190122
13743 10596570 2.049805736089006 0.0011367842011323626 0.37338 4.074525223500135 -0.5794385847190122
13744 10596570 1.999328659202148 -0.0038744502398195824 0.36576 4.074525223500135 -0.5794385847190122
13745 10596570 1.972510103503874 -0.003060213757794486 0.36576 4.074525223500135 -0.5794385847190122
13746 10596570 1.9456915478055998 -0.0022459772757693897 0.36576 4.074525223500135 -0.5794385847190122
13747 10596570 1.8887506932899598 -0.0025755539863099586 0.35814000000000007 4.074525223500135 -0.5794385847190122
13748 10596570 1.8389531979311369 -0.0027843870131866733 0.35814000000000007 4.074525223500135 -0.5794385847190122
13749 10596570 1.7892935105338204 -0.0025706210196965174 0.35814000000000007 4.074525223500135 -0.5794385847190122
13750 10596570 1.745861901833277 0.00039908387474532625 0.35052000000000005 4.074525223500135 -0.5794385847190122
13751 10596570 1.6919247330958553 2.452571581468277e-05 0.35052000000000005 4.074525223500135 -0.5794385847190122
13752 10596570 1.6316344424133697 -0.0013120232812424137 0.34290000000000004 4.074525223500135 -0.5794385847190122
13753 10596570 1.607153911289326 -0.001493804526357785 0.34290000000000004 4.074525223500135 -0.5794385847190122
13754 10596570 1.5826733801652821 -0.0016755857714731565 0.34290000000000004 4.074525223500135 -0.5794385847190122
13755 10596570 1.489910399144042 -0.002918721490165213 0.33528 4.074525223500135 -0.5794385847190122
13756 10596570 1.4433031308130406 0.0012068215844097119 0.32766 4.074525223500135 -0.5794385847190122
13757 10596570 1.3981210239085355 0.0023555484091158513 0.32766 4.074525223500135 -0.5794385847190122
13758 10596570 1.3529389170040305 0.0035042752338219907 0.32766 4.074525223500135 -0.5794385847190122
