36100 10584605 0.5613447019838933 5.0054246417517785 0.6553200000000001 -3.423004878685325 1.1183983042263892
36101 10584605 0.568934200237543 4.9539881874964244 0.6400800000000001 -3.423004878685325 1.1183983042263892
36102 10584605 0.5769038092516454 4.903712763034209 0.67056 -3.423004878685325 1.1183983042263892
36103 10584605 0.5848737120857581 4.853437322448286 0.67056 -3.423004878685325 1.1183983042263892
36104 10584605 0.5922307740004146 4.804452899830551 0.6604000000000001 -3.423004878685325 1.1183983042263892
36105 10584605 0.5995878359150711 4.7554684772128155 0.65024 -3.423004878685325 1.1183983042263892
36106 10584605 0.6069448978297276 4.70648405459508 0.6400800000000001 -3.423004878685325 1.1183983042263892
36107 10584605 0.6127864573685278 4.6578395645940525 0.6400800000000001 -3.423004878685325 1.1183983042263892
36108 10584605 0.6186280169073279 4.609195074593026 0.6400800000000001 -3.423004878685325 1.1183983042263892
36109 10584605 0.6270350845171544 4.558893982520163 0.6400800000000001 -3.423004878685325 1.1183983042263892
36110 10584605 0.6315445189255589 4.507530659109643 0.6400800000000001 -3.423004878685325 1.1183983042263892
36111 10584605 0.6345904123781976 4.458748965514466 0.6400800000000001 -3.423004878685325 1.1183983042263892
36112 10584605 0.63786594106894 4.410125910601343 0.6400800000000001 -3.423004878685325 1.1183983042263892
36113 10584605 0.6447474409116585 4.357870356555652 0.6400800000000001 -3.423004878685325 1.1183983042263892
36114 10584605 0.6498873057797458 4.3057169766765 0.6400800000000001 -3.423004878685325 1.1183983042263892
36115 10584605 0.6541148625091259 4.257016522725884 0.6400800000000001 -3.423004878685325 1.1183983042263892
36116 10584605 0.6583424192385059 4.208316068775268 0.6400800000000001 -3.423004878685325 1.1183983042263892
36117 10584605 0.6615156233038959 4.15937624121429 0.6400800000000001 -3.423004878685325 1.1183983042263892
36118 10584605 0.6642768937436356 4.110804813574086 0.6400800000000001 -3.423004878685325 1.1183983042263892
36119 10584605 0.6690972663938974 4.05875619314107 0.6400800000000001 -3.423004878685325 1.1183983042263892
36120 10584605 0.6739645727496335 4.007393301065768 0.6400800000000001 -3.423004878685325 1.1183983042263892
36121 10584605 0.6767265542177532 3.958821800301801 0.6400800000000001 -3.423004878685325 1.1183983042263892
36122 10584605 0.6826622143798298 3.909095932538991 0.6096 -3.423004878685325 1.1183983042263892
36123 10584605 0.6856080162114283 3.8604060473370576 0.6248400000000001 -3.423004878685325 1.1183983042263892
36124 10584605 0.6885538180430268 3.811716162135124 0.6400800000000001 -3.423004878685325 1.1183983042263892
36125 10584605 0.6941582443002376 3.7623324320259033 0.6400800000000001 -3.423004878685325 1.1183983042263892
36126 10584605 0.6946878685093067 3.7150751649755893 0.6400800000000001 -3.423004878685325 1.1183983042263892
36127 10584605 0.6978633967941843 3.666135098718352 0.6096 -3.423004878685325 1.1183983042263892
36128 10584605 0.7057599129200873 3.6158853828018853 0.6096 -3.423004878685325 1.1183983042263892
36129 10584605 0.7077217983458352 3.5675758758135734 0.6096 -3.423004878685325 1.1183983042263892
36130 10584605 0.709683683771583 3.519266368825261 0.6096 -3.423004878685325 1.1183983042263892
36131 10584605 0.7124479251020156 3.470694630859707 0.6096 -3.423004878685325 1.1183983042263892
36132 10584605 0.7131270640597605 3.4228045728828302 0.6096 -3.423004878685325 1.1183983042263892
36133 10584605 0.7138977939624626 3.374650944548421 0.6096 -3.423004878685325 1.1183983042263892
36134 10584605 0.7136353956157767 3.3249657541269824 0.6096 -3.423004878685325 1.1183983042263892
36135 10584605 0.7164004796859913 3.2763939159648636 0.6096 -3.423004878685325 1.1183983042263892
36136 10584605 0.7150533520756863 3.250546846236073 0.6096 -3.423004878685325 1.1183983042263892
36137 10584605 0.7137062244653815 3.2246997765072822 0.6096 -3.423004878685325 1.1183983042263892
36138 10584605 0.7129757818307012 3.124695881713709 0.6096 -3.423004878685325 1.1183983042263892
36139 10584605 0.7121884077480405 3.076117163581185 0.6096 -3.423004878685325 1.1183983042263892
36140 10584605 0.7114010336653799 3.027538445448661 0.6096 -3.423004878685325 1.1183983042263892
36141 10584605 0.7073581092253856 2.9785051569236525 0.6096 -3.423004878685325 1.1183983042263892
36142 10584605 0.7033151847853913 2.929471868398644 0.6096 -3.6306216179351116 1.9380638631846545
36143 10584605 0.7010147133169224 2.8803363657211274 0.6096 -3.6306216179351116 1.9380638631846545
36144 10584605 0.6962735620455577 2.8318818696723094 0.6096 -3.6306216179351116 1.9380638631846545
36145 10584605 0.6886216148200314 2.784028375550218 0.6096 -3.6306216179351116 1.9380638631846545
36146 10584605 0.6755014475370128 2.7357425249551874 0.6096 -3.6306216179351116 1.9380638631846545
36147 10584605 0.6623813142728665 2.6874566682652143 0.6096 -3.6306216179351116 1.9380638631846545
36148 10584605 0.6411665270325604 2.6429267028785657 0.6096 -3.6306216179351116 1.9380638631846545
36149 10584605 0.6199517397922544 2.598396737491917 0.6096 -3.6306216179351116 1.9380638631846545
36150 10584605 0.5927854682693827 2.5573894590644835 0.6096 -3.6306216179351116 1.9380638631846545
36151 10584605 0.5616254132214319 2.512313421192515 0.6096 -3.6306216179351116 1.9380638631846545
36152 10584605 0.5258896093117816 2.476327298876368 0.6096 -3.6306216179351116 1.9380638631846545
36153 10584605 0.4877385327164909 2.4438179404639766 0.6096 -3.6306216179351116 1.9380638631846545
36154 10584605 0.44749539062100757 2.411700547365435 0.6096 -3.6306216179351116 1.9380638631846545
36155 10584605 0.4072522485255242 2.3795831542668933 0.6096 -3.6306216179351116 1.9380638631846545
36156 10584605 0.35844807294917946 2.3552299991051693 0.6096 -3.6306216179351116 1.9380638631846545
36157 10584605 0.3343326354054207 2.3432519037906094 0.6096 -3.6306216179351116 1.9380638631846545
36158 10584605 0.3102171978616619 2.3312738084760496 0.6096 -3.6306216179351116 1.9380638631846545
36159 10584605 0.2104727984721001 2.2909779337993252 0.57912 -3.6306216179351116 1.9380638631846545
36160 10584605 0.15837266839292619 2.272843914334074 0.6096 -3.6306216179351116 1.9380638631846545
36161 10584605 0.1030465757070348 2.2611392375223778 0.6096 -3.6306216179351116 1.9380638631846545
36162 10584605 0.0499542228155232 2.24812041812958 0.57912 -3.6306216179351116 1.9380638631846545
36163 10584605 -0.0030003420656260493 2.235524195176924 0.57912 -3.6306216179351116 1.9380638631846545
36164 10584605 -0.05650283500255565 2.2253274570339325 0.57912 -3.6306216179351116 1.9380638631846545
36165 10584605 -0.11000532793948525 2.2151307188909413 0.57912 -3.6306216179351116 1.9380638631846545
36166 10584605 -0.16223585675055818 2.204752239128418 0.57912 -3.6306216179351116 1.9380638631846545
36167 10584605 -0.21618290662022877 2.197272050450567 0.57912 -3.6306216179351116 1.9380638631846545
36168 10584605 -0.27002661451240995 2.1901089194995076 0.57912 -3.6306216179351116 1.9380638631846545
36169 10584605 -0.32717445958754254 2.1809888273245037 0.57912 -3.6306216179351116 1.9380638631846545
36170 10584605 -0.38276935795154765 2.1766189356575754 0.57912 -3.6306216179351116 1.9380638631846545
36171 10584605 -0.43588882676734664 2.1716736015685485 0.57912 -3.6306216179351116 1.9380638631846545
36172 10584605 -0.4891810444104272 2.1662009158245787 0.57912 -3.6306216179351116 1.9380638631846545
36173 10584605 -0.5447764560687187 2.161832287177655 0.57912 -3.6306216179351116 1.9380638631846545
36174 10584605 -0.5984439432922933 2.159287306896827 0.57912 -3.6306216179351116 1.9380638631846545
36175 10584605 -0.652111430515868 2.156742326615999 0.57912 -3.6306216179351116 1.9380638631846545
36176 10584605 -0.7076037669080799 2.1526916149269106 0.57912 -3.6306216179351116 1.9380638631846545
36177 10584605 -0.7601028497093365 2.1496485689334857 0.57912 -3.6306216179351116 1.9380638631846545
36178 10584605 -0.8100919322666711 2.146135450795 0.57912 -3.6306216179351116 1.9380638631846545
36179 10584605 -0.8609441871777024 2.1399839885637877 0.54864 -3.6306216179351116 1.9380638631846545
36180 10584605 -0.9126151700281286 2.13947521395886 0.54864 -3.6306216179351116 1.9380638631846545
36181 10584605 -0.9646092054639652 2.137436865787887 0.54864 -3.6306216179351116 1.9380638631846545
36182 10584605 -1.0166032408998018 2.1353985176169132 0.54864 -3.6306216179351116 1.9380638631846545
36183 10584605 -1.0682055163283546 2.135101969003998 0.54864 -3.6306216179351116 1.9380638631846545
36184 10584605 -1.11332535639969 2.1296474788419166 0.57912 -3.6306216179351116 1.9380638631846545
36185 10584605 -1.1589753986075235 2.1220298623616025 0.57912 -3.6306216179351116 1.9380638631846545
36186 10584605 -1.2018148383789582 2.115946736137496 0.54864 -3.6306216179351116 1.9380638631846545
36187 10584605 -1.246139047878075 2.105325383405919 0.54864 -3.6306216179351116 1.9380638631846545
36188 10584605 -1.2821157480885295 2.0822173942085698 0.54864 -3.6306216179351116 1.9380638631846545
36189 10584605 -1.318092448298984 2.05910940501122 0.54864 -3.6306216179351116 1.9380638631846545
36190 10584605 -1.3516853533199162 2.031073937163413 0.54864 -3.6306216179351116 1.9380638631846545
36191 10584605 -1.3852782583408485 2.0030384693156056 0.54864 -3.6306216179351116 1.9380638631846545
36192 10584605 -1.4122172316289638 1.9695547938695692 0.5181600000000001 -3.6306216179351116 1.9380638631846545
36193 10584605 -1.4372432295265638 1.9348611323718234 0.5181600000000001 -3.6306216179351116 1.9380638631846545
36194 10584605 -1.4596677200784465 1.8994332710724957 0.54864 -3.6306216179351116 1.9380638631846545
36195 10584605 -1.4845213176050638 1.8652674643703262 0.54864 -3.6306216179351116 1.9380638631846545
36196 10584605 -1.5020412628495763 1.8280014527340906 0.54864 -3.6306216179351116 1.9380638631846545
36197 10584605 -1.5177070204306686 1.788259394267256 0.5181600000000001 -3.6306216179351116 1.9380638631846545
36198 10584605 -1.5301943349907452 1.7460170068698806 0.5181600000000001 -3.6306216179351116 1.9380638631846545
36199 10584605 -1.5426816495508218 1.7037746194725052 0.5181600000000001 -3.6306216179351116 1.9380638631846545
36200 10584605 -1.556113347157466 1.6627174982971866 0.5181600000000001 -3.6306216179351116 1.9380638631846545
36201 10584605 -1.5642784576736297 1.6316507723588798 0.50292 -3.6306216179351116 1.9380638631846545
36202 10584605 -1.5724435681897935 1.600584046420573 0.48768 -3.6306216179351116 1.9380638631846545
36203 10584605 -1.5860692823097104 1.5487533842035444 0.50292 -3.6306216179351116 1.9380638631846545
36204 10584605 -1.5996949964296274 1.4969227219865158 0.5181600000000001 -3.6306216179351116 1.9380638631846545
36205 10584605 -1.6126950246517242 1.4571849137217043 0.50292 -3.6306216179351116 1.9380638631846545
36206 10584605 -1.625695052873821 1.417447105456893 0.48768 -3.6306216179351116 1.9380638631846545
36207 10584605 -1.6382980005473329 1.3789230719364236 0.48768 -3.6306216179351116 1.9380638631846545
36208 10584605 -1.6475100012548292 1.3380044605550543 0.48768 -3.6306216179351116 1.9380638631846545
36209 10584605 -1.6567220019623254 1.297085849173685 0.48768 -3.6306216179351116 1.9380638631846545
36210 10584605 -1.6685652786373788 1.260883806405637 0.48768 -3.6306216179351116 1.9380638631846545
36211 10584605 -1.6783758739336399 1.2226146958986512 0.48768 -3.6306216179351116 1.9380638631846545
36212 10584605 -1.688186469229901 1.1843455853916656 0.48768 -3.6306216179351116 1.9380638631846545
36213 10584605 -1.6971855940696998 1.1485567794708786 0.48768 -3.6306216179351116 1.9380638631846545
36214 10584605 -1.7061847189094987 1.1127679735500915 0.48768 -3.6306216179351116 1.9380638631846545
36215 10584605 -1.716577750921698 1.0809988288039794 0.48768 -3.6306216179351116 1.9380638631846545
36216 10584605 -1.7215697434002728 1.040218639444838 0.45720000000000005 -3.6306216179351116 1.9380638631846545
36217 10584605 -1.7279084239081588 1.004552654374626 0.45720000000000005 -3.6306216179351116 1.9380638631846545
36218 10584605 -1.731736490711133 0.9684158770089898 0.48768 -3.6306216179351116 1.9380638631846545
36219 10584605 -1.7397914955960998 0.9356481985441519 0.45720000000000005 -3.6306216179351116 1.9380638631846545
36220 10584605 -1.7484334531977794 0.9010862433003729 0.48768 -3.6306216179351116 1.9380638631846545
36221 10584605 -1.754702898469138 0.865631311494924 0.48768 -3.6306216179351116 1.9380638631846545
36222 10584605 -1.7575537742861453 0.8313948611833453 0.48768 -3.6306216179351116 1.9380638631846545
36223 10584605 -1.7630868500714947 0.7979190239361431 0.48768 -3.6306216179351116 1.9380638631846545
36224 10584605 -1.7685853521919308 0.7645487227617881 0.45720000000000005 -3.6306216179351116 1.9380638631846545
36225 10584605 -1.7703411473832904 0.7301293284488375 0.45720000000000005 -3.6306216179351116 1.9380638631846545
36226 10584605 -1.77209694257465 0.6957099341358869 0.45720000000000005 -3.6306216179351116 1.9380638631846545
36227 10584605 -1.7753374769672863 0.6613673223505011 0.45720000000000005 -3.6306216179351116 1.9380638631846545
36228 10584605 -1.7752731397621007 0.6289814514932569 0.45720000000000005 -3.6306216179351116 1.9380638631846545
36229 10584605 -1.7723547144589145 0.5955451045076781 0.45720000000000005 -3.6306216179351116 1.9380638631846545
36230 10584605 -1.7703907665610943 0.5597336899355755 0.45720000000000005 -3.6306216179351116 1.9380638631846545
36231 10584605 -1.7649249300977135 0.5275672016720311 0.42672000000000004 -3.6306216179351116 1.9380638631846545
36232 10584605 -1.7569628018456438 0.5019451102903622 0.44196 -3.6306216179351116 1.9380638631846545
36233 10584605 -1.7490006735935741 0.4763230189086932 0.45720000000000005 -3.6306216179351116 1.9380638631846545
36234 10584605 -1.730207922381955 0.4262437547667379 0.42672000000000004 -3.6306216179351116 1.9380638631846545
36235 10584605 -1.715450383380657 0.3964126576983532 0.42672000000000004 -3.6306216179351116 1.9380638631846545
36236 10584605 -1.6984459711676612 0.36584667148868966 0.45720000000000005 -3.6306216179351116 1.9380638631846545
36237 10584605 -1.6847833550211389 0.34081379343270357 0.45720000000000005 -3.6306216179351116 1.9380638631846545
36238 10584605 -1.6648767727529479 0.3107008102865209 0.44196 -3.6306216179351116 1.9380638631846545
36239 10584605 -1.644970190484757 0.28058782714033825 0.42672000000000004 -3.6306216179351116 1.9380638631846545
36240 10584605 -1.627194352469896 0.2521066755402852 0.42672000000000004 -3.6306216179351116 1.9380638631846545
36241 10584605 -1.6041223154936874 0.22691743965820071 0.42672000000000004 -3.6306216179351116 1.9380638631846545
36242 10584605 -1.581050278517479 0.2017282037761162 0.42672000000000004 -3.6306216179351116 1.9380638631846545
36243 10584605 -1.5580321009445768 0.17433683955934573 0.39624000000000004 -3.6306216179351116 1.9380638631846545
36244 10584605 -1.5303196231317273 0.15043428279213564 0.42672000000000004 -3.6306216179351116 1.9380638631846545
36245 10584605 -1.5020546364252778 0.12822059304462816 0.42672000000000004 -3.6306216179351116 1.9380638631846545
36246 10584605 -1.480087836810727 0.11119244853123475 0.41910000000000003 -3.6306216179351116 1.9380638631846545
36247 10584605 -1.4581210371961766 0.09416430401784134 0.41148000000000007 -3.6306216179351116 1.9380638631846545
36248 10584605 -1.4179290318930629 0.06971532901872116 0.40386000000000005 -3.6306216179351116 1.9380638631846545
36249 10584605 -1.377737026589949 0.04526635401960097 0.39624000000000004 -3.6306216179351116 1.9380638631846545
36250 10584605 -1.346834856125111 0.03247273750459009 0.36576 -3.6306216179351116 1.9380638631846545
36251 10584605 -1.3147374818844402 0.02197565938805532 0.36576 -3.6306216179351116 1.9380638631846545
36252 10584605 -1.2718538966914796 0.0281641221549552 0.36576 -3.6306216179351116 1.9380638631846545
36253 10584605 -1.245778580821716 0.021389375218230117 0.36576 -3.6306216179351116 1.9380638631846545
36254 10584605 -1.2197032649519528 0.014614628281505032 0.36576 -3.6306216179351116 1.9380638631846545
36255 10584605 -1.1820195591537745 0.013595358003623909 0.36576 -3.6306216179351116 1.9380638631846545
36256 10584605 -1.1443358533555963 0.012576087725742785 0.36576 -3.6306216179351116 1.9380638631846545
36257 10584605 -1.0860932541448007 0.017656981922241716 0.36576 -3.6306216179351116 1.9380638631846545
36258 10584605 -1.0486892818984948 0.015240081384984422 0.33528 -3.6306216179351116 1.9380638631846545
36259 10584605 -1.0112163131934437 0.013034478249134701 0.33528 -3.6306216179351116 1.9380638631846545
36260 10584605 -0.9765346657105889 0.011800285788193893 0.33528 -3.6306216179351116 1.9380638631846545
36261 10584605 -0.941853018227734 0.010566093327253084 0.33528 -3.6306216179351116 1.9380638631846545
36262 10584605 -0.9171738275023363 0.009302179258407567 0.33528 -3.6306216179351116 1.9380638631846545
36263 10584605 -0.8924946367769386 0.00803826518956205 0.33528 -3.6306216179351116 1.9380638631846545
36264 10584605 -0.8423080225947821 0.008043952862172826 0.33528 -3.6306216179351116 1.9380638631846545
36265 10584605 -0.8131374146503461 0.0059835785946768805 0.3048 -3.6306216179351116 1.9380638631846545
36266 10584605 -0.7802705446506681 0.007621842191105926 0.3048 -3.6306216179351116 1.9380638631846545
36267 10584605 -0.7468877555312936 0.009208392332246934 0.3048 -3.6306216179351116 1.9380638631846545
36268 10584605 -0.7307649637898965 0.009077716249294626 0.3048 -3.6306216179351116 1.9380638631846545
36269 10584605 -0.7146421720484994 0.008947040166342318 0.3048 -3.6306216179351116 1.9380638631846545
36270 10584605 -0.6513988405294238 0.010585216502414757 0.3048 -3.6306216179351116 1.9380638631846545
36271 10584605 -0.6195088591067066 0.010323684719864473 0.3048 -3.6306216179351116 1.9380638631846545
36272 10584605 -0.5899139526536616 0.008475945688248304 0.3048 -3.6306216179351116 1.9380638631846545
36273 10584605 -0.5602829100772422 0.008369012301051831 0.3048 -3.6306216179351116 1.9380638631846545
36274 10584605 -0.5311181712094049 0.006428527878601237 0.3048 -3.6306216179351116 1.9380638631846545
36275 10584605 -0.5019534323415675 0.004488043456150642 0.3048 -3.6306216179351116 1.9380638631846545
36276 10584605 -0.4726627498492678 0.0023897818151197014 0.3048 -3.6306216179351116 1.9380638631846545
36277 10584605 -0.4433720673569681 0.00029152017408876074 0.3048 -3.6306216179351116 1.9380638631846545
36278 10584605 -0.41309596962591155 0.0032456000232480575 0.3048 -3.6306216179351116 1.9380638631846545
36279 10584605 -0.3836392468366927 0.0009765127200752344 0.3048 -3.6306216179351116 1.9380638631846545
36280 10584605 -0.3550804489833743 0.006828849922534713 0.3048 -3.6306216179351116 1.9380638631846545
36281 10584605 -0.32328548689000347 0.0035619608855152196 0.3048 -3.6306216179351116 1.9380638631846545
36282 10584605 -0.29584377337796686 0.004639049075628204 0.27432 -3.6306216179351116 1.9380638631846545
36283 10584605 -0.26599478456364145 0.004929325958232339 0.27432 -3.6306216179351116 1.9380638631846545
36284 10584605 -0.2368246645729979 0.0028713243649630404 0.27432 -3.6306216179351116 1.9380638631846545
36285 10584605 -0.20932528072528345 0.0043971903193393 0.27432 -3.6306216179351116 1.9380638631846545
36286 10584605 -0.17830725649092405 0.004188901627343117 0.27432 -3.6306216179351116 1.9380638631846545
36287 10584605 -0.14728923225656465 0.003980612935346933 0.27432 -3.6306216179351116 1.9380638631846545
36288 10584605 -0.11710819928994609 0.0039292622903375485 0.27432 -3.6306216179351116 1.9380638631846545
36289 10584605 -0.08974697049426883 0.005033375191840522 0.27432 -3.6306216179351116 1.9380638631846545
36290 10584605 -0.059840868508045875 0.005364244326667877 0.27432 -3.6306216179351116 1.9380638631846545
36291 10584605 -0.02993476652182292 0.0056951134614952326 0.27432 -3.6306216179351116 1.9380638631846545
36292 10584605 -0.0017688938456877912 0.00898997654573544 0.27432 -3.6306216179351116 1.9380638631846545
36293 10584605 0.027435482896547514 0.007038616855371049 0.27432 -3.6306216179351116 1.9380638631846545
36294 10584605 0.05624090193653275 0.0076712602525104145 0.27432 -3.6306216179351116 1.9380638631846545
36295 10584605 0.08504632097651799 0.00830390364964978 0.27432 -3.6306216179351116 1.9380638631846545
36296 10584605 0.11610747459365622 0.005512362825459027 0.27432 -3.6306216179351116 1.9380638631846545
36297 10584605 0.14617382136294976 0.005791647859816035 0.27432 -3.6306216179351116 1.9380638631846545
36298 10584605 0.1762401681322433 0.006070932894173042 0.27432 -3.6306216179351116 1.9380638631846545
36299 10584605 0.19959112338334828 0.010940124942871748 0.27432 -3.6306216179351116 1.9380638631846545
36300 10584605 0.2242454138551822 0.011644913411756747 0.27432 -3.6306216179351116 1.9380638631846545
36301 10584605 0.24889970432701614 0.012349701880641745 0.27432 -3.6306216179351116 1.9380638631846545
36302 10584605 0.27277327333025936 0.012024628821502598 0.27432 -3.6306216179351116 1.9380638631846545
36303 10584605 0.2730014166268067 0.01201259499146559 0.27432 -3.6306216179351116 1.9380638631846545
36304 10584605 0.27322955992335407 0.012000561161428584 0.27432 -3.6306216179351116 1.9380638631846545
36305 10584605 0.2734577032199014 0.011988527331391576 0.27432 -3.6306216179351116 1.9380638631846545
36306 10584605 0.2736858465164488 0.01197649350135457 0.27432 -3.6306216179351116 1.9380638631846545
36307 10584605 0.27391398981299614 0.011964459671317563 0.27432 -3.6306216179351116 1.9380638631846545
36308 10584605 0.2741421331095435 0.011952425841280557 0.27432 -3.6306216179351116 1.9380638631846545
36309 10584605 0.27437027640609085 0.011940392011243549 0.27432 -3.6306216179351116 1.9380638631846545
36310 10584605 0.2745984197026382 0.011928358181206543 0.27432 -3.6306216179351116 1.9380638631846545
36311 10584605 0.2748265629991856 0.011916324351169535 0.27432 -3.6306216179351116 1.9380638631846545
36312 10584605 0.275054706295733 0.01190429052113253 0.27432 -3.6306216179351116 1.9380638631846545
36313 10584605 0.27528284959228033 0.011892256691095521 0.27432 -3.6306216179351116 1.9380638631846545
36314 10584605 0.2755109928888277 0.011880222861058515 0.27432 -3.6306216179351116 1.9380638631846545
36315 10584605 0.27573913618537504 0.011868189031021508 0.27432 -3.6306216179351116 1.9380638631846545
36316 10584605 0.2759672794819224 0.011856155200984502 0.27432 -3.6306216179351116 1.9380638631846545
36317 10584605 0.27619542277846976 0.011844121370947494 0.27432 -3.6306216179351116 1.9380638631846545
36318 10584605 0.2764235660750171 0.011832087540910488 0.27432 -3.6306216179351116 1.9380638631846545
36319 10584605 0.27665170937156447 0.01182005371087348 0.27432 -3.6306216179351116 1.9380638631846545
36320 10584605 0.2768798526681118 0.011808019880836474 0.27432 -3.6306216179351116 1.9380638631846545
36321 10584605 0.2771079959646592 0.011795986050799467 0.27432 -3.6306216179351116 1.9380638631846545
36322 10584605 0.27733613926120654 0.01178395222076246 0.27432 -3.6306216179351116 1.9380638631846545
36323 10584605 0.2775642825577539 0.011771918390725453 0.27432 -3.6306216179351116 1.9380638631846545
36324 10584605 0.27779242585430125 0.011759884560688445 0.27432 -3.6306216179351116 1.9380638631846545
36325 10584605 0.2780205691508486 0.01174785073065144 0.27432 -3.6306216179351116 1.9380638631846545
36326 10584605 0.27824871244739596 0.011735816900614432 0.27432 -3.6306216179351116 1.9380638631846545
36327 10584605 0.2784768557439433 0.011723783070577426 0.27432 -3.6306216179351116 1.9380638631846545
36328 10584605 0.2787049990404907 0.011711749240540418 0.27432 -3.6306216179351116 1.9380638631846545
36329 10584605 0.27893314233703803 0.011699715410503412 0.27432 -3.6306216179351116 1.9380638631846545
36330 10584605 0.27916128563358544 0.011687681580466404 0.27432 -3.6306216179351116 1.9380638631846545
36331 10584605 0.2793894289301328 0.011675647750429398 0.27432 -3.6306216179351116 1.9380638631846545
36332 10584605 0.27961757222668016 0.01166361392039239 0.27432 -3.6306216179351116 1.9380638631846545
36333 10584605 0.2798457155232275 0.011651580090355385 0.27432 -3.6306216179351116 1.9380638631846545
36334 10584605 0.28007385881977487 0.011639546260318377 0.27432 -3.6306216179351116 1.9380638631846545
36335 10584605 0.2803020021163222 0.01162751243028137 0.27432 -3.6306216179351116 1.9380638631846545
36336 10584605 0.2805301454128696 0.011615478600244363 0.27432 -3.6306216179351116 1.9380638631846545
36337 10584605 0.28075828870941694 0.011603444770207357 0.27432 -3.6306216179351116 1.9380638631846545
36338 10584605 0.2809864320059643 0.01159141094017035 0.27432 -3.6306216179351116 1.9380638631846545
36339 10584605 0.28121457530251165 0.011579377110133343 0.27432 -3.6306216179351116 1.9380638631846545
36340 10584605 0.281442718599059 0.011567343280096336 0.27432 -3.6306216179351116 1.9380638631846545
36341 10584605 0.28167086189560636 0.01155530945005933 0.27432 -3.6306216179351116 1.9380638631846545
36342 10584605 0.2818990051921537 0.011543275620022322 0.27432 -3.6306216179351116 1.9380638631846545
36343 10584605 0.2821271484887011 0.011531241789985316 0.27432 -3.6306216179351116 1.9380638631846545
36344 10584605 0.28235529178524843 0.011519207959948308 0.27432 -3.6306216179351116 1.9380638631846545
36345 10584605 0.2825834350817958 0.011507174129911302 0.27432 -3.6306216179351116 1.9380638631846545
36346 10584605 0.28281157837834314 0.011495140299874295 0.27432 -3.6306216179351116 1.9380638631846545
36347 10584605 0.2830397216748905 0.011483106469837287 0.27432 -3.6306216179351116 1.9380638631846545
36348 10584605 0.2832678649714379 0.011471072639800281 0.27432 -3.6306216179351116 1.9380638631846545
36349 10584605 0.28349600826798527 0.011459038809763273 0.27432 -3.6306216179351116 1.9380638631846545
36350 10584605 0.2837241515645326 0.011447004979726267 0.27432 -3.6306216179351116 1.9380638631846545
36351 10584605 0.28395229486108 0.01143497114968926 0.27432 -3.6306216179351116 1.9380638631846545
36352 10584605 0.28418043815762734 0.011422937319652254 0.27432 -3.6306216179351116 1.9380638631846545
36353 10584605 0.2844085814541747 0.011410903489615246 0.27432 -3.6306216179351116 1.9380638631846545
36354 10584605 0.28463672475072205 0.01139886965957824 0.27432 -3.6306216179351116 1.9380638631846545
36355 10584605 0.2848648680472694 0.011386835829541232 0.27432 -3.6306216179351116 1.9380638631846545
36356 10584605 0.28509301134381676 0.011374801999504226 0.27432 -3.6306216179351116 1.9380638631846545
36357 10584605 0.2853211546403641 0.011362768169467219 0.27432 -3.6306216179351116 1.9380638631846545
36358 10584605 0.2855492979369115 0.011350734339430213 0.27432 -3.6306216179351116 1.9380638631846545
36359 10584605 0.28577744123345883 0.011338700509393205 0.27432 -3.6306216179351116 1.9380638631846545
36360 10584605 0.2860055845300062 0.011326666679356199 0.27432 -3.6306216179351116 1.9380638631846545
36361 10584605 0.28623372782655354 0.011314632849319191 0.27432 -3.6306216179351116 1.9380638631846545
36362 10584605 0.2864618711231009 0.011302599019282185 0.27432 -3.6306216179351116 1.9380638631846545
