21931 11162519 -3.9475487397374565 1.2884949254864406 0.762 -1.746861674321038 -1.0875893105342198
21932 11162519 -3.9242020591479356 1.2770519159978428 0.762 -1.746861674321038 -1.0875893105342198
21933 11162519 -3.8766445323049723 1.2568045917417134 0.762 -1.746861674321038 -1.0875893105342198
21934 11162519 -3.7798378572987996 1.2122516282070728 0.762 -1.746861674321038 -1.0875893105342198
21935 11162519 -3.733869371100262 1.1871506155281186 0.762 -1.746861674321038 -1.0875893105342198
21936 11162519 -3.687134765556121 1.1642531862828585 0.762 -1.746861674321038 -1.0875893105342198
21937 11162519 -3.64040016001198 1.1413557570375985 0.762 -1.746861674321038 -1.0875893105342198
21938 11162519 -3.5910799827876696 1.1180797513487217 0.762 -1.746861674321038 -1.0875893105342198
21939 11162519 -3.5442244035923185 1.0951438673322644 0.762 -1.746861674321038 -1.0875893105342198
21940 11162519 -3.4973688243969674 1.0722079833158071 0.762 -1.746861674321038 -1.0875893105342198
21941 11162519 -3.44945253731302 1.0489840287803247 0.762 -1.746861674321038 -1.0875893105342198
21942 11162519 -3.4015362502290722 1.025760074244842 0.762 -1.746861674321038 -1.0875893105342198
21943 11162519 -3.352398882303892 1.002195390949909 0.762 -1.746861674321038 -1.0875893105342198
21944 11162519 -3.3175236193909994 0.984585487939585 0.762 -1.746861674321038 -1.0875893105342198
21945 11162519 -3.282648356478106 0.9669755849292608 0.762 -1.746861674321038 -1.0875893105342198
21946 11162519 -3.2073233492348603 0.9325023956106399 0.762 -1.746861674321038 -1.0875893105342198
21947 11162519 -3.161651769968616 0.9146309027054552 0.73152 -1.746861674321038 -1.0875893105342198
21948 11162519 -3.1125305139305466 0.8910152929431319 0.73152 -1.746861674321038 -1.0875893105342198
21949 11162519 -3.063409257892477 0.8673996831808086 0.73152 -1.746861674321038 -1.0875893105342198
21950 11162519 -3.0135104101352646 0.8461592327097845 0.73152 -1.746861674321038 -1.0875893105342198
21951 11162519 -2.9897989517778165 0.8358275639855812 0.73152 -1.746861674321038 -1.0875893105342198
21952 11162519 -2.9660874934203685 0.8254958952613779 0.73152 -1.746861674321038 -1.0875893105342198
21953 11162519 -2.9175538155175125 0.803476387769475 0.73152 -1.746861674321038 -1.0875893105342198
21954 11162519 -2.8690201376146565 0.7814568802775721 0.73152 -1.746861674321038 -1.0875893105342198
21955 11162519 -2.7681632911607537 0.7408530712977562 0.73152 -1.746861674321038 -1.0875893105342198
21956 11162519 -2.722421194133692 0.7231955090893167 0.73152 -1.746861674321038 -1.0875893105342198
21957 11162519 -2.6978683389051277 0.7113627640172171 0.73152 -1.746861674321038 -1.0875893105342198
21958 11162519 -2.6733154836765634 0.6995300189451176 0.73152 -1.746861674321038 -1.0875893105342198
21959 11162519 -2.622620765519856 0.6807197929626723 0.73152 -1.746861674321038 -1.0875893105342198
21960 11162519 -2.549111626680787 0.6488356538210311 0.73152 -1.746861674321038 -1.0875893105342198
21961 11162519 -2.4912466864469702 0.6186834163225192 0.74676 -1.746861674321038 -1.0875893105342198
21962 11162519 -2.4333817462131533 0.5885311788240074 0.762 -1.746861674321038 -1.0875893105342198
21963 11162519 -2.394629623434969 0.5662504345204259 0.75184 -1.746861674321038 -1.0875893105342198
21964 11162519 -2.3558775006567845 0.5439696902168445 0.74168 -1.746861674321038 -1.0875893105342198
21965 11162519 -2.3171253778786003 0.521688945913263 0.73152 -1.746861674321038 -1.0875893105342198
21966 11162519 -2.2605625704617465 0.4875543269466889 0.73152 -1.746861674321038 -1.0875893105342198
21967 11162519 -2.2039997630448926 0.4534197079801148 0.73152 -1.746861674321038 -1.0875893105342198
21968 11162519 -2.1595432554532135 0.4236850167695091 0.73152 -1.746861674321038 -1.0875893105342198
21969 11162519 -2.115431593628804 0.39289529623811664 0.73152 -1.746861674321038 -1.0875893105342198
21970 11162519 -2.0713199318043944 0.3621055757067242 0.73152 -1.746861674321038 -1.0875893105342198
21971 11162519 -2.0477271378970605 0.346792384659075 0.73152 -1.746861674321038 -1.0875893105342198
21972 11162519 -2.0241343439897266 0.33147919361142586 0.73152 -1.746861674321038 -1.0875893105342198
21973 11162519 -1.982705322139507 0.3006333184311777 0.73152 -1.746861674321038 -1.0875893105342198
21974 11162519 -1.895849354748268 0.23459690520080465 0.73152 -1.746861674321038 -1.0875893105342198
21975 11162519 -1.8677375753468108 0.21282116847912466 0.73152 -1.746861674321038 -1.0875893105342198
21976 11162519 -1.8396257959453537 0.19104543175744468 0.73152 -1.746861674321038 -1.0875893105342198
21977 11162519 -1.8115140165438965 0.1692696950357647 0.73152 -1.746861674321038 -1.0875893105342198
21978 11162519 -1.768470194241319 0.13521005764282 0.73152 -1.746861674321038 -1.0875893105342198
21979 11162519 -1.7266639961973995 0.10143896244715131 0.73152 -1.746861674321038 -1.0875893105342198
21980 11162519 -1.68485779815348 0.06766786725148263 0.73152 -1.746861674321038 -1.0875893105342198
21981 11162519 -1.6433214709310657 0.03293421167201813 0.73152 -1.746861674321038 -1.0875893105342198
21982 11162519 -1.6017851437086514 -0.0017994439074463797 0.73152 -1.746861674321038 -1.0875893105342198
21983 11162519 -1.562055593949186 -0.03757735602264303 0.73152 -1.746861674321038 -1.0875893105342198
21984 11162519 -1.5214169345144881 -0.07084814989681557 0.73152 -1.746861674321038 -1.0875893105342198
21985 11162519 -1.4424168604288201 -0.1443552243362787 0.73152 -1.746861674321038 -1.0875893105342198
21986 11162519 -1.403261429389209 -0.1821639221229149 0.762 -1.746861674321038 -1.0875893105342198
21987 11162519 -1.3739813504351952 -0.20868084866064446 0.762 -1.746861674321038 -1.0875893105342198
21988 11162519 -1.3447012714811817 -0.23519777519837398 0.762 -1.746861674321038 -1.0875893105342198
21989 11162519 -1.3171129330388944 -0.26227108697144463 0.762 -1.746861674321038 -1.0875893105342198
21990 11162519 -1.2895245945966074 -0.28934439874451523 0.762 -1.746861674321038 -1.0875893105342198
21991 11162519 -1.21227160228605 -0.36005626596441787 0.762 -1.746861674321038 -1.0875893105342198
21992 11162519 -1.17232004183101 -0.3954360797850879 0.762 -1.746861674321038 -1.0875893105342198
21993 11162519 -1.1339212287085265 -0.4355654178143946 0.762 -1.746861674321038 -1.0875893105342198
21994 11162519 -1.103663534273204 -0.4612027216901842 0.762 -1.746861674321038 -1.0875893105342198
21995 11162519 -1.0734058398378812 -0.48684002556597383 0.762 -1.746861674321038 -1.0875893105342198
21996 11162519 -1.0097230030871926 -0.536579237760849 0.762 -1.746861674321038 -1.0875893105342198
21997 11162519 -0.9901776875243429 -0.5555879686023635 0.762 -1.746861674321038 -1.0875893105342198
21998 11162519 -0.9706323719614931 -0.5745966994438779 0.762 -1.746861674321038 -1.0875893105342198
21999 11162519 -0.9306440751202372 -0.6098696242121849 0.762 -1.746861674321038 -1.0875893105342198
22000 11162519 -0.8508044184020436 -0.6808370145579882 0.762 -1.746861674321038 -1.0875893105342198
22001 11162519 -0.8102109594711648 -0.7142620054196317 0.762 -1.746861674321038 -1.0875893105342198
22002 11162519 -0.7696175005402861 -0.7476869962812752 0.762 -1.746861674321038 -1.0875893105342198
22003 11162519 -0.7265986964235316 -0.7818459413319515 0.762 -1.746861674321038 -1.0875893105342198
22004 11162519 -0.686021625572826 -0.8153231204352512 0.762 -1.746861674321038 -1.0875893105342198
22005 11162519 -0.6644773599169267 -0.8322967893937416 0.762 -1.746861674321038 -1.0875893105342198
22006 11162519 -0.6429330942610274 -0.849270458352232 0.762 -1.746861674321038 -1.0875893105342198
22007 11162519 -0.5797238328254405 -0.8963956614306855 0.762 -1.746861674321038 -1.0875893105342198
22008 11162519 -0.5276780031105239 -0.9403088888415098 0.74676 -1.746861674321038 -1.0875893105342198
22009 11162519 -0.47563217339560726 -0.984222116252334 0.73152 -1.746861674321038 -1.0875893105342198
22010 11162519 -0.43505302057117534 -1.0176978757155533 0.73152 -1.746861674321038 -1.0875893105342198
22011 11162519 -0.3919623510041934 -1.0516437040017577 0.73152 -1.746861674321038 -1.0875893105342198
22012 11162519 -0.37041683574817696 -1.0686164884562812 0.73152 -1.746861674321038 -1.0875893105342198
22013 11162519 -0.3488713204921605 -1.0855892729108048 0.73152 -1.746861674321038 -1.0875893105342198
22014 11162519 -0.28371656706766135 -1.1349237885172188 0.73152 -1.746861674321038 -1.0875893105342198
22015 11162519 -0.2183886359465823 -1.1837299996518857 0.73152 -0.873430837160519 -0.5437946552671099
22016 11162519 -0.17546159631345337 -1.2100265493520628 0.73152 -0.873430837160519 -0.5437946552671099
22017 11162519 -0.15363924932972806 -1.2261542374717593 0.73152 -0.873430837160519 -0.5437946552671099
22018 11162519 -0.13181690234600274 -1.2422819255914557 0.73152 -0.873430837160519 -0.5437946552671099
22019 11162519 -0.08892382095586027 -1.2686835072337472 0.73152 -0.873430837160519 -0.5437946552671099
22020 11162519 0.0011372938649318876 -1.3258033569915322 0.73152 -0.873430837160519 -0.5437946552671099
22021 11162519 0.03553314481659761 -1.3450459672350907 0.73152 -0.873430837160519 -0.5437946552671099
22022 11162519 0.06992899576826334 -1.3642885774786493 0.73152 -0.873430837160519 -0.5437946552671099
22023 11162519 0.14095651488572702 -1.4040877631146633 0.762 -0.873430837160519 -0.5437946552671099
22024 11162519 0.18802861191395603 -1.4269459590600273 0.762 -0.873430837160519 -0.5437946552671099
22025 11162519 0.21136975291579213 -1.4384280076402423 0.762 -0.873430837160519 -0.5437946552671099
22026 11162519 0.23471089391762823 -1.4499100562204572 0.762 -0.873430837160519 -0.5437946552671099
22027 11162519 0.3289727998150005 -1.4930928209299863 0.762 -0.873430837160519 -0.5437946552671099
22028 11162519 0.3764834087240112 -1.5135225921599238 0.762 -0.873430837160519 -0.5437946552671099
22029 11162519 0.42557432438063536 -1.5372721227133257 0.762 -0.873430837160519 -0.5437946552671099
22030 11162519 0.44895045813755435 -1.548647826724527 0.762 -0.873430837160519 -0.5437946552671099
22031 11162519 0.47232659189447335 -1.560023530735728 0.762 -0.873430837160519 -0.5437946552671099
22032 11162519 0.5665904218683272 -1.6032031190035125 0.762 -0.873430837160519 -0.5437946552671099
22033 11162519 0.6023706693480047 -1.6180755383156988 0.762 -0.873430837160519 -0.5437946552671099
22034 11162519 0.6381509168276822 -1.632947957627885 0.762 -0.873430837160519 -0.5437946552671099
22035 11162519 0.707539302486365 -1.6693424151079457 0.762 -0.873430837160519 -0.5437946552671099
22036 11162519 0.7574592752954994 -1.6905562020998215 0.762 -0.873430837160519 -0.5437946552671099
22037 11162519 0.8033853784222125 -1.7158388556482003 0.762 -0.873430837160519 -0.5437946552671099
22038 11162519 0.849449645898693 -1.7406989689916212 0.762 -0.873430837160519 -0.5437946552671099
22039 11162519 0.8744099395727221 -1.751305360154694 0.762 -0.873430837160519 -0.5437946552671099
22040 11162519 0.8993702332467512 -1.761911751317767 0.762 -0.873430837160519 -0.5437946552671099
22041 11162519 0.958246986281308 -1.7892909888500295 0.762 -0.873430837160519 -0.5437946552671099
22042 11162519 1.0171237393158647 -1.816670226382292 0.762 -0.873430837160519 -0.5437946552671099
22043 11162519 1.0880543526991648 -1.8488909201616293 0.762 -0.873430837160519 -0.5437946552671099
22044 11162519 1.1349586676780714 -1.8714530283145956 0.762 -0.873430837160519 -0.5437946552671099
22045 11162519 1.1848572335932084 -1.8930066891668869 0.762 -0.873430837160519 -0.5437946552671099
22046 11162519 1.2344451884939818 -1.9163276356722372 0.762 -0.873430837160519 -0.5437946552671099
22047 11162519 1.2666137422333483 -1.931155497755626 0.75184 -0.873430837160519 -0.5437946552671099
22048 11162519 1.298782295972715 -1.945983359839015 0.74168 -0.873430837160519 -0.5437946552671099
22049 11162519 1.3309508497120817 -1.9608112219224039 0.73152 -0.873430837160519 -0.5437946552671099
22050 11162519 1.3794255033709697 -1.9864542465440496 0.73152 -0.873430837160519 -0.5437946552671099
22051 11162519 1.4760703010332477 -2.0305135946769237 0.73152 -0.873430837160519 -0.5437946552671099
22052 11162519 1.52520059265294 -2.0541499088997712 0.73152 -0.873430837160519 -0.5437946552671099
22053 11162519 1.5485790732016664 -2.0655219689627984 0.73152 -0.873430837160519 -0.5437946552671099
22054 11162519 1.571957553750393 -2.076894029025825 0.73152 -0.873430837160519 -0.5437946552671099
22055 11162519 1.6234618433393098 -2.1014215109802903 0.73152 -0.873430837160519 -0.5437946552671099
22056 11162519 1.6734545057305807 -2.12241768283277 0.73152 -0.873430837160519 -0.5437946552671099
22057 11162519 1.7728766600472465 -2.16749582315186 0.73152 -0.873430837160519 -0.5437946552671099
22058 11162519 1.8206409561482544 -2.1955900233508703 0.73152 -0.873430837160519 -0.5437946552671099
22059 11162519 1.8661348794897843 -2.22329302969544 0.73152 -0.873430837160519 -0.5437946552671099
22060 11162519 1.9154048335427423 -2.2465043645871785 0.73152 -0.873430837160519 -0.5437946552671099
22061 11162519 1.940778705787301 -2.259928079695245 0.73152 -0.873430837160519 -0.5437946552671099
22062 11162519 1.9661525780318598 -2.2733517948033115 0.73152 -0.873430837160519 -0.5437946552671099
22063 11162519 2.038630251724496 -2.308460699965615 0.73152 -0.873430837160519 -0.5437946552671099
22064 11162519 2.0975254191201254 -2.3396018476629576 0.73152 -0.873430837160519 -0.5437946552671099
22065 11162519 2.156420586515755 -2.3707429953603008 0.73152 -0.873430837160519 -0.5437946552671099
22066 11162519 2.204899322319334 -2.3963803530795214 0.73152 -0.873430837160519 -0.5437946552671099
22067 11162519 2.251659349123897 -2.419119970312847 0.73152 -0.873430837160519 -0.5437946552671099
22068 11162519 2.2731117674463293 -2.4323135284284567 0.73152 -0.873430837160519 -0.5437946552671099
22069 11162519 2.2945641857687615 -2.4455070865440662 0.73152 -0.873430837160519 -0.5437946552671099
22070 11162519 2.3865347540968322 -2.4957353978301544 0.73152 -0.873430837160519 -0.5437946552671099
22071 11162519 2.4334297318579203 -2.5262273307589878 0.73152 -0.873430837160519 -0.5437946552671099
22072 11162519 2.479283453254678 -2.552290317949742 0.73152 -0.873430837160519 -0.5437946552671099
22073 11162519 2.525137174651435 -2.578353305140496 0.73152 -0.873430837160519 -0.5437946552671099
22074 11162519 2.57035973888374 -2.606078756764679 0.73152 -0.873430837160519 -0.5437946552671099
22075 11162519 2.5933961383795663 -2.6185030510318272 0.73152 -0.873430837160519 -0.5437946552671099
22076 11162519 2.6164325378753928 -2.630927345298975 0.73152 -0.873430837160519 -0.5437946552671099
22077 11162519 2.664356669305798 -2.6589494139427154 0.73152 -0.873430837160519 -0.5437946552671099
22078 11162519 2.712280800736204 -2.6869714825864555 0.73152 -0.873430837160519 -0.5437946552671099
22079 11162519 2.7792225102181174 -2.7268058648784272 0.73152 -0.873430837160519 -0.5437946552671099
22080 11162519 2.813983878117439 -2.746851772651312 0.73152 -0.873430837160519 -0.5437946552671099
22081 11162519 2.848745246016761 -2.7668976804241976 0.73152 -0.873430837160519 -0.5437946552671099
22082 11162519 2.942406699440715 -2.820121601529896 0.73152 -0.873430837160519 -0.5437946552671099
22083 11162519 2.988515936717495 -2.8448621948823507 0.73152 -0.873430837160519 -0.5437946552671099
22084 11162519 3.0330064270952315 -2.8745643568910304 0.73152 -0.873430837160519 -0.5437946552671099
22085 11162519 3.06727017188142 -2.8940958259917275 0.73152 -0.873430837160519 -0.5437946552671099
22086 11162519 3.1015339166676084 -2.913627295092425 0.73152 -0.873430837160519 -0.5437946552671099
22087 11162519 3.1758774279839397 -2.951199523697516 0.73152 -0.873430837160519 -0.5437946552671099
22088 11162519 3.200481256009508 -2.9629061941529935 0.73152 -0.873430837160519 -0.5437946552671099
22089 11162519 3.2250850840350767 -2.974612864608471 0.73152 -0.873430837160519 -0.5437946552671099
22090 11162519 3.2706792585225446 -3.0009350609841685 0.73152 -0.873430837160519 -0.5437946552671099
22091 11162519 3.3162734330100125 -3.027257257359866 0.73152 -0.873430837160519 -0.5437946552671099
22092 11162519 3.3650796360592237 -3.0529914180631104 0.73152 -0.873430837160519 -0.5437946552671099
22093 11162519 3.4349633404552793 -3.092258696030933 0.73152 -0.873430837160519 -0.5437946552671099
22094 11162519 3.504847044851335 -3.1315259739987558 0.73152 -0.873430837160519 -0.5437946552671099
22095 11162519 3.551893603857181 -3.158027602087209 0.73152 -0.873430837160519 -0.5437946552671099
22096 11162519 3.598940162863027 -3.1845292301756625 0.73152 -0.873430837160519 -0.5437946552671099
22097 11162519 3.6449150593909607 -3.209687841079553 0.73152 -0.873430837160519 -0.5437946552671099
22098 11162519 3.6913035357316053 -3.2335790995751568 0.73152 -0.873430837160519 -0.5437946552671099
22099 11162519 3.73769201207225 -3.2574703580707602 0.73152 -0.873430837160519 -0.5437946552671099
22100 11162519 3.7845953645484425 -3.287953348149508 0.73152 -0.873430837160519 -0.5437946552671099
22101 11162519 3.8314431626521075 -3.313161128596649 0.73152 -0.873430837160519 -0.5437946552671099
22102 11162519 3.878290960755773 -3.3383689090437905 0.73152 -0.873430837160519 -0.5437946552671099
22103 11162519 3.925138758859438 -3.3635766894909316 0.73152 -0.873430837160519 -0.5437946552671099
22104 11162519 3.9718728442328057 -3.386410495452298 0.73152 -0.873430837160519 -0.5437946552671099
22105 11162519 4.017195479092752 -3.4135726401804276 0.73152 -0.873430837160519 -0.5437946552671099
22106 11162519 4.051686948459744 -3.4324130896124116 0.73152 -0.873430837160519 -0.5437946552671099
22107 11162519 4.086178417826735 -3.4512535390443957 0.73152 -0.873430837160519 -0.5437946552671099
22108 11162519 4.144914917342714 -3.4829055144873102 0.73152 -0.873430837160519 -0.5437946552671099
22109 11162519 4.203651416858692 -3.5145574899302243 0.73152 -0.873430837160519 -0.5437946552671099
22110 11162519 4.228005261872581 -3.5275798736498354 0.73152 -0.873430837160519 -0.5437946552671099
22111 11162519 4.25235910688647 -3.540602257369447 0.73152 -0.873430837160519 -0.5437946552671099
22112 11162519 4.252338210803098 -3.540611564373165 0.73152 -0.873430837160519 -0.5437946552671099
22113 11162519 4.252317314719725 -3.5406208713768828 0.73152 -0.873430837160519 -0.5437946552671099
22114 11162519 4.2522964186363525 -3.540630178380601 0.73152 -0.873430837160519 -0.5437946552671099
22115 11162519 4.2522755225529805 -3.540639485384319 0.73152 -0.873430837160519 -0.5437946552671099
22116 11162519 4.2522546264696075 -3.540648792388037 0.73152 -0.873430837160519 -0.5437946552671099
22117 11162519 4.252233730386235 -3.540658099391755 0.73152 -0.873430837160519 -0.5437946552671099
22118 11162519 4.252212834302863 -3.5406674063954733 0.73152 -0.873430837160519 -0.5437946552671099
22119 11162519 4.252191938219491 -3.540676713399191 0.73152 -0.873430837160519 -0.5437946552671099
22120 11162519 4.252171042136118 -3.540686020402909 0.73152 -0.873430837160519 -0.5437946552671099
22121 11162519 4.252150146052746 -3.540695327406627 0.73152 -0.873430837160519 -0.5437946552671099
22122 11162519 4.252129249969374 -3.5407046344103454 0.73152 -0.873430837160519 -0.5437946552671099
22123 11162519 4.252108353886001 -3.5407139414140634 0.73152 -0.873430837160519 -0.5437946552671099
22124 11162519 4.252087457802629 -3.5407232484177813 0.73152 -0.873430837160519 -0.5437946552671099
22125 11162519 4.252066561719257 -3.5407325554214992 0.73152 -0.873430837160519 -0.5437946552671099
22126 11162519 4.252045665635884 -3.5407418624252176 0.73152 -0.873430837160519 -0.5437946552671099
22127 11162519 4.252024769552512 -3.5407511694289355 0.73152 -0.873430837160519 -0.5437946552671099
22128 11162519 4.25200387346914 -3.5407604764326535 0.73152 -0.873430837160519 -0.5437946552671099
22129 11162519 4.251982977385767 -3.5407697834363714 0.73152 -0.873430837160519 -0.5437946552671099
22130 11162519 4.251962081302395 -3.5407790904400898 0.73152 -0.873430837160519 -0.5437946552671099
22131 11162519 4.251941185219023 -3.5407883974438077 0.73152 -0.873430837160519 -0.5437946552671099
22132 11162519 4.25192028913565 -3.5407977044475256 0.73152 -0.873430837160519 -0.5437946552671099
22133 11162519 4.251899393052278 -3.5408070114512435 0.73152 -0.873430837160519 -0.5437946552671099
22134 11162519 4.251878496968906 -3.540816318454962 0.73152 -0.873430837160519 -0.5437946552671099
22135 11162519 4.2518576008855336 -3.54082562545868 0.73152 -0.873430837160519 -0.5437946552671099
22136 11162519 4.251836704802161 -3.5408349324623978 0.73152 -0.873430837160519 -0.5437946552671099
22137 11162519 4.2518158087187885 -3.5408442394661157 0.73152 -0.873430837160519 -0.5437946552671099
22138 11162519 4.251794912635416 -3.5408535464698336 0.73152 -0.873430837160519 -0.5437946552671099
22139 11162519 4.2517740165520435 -3.540862853473552 0.73152 -0.873430837160519 -0.5437946552671099
22140 11162519 4.251753120468671 -3.54087216047727 0.73152 -0.873430837160519 -0.5437946552671099
22141 11162519 4.251732224385299 -3.540881467480988 0.73152 -0.873430837160519 -0.5437946552671099
22142 11162519 4.251711328301926 -3.540890774484706 0.73152 -0.873430837160519 -0.5437946552671099
22143 11162519 4.251690432218554 -3.540900081488424 0.73152 -0.873430837160519 -0.5437946552671099
22144 11162519 4.251669536135182 -3.540909388492142 0.73152 -0.873430837160519 -0.5437946552671099
22145 11162519 4.251648640051809 -3.54091869549586 0.73152 -0.873430837160519 -0.5437946552671099
22146 11162519 4.251627743968437 -3.540928002499578 0.73152 -0.873430837160519 -0.5437946552671099
22147 11162519 4.251606847885065 -3.5409373095032963 0.73152 -0.873430837160519 -0.5437946552671099
22148 10749897 4.494510996075599 -3.2885391284204997 1.64592 -0.873430837160519 -0.5437946552671099
22148 11162519 4.251585951801692 -3.5409466165070143 0.73152 -0.873430837160519 -0.5437946552671099
22149 10749897 4.4720491138948715 -3.249152620314419 1.6611600000000002 -0.873430837160519 -0.5437946552671099
22149 11162519 4.25156505571832 -3.540955923510732 0.73152 -0.873430837160519 -0.5437946552671099
22150 11162519 4.251544159634948 -3.54096523051445 0.73152 -0.873430837160519 -0.5437946552671099
22150 10749897 4.449587231714144 -3.2097661122083383 1.6764000000000001 -0.873430837160519 -0.5437946552671099
22151 10749897 4.377939973546205 -3.0781264923165965 1.6764000000000001 -0.873430837160519 -0.5437946552671099
22151 11162519 4.251523263551576 -3.5409745375181685 0.73152 -0.873430837160519 -0.5437946552671099
22152 11162519 4.251502367468203 -3.5409838445218864 0.73152 -0.873430837160519 -0.5437946552671099
22152 10749897 4.339148587253828 -3.007249896374179 1.6764000000000001 -0.873430837160519 -0.5437946552671099
22153 11162519 4.251481471384831 -3.5409931515256043 0.73152 -0.873430837160519 -0.5437946552671099
22153 10749897 4.300357200961449 -2.936373300431762 1.6764000000000001 -0.873430837160519 -0.5437946552671099
22154 10749897 4.241693606437578 -2.8313909573272307 1.6764000000000001 -0.873430837160519 -0.5437946552671099
22154 11162519 4.251460575301459 -3.5410024585293223 0.73152 -0.873430837160519 -0.5437946552671099
22155 10749897 4.195848304570818 -2.7513792843248357 1.6764000000000001 -0.873430837160519 -0.5437946552671099
22155 11162519 4.251439679218086 -3.5410117655330406 0.73152 -0.873430837160519 -0.5437946552671099
22156 10749897 4.15527956318837 -2.6726205861901957 1.6764000000000001 -0.873430837160519 -0.5437946552671099
22156 11162519 4.251418783134714 -3.5410210725367586 0.73152 -0.873430837160519 -0.5437946552671099
22157 10749897 4.103982445287225 -2.5744766557951264 1.6764000000000001 -0.873430837160519 -0.5437946552671099
22157 11162519 4.251397887051342 -3.5410303795404765 0.73152 -0.873430837160519 -0.5437946552671099
22158 10749897 4.062669534968895 -2.500730258499791 1.6764000000000001 -0.873430837160519 -0.5437946552671099
22158 11162519 4.251376990967969 -3.5410396865441944 0.73152 -0.873430837160519 -0.5437946552671099
22159 10749897 4.023937557851801 -2.4288763791086265 1.6764000000000001 -0.873430837160519 -0.5437946552671099
22159 11162519 4.2513560948845965 -3.541048993547913 0.73152 -0.873430837160519 -0.5437946552671099
22160 10749897 3.9630873235405435 -2.307756893866222 1.6764000000000001 -0.873430837160519 -0.5437946552671099
22160 11162519 4.2513351988012245 -3.5410583005516307 0.73152 -0.873430837160519 -0.5437946552671099
22161 10749897 3.935807941899055 -2.258793732369842 1.6764000000000001 -0.873430837160519 -0.5437946552671099
22161 11162519 4.2513143027178515 -3.5410676075553487 0.73152 -0.873430837160519 -0.5437946552671099
22162 10749897 3.908528560257566 -2.209830570873462 1.6764000000000001 -0.873430837160519 -0.5437946552671099
22162 11162519 4.251293406634479 -3.5410769145590666 0.73152 -0.873430837160519 -0.5437946552671099
22163 10749897 3.846502384749508 -2.0879746292639507 1.6764000000000001 -0.873430837160519 -0.5437946552671099
22163 11162519 4.251272510551107 -3.541086221562785 0.73152 -0.873430837160519 -0.5437946552671099
22164 10749897 3.808796533071974 -2.0168030843855465 1.6764000000000001 -0.873430837160519 -0.5437946552671099
22164 11162519 4.251251614467734 -3.541095528566503 0.73152 -0.873430837160519 -0.5437946552671099
22165 11162519 4.251230718384362 -3.541104835570221 0.73152 -0.873430837160519 -0.5437946552671099
22165 10749897 3.764007208090133 -1.9379470472017466 1.6764000000000001 -0.873430837160519 -0.5437946552671099
22166 10749897 3.7139246133455552 -1.8491868543876564 1.6764000000000001 -0.873430837160519 -0.5437946552671099
22166 11162519 4.25120982230099 -3.5411141425739388 0.73152 -0.873430837160519 -0.5437946552671099
22167 11162519 4.251188926217618 -3.5411234495776567 0.73152 -0.873430837160519 -0.5437946552671099
22167 10749897 3.657776206498994 -1.7327487064063127 1.6764000000000001 -0.873430837160519 -0.5437946552671099
22168 11162519 4.251168030134245 -3.541132756581375 0.73152 -0.873430837160519 -0.5437946552671099
22168 10749897 3.634844971465091 -1.6927940818130898 1.6764000000000001 -0.873430837160519 -0.5437946552671099
22169 11162519 4.251147134050873 -3.541142063585093 0.73152 -0.873430837160519 -0.5437946552671099
22169 10749897 3.6119137364311875 -1.6528394572198666 1.6764000000000001 -0.873430837160519 -0.5437946552671099
22170 10749897 3.55774719331379 -1.5521144383393248 1.6764000000000001 -0.873430837160519 -0.5437946552671099
22170 11162519 4.251126237967501 -3.541151370588811 0.73152 -0.873430837160519 -0.5437946552671099
22171 10749897 3.5180040790247875 -1.4765947255511707 1.6764000000000001 -0.873430837160519 -0.5437946552671099
22171 11162519 4.251105341884128 -3.541160677592529 0.73152 -0.873430837160519 -0.5437946552671099
22172 10749897 3.478260964735785 -1.4010750127630165 1.6764000000000001 -0.873430837160519 -0.5437946552671099
22173 10749897 3.4337677723500413 -1.3224275583637886 1.6764000000000001 -0.873430837160519 -0.5437946552671099
22174 10749897 3.3717782460743244 -1.2157590842807373 1.6764000000000001 -0.873430837160519 -0.5437946552671099
22175 10749897 3.324563819776122 -1.1264098465508214 1.6764000000000001 -0.873430837160519 -0.5437946552671099
22176 10749897 3.280891566405484 -1.0425378674754249 1.6764000000000001 -0.873430837160519 -0.5437946552671099
22177 10749897 3.2137218410736663 -0.919106832117348 1.6764000000000001 -0.873430837160519 -0.5437946552671099
22178 10749897 3.1908142702584716 -0.8790982163228646 1.6764000000000001 -0.873430837160519 -0.5437946552671099
22179 10749897 3.167906699443277 -0.8390896005283811 1.6764000000000001 -0.873430837160519 -0.5437946552671099
22180 10749897 3.110225742377496 -0.7355742291651276 1.6764000000000001 -0.873430837160519 -0.5437946552671099
22181 10749897 3.0342503147915805 -0.6037750379520521 1.6764000000000001 -0.873430837160519 -0.5437946552671099
22182 10749897 2.9892993939088894 -0.5252054094643495 1.6764000000000001 -0.873430837160519 -0.5437946552671099
22183 10749897 2.951131076132719 -0.45918699253079015 1.6764000000000001 -0.873430837160519 -0.5437946552671099
22184 10749897 2.9129627583565485 -0.39316857559723084 1.6764000000000001 -0.873430837160519 -0.5437946552671099
22185 10749897 2.868519775937213 -0.3144125644952668 1.6764000000000001 -0.873430837160519 -0.5437946552671099
22186 10749897 2.818747302340972 -0.2340329917072634 1.6764000000000001 -0.873430837160519 -0.5437946552671099
22187 10749897 2.762677741069499 -0.14084982172074348 1.6764000000000001 -0.873430837160519 -0.5437946552671099
22188 10749897 2.716275385347042 -0.06647519333088989 1.6764000000000001 -0.873430837160519 -0.5437946552671099
22189 10749897 2.6633349093579515 0.019964102040309267 1.6764000000000001 -0.873430837160519 -0.5437946552671099
22190 10749897 2.61809080715524 0.09080787896607309 1.6764000000000001 -0.873430837160519 -0.5437946552671099
22191 10749897 2.571489578414841 0.17109038252055417 1.6764000000000001 -0.873430837160519 -0.5437946552671099
22192 10749897 2.533818660483451 0.229767003056717 1.6764000000000001 -0.873430837160519 -0.5437946552671099
22193 10749897 2.4961477425520617 0.2884436235928798 1.6764000000000001 -0.873430837160519 -0.5437946552671099
22194 10749897 2.4495882324811813 0.35796686468945726 1.6764000000000001 -0.873430837160519 -0.5437946552671099
22195 10749897 2.3991173793192186 0.43998259748442736 1.6764000000000001 -0.873430837160519 -0.5437946552671099
22196 10749897 2.350792583052371 0.5068126155145116 1.6764000000000001 -0.873430837160519 -0.5437946552671099
22197 10749897 2.301068459201952 0.5873009505594238 1.6764000000000001 -0.873430837160519 -0.5437946552671099
22198 10749897 2.20027918258555 0.743344018105248 1.64592 -0.873430837160519 -0.5437946552671099
22199 10749897 2.14316746982574 0.8281163931071883 1.64592 -0.873430837160519 -0.5437946552671099
22200 10749897 2.115956746426111 0.8671430732383597 1.64592 -0.873430837160519 -0.5437946552671099
22201 10749897 2.0433088153944428 0.9763835117968136 1.64592 -0.873430837160519 -0.5437946552671099
22202 10749897 2.0185309990513107 1.0166024295791671 1.64592 -0.873430837160519 -0.5437946552671099
22203 10749897 1.9937531827081787 1.0568213473615204 1.64592 -0.873430837160519 -0.5437946552671099
22204 10749897 1.9263001511338937 1.148245919569632 1.64592 -0.873430837160519 -0.5437946552671099
22205 10749897 1.88313525920009 1.2172520886635136 1.64592 -0.873430837160519 -0.5437946552671099
22206 10749897 1.830325440546547 1.29478321865733 1.64592 -0.873430837160519 -0.5437946552671099
22207 10749897 1.7528120301961865 1.4135630772595986 1.64592 -0.873430837160519 -0.5437946552671099
22208 10749897 1.7034834188273007 1.4827157865264138 1.64592 -0.873430837160519 -0.5437946552671099
22209 10749897 1.650505707360361 1.5597203278695124 1.64592 -0.873430837160519 -0.5437946552671099
22210 10749897 1.5729392346211655 1.6756008757054284 1.64592 -0.873430837160519 -0.5437946552671099
22211 10749897 1.522914292025678 1.7561988966955377 1.64592 -0.873430837160519 -0.5437946552671099
22212 10749897 1.4672241167406401 1.8330409517628339 1.64592 -0.873430837160519 -0.5437946552671099
22213 10749897 1.4187042083157984 1.9019333580405589 1.64592 -0.873430837160519 -0.5437946552671099
22214 10749897 1.376076780599835 1.969835700836668 1.64592 -0.873430837160519 -0.5437946552671099
22215 10749897 1.3216905228787175 2.051744871771188 1.64592 -0.873430837160519 -0.5437946552671099
22216 10749897 1.2853578103376613 2.106434638081539 1.64592 -0.873430837160519 -0.5437946552671099
22217 10749897 1.249025097796605 2.1611244043918902 1.64592 -0.873430837160519 -0.5437946552671099
22218 10749897 1.2038440636658232 2.2279940872440225 1.64592 -0.873430837160519 -0.5437946552671099
22219 10749897 1.1364730898121618 2.3315568469382293 1.64592 -0.873430837160519 -0.5437946552671099
22220 10749897 1.085640279166515 2.4069343145590127 1.6764000000000001 -0.873430837160519 -0.5437946552671099
22221 10749897 1.0359488003050488 2.4874305303211064 1.6764000000000001 -0.873430837160519 -0.5437946552671099
22222 10749897 0.9552644822997858 2.602941825154645 1.6764000000000001 -0.873430837160519 -0.5437946552671099
22223 10749897 0.9078861764954913 2.6780106613239623 1.6764000000000001 -0.873430837160519 -0.5437946552671099
22224 10749897 0.8609161182915251 2.7478061444643695 1.6764000000000001 -0.873430837160519 -0.5437946552671099
22225 10749897 0.8305043276120752 2.7951911069169837 1.6764000000000001 -0.873430837160519 -0.5437946552671099
22226 10749897 0.8000925369326252 2.8425760693695983 1.6764000000000001 -0.873430837160519 -0.5437946552671099
22227 10749897 0.7387896116901227 2.9375037727139923 1.6764000000000001 -0.873430837160519 -0.5437946552671099
22228 10749897 0.6855824185273087 3.017810884894101 1.6764000000000001 -0.873430837160519 -0.5437946552671099
22229 10749897 0.6096701332607191 3.140006840901619 1.6764000000000001 -0.873430837160519 -0.5437946552671099
22230 10749897 0.57076458903032 3.198874981625848 1.6764000000000001 -0.873430837160519 -0.5437946552671099
22231 10749897 0.531859044799921 3.257743122350077 1.6764000000000001 -0.873430837160519 -0.5437946552671099
22232 10749897 0.4862166411883566 3.3380920834665275 1.6764000000000001 -0.873430837160519 -0.5437946552671099
22233 10749897 0.43788377604950157 3.410208239504489 1.6764000000000001 -0.873430837160519 -0.5437946552671099
22234 10749897 0.3818858084674944 3.5034079953502126 1.6764000000000001 -0.873430837160519 -0.5437946552671099
22235 10749897 0.31411253707532616 3.611090935182989 1.6764000000000001 -0.873430837160519 -0.5437946552671099
22236 10749897 0.2609327256835847 3.6998662402326814 1.6764000000000001 -0.873430837160519 -0.5437946552671099
22237 10749897 0.2153320854040761 3.780322253764202 1.6764000000000001 -0.873430837160519 -0.5437946552671099
22238 10749897 0.1576702221137205 3.8754720050572526 1.6764000000000001 -0.873430837160519 -0.5437946552671099
22239 10749897 0.14074702812646267 3.907878524261957 1.6764000000000001 -0.873430837160519 -0.5437946552671099
22240 10749897 0.08767410095604689 3.995336545092375 1.6764000000000001 -0.873430837160519 -0.5437946552671099
22241 10749897 0.03279400924954601 4.093551328328612 1.6764000000000001 -0.873430837160519 -0.5437946552671099
22242 10749897 -0.0002920730908534397 4.149821877780795 1.6764000000000001 -0.873430837160519 -0.5437946552671099
22243 10749897 -0.03337815543125289 4.206092427232977 1.6764000000000001 -0.873430837160519 -0.5437946552671099
22244 10749897 -0.09895024678750275 4.328603626364507 1.6764000000000001 -0.873430837160519 -0.5437946552671099
22245 10749897 -0.1393039632606321 4.390874448703236 1.6764000000000001 -0.873430837160519 -0.5437946552671099
22246 10749897 -0.1870467415439223 4.481033609851217 1.6764000000000001 -0.873430837160519 -0.5437946552671099
22247 10749897 -0.2319263975274295 4.559858274900379 1.6764000000000001 -0.873430837160519 -0.5437946552671099
22248 10749897 -0.26743636023897677 4.624986480110139 1.6764000000000001 -0.873430837160519 -0.5437946552671099
22249 10749897 -0.30294632295052404 4.690114685319899 1.6764000000000001 -0.873430837160519 -0.5437946552671099
22250 10749897 -0.35088547021564875 4.775316543458461 1.6764000000000001 -0.873430837160519 -0.5437946552671099
22251 10749897 -0.38891559734660563 4.847930305775839 1.6764000000000001 -0.873430837160519 -0.5437946552671099
