33701 11374945 0.4314511694706378 0.00024130300275732042 0.27432 -1.5977118631805554 -4.890006969550464
33702 11374945 0.4827182330502867 -0.0005064050808826215 0.27432 -1.5977118631805554 -4.890006969550464
33703 11374945 0.5170995297151105 0.004147223089298838 0.27432 -1.5977118631805554 -4.890006969550464
33704 11374945 0.5382551413602294 0.0036596828457573366 0.27432 -1.5977118631805554 -4.890006969550464
33705 11374945 0.5800857445145066 0.0039324460053977855 0.27432 -1.5977118631805554 -4.890006969550464
33706 11374945 0.6219163476687837 0.0042052091650382345 0.27432 -1.5977118631805554 -4.890006969550464
33707 11374945 0.6637469508230608 0.0044779723246786834 0.27432 -1.5977118631805554 -4.890006969550464
33708 11374945 0.7016744174253915 0.006396570255504684 0.27432 -1.5977118631805554 -4.890006969550464
33709 11374945 0.7396018840277221 0.008315168186330685 0.27432 -1.5977118631805554 -4.890006969550464
33710 11374945 0.7755959933639859 0.008938172871311809 0.27432 -1.5977118631805554 -4.890006969550464
33711 11374945 0.8115901027002497 0.009561177556292932 0.27432 -1.5977118631805554 -4.890006969550464
33712 11374945 0.856033626170553 0.008592038468379568 0.3048 -1.5977118631805554 -4.890006969550464
33713 11374945 0.8966782040101765 0.0067493696601992415 0.30818666666666666 -1.5977118631805554 -4.890006969550464
33714 11374945 0.9373227818498 0.0049067008520189154 0.31157333333333337 -1.5977118631805554 -4.890006969550464
33715 11374945 0.9779673596894235 0.0030640320438385894 0.31496 -1.5977118631805554 -4.890006969550464
33716 11374945 1.018611937529047 0.0012213632356582634 0.31834666666666667 -1.5977118631805554 -4.890006969550464
33717 11374945 1.0592565153686704 -0.0006213055725220636 0.32173333333333337 -1.5977118631805554 -4.890006969550464
33718 11374945 1.099901093208294 -0.0024639743807023887 0.32512 -1.5977118631805554 -4.890006969550464
33719 11374945 1.1405456710479174 -0.004306643188882714 0.32850666666666667 -1.5977118631805554 -4.890006969550464
33720 11374945 1.1811902488875408 -0.006149311997063041 0.3318933333333334 -1.5977118631805554 -4.890006969550464
33721 11374945 1.2218348267271644 -0.007991980805243368 0.33528 -1.5977118631805554 -4.890006969550464
33722 11374945 1.238857053787744 -0.007536189109159375 0.33528 -1.5977118631805554 -4.890006969550464
33723 11374945 1.2558792808483235 -0.007080397413075382 0.33528 -1.5977118631805554 -4.890006969550464
33724 11374945 1.3031168634549595 -0.011997100995924409 0.36576 -1.5977118631805554 -4.890006969550464
33725 11374945 1.3398034830567787 -0.019308170563166943 0.36576 -1.5977118631805554 -4.890006969550464
33726 11374945 1.3783866021953182 -0.020813215451109562 0.36576 -1.5977118631805554 -4.890006969550464
33727 11374945 1.3936329644034653 -0.025793443584833514 0.36576 -1.5977118631805554 -4.890006969550464
33728 11374945 1.4578941576943518 -0.03568573204786704 0.39624000000000004 -1.5977118631805554 -4.890006969550464
33729 11374945 1.4930448831804841 -0.042260664074164594 0.39624000000000004 -1.5977118631805554 -4.890006969550464
33730 11374945 1.5198966015414928 -0.045423776772257174 0.39624000000000004 -1.5977118631805554 -4.890006969550464
33731 11374945 1.5621552241779737 -0.053619070312656836 0.42672000000000004 -1.5977118631805554 -4.890006969550464
33732 11374945 1.5806114342368227 -0.059647281506039485 0.42672000000000004 -1.5977118631805554 -4.890006969550464
33733 11374945 1.630325220141935 -0.06513695726771199 0.42672000000000004 -1.5977118631805554 -4.890006969550464
33734 11374945 1.6600157013370127 -0.074834203188365 0.42672000000000004 -1.5977118631805554 -4.890006969550464
33735 11374945 1.6866153964912802 -0.07768072299866063 0.42672000000000004 -1.5977118631805554 -4.890006969550464
33736 11374945 1.7171083780266783 -0.08763981107336338 0.42672000000000004 -1.5977118631805554 -4.890006969550464
33737 11374945 1.748350383119845 -0.09258638465878796 0.42672000000000004 -1.5977118631805554 -4.890006969550464
33738 11374945 1.7799936133456358 -0.09766385608093223 0.42672000000000004 -1.5977118631805554 -4.890006969550464
33739 11374945 1.8083771312509236 -0.1072840551234496 0.42672000000000004 -1.5977118631805554 -4.890006969550464
33740 11374945 1.8413619596323783 -0.11233210395127438 0.42672000000000004 -1.5977118631805554 -4.890006969550464
33741 11374945 1.8648746536471323 -0.11878419238889071 0.42672000000000004 -1.5977118631805554 -4.890006969550464
33742 11374945 1.8883873476618862 -0.12523628082650703 0.42672000000000004 -1.5977118631805554 -4.890006969550464
33743 11374945 1.9157863255671486 -0.13284052773607402 0.42672000000000004 -1.5977118631805554 -4.890006969550464
33744 11374945 1.9431853034724111 -0.14044477464564098 0.42672000000000004 -1.5977118631805554 -4.890006969550464
33745 11374945 1.9800100891042696 -0.14733025866758062 0.45720000000000005 -1.5977118631805554 -4.890006969550464
33746 11374945 2.021959866724637 -0.15483774784421686 0.45720000000000005 -1.5977118631805554 -4.890006969550464
33747 11374945 2.056491459255075 -0.16167489759439826 0.45720000000000005 -1.5977118631805554 -4.890006969550464
33748 11374945 2.088544505857749 -0.17120713121997413 0.45720000000000005 -1.5977118631805554 -4.890006969550464
33749 11374945 2.1251517822203088 -0.17767035009709362 0.45720000000000005 -1.5977118631805554 -4.890006969550464
33750 11374945 2.1724882952222275 -0.188805012071421 0.45720000000000005 -1.5977118631805554 -4.890006969550464
33751 11374945 2.2136357015032626 -0.1960493327904885 0.48768 -1.5977118631805554 -4.890006969550464
33752 11374945 2.2489439619760407 -0.20757825298821989 0.48768 -1.5977118631805554 -4.890006969550464
33753 11374945 2.2851732374903952 -0.2135667350798541 0.48768 -1.5977118631805554 -4.890006969550464
33754 11374945 2.3273590775567934 -0.22850904078026693 0.48768 -1.5977118631805554 -4.890006969550464
33755 11374945 2.357375489352319 -0.23176767840101511 0.48768 -1.5977118631805554 -4.890006969550464
33756 11374945 2.3974863526506924 -0.24626567766376997 0.48768 -1.5977118631805554 -4.890006969550464
33757 11374945 2.4376220266715656 -0.2579678750778026 0.48768 -1.5977118631805554 -4.890006969550464
33758 11374945 2.4691507983285774 -0.2631216179889335 0.5181600000000001 -1.5977118631805554 -4.890006969550464
33759 11374945 2.4888699126013307 -0.2674568306383256 0.5181600000000001 -1.5977118631805554 -4.890006969550464
33760 11374945 2.508589026874084 -0.27179204328771767 0.5181600000000001 -1.5977118631805554 -4.890006969550464
33761 11374945 2.561546037578216 -0.2802614192088798 0.5181600000000001 -1.5977118631805554 -4.890006969550464
33762 11374945 2.5886780944503345 -0.28453406279425947 0.5181600000000001 -1.5977118631805554 -4.890006969550464
33763 11374945 2.6158101513224525 -0.2888067063796391 0.5181600000000001 -1.5977118631805554 -4.890006969550464
33764 11374945 2.6681480850452353 -0.29713160376367953 0.5181600000000001 -1.5977118631805554 -4.890006969550464
33765 11374945 2.7057904508459156 -0.29878968789933746 0.5181600000000001 -1.5977118631805554 -4.890006969550464
33766 11374945 2.742985756523555 -0.30018482736846575 0.5181600000000001 -1.5977118631805554 -4.890006969550464
33767 11374945 2.7786233276771526 -0.2987349430303289 0.5181600000000001 -1.5977118631805554 -4.890006969550464
33768 11374945 2.819568960127981 -0.2984335496874737 0.5181600000000001 -1.5977118631805554 -4.890006969550464
33769 11374945 2.8700111383791533 -0.29352199474473917 0.5181600000000001 -1.5977118631805554 -4.890006969550464
33770 11374945 2.9088371457443634 -0.29019191623963225 0.5181600000000001 -1.5977118631805554 -4.890006969550464
33771 11374945 2.9518868970166237 -0.27936233737719185 0.54864 -1.5977118631805554 -4.890006969550464
33772 11374945 2.977373510954246 -0.27337154132496566 0.54864 -1.5977118631805554 -4.890006969550464
33773 11374945 3.002860124891869 -0.26738074527273953 0.54864 -1.5977118631805554 -4.890006969550464
33774 11374945 3.0397900503000432 -0.25557525602547615 0.54864 -1.5977118631805554 -4.890006969550464
33775 11374945 3.0767199757082175 -0.24376976677821283 0.54864 -1.5977118631805554 -4.890006969550464
33776 11374945 3.1119510758783933 -0.22968648543637604 0.5638799999999999 -1.5977118631805554 -4.890006969550464
33777 11374945 3.147182176048569 -0.21560320409453926 0.57912 -1.5977118631805554 -4.890006969550464
33778 11374945 3.2007459272881924 -0.19295980799507698 0.57912 -1.5977118631805554 -4.890006969550464
33779 11374945 3.218581363811805 -0.18184282802986693 0.57912 -1.5977118631805554 -4.890006969550464
33780 11374945 3.2364168003354177 -0.17072584806465688 0.57912 -1.5977118631805554 -4.890006969550464
33781 11374945 3.2833285962202448 -0.13989501131224566 0.57912 -1.5977118631805554 -4.890006969550464
33782 11374945 3.3120970453282306 -0.11704345595358936 0.57912 -1.5977118631805554 -4.890006969550464
33783 11374945 3.346413581634023 -0.0962361921939863 0.57912 -1.5977118631805554 -4.890006969550464
33784 11374945 3.3683487114705244 -0.07255610984210495 0.57912 -1.5977118631805554 -4.890006969550464
33785 11374945 3.406179243356937 -0.0409804826500573 0.57912 -1.5977118631805554 -4.890006969550464
33786 11374945 3.426957144913632 -0.015404063121944672 0.6096 -1.5977118631805554 -4.890006969550464
33787 11374945 3.4598492911671714 0.022806392248138824 0.6096 -1.5977118631805554 -4.890006969550464
33788 11374945 3.482649715014915 0.057301554464793986 0.6096 -1.5977118631805554 -4.890006969550464
33789 11374945 3.4994649483842704 0.09141375318392028 0.6096 -1.5977118631805554 -4.890006969550464
33790 11374945 3.5144636374737246 0.11642324057615444 0.6248400000000001 -1.5977118631805554 -4.890006969550464
33791 11374945 3.529462326563179 0.1414327279683886 0.6400800000000001 -1.5977118631805554 -4.890006969550464
33792 11374945 3.55613830632302 0.19814274162696197 0.6400800000000001 -1.5977118631805554 -4.890006969550464
33793 11374945 3.5674389000728857 0.23276972994826559 0.6400800000000001 -1.5977118631805554 -4.890006969550464
33794 11374945 3.580186521783668 0.2718306642899897 0.6400800000000001 -1.5977118631805554 -4.890006969550464
33795 11374945 3.5945189838491896 0.3157478259268187 0.6400800000000001 -1.5977118631805554 -4.890006969550464
33796 11374945 3.6074044193075867 0.3552310460943946 0.6400800000000001 -1.5977118631805554 -4.890006969550464
33797 11374945 3.6177833972664155 0.3870340438686987 0.6553200000000001 -1.5977118631805554 -4.890006969550464
33798 11374945 3.6281623752252443 0.41883704164300284 0.67056 -1.5977118631805554 -4.890006969550464
33799 11374945 3.6426590078123997 0.47958025593523657 0.67056 -1.5977118631805554 -4.890006969550464
33800 11374945 3.649945842014197 0.5019083347783145 0.67056 -1.5977118631805554 -4.890006969550464
33801 11374945 3.657232676215994 0.5242364136213925 0.67056 -1.5977118631805554 -4.890006969550464
33802 11374945 3.6764575168920484 0.5831445415913902 0.7010400000000001 -1.5977118631805554 -4.890006969550464
33803 11374945 3.689205172050043 0.6222054898395359 0.7010400000000001 -1.5977118631805554 -4.890006969550464
33804 11374945 3.704571265484671 0.669289771366348 0.7010400000000001 -1.5977118631805554 -4.890006969550464
33805 11374945 3.7171811097938026 0.7079284446087317 0.7010400000000001 -1.5977118631805554 -4.890006969550464
33806 11374945 3.7277237670779293 0.7402329110263424 0.73152 -1.5977118631805554 -4.890006969550464
33807 11374945 3.742435253755782 0.7853113686960365 0.73152 -1.5977118631805554 -4.890006969550464
33808 11374945 3.759765179633434 0.8384131627409946 0.73152 -1.5977118631805554 -4.890006969550464
33809 11374945 3.766087329969853 0.8577852898784255 0.73152 -1.5977118631805554 -4.890006969550464
33810 11374945 3.7724094803062718 0.8771574170158564 0.73152 -1.5977118631805554 -4.890006969550464
33811 11374945 3.7850537817219223 0.9159016737850643 0.73152 -1.5977118631805554 -4.890006969550464
33812 11374945 3.8046825994852895 0.9597258043925013 0.73152 -1.5977118631805554 -4.890006969550464
33813 11374945 3.8261593308483413 1.0173734078714938 0.73152 -1.5977118631805554 -4.890006969550464
33814 11374945 3.8372077617480067 1.0471473484931875 0.73152 -1.5977118631805554 -4.890006969550464
33815 11374945 3.848256192647672 1.0769212891148812 0.73152 -1.5977118631805554 -4.890006969550464
33816 11374945 3.868463030565411 1.1293178572015135 0.73152 -1.5977118631805554 -4.890006969550464
33817 11374945 3.884452948108721 1.174913643910837 0.73152 -1.5977118631805554 -4.890006969550464
33818 11374945 3.900442865652031 1.2205094306201605 0.73152 -1.5977118631805554 -4.890006969550464
33819 11374945 3.91778256900671 1.2709213530356525 0.73152 -1.5977118631805554 -4.890006969550464
33820 11374945 3.933517688527246 1.3218569370586863 0.73152 -1.5977118631805554 -4.890006969550464
33821 11374945 3.9417962614794373 1.344503872759933 0.73152 -1.5977118631805554 -4.890006969550464
33822 11374945 3.9658444095596925 1.4181919718271787 0.73152 -1.5977118631805554 -4.890006969550464
33823 11374945 3.9803146432219796 1.4625315200264997 0.73152 -1.5977118631805554 -4.890006969550464
33824 11374945 4.001148851473598 1.51005082158075 0.73152 -1.5977118631805554 -4.890006969550464
33825 11374945 4.0156092129279 1.557080323114158 0.73152 -1.5977118631805554 -4.890006969550464
33826 11374945 4.031354181149861 1.6053259947424594 0.73152 -1.5977118631805554 -4.890006969550464
33827 11374945 4.046109849916848 1.6478201949046805 0.73152 -1.5977118631805554 -4.890006969550464
33828 11374945 4.06614165819374 1.6956013793519358 0.73152 -1.5977118631805554 -4.890006969550464
33829 11374945 4.081921049567036 1.743952643436243 0.73152 -1.5977118631805554 -4.890006969550464
33830 11374945 4.097700442093361 1.7923039114056338 0.73152 -1.5977118631805554 -4.890006969550464
33831 11374945 4.113455195864968 1.837859685710234 0.73152 -1.5977118631805554 -4.890006969550464
33832 11374945 4.123889368978014 1.8616721937019356 0.73152 -1.5977118631805554 -4.890006969550464
33833 11374945 4.134323542091059 1.8854847016936371 0.73152 -1.5977118631805554 -4.890006969550464
33834 11374945 4.153513721384212 1.9442874744567515 0.73152 -1.5977118631805554 -4.890006969550464
33835 11374945 4.174416416440329 1.9920181082205972 0.73152 -1.5977118631805554 -4.890006969550464
33836 11374945 4.191403777280034 2.0291114712517673 0.73152 -1.5977118631805554 -4.890006969550464
33837 11374945 4.207249439951336 2.0735862731205446 0.73152 -1.5977118631805554 -4.890006969550464
33838 11374945 4.226532707886826 2.1163551593025987 0.73152 -1.5977118631805554 -4.890006969550464
33839 11374945 4.240899412383156 2.1603781088457903 0.73152 -1.5977118631805554 -4.890006969550464
33840 11374945 4.260182592536621 2.2031470344769115 0.73152 -1.5977118631805554 -4.890006969550464
33841 11374945 4.281412509671977 2.261400998593908 0.73152 -1.5977118631805554 -4.890006969550464
33842 11374945 4.297483008584538 2.2990856425448674 0.73152 -1.5977118631805554 -4.890006969550464
33843 11374945 4.313553507497099 2.3367702864958266 0.73152 -1.5977118631805554 -4.890006969550464
33844 11374945 4.331546829148026 2.370147796759541 0.73152 -1.5977118631805554 -4.890006969550464
33845 11374945 4.342035239851175 2.4077266958008514 0.73152 -1.5977118631805554 -4.890006969550464
33846 11374945 4.364035719321827 2.4522956087390395 0.73152 -1.5977118631805554 -4.890006969550464
33847 11374945 4.376783021684458 2.4913568068716345 0.73152 -1.5977118631805554 -4.890006969550464
33848 11374945 4.394607005180226 2.5291117180062295 0.73152 -1.5977118631805554 -4.890006969550464
33849 11374945 4.413251162780871 2.576995422600716 0.73152 -1.5977118631805554 -4.890006969550464
33850 11374945 4.425166017354449 2.6227530607893503 0.73152 -1.5977118631805554 -4.890006969550464
33851 11374945 4.443046953435122 2.6601389575336416 0.73152 -1.5977118631805554 -4.890006969550464
33852 11374945 4.455799459309959 2.7073754517799924 0.73152 -1.5977118631805554 -4.890006969550464
33853 11374945 4.476861211627398 2.7542365875319246 0.73152 -1.5977118631805554 -4.890006969550464
33854 11374945 4.4943699026422115 2.8010890957018852 0.73152 -1.5977118631805554 -4.890006969550464
33855 11374945 4.5071860328865485 2.840361485732326 0.73152 -1.5977118631805554 -4.890006969550464
33856 11374945 4.513663002224739 2.860208823605282 0.73152 -1.5977118631805554 -4.890006969550464
33857 11374945 4.528868215479318 2.8986431609395904 0.73152 -1.5977118631805554 -4.890006969550464
33858 11374945 4.544073428733897 2.9370774982738985 0.73152 -1.5977118631805554 -4.890006969550464
33859 11374945 4.558599271942115 2.9707105452251286 0.73152 -1.5977118631805554 -4.890006969550464
33860 11374945 4.584298214299771 3.033142473750261 0.73152 -1.5977118631805554 -4.890006969550464
33861 11374945 4.609997156657427 3.0955744022753935 0.73152 -1.5977118631805554 -4.890006969550464
33862 11374945 4.617504940487375 3.1145012878035043 0.73152 -1.5977118631805554 -4.890006969550464
33863 11374945 4.6250127243173225 3.1334281733316147 0.73152 -1.5977118631805554 -4.890006969550464
33864 11374945 4.6347625495883475 3.1633047940215056 0.73152 -1.5977118631805554 -4.890006969550464
33865 11374945 4.663789087887072 3.227775608951975 0.73152 -1.5977118631805554 -4.890006969550464
33866 11374945 4.663578434109658 3.2276567317843456 0.7315086226203806 -1.5977118631805554 -4.890006969550464
33867 11374945 4.663367780332243 3.2275378546167164 0.7314972452407614 -1.5977118631805554 -4.890006969550464
33868 11374945 4.663157126554828 3.227418977449087 0.7314858678611421 -1.5977118631805554 -4.890006969550464
33869 11374945 4.6629464727774135 3.227300100281458 0.7314744904815229 -1.5977118631805554 -4.890006969550464
33870 11374945 4.662735818999999 3.2271812231138286 0.7314631131019036 -1.5977118631805554 -4.890006969550464
33871 11374945 4.6625251652225845 3.227062345946199 0.7314517357222844 -1.5977118631805554 -4.890006969550464
33872 11374945 4.66231451144517 3.2269434687785696 0.7314403583426651 -1.5977118631805554 -4.890006969550464
33873 11374945 4.662103857667756 3.2268245916109404 0.7314289809630459 -1.5977118631805554 -4.890006969550464
33874 11374945 4.66189320389034 3.226705714443311 0.7314176035834266 -1.5977118631805554 -4.890006969550464
33875 11374945 4.661682550112926 3.226586837275682 0.7314062262038074 -1.5977118631805554 -4.890006969550464
33876 11374945 4.661471896335511 3.2264679601080526 0.731394848824188 -1.5977118631805554 -4.890006969550464
33877 11374945 4.661261242558097 3.2263490829404233 0.7313834714445688 -1.5977118631805554 -4.890006969550464
33878 11374945 4.661050588780682 3.226230205772794 0.7313720940649495 -1.5977118631805554 -4.890006969550464
33879 11374945 4.660839935003268 3.226111328605165 0.7313607166853303 -1.5977118631805554 -4.890006969550464
33880 11374945 4.6606292812258525 3.2259924514375355 0.731349339305711 -1.5977118631805554 -4.890006969550464
33881 11374945 4.660418627448438 3.225873574269906 0.7313379619260918 -1.5977118631805554 -4.890006969550464
33882 11374945 4.660207973671024 3.2257546971022766 0.7313265845464725 -1.5977118631805554 -4.890006969550464
33883 11374945 4.659997319893609 3.2256358199346473 0.7313152071668533 -1.5977118631805554 -4.890006969550464
33884 11374945 4.659786666116195 3.225516942767018 0.731303829787234 -1.5977118631805554 -4.890006969550464
33885 11374945 4.65957601233878 3.225398065599389 0.7312924524076148 -1.5977118631805554 -4.890006969550464
33886 11374945 4.659365358561365 3.2252791884317595 0.7312810750279954 -1.5977118631805554 -4.890006969550464
33887 11374945 4.65915470478395 3.2251603112641303 0.7312696976483762 -1.5977118631805554 -4.890006969550464
33888 11374945 4.658944051006536 3.225041434096501 0.7312583202687569 -1.5977118631805554 -4.890006969550464
33889 11374945 4.658733397229121 3.2249225569288718 0.7312469428891377 -1.5977118631805554 -4.890006969550464
33890 11374945 4.658522743451707 3.2248036797612425 0.7312355655095184 -1.5977118631805554 -4.890006969550464
33891 11374945 4.6583120896742924 3.224684802593613 0.7312241881298992 -1.5977118631805554 -4.890006969550464
33892 11374945 4.658101435896877 3.2245659254259835 0.7312128107502799 -1.5977118631805554 -4.890006969550464
33893 11374945 4.657890782119463 3.2244470482583543 0.7312014333706607 -1.5977118631805554 -4.890006969550464
33894 11374945 4.657680128342048 3.224328171090725 0.7311900559910414 -1.5977118631805554 -4.890006969550464
33895 11374945 4.657469474564634 3.2242092939230957 0.7311786786114222 -1.5977118631805554 -4.890006969550464
33896 11374945 4.657258820787219 3.2240904167554665 0.7311673012318028 -1.5977118631805554 -4.890006969550464
33897 11374945 4.657048167009805 3.223971539587837 0.7311559238521836 -1.5977118631805554 -4.890006969550464
33898 11374945 4.656837513232389 3.223852662420208 0.7311445464725643 -1.5977118631805554 -4.890006969550464
33899 11374945 4.656626859454975 3.2237337852525787 0.7311331690929451 -1.5977118631805554 -4.890006969550464
33900 11374945 4.65641620567756 3.2236149080849494 0.7311217917133258 -1.5977118631805554 -4.890006969550464
33901 11374945 4.656205551900146 3.2234960309173197 0.7311104143337066 -1.5977118631805554 -4.890006969550464
33902 11374945 4.6559948981227315 3.2233771537496905 0.7310990369540873 -1.5977118631805554 -4.890006969550464
33903 11374945 4.655784244345317 3.223258276582061 0.7310876595744681 -1.5977118631805554 -4.890006969550464
33904 11374945 4.655573590567902 3.223139399414432 0.7310762821948488 -1.5977118631805554 -4.890006969550464
33905 11374945 4.655362936790487 3.2230205222468027 0.7310649048152296 -1.5977118631805554 -4.890006969550464
33906 11374945 4.655152283013073 3.2229016450791734 0.7310535274356103 -1.5977118631805554 -4.890006969550464
33907 11374945 4.654941629235658 3.222782767911544 0.731042150055991 -1.5977118631805554 -4.890006969550464
33908 11374945 4.654730975458244 3.222663890743915 0.7310307726763717 -1.5977118631805554 -4.890006969550464
33909 11374945 4.654520321680829 3.2225450135762856 0.7310193952967524 -1.5977118631805554 -4.890006969550464
33910 11374945 4.654309667903414 3.2224261364086564 0.7310080179171332 -1.5977118631805554 -4.890006969550464
33911 11374945 4.6540990141259995 3.2223072592410267 0.7309966405375139 -1.5977118631805554 -4.890006969550464
33912 11374945 4.653888360348585 3.2221883820733974 0.7309852631578947 -1.5977118631805554 -4.890006969550464
33913 11374945 4.6536777065711705 3.222069504905768 0.7309738857782754 -1.5977118631805554 -4.890006969550464
33914 11374945 4.653467052793756 3.221950627738139 0.7309625083986562 -1.5977118631805554 -4.890006969550464
33915 11374945 4.653256399016341 3.2218317505705096 0.7309511310190369 -1.5977118631805554 -4.890006969550464
33916 11374945 4.653045745238926 3.2217128734028804 0.7309397536394177 -1.5977118631805554 -4.890006969550464
33917 11374945 4.652835091461512 3.221593996235251 0.7309283762597983 -1.5977118631805554 -4.890006969550464
33918 11374945 4.652624437684097 3.221475119067622 0.7309169988801791 -1.5977118631805554 -4.890006969550464
33919 11374945 4.652413783906683 3.2213562418999926 0.7309056215005598 -0.7242982308987606 -5.09315652937517
33920 11374945 4.652203130129268 3.2212373647323633 0.7308942441209406 -0.7242982308987606 -5.09315652937517
33921 11374945 4.651992476351853 3.2211184875647336 0.7308828667413213 -0.7242982308987606 -5.09315652937517
33922 11374945 4.6517818225744385 3.2209996103971044 0.7308714893617021 -0.7242982308987606 -5.09315652937517
33923 11374945 4.651571168797024 3.220880733229475 0.7308601119820828 -0.7242982308987606 -5.09315652937517
33924 11374945 4.65136051501961 3.220761856061846 0.7308487346024636 -0.7242982308987606 -5.09315652937517
33925 11374945 4.651149861242195 3.2206429788942166 0.7308373572228443 -0.7242982308987606 -5.09315652937517
