8950 10628960 0.2124301066100548 0.0067440964639872425 0.36576 -3.9120055756403715 1.278169490544445
8951 10628960 0.2183456413561956 0.005278115313437928 0.36576 -3.9120055756403715 1.278169490544445
8952 10628960 0.22426117610233642 0.003812134162888614 0.36576 -3.9120055756403715 1.278169490544445
8953 10628960 0.2843831215056205 0.005426518835316141 0.36576 -3.9120055756403715 1.278169490544445
8954 10628960 0.3216603405906858 0.003992418556481608 0.36576 -3.9120055756403715 1.278169490544445
8955 10628960 0.3494250161950196 0.003798016698416331 0.36576 -3.9120055756403715 1.278169490544445
8956 10628960 0.3771896917993534 0.003603614840351053 0.36576 -3.9120055756403715 1.278169490544445
8957 10628960 0.4049543674036872 0.0034092129822857753 0.36576 -3.9120055756403715 1.278169490544445
8958 10628960 0.4479312983731736 0.0029754239513540143 0.36576 -3.9120055756403715 1.278169490544445
8959 10628960 0.4781716386830702 0.003409598340324835 0.37185599999999996 -3.9120055756403715 1.278169490544445
8960 10628960 0.5084119789929669 0.003843772729295655 0.377952 -3.9120055756403715 1.278169490544445
8961 10628960 0.5386523193028634 0.004277947118266475 0.384048 -3.9120055756403715 1.278169490544445
8962 10628960 0.56889265961276 0.004712121507237296 0.39014400000000005 -3.9120055756403715 1.278169490544445
8963 10628960 0.5991329999226567 0.005146295896208117 0.39624000000000004 -3.9120055756403715 1.278169490544445
8964 10628960 0.627492842505996 0.004057607485631306 0.39624000000000004 -3.9120055756403715 1.278169490544445
8965 10628960 0.6558526850893355 0.0029689190750544956 0.39624000000000004 -3.9120055756403715 1.278169490544445
8966 10628960 0.6842125276726748 0.0018802306644776848 0.39624000000000004 -3.9120055756403715 1.278169490544445
8967 10628960 0.7125723702560142 0.0007915422539008744 0.39624000000000004 -3.9120055756403715 1.278169490544445
8968 10628960 0.7409322128393536 -0.000297146156675936 0.39624000000000004 -3.9120055756403715 1.278169490544445
8969 10628960 0.769292055422693 -0.0013858345672527472 0.39624000000000004 -3.9120055756403715 1.278169490544445
8970 10628960 0.7967888367820553 -0.0014911985731439342 0.39624000000000004 -3.9120055756403715 1.278169490544445
8971 10628960 0.8262163706117439 -0.0031618580662688273 0.39624000000000004 -3.9120055756403715 1.278169490544445
8972 10628960 0.8556439044414326 -0.00483251755939372 0.39624000000000004 -3.9120055756403715 1.278169490544445
8973 10628960 0.8831216406549067 -0.0070342173395489815 0.42672000000000004 -3.9120055756403715 1.278169490544445
8974 10628960 0.9179258991985744 -0.009915916114550996 0.42672000000000004 -3.9120055756403715 1.278169490544445
8975 10628960 0.9527301577422421 -0.01279761488955301 0.42672000000000004 -3.9120055756403715 1.278169490544445
8976 10628960 0.9875344162859098 -0.015679313664555022 0.42672000000000004 -3.9120055756403715 1.278169490544445
8977 10628960 1.020052557274797 -0.01672335786596023 0.42672000000000004 -3.9120055756403715 1.278169490544445
8978 10628960 1.052570698263684 -0.017767402067365434 0.42672000000000004 -3.9120055756403715 1.278169490544445
8979 10628960 1.0835332972602019 -0.01992153399428309 0.42672000000000004 -3.9120055756403715 1.278169490544445
8980 10628960 1.11449589625672 -0.02207566592120075 0.42672000000000004 -3.9120055756403715 1.278169490544445
8981 10628960 1.1454584952532378 -0.024229797848118406 0.42672000000000004 -3.9120055756403715 1.278169490544445
8982 10628960 1.176421094249756 -0.026383929775036064 0.42672000000000004 -3.9120055756403715 1.278169490544445
8983 10628960 1.2073836932462738 -0.02853806170195372 0.42672000000000004 -3.9120055756403715 1.278169490544445
8984 10628960 1.2383462922427917 -0.030692193628871378 0.42672000000000004 -3.9120055756403715 1.278169490544445
8985 10628960 1.2693088912393098 -0.032846325555789035 0.42672000000000004 -3.9120055756403715 1.278169490544445
8986 10628960 1.29528931654498 -0.035959280728148524 0.45720000000000005 -3.9120055756403715 1.278169490544445
8987 10628960 1.3117081116715559 -0.03735063741557712 0.45720000000000005 -3.9120055756403715 1.278169490544445
8988 10628960 1.3754241769491258 -0.04075703963813038 0.45720000000000005 -3.9120055756403715 1.278169490544445
8989 10628960 1.404801193601062 -0.04053979601847796 0.45720000000000005 -3.9120055756403715 1.278169490544445
8990 10628960 1.4435410289740878 -0.04700226538751709 0.45720000000000005 -3.9120055756403715 1.278169490544445
8991 10628960 1.4642995517100974 -0.048700960693402434 0.45720000000000005 -3.9120055756403715 1.278169490544445
8992 10628960 1.485058074446107 -0.05039965599928778 0.45720000000000005 -3.9120055756403715 1.278169490544445
8993 10628960 1.547019174221646 -0.05428274865731676 0.45720000000000005 -3.9120055756403715 1.278169490544445
8994 10628960 1.5848605846521262 -0.05846492615441836 0.45720000000000005 -3.9120055756403715 1.278169490544445
8995 10628960 1.6227019950826063 -0.06264710365151996 0.45720000000000005 -3.9120055756403715 1.278169490544445
8996 10628960 1.6632910614709866 -0.06480581839369348 0.45720000000000005 -3.9120055756403715 1.278169490544445
8997 10628960 1.700849141075267 -0.07216597138213712 0.45720000000000005 -3.9120055756403715 1.278169490544445
8998 10628960 1.7370436776287799 -0.07826283380950608 0.45720000000000005 -3.9120055756403715 1.278169490544445
8999 10628960 1.7782015015126933 -0.08656458908787965 0.45720000000000005 -3.9120055756403715 1.278169490544445
9000 10628960 1.8165323373389888 -0.08775128777317445 0.45720000000000005 -3.9120055756403715 1.278169490544445
9001 10628960 1.8667381805316385 -0.09445143172406859 0.48768 -3.9120055756403715 1.278169490544445
9002 10628960 1.9015346582159773 -0.09938994798523751 0.48768 -3.9120055756403715 1.278169490544445
9003 10628960 1.9202447686473265 -0.10328051654698263 0.48768 -3.9120055756403715 1.278169490544445
9004 10628960 1.9389548790786757 -0.10717108510872775 0.48768 -3.9120055756403715 1.278169490544445
9005 10628960 1.980239908126387 -0.1139945175435739 0.48768 -3.9120055756403715 1.278169490544445
9006 10628960 2.041528019856069 -0.12863481833101292 0.48768 -3.9120055756403715 1.278169490544445
9007 10628960 2.092111927753038 -0.13580727499993164 0.48768 -3.9120055756403715 1.278169490544445
9008 10628960 2.1101450816651632 -0.1404108575079947 0.48768 -3.9120055756403715 1.278169490544445
9009 10628960 2.1568060433594605 -0.14980644532506096 0.48768 -3.9120055756403715 1.278169490544445
9010 10628960 2.2143136925996942 -0.1597061379217891 0.5181600000000001 -3.9120055756403715 1.278169490544445
9011 10628960 2.2346234045996307 -0.16359246803809532 0.5181600000000001 -3.9120055756403715 1.278169490544445
9012 10628960 2.254933116599567 -0.16747879815440156 0.5181600000000001 -3.9120055756403715 1.278169490544445
9013 10628960 2.304042996039029 -0.17562864755663377 0.5181600000000001 -3.9120055756403715 1.278169490544445
9014 10628960 2.3333496775541764 -0.1811964795558677 0.5181600000000001 -3.9120055756403715 1.278169490544445
9015 10628960 2.362656359069324 -0.18676431155510168 0.5181600000000001 -3.9120055756403715 1.278169490544445
9016 10628960 2.418306044466969 -0.19745751235606726 0.5181600000000001 -3.9120055756403715 1.278169490544445
9017 10628960 2.4770092928040177 -0.202605381367336 0.5181600000000001 -3.9120055756403715 1.278169490544445
9018 10628960 2.515463688725026 -0.2072164851279775 0.5181600000000001 -3.9120055756403715 1.278169490544445
9019 10628960 2.553140303243068 -0.20876982428522592 0.5181600000000001 -3.9120055756403715 1.278169490544445
9020 10628960 2.5924660491065614 -0.2134313609866252 0.54864 -3.9120055756403715 1.278169490544445
9021 10628960 2.635016497278943 -0.21365500410652552 0.54864 -3.9120055756403715 1.278169490544445
9022 10628960 2.6651310947781166 -0.21525057227108593 0.54864 -3.9120055756403715 1.278169490544445
9023 10628960 2.69524569227729 -0.21684614043564635 0.54864 -3.9120055756403715 1.278169490544445
9024 10628960 2.7326021363339286 -0.21665862234069402 0.54864 -3.9120055756403715 1.278169490544445
9025 10628960 2.7794551592752605 -0.211861108797634 0.54864 -3.9120055756403715 1.278169490544445
9026 10628960 2.815137615424849 -0.21136037429755686 0.54864 -3.9120055756403715 1.278169490544445
9027 10628960 2.8528394444438305 -0.20848143696943208 0.54864 -3.9120055756403715 1.278169490544445
9028 10628960 2.9111716707995843 -0.2000709206029743 0.54864 -3.9120055756403715 1.278169490544445
9029 10628960 2.945514758344231 -0.19551110377360384 0.54864 -3.9120055756403715 1.278169490544445
9030 10628960 2.9623810810041293 -0.19552622485464619 0.5638799999999999 -3.9120055756403715 1.278169490544445
9031 10628960 2.9792474036640275 -0.19554134593568853 0.57912 -3.9120055756403715 1.278169490544445
9032 10628960 3.016834646182283 -0.1919233596289193 0.57912 -3.9120055756403715 1.278169490544445
9033 10628960 3.053539569096979 -0.18719949908627162 0.57912 -3.9120055756403715 1.278169490544445
9034 10628960 3.1164219116113525 -0.1806231890320886 0.57912 -3.9120055756403715 1.278169490544445
9035 10628960 3.1581612562475723 -0.17380400272915972 0.57912 -3.9120055756403715 1.278169490544445
9036 10628960 3.1970895913005926 -0.1701556655765624 0.57912 -3.9120055756403715 1.278169490544445
9037 10628960 3.2496174255352734 -0.16428730584430115 0.57912 -3.9120055756403715 1.278169490544445
9038 10628960 3.2882721502595196 -0.15739524707669592 0.6096 -3.9120055756403715 1.278169490544445
9039 10628960 3.3073977379723773 -0.15592755368978342 0.6096 -3.9120055756403715 1.278169490544445
9040 10628960 3.3366717779963895 -0.1519311751671704 0.6096 -3.9120055756403715 1.278169490544445
9041 10628960 3.3659458180204016 -0.14793479664455736 0.6096 -3.9120055756403715 1.278169490544445
9042 10628960 3.406766401584238 -0.1425667607026362 0.6096 -3.9120055756403715 1.278169490544445
9043 10628960 3.4412117348358526 -0.13768785384271956 0.6096 -3.9120055756403715 1.278169490544445
9044 10628960 3.4815405964735167 -0.1294722691841588 0.6096 -3.9120055756403715 1.278169490544445
9045 10628960 3.5369605462672418 -0.11636901578241257 0.6096 -3.9120055756403715 1.278169490544445
9046 10628960 3.5740540524017312 -0.11153609401986744 0.6096 -3.9120055756403715 1.278169490544445
9047 10628960 3.6247366001821995 -0.10179246828591185 0.6096 -3.9120055756403715 1.278169490544445
9048 10628960 3.6668878050329035 -0.09370347122471348 0.6400800000000001 -3.9120055756403715 1.278169490544445
9049 10628960 3.6772923105988258 -0.09447039649856356 0.6400800000000001 -3.9120055756403715 1.278169490544445
9050 10628960 3.687696816164748 -0.09523732177241365 0.6400800000000001 -3.9120055756403715 1.278169490544445
9051 10628960 3.744500637252325 -0.08714004495734043 0.6400800000000001 -3.9120055756403715 1.278169490544445
9052 10628960 3.7856403048767415 -0.08350969575248149 0.6400800000000001 -3.9120055756403715 1.278169490544445
9053 10628960 3.844255333629307 -0.07530188520923634 0.6400800000000001 -3.9120055756403715 1.278169490544445
9054 10628960 3.8798566816419466 -0.07231697503670112 0.6400800000000001 -3.9120055756403715 1.278169490544445
9055 10628960 3.934041824026412 -0.0722416538294193 0.6400800000000001 -3.9120055756403715 1.278169490544445
9056 10628960 3.9561646586611143 -0.07110793480561525 0.6400800000000001 -3.9120055756403715 1.278169490544445
9057 10628960 3.9782874932958165 -0.0699742157818112 0.6400800000000001 -3.9120055756403715 1.278169490544445
9058 10628960 4.000265477199289 -0.07200545432146457 0.6400800000000001 -3.9120055756403715 1.278169490544445
9059 10628960 4.055102917443513 -0.07401109605703896 0.67056 -3.9120055756403715 1.278169490544445
9060 10628960 4.094564353541893 -0.07824200628598335 0.67056 -3.9120055756403715 1.278169490544445
9061 10628960 4.129841316899448 -0.08169154001962878 0.67056 -3.9120055756403715 1.278169490544445
9062 10628960 4.177487310360342 -0.0894099401769878 0.67056 -3.9120055756403715 1.278169490544445
9063 10628960 4.201961977658365 -0.09739476846420461 0.67056 -3.9120055756403715 1.278169490544445
9064 10628960 4.257344879778439 -0.10997295207363758 0.67056 -3.9120055756403715 1.278169490544445
9065 10628960 4.288650744988273 -0.12287267333703858 0.67056 -3.9120055756403715 1.278169490544445
9066 10628960 4.315377044030379 -0.13416137821916965 0.67056 -3.9120055756403715 1.278169490544445
9067 10628960 4.342103343072484 -0.14545008310130073 0.67056 -3.9120055756403715 1.278169490544445
9068 10628960 4.376986009886221 -0.15963299613814677 0.67056 -3.9120055756403715 1.278169490544445
9069 10628960 4.408633810061788 -0.17801686160374233 0.67056 -3.9120055756403715 1.278169490544445
9070 10628960 4.440511104883226 -0.19624179022741642 0.7010400000000001 -3.9120055756403715 1.278169490544445
9071 10628960 4.489454592640477 -0.22856058556043582 0.7010400000000001 -3.9120055756403715 1.278169490544445
9072 10628960 4.4979356638739905 -0.23658349058258724 0.7010400000000001 -3.9120055756403715 1.278169490544445
9073 10628960 4.551207460031108 -0.2842137773372231 0.7010400000000001 -3.9120055756403715 1.278169490544445
9074 10628960 4.572041549275509 -0.302339913181434 0.7010400000000001 -3.9120055756403715 1.278169490544445
9075 10628960 4.592875638519911 -0.3204660490256449 0.7010400000000001 -3.9120055756403715 1.278169490544445
9076 10628960 4.614373088467805 -0.34336389546869145 0.7010400000000001 -3.9120055756403715 1.278169490544445
9077 10628960 4.635870538415699 -0.366261741911738 0.7010400000000001 -3.9120055756403715 1.278169490544445
9078 10628960 4.6641803202785095 -0.3924326466386151 0.7010400000000001 -3.9120055756403715 1.278169490544445
9079 10628960 4.698526342147724 -0.4357571130524275 0.7010400000000001 -3.9120055756403715 1.278169490544445
9080 10628960 4.716654910933855 -0.46292881184423695 0.7010400000000001 -3.9120055756403715 1.278169490544445
9081 10628960 4.737349303827745 -0.4974784573085952 0.7010400000000001 -3.9120055756403715 1.278169490544445
9082 10628960 4.7591219078874305 -0.5314451720468572 0.73152 -3.9120055756403715 1.278169490544445
9083 10628960 4.772642064218858 -0.5580479976388709 0.73152 -3.9120055756403715 1.278169490544445
9084 10628960 4.783927062384641 -0.5833377239102167 0.73152 -3.9120055756403715 1.278169490544445
9085 10628960 4.795212060550424 -0.6086274501815624 0.73152 -3.9120055756403715 1.278169490544445
9086 10628960 4.811253988958456 -0.6383886656635432 0.73152 -3.9120055756403715 1.278169490544445
9087 10628960 4.822758405188756 -0.6772993277590709 0.73152 -3.9120055756403715 1.278169490544445
9088 10628960 4.833762194460517 -0.714002515201642 0.73152 -3.9120055756403715 1.278169490544445
9089 10628960 4.844765983732279 -0.7507057026442133 0.73152 -3.9120055756403715 1.278169490544445
9090 10628960 4.848241083691756 -0.7836102385243416 0.73152 -3.9120055756403715 1.278169490544445
9091 10628960 4.860371980043285 -0.8199216085719278 0.762 -3.9120055756403715 1.278169490544445
9092 10628960 4.861974926250326 -0.8640129073898449 0.762 -3.9120055756403715 1.278169490544445
9093 10628960 4.867926913833199 -0.8974914791926242 0.762 -3.9120055756403715 1.278169490544445
9094 10628960 4.870122971446589 -0.9152612599117894 0.762 -3.9120055756403715 1.278169490544445
9095 10628960 4.8723190290599785 -0.9330310406309547 0.762 -3.9120055756403715 1.278169490544445
9096 10628960 4.878370172082605 -0.9809089434289285 0.762 -3.9120055756403715 1.278169490544445
9097 10628960 4.875915452428213 -1.0227424081924188 0.762 -3.9120055756403715 1.278169490544445
9098 10628960 4.880858891304494 -1.0565927686669667 0.762 -3.9120055756403715 1.278169490544445
9099 10628960 4.8794721987393075 -1.0935182429050636 0.762 -3.9120055756403715 1.278169490544445
9100 10628960 4.886089873528466 -1.127680906862838 0.762 -3.9120055756403715 1.278169490544445
9101 10628960 4.88871164170773 -1.1822662032426154 0.762 -3.9120055756403715 1.278169490544445
9102 10628960 4.886996346172091 -1.206586311593082 0.762 -3.9120055756403715 1.278169490544445
9103 10628960 4.8852810506364515 -1.2309064199435484 0.762 -3.9120055756403715 1.278169490544445
9104 10628960 4.892872831161213 -1.2688907584921276 0.762 -3.9120055756403715 1.278169490544445
9105 10628960 4.888654040335818 -1.3076958978472546 0.762 -3.9120055756403715 1.278169490544445
9106 10628960 4.890958249849931 -1.3523658714583993 0.762 -3.9120055756403715 1.278169490544445
9107 10628960 4.895511206629567 -1.392863301829447 0.762 -3.9120055756403715 1.278169490544445
9108 10628960 4.896692561983072 -1.4355317846023028 0.762 -3.9120055756403715 1.278169490544445
9109 10628960 4.895255501292982 -1.494399862203063 0.762 -3.9120055756403715 1.278169490544445
9110 10628960 4.896356542769496 -1.5386773471900959 0.762 -3.9120055756403715 1.278169490544445
9111 10628960 4.893479090316579 -1.5815406887040924 0.762 -3.9120055756403715 1.278169490544445
9112 10628960 4.894388748803276 -1.612790431490974 0.762 -3.9120055756403715 1.278169490544445
9113 10628960 4.895298407289972 -1.6440401742778554 0.762 -3.9120055756403715 1.278169490544445
9114 10628960 4.898464604462401 -1.6860708442914 0.7924800000000001 -3.9120055756403715 1.278169490544445
9115 10628960 4.900943415315462 -1.7261252778549792 0.7924800000000001 -3.9120055756403715 1.278169490544445
9116 10628960 4.899244088629527 -1.7844403719774105 0.7924800000000001 -3.9120055756403715 1.278169490544445
9117 10628960 4.902286651414615 -1.8181375275261096 0.7924800000000001 -3.9120055756403715 1.278169490544445
9118 10628960 4.905329214199703 -1.8518346830748087 0.7924800000000001 -3.9120055756403715 1.278169490544445
9119 10628960 4.9055340815556825 -1.8844313145602194 0.7924800000000001 -3.9120055756403715 1.278169490544445
9120 10628960 4.9057389489116625 -1.91702794604563 0.7924800000000001 -3.9120055756403715 1.278169490544445
9121 10628960 4.911517216416087 -1.9755617488564623 0.7924800000000001 -3.9120055756403715 1.278169490544445
9122 10628960 4.912173451343187 -2.0171241500569965 0.7924800000000001 -3.9120055756403715 1.278169490544445
9123 10628960 4.916116889630691 -2.0785636667328196 0.7924800000000001 -3.9120055756403715 1.278169490544445
9124 10628960 4.915479622777058 -2.110476787031845 0.7924800000000001 -3.9120055756403715 1.278169490544445
9125 10628960 4.918315246383965 -2.1521656480876588 0.7924800000000001 -3.9120055756403715 1.278169490544445
9126 10628960 4.921150869990871 -2.1938545091434727 0.7924800000000001 -3.9120055756403715 1.278169490544445
9127 10628960 4.921014572733931 -2.2460210273779726 0.7924800000000001 -3.9120055756403715 1.278169490544445
9128 10628960 4.920052637889446 -2.2990863408811695 0.7924800000000001 -3.9120055756403715 1.278169490544445
9129 10628960 4.921179156098096 -2.3462915787276795 0.7924800000000001 -3.9120055756403715 1.278169490544445
9130 10628960 4.921088621828095 -2.371082649625202 0.7924800000000001 -3.9120055756403715 1.278169490544445
9131 10628960 4.920998087558094 -2.395873720522725 0.7924800000000001 -3.9120055756403715 1.278169490544445
9132 10628960 4.917265669611605 -2.4906685967401825 0.7924800000000001 -3.9120055756403715 1.278169490544445
9133 10628960 4.917853730110139 -2.5389829677683533 0.7924800000000001 -3.9120055756403715 1.278169490544445
9134 10628960 4.917322246462634 -2.5624037862572533 0.7924800000000001 -3.9120055756403715 1.278169490544445
9135 10628960 4.9148158719503225 -2.6005986338718565 0.7924800000000001 -3.9120055756403715 1.278169490544445
9136 10628960 4.912309497438011 -2.6387934814864598 0.7924800000000001 -3.9120055756403715 1.278169490544445
9137 10628960 4.913260062323403 -2.719229745635952 0.7924800000000001 -3.9120055756403715 1.278169490544445
9138 10628960 4.907748827615341 -2.7606497548244744 0.7924800000000001 -3.9120055756403715 1.278169490544445
9139 10628960 4.903794043843274 -2.8245359799786915 0.7924800000000001 -3.9120055756403715 1.278169490544445
9140 10628960 4.895387154689998 -2.8279859713787543 0.7925992954990216 -3.9120055756403715 1.278169490544445
9141 10628960 4.886980265536722 -2.831435962778817 0.7927185909980431 -3.9120055756403715 1.278169490544445
9142 10628960 4.878573376383446 -2.83488595417888 0.7928378864970647 -3.9120055756403715 1.278169490544445
9143 10628960 4.870166487230169 -2.838335945578943 0.7929571819960862 -3.9120055756403715 1.278169490544445
9144 10628960 4.861759598076893 -2.8417859369790057 0.7930764774951077 -3.9120055756403715 1.278169490544445
9145 10628960 4.853352708923617 -2.8452359283790685 0.7931957729941292 -3.9120055756403715 1.278169490544445
9146 10628960 4.844945819770341 -2.848685919779131 0.7933150684931508 -3.9120055756403715 1.278169490544445
9147 10628960 4.836538930617064 -2.852135911179194 0.7934343639921723 -3.9120055756403715 1.278169490544445
9148 10628960 4.828132041463788 -2.8555859025792567 0.7935536594911938 -3.9120055756403715 1.278169490544445
9149 10628960 4.819725152310512 -2.8590358939793195 0.7936729549902153 -3.9120055756403715 1.278169490544445
9150 10628960 4.8113182631572355 -2.862485885379382 0.7937922504892369 -3.9120055756403715 1.278169490544445
9151 10628960 4.802911374003959 -2.8659358767794454 0.7939115459882584 -3.9120055756403715 1.278169490544445
9152 10628960 4.794504484850683 -2.869385868179508 0.7940308414872799 -3.9120055756403715 1.278169490544445
9153 10628960 4.786097595697407 -2.872835859579571 0.7941501369863014 -3.9120055756403715 1.278169490544445
9154 10628960 4.7776907065441305 -2.8762858509796336 0.794269432485323 -3.9120055756403715 1.278169490544445
9155 10628960 4.769283817390854 -2.8797358423796964 0.7943887279843445 -3.9120055756403715 1.278169490544445
9156 10628960 4.760876928237578 -2.883185833779759 0.794508023483366 -3.9120055756403715 1.278169490544445
9157 10628960 4.752470039084302 -2.886635825179822 0.7946273189823876 -3.9120055756403715 1.278169490544445
9158 10628960 4.7440631499310255 -2.8900858165798846 0.794746614481409 -3.9120055756403715 1.278169490544445
9159 10628960 4.735656260777749 -2.893535807979948 0.7948659099804306 -3.9120055756403715 1.278169490544445
9160 10628960 4.727249371624472 -2.8969857993800106 0.7949852054794522 -3.9120055756403715 1.278169490544445
9161 10628960 4.718842482471196 -2.9004357907800733 0.7951045009784736 -3.9120055756403715 1.278169490544445
9162 10628960 4.71043559331792 -2.903885782180136 0.7952237964774952 -3.9120055756403715 1.278169490544445
9163 10628960 4.702028704164643 -2.907335773580199 0.7953430919765168 -3.9120055756403715 1.278169490544445
9164 10628960 4.693621815011367 -2.9107857649802615 0.7954623874755382 -3.9120055756403715 1.278169490544445
9165 10628960 4.685214925858091 -2.9142357563803243 0.7955816829745598 -3.9120055756403715 1.278169490544445
9166 10628960 4.676808036704815 -2.917685747780387 0.7957009784735812 -3.9120055756403715 1.278169490544445
9167 10628960 4.668401147551538 -2.92113573918045 0.7958202739726028 -3.9120055756403715 1.278169490544445
9168 10628960 4.659994258398262 -2.924585730580513 0.7959395694716244 -3.9120055756403715 1.278169490544445
9169 10628960 4.651587369244986 -2.9280357219805757 0.7960588649706458 -3.9120055756403715 1.278169490544445
9170 10628960 4.64318048009171 -2.9314857133806385 0.7961781604696674 -3.9120055756403715 1.278169490544445
9171 10628960 4.634773590938433 -2.934935704780701 0.796297455968689 -3.9120055756403715 1.278169490544445
9172 10628960 4.626366701785157 -2.938385696180764 0.7964167514677104 -3.9120055756403715 1.278169490544445
9173 10628960 4.617959812631881 -2.9418356875808267 0.796536046966732 -3.9120055756403715 1.278169490544445
9174 10628960 4.609552923478605 -2.9452856789808894 0.7966553424657535 -3.9120055756403715 1.278169490544445
9175 10628960 4.601146034325328 -2.9487356703809526 0.796774637964775 -3.9120055756403715 1.278169490544445
9176 10628960 4.592739145172052 -2.9521856617810154 0.7968939334637966 -3.9120055756403715 1.278169490544445
9177 10628960 4.584332256018776 -2.955635653181078 0.7970132289628181 -3.9120055756403715 1.278169490544445
9178 10628960 4.5759253668654996 -2.959085644581141 0.7971325244618396 -3.9120055756403715 1.278169490544445
9179 10628960 4.567518477712223 -2.9625356359812036 0.7972518199608611 -3.9120055756403715 1.278169490544445
9180 10628960 4.559111588558947 -2.9659856273812664 0.7973711154598827 -3.9120055756403715 1.278169490544445
9181 10628960 4.550704699405671 -2.969435618781329 0.7974904109589042 -3.9120055756403715 1.278169490544445
9182 10628960 4.5422978102523945 -2.9728856101813923 0.7976097064579257 -3.9120055756403715 1.278169490544445
9183 10628960 4.533890921099118 -2.976335601581455 0.7977290019569472 -3.9120055756403715 1.278169490544445
9184 10628960 4.525484031945842 -2.979785592981518 0.7978482974559687 -3.9120055756403715 1.278169490544445
9185 10628960 4.517077142792566 -2.9832355843815805 0.7979675929549903 -3.9120055756403715 1.278169490544445
9186 10628960 4.5086702536392895 -2.9866855757816433 0.7980868884540118 -3.9120055756403715 1.278169490544445
9187 10628960 4.500263364486013 -2.990135567181706 0.7982061839530333 -3.9120055756403715 1.278169490544445
9188 10628960 4.491856475332737 -2.993585558581769 0.7983254794520549 -3.9120055756403715 1.278169490544445
9189 10628960 4.483449586179461 -2.9970355499818315 0.7984447749510764 -3.9120055756403715 1.278169490544445
9190 10628960 4.4750426970261845 -3.0004855413818947 0.7985640704500979 -3.9120055756403715 1.278169490544445
9191 10628960 4.466635807872908 -3.0039355327819575 0.7986833659491195 -3.9120055756403715 1.278169490544445
9192 10628960 4.458228918719632 -3.00738552418202 0.7988026614481409 -3.9120055756403715 1.278169490544445
9193 10628960 4.449822029566356 -3.010835515582083 0.7989219569471625 -3.9120055756403715 1.278169490544445
9194 10628960 4.4414151404130795 -3.0142855069821457 0.7990412524461841 -3.9120055756403715 1.278169490544445
9195 10628960 4.433008251259803 -3.0177354983822084 0.7991605479452055 -3.9120055756403715 1.278169490544445
9196 10628960 4.424601362106527 -3.021185489782271 0.7992798434442271 -3.9120055756403715 1.278169490544445
9197 10628960 4.416194472953251 -3.024635481182334 0.7993991389432487 -3.9120055756403715 1.278169490544445
9198 10628960 4.4077875837999745 -3.028085472582397 0.7995184344422701 -3.9120055756403715 1.278169490544445
9199 10628960 4.399380694646698 -3.03153546398246 0.7996377299412917 -3.9120055756403715 1.278169490544445
