44344 10570666 -4.064818685344654 0.019035769899925364 0.65532 3.5652095705626183 -0.5070087616291359
44345 10570666 -4.008193579848303 0.0221127546042775 0.6400800000000001 3.5652095705626183 -0.5070087616291359
44346 10570666 -3.916151820052108 0.02644792171827212 0.63246 3.5652095705626183 -0.5070087616291359
44347 10570666 -3.8861259502733865 0.027250726517812324 0.62865 3.5652095705626183 -0.5070087616291359
44348 10570666 -3.856100080494665 0.028053531317352526 0.6248400000000001 3.5652095705626183 -0.5070087616291359
44349 10570666 -3.7727743536665024 0.03290696321591055 0.61722 3.5652095705626183 -0.5070087616291359
44350 10570666 -3.710419362085668 0.033409074844160974 0.61722 3.5652095705626183 -0.5070087616291359
44351 10570666 -3.672254618772616 0.03166501034450117 0.6096 3.5652095705626183 -0.5070087616291359
44352 10570666 -3.610104927831901 0.03316992247879544 0.6096 3.5652095705626183 -0.5070087616291359
44353 10570666 -3.5336654393140687 0.034905133785511605 0.6019800000000001 3.5652095705626183 -0.5070087616291359
44354 10570666 -3.482574019163433 0.034655997467671756 0.6096 3.5652095705626183 -0.5070087616291359
44355 10570666 -3.3937551604583893 0.03187288432098842 0.6096 3.5652095705626183 -0.5070087616291359
44356 10570666 -3.344888499618512 0.0318855044426308 0.6096 3.5652095705626183 -0.5070087616291359
44357 10570666 -3.28961825931123 0.035177380037717615 0.6096 3.5652095705626183 -0.5070087616291359
44358 10570666 -3.2439191163170764 0.03365692139706042 0.6096 3.5652095705626183 -0.5070087616291359
44359 10570666 -3.1982199733229226 0.03213646275640322 0.6096 3.5652095705626183 -0.5070087616291359
44360 10570666 -3.1397590113872553 0.028893284050160645 0.6096 3.5652095705626183 -0.5070087616291359
44361 10570666 -3.0435810574158477 0.024173023951793743 0.61722 3.5652095705626183 -0.5070087616291359
44362 10570666 -2.991454729738508 0.017863012735302414 0.61722 3.5652095705626183 -0.5070087616291359
44363 10570666 -2.9352206399230267 0.013247018251087178 0.6248400000000001 3.5652095705626183 -0.5070087616291359
44364 10570666 -2.9132998221548743 0.008293175773487732 0.6248400000000001 3.5652095705626183 -0.5070087616291359
44365 10570666 -2.820735622117013 -0.006108094946283643 0.6248400000000001 3.5652095705626183 -0.5070087616291359
44366 10570666 -2.774978204600883 -0.015590304987164988 0.6248400000000001 3.5652095705626183 -0.5070087616291359
44367 10570666 -2.7471416190121682 -0.02201206443319939 0.6248400000000001 3.5652095705626183 -0.5070087616291359
44368 10570666 -2.7193050334234536 -0.028433823879233794 0.6248400000000001 3.5652095705626183 -0.5070087616291359
44369 10570666 -2.634997803108785 -0.05204871010730319 0.6248400000000001 3.5652095705626183 -0.5070087616291359
44370 10570666 -2.5595679920738963 -0.07673041284851503 0.6248400000000001 3.5652095705626183 -0.5070087616291359
44371 10570666 -2.5298774620075815 -0.08644532949399078 0.63246 3.5652095705626183 -0.5070087616291359
44372 10570666 -2.45613939822454 -0.11629754060081479 0.63246 3.5652095705626183 -0.5070087616291359
44373 10570666 -2.404749638843775 -0.14386111638212254 0.63246 3.5652095705626183 -0.5070087616291359
44374 10570666 -2.3303217963900114 -0.1824669085906985 0.63246 3.5652095705626183 -0.5070087616291359
44375 10570666 -2.3037336472705845 -0.19759194145951778 0.6362700000000001 3.5652095705626183 -0.5070087616291359
44376 10570666 -2.2771454981511576 -0.21271697432833706 0.6400800000000001 3.5652095705626183 -0.5070087616291359
44377 10570666 -2.232253166945126 -0.24656582299803168 0.6400800000000001 3.5652095705626183 -0.5070087616291359
44378 10570666 -2.1864710354219197 -0.27498016092731303 0.6400800000000001 3.5652095705626183 -0.5070087616291359
44379 10570666 -2.1412653529038135 -0.30624338653305194 0.6400800000000001 3.5652095705626183 -0.5070087616291359
44380 10570666 -2.11426889271908 -0.3258242222979304 0.63246 3.5652095705626183 -0.5070087616291359
44381 10570666 -2.0257484516380586 -0.3783832663601503 0.63246 3.5652095705626183 -0.5070087616291359
44382 10570666 -1.9873388898636986 -0.40163832054644233 0.63246 3.5652095705626183 -0.5070087616291359
44383 10570666 -1.9489293280893383 -0.42489337473273436 0.63246 3.5652095705626183 -0.5070087616291359
44384 10570666 -1.8965130364321814 -0.4552998016383343 0.62865 3.5652095705626183 -0.5070087616291359
44385 10570666 -1.8440967447750245 -0.4857062285439342 0.6248400000000001 3.5652095705626183 -0.5070087616291359
44386 10570666 -1.7644952735894417 -0.527515568024504 0.6248400000000001 3.5652095705626183 -0.5070087616291359
44387 10570666 -1.7261990163649514 -0.545415606922935 0.62865 3.5652095705626183 -0.5070087616291359
44388 10570666 -1.6879027591404612 -0.563315645821366 0.63246 3.5652095705626183 -0.5070087616291359
44389 10570666 -1.6297104112589211 -0.5934474481828025 0.63246 3.5652095705626183 -0.5070087616291359
44390 10570666 -1.5791182367112644 -0.620742560191876 0.6400800000000001 3.5652095705626183 -0.5070087616291359
44391 10570666 -1.5284912614676507 -0.6479317615065807 0.6400800000000001 3.5652095705626183 -0.5070087616291359
44392 10570666 -1.4546083367693268 -0.6882171040453686 0.6400800000000001 3.5652095705626183 -0.5070087616291359
44393 10570666 -1.40246195889435 -0.7107612548919238 0.6400800000000001 3.5652095705626183 -0.5070087616291359
44394 10570666 -1.3698735808784892 -0.7265588301250836 0.6477 3.5652095705626183 -0.5070087616291359
44395 10570666 -1.3127001642285643 -0.7568215417594689 0.6477 3.5652095705626183 -0.5070087616291359
44396 10570666 -1.2521827562511862 -0.7809333295261762 0.6477 3.5652095705626183 -0.5070087616291359
44397 10570666 -1.2000355221326868 -0.8034759826899819 0.65532 3.5652095705626183 -0.5070087616291359
44398 10570666 -1.1181598762738143 -0.8356216623432503 0.65532 3.5652095705626183 -0.5070087616291359
44399 10570666 -1.0885781249207427 -0.8483899288550477 0.65532 3.5652095705626183 -0.5070087616291359
44400 10570666 -1.0589963735676713 -0.8611581953668451 0.65532 3.5652095705626183 -0.5070087616291359
44401 10570666 -1.028499998600006 -0.8711291758868435 0.6629400000000001 3.5652095705626183 -0.5070087616291359
44402 10570666 -0.949592027995076 -0.9014844688406153 0.6629400000000001 3.5652095705626183 -0.5070087616291359
44403 10570666 -0.8973746389835624 -0.923813778975927 0.6629400000000001 5.141553105316369 0.17112283661629846
44404 10570666 -0.843604207163833 -0.9413928688495018 0.6629400000000001 5.141553105316369 0.17112283661629846
44405 10570666 -0.7629432994171972 -0.9745386698316579 0.67056 5.141553105316369 0.17112283661629846
44406 10570666 -0.714336703757865 -0.9956859922885083 0.67056 5.141553105316369 0.17112283661629846
44407 10570666 -0.6854665707062588 -1.003838517639479 0.67056 5.141553105316369 0.17112283661629846
44408 10570666 -0.6328814456816227 -1.026402596462855 0.67056 5.141553105316369 0.17112283661629846
44409 10570666 -0.5839255686105793 -1.0424056172181493 0.67056 5.141553105316369 0.17112283661629846
44410 10570666 -0.5498168999677606 -1.0535550616342275 0.6781800000000001 5.141553105316369 0.17112283661629846
44411 10570666 -0.4402855765996183 -1.0839832084106757 0.6781800000000001 5.141553105316369 0.17112283661629846
44412 10570666 -0.4059760386515573 -1.0951974537992233 0.6781800000000001 5.141553105316369 0.17112283661629846
44413 10570666 -0.37166650070349627 -1.1064116991877708 0.6781800000000001 5.141553105316369 0.17112283661629846
44414 10570666 -0.31789467444480013 -1.1239867743314675 0.6781800000000001 5.141553105316369 0.17112283661629846
44415 10570666 -0.26412271397125786 -1.1415614388318431 0.6781800000000001 5.141553105316369 0.17112283661629846
44416 10570666 -0.20832238720623075 -1.161083694744046 0.6781800000000001 5.141553105316369 0.17112283661629846
44417 10570666 -0.1332819801295002 -1.1856082514408885 0.6858000000000001 5.141553105316369 0.17112283661629846
44418 10570666 -0.09837004390246262 -1.1970177993517221 0.6858000000000001 5.141553105316369 0.17112283661629846
44419 10570666 -0.022927965523091398 -1.2216723231978663 0.6858000000000001 5.141553105316369 0.17112283661629846
44420 10570666 0.03360085196595397 -1.2348881155392977 0.6781800000000001 5.141553105316369 0.17112283661629846
44421 10570666 0.08056436169980263 -1.2488330277414585 0.6781800000000001 5.141553105316369 0.17112283661629846
44422 10570666 0.16040268573825478 -1.2695479236392153 0.6781800000000001 5.141553105316369 0.17112283661629846
44423 10570666 0.2157278803177659 -1.2823688689771242 0.6781800000000001 5.141553105316369 0.17112283661629846
44424 10570666 0.26924102145933837 -1.2952982347575248 0.6781800000000001 5.141553105316369 0.17112283661629846
44425 10570666 0.29772351294645233 -1.3019177395192671 0.6781800000000001 5.141553105316369 0.17112283661629846
44426 10570666 0.3262060044335663 -1.3085372442810093 0.6781800000000001 5.141553105316369 0.17112283661629846
44427 10570666 0.41764788138168396 -1.3331572246998877 0.6781800000000001 5.141553105316369 0.17112283661629846
44428 10570666 0.45248029012127255 -1.3445378186216441 0.6781800000000001 5.141553105316369 0.17112283661629846
44429 10570666 0.5075380832730956 -1.362526147904463 0.6858000000000001 5.141553105316369 0.17112283661629846
44430 10570666 0.5629170550045584 -1.3806189311255421 0.6858000000000001 5.141553105316369 0.17112283661629846
44431 10570666 0.6528078627787586 -1.4099859998231399 0.6858000000000001 5.141553105316369 0.17112283661629846
44432 10570666 0.6993052076754447 -1.4199189319422774 0.6858000000000001 5.141553105316369 0.17112283661629846
44433 10570666 0.7546846307848984 -1.4380102069604317 0.6858000000000001 5.141553105316369 0.17112283661629846
44434 10570666 0.8152246444973452 -1.4566185429023284 0.6858000000000001 5.141553105316369 0.17112283661629846
44435 10570666 0.8646412983692344 -1.4739292736981966 0.6858000000000001 5.141553105316369 0.17112283661629846
44436 10570666 0.9449019937929835 -1.5001464865208254 0.6781800000000001 5.141553105316369 0.17112283661629846
44437 10570666 0.9962927516198162 -1.5157645496488625 0.6781800000000001 5.141553105316369 0.17112283661629846
44438 10570666 1.0620984350648721 -1.5329362919938017 0.6781800000000001 5.141553105316369 0.17112283661629846
44439 10570666 1.1035537141925715 -1.5460675250136233 0.6781800000000001 5.141553105316369 0.17112283661629846
44440 10570666 1.1450089933202712 -1.559198758033445 0.6781800000000001 5.141553105316369 0.17112283661629846
44441 10570666 1.2035999810254372 -1.5783350806935599 0.6781800000000001 5.141553105316369 0.17112283661629846
44442 10570666 1.2621911279567195 -1.5974709158377272 0.6781800000000001 5.141553105316369 0.17112283661629846
44443 10570666 1.315966704309735 -1.6150335135503393 0.6781800000000001 5.141553105316369 0.17112283661629846
44444 10570666 1.3778483811174047 -1.6360606734348075 0.6781800000000001 5.141553105316369 0.17112283661629846
44445 10570666 1.4377242101905803 -1.6556144370360488 0.6781800000000001 5.141553105316369 0.17112283661629846
44446 10570666 1.5123685731026062 -1.679990399859453 0.6781800000000001 5.141553105316369 0.17112283661629846
44447 10570666 1.543713064976612 -1.6873638675245113 0.6781800000000001 5.141553105316369 0.17112283661629846
44448 10570666 1.5750575568506175 -1.6947373351895698 0.6781800000000001 5.141553105316369 0.17112283661629846
44449 10570666 1.6361954527318718 -1.7142340904865172 0.6781800000000001 5.141553105316369 0.17112283661629846
44450 10570666 1.6899719207750463 -1.7317938319996793 0.6781800000000001 5.141553105316369 0.17112283661629846
44451 10570666 1.7702158297058435 -1.7526215188961662 0.6781800000000001 5.141553105316369 0.17112283661629846
44452 10570666 1.8143609223270962 -1.7670354220907778 0.6781800000000001 5.141553105316369 0.17112283661629846
44453 10570666 1.8683011834837961 -1.7797407701667487 0.6781800000000001 5.141553105316369 0.17112283661629846
44454 10570666 1.945013879598472 -1.7994133907471428 0.6781800000000001 5.141553105316369 0.17112283661629846
44455 10570666 2.0052121555860865 -1.8190671503734779 0.6781800000000001 5.141553105316369 0.17112283661629846
44456 10570666 2.0469297953144525 -1.8273133380327897 0.6781800000000001 5.141553105316369 0.17112283661629846
44457 10570666 2.1144700170848716 -1.843522156994543 0.6781800000000001 5.141553105316369 0.17112283661629846
44458 10570666 2.1754168338996553 -1.8581619459684553 0.6858000000000001 5.141553105316369 0.17112283661629846
44459 10570666 2.261225842631517 -1.8755436796058589 0.6858000000000001 5.141553105316369 0.17112283661629846
44460 10570666 2.3021409898659293 -1.8835262206424463 0.6858000000000001 5.141553105316369 0.17112283661629846
44461 10570666 2.3430561371003416 -1.891508761679034 0.6858000000000001 5.141553105316369 0.17112283661629846
44462 10570666 2.395692996459159 -1.8975931719486503 0.6858000000000001 5.141553105316369 0.17112283661629846
44463 10570666 2.4490291068476404 -1.9042558897454371 0.6858000000000001 5.141553105316369 0.17112283661629846
44464 10570666 2.4767836169643553 -1.902217773160262 0.6858000000000001 5.141553105316369 0.17112283661629846
44465 10570666 2.5451192702782763 -1.9028334586943947 0.6883400000000001 5.141553105316369 0.17112283661629846
44466 10570666 2.6134549235921973 -1.903449144228527 0.69088 5.141553105316369 0.17112283661629846
44467 10570666 2.6817905769061183 -1.9040648297626597 0.69342 5.141553105316369 0.17112283661629846
44468 10570666 2.748023927251637 -1.8954268132963266 0.69342 5.141553105316369 0.17112283661629846
44469 10570666 2.794354693152819 -1.884906851588785 0.69723 5.141553105316369 0.17112283661629846
44470 10570666 2.8406854590540007 -1.8743868898812435 0.7010400000000001 5.141553105316369 0.17112283661629846
44471 10570666 2.920067725008135 -1.8499468802718555 0.7010400000000001 5.141553105316369 0.17112283661629846
44472 10570666 2.9671081960376027 -1.8282684909978377 0.7086600000000001 5.141553105316369 0.17112283661629846
44473 10570666 3.0132658440585107 -1.8054841064556368 0.7086600000000001 5.141553105316369 0.17112283661629846
44474 10570666 3.0440091963646867 -1.7847559188436088 0.7086600000000001 5.141553105316369 0.17112283661629846
44475 10570666 3.0747525486708622 -1.7640277312315806 0.7086600000000001 5.141553105316369 0.17112283661629846
44476 10570666 3.105495900977038 -1.7432995436195526 0.7086600000000001 5.141553105316369 0.17112283661629846
44477 10570666 3.1649196637331087 -1.6972758657649545 0.7086600000000001 5.141553105316369 0.17112283661629846
44478 10570666 3.217456987116476 -1.6369731198789519 0.7086600000000001 5.141553105316369 0.17112283661629846
44479 10570666 3.2334271431589903 -1.6206909560789016 0.7086600000000001 5.141553105316369 0.17112283661629846
44480 10570666 3.2732838724670934 -1.552979468091855 0.7010400000000001 5.141553105316369 0.17112283661629846
44481 10570666 3.2957029787628844 -1.5006040491309645 0.7010400000000001 5.141553105316369 0.17112283661629846
44482 10570666 3.317848230588406 -1.444985331822526 0.7010400000000001 5.141553105316369 0.17112283661629846
44483 10570666 3.3213330080270858 -1.422059144831777 0.7010400000000001 5.141553105316369 0.17112283661629846
44484 10570666 3.329739961033014 -1.341865752729755 0.69342 5.141553105316369 0.17112283661629846
44485 10570666 3.32974999762083 -1.2942096021433371 0.69342 5.141553105316369 0.17112283661629846
44486 10570666 3.3236571262355747 -1.2271568675658822 0.69342 5.141553105316369 0.17112283661629846
44487 10570666 3.319749802482238 -1.1710967326894013 0.6858000000000001 5.141553105316369 0.17112283661629846
44488 10570666 3.314069239045666 -1.1068650471113872 0.6858000000000001 5.141553105316369 0.17112283661629846
44489 10570666 3.3047979590285923 -1.0468348998775845 0.6858000000000001 5.141553105316369 0.17112283661629846
44490 10570666 3.3017720953575385 -0.9959683264673381 0.6781800000000001 5.141553105316369 0.17112283661629846
44491 10570666 3.299077972203539 -0.9710256465028058 0.6781800000000001 5.141553105316369 0.17112283661629846
44492 10570666 3.2963838490495396 -0.9460829665382734 0.6781800000000001 5.141553105316369 0.17112283661629846
44493 10570666 3.2807277042196397 -0.8607230498638874 0.6781800000000001 5.141553105316369 0.17112283661629846
44494 10570666 3.275395720918816 -0.8144770784474036 0.6781800000000001 5.141553105316369 0.17112283661629846
44495 10570666 3.264987420255161 -0.7620186713102856 0.6781800000000001 5.141553105316369 0.17112283661629846
44496 10570666 3.2543012372864286 -0.6929987335401694 0.67056 5.141553105316369 0.17112283661629846
44497 10570666 3.2432743935067423 -0.6408054929056718 0.67056 5.141553105316369 0.17112283661629846
44498 10570666 3.2325318905627 -0.5937279508714066 0.6629400000000001 5.141553105316369 0.17112283661629846
44499 10570666 3.212480126879358 -0.5229359666063292 0.6629400000000001 5.141553105316369 0.17112283661629846
44500 10570666 3.2071692201774464 -0.5051990844697375 0.6629400000000001 5.141553105316369 0.17112283661629846
44501 10570666 3.201858313475535 -0.48746220233314574 0.6629400000000001 5.141553105316369 0.17112283661629846
44502 10570666 3.172669310298012 -0.41637439392585873 0.65532 5.141553105316369 0.17112283661629846
44503 10570666 3.1469387714315173 -0.3755019287298592 0.6477 5.141553105316369 0.17112283661629846
44504 10570666 3.111656887911739 -0.31492405317764793 0.6400800000000001 5.141553105316369 0.17112283661629846
44505 10570666 3.0862227751847247 -0.27858684753806773 0.6400800000000001 5.141553105316369 0.17112283661629846
44506 10570666 3.0490177173859507 -0.23478610588681778 0.63246 5.141553105316369 0.17112283661629846
44507 10570666 3.0201530577941016 -0.2035199456854029 0.6248400000000001 5.141553105316369 0.17112283661629846
44508 10570666 2.9903483610286408 -0.172414010191316 0.61722 5.141553105316369 0.17112283661629846
44509 10570666 2.9558869239877037 -0.1446939680197402 0.61341 5.141553105316369 0.17112283661629846
44510 10570666 2.9214254869467666 -0.11697392584816438 0.6096 5.141553105316369 0.17112283661629846
44511 10570666 2.879280604738806 -0.09211894323749717 0.6019800000000001 5.141553105316369 0.17112283661629846
44512 10570666 2.836444726882832 -0.07264527788353656 0.6019800000000001 5.141553105316369 0.17112283661629846
44513 10570666 2.807502601113546 -0.05794052095153254 0.59436 5.141553105316369 0.17112283661629846
44514 10570666 2.7425047298058294 -0.03672184764766859 0.58674 5.141553105316369 0.17112283661629846
44515 10570666 2.674336369363429 -0.02521468510556449 0.57912 5.141553105316369 0.17112283661629846
44516 10570666 2.649139757583339 -0.016988769280233046 0.56388 5.141553105316369 0.17112283661629846
44517 10570666 2.593786792344491 -0.01083284116165481 0.55626 5.141553105316369 0.17112283661629846
44518 10570666 2.519444637370303 -0.007354941659419162 0.54864 5.141553105316369 0.17112283661629846
44519 10570666 2.476117352417856 -0.00407301645833083 0.54102 5.141553105316369 0.17112283661629846
44520 10570666 2.4503208728075148 -0.0014914546927735917 0.5334 5.141553105316369 0.17112283661629846
44521 10570666 2.391835514664003 0.0016000567798166443 0.52578 5.141553105316369 0.17112283661629846
44522 10570666 2.316518202094445 0.004814264190016876 0.51054 5.141553105316369 0.17112283661629846
44523 10570666 2.2838553703441153 0.004498477274578093 0.50546 5.141553105316369 0.17112283661629846
44524 10570666 2.251192538593786 0.004182690359139309 0.50038 5.141553105316369 0.17112283661629846
44525 10570666 2.2185297068434564 0.0038669034437005256 0.4953 5.141553105316369 0.17112283661629846
44526 10570666 2.181897362686016 0.005898968377952368 0.48768 5.141553105316369 0.17112283661629846
44527 10570666 2.1166444979875605 0.005945538947500301 0.48006 5.141553105316369 0.17112283661629846
44528 10570666 2.091374467581167 0.0074218641741287394 0.47243999999999997 5.141553105316369 0.17112283661629846
44529 10570666 2.0449911126433733 0.0027090354504766545 0.46482000000000007 5.141553105316369 0.17112283661629846
44530 10570666 1.9800701581669982 0.0024147126169507815 0.45720000000000005 5.141553105316369 0.17112283661629846
44531 10570666 1.928780945114512 0.0003560341224824737 0.44958000000000004 5.141553105316369 0.17112283661629846
44532 10570666 1.8839360673072247 -0.0010031925789885932 0.44958000000000004 5.141553105316369 0.17112283661629846
44533 10570666 1.840539065210197 0.0020714950348808825 0.44958000000000004 5.141553105316369 0.17112283661629846
44534 10570666 1.804023911896766 0.0003872842385783254 0.44196 5.141553105316369 0.17112283661629846
44535 10570666 1.7675087585833351 -0.0012969265577242317 0.43434000000000006 5.141553105316369 0.17112283661629846
44536 10570666 1.7173674847544151 -0.0009254127080000618 0.43434000000000006 5.141553105316369 0.17112283661629846
44537 10570666 1.6708282504896497 0.0017746400860357558 0.42672000000000004 5.141553105316369 0.17112283661629846
44538 10570666 1.6225519106040478 -0.00301842944933553 0.42672000000000004 5.141553105316369 0.17112283661629846
44539 10570666 1.5618633239544177 -0.00013554639555714287 0.41148 5.141553105316369 0.17112283661629846
44540 10570666 1.5178202009669484 -0.00175455903301025 0.41148 5.141553105316369 0.17112283661629846
44541 10570666 1.4963111076683493 0.00036445884343687396 0.40386 5.141553105316369 0.17112283661629846
44542 10570666 1.4317210261910036 -0.00026702421978862245 0.39624000000000004 5.141553105316369 0.17112283661629846
44543 10570666 1.3896305467489447 0.002733939865230711 0.38862 5.141553105316369 0.17112283661629846
44544 10570666 1.3603006934327757 0.004020171044458377 0.39243000000000006 5.141553105316369 0.17112283661629846
44545 10570666 1.3309708401166067 0.005306402223686044 0.39624000000000004 5.141553105316369 0.17112283661629846
44546 10570666 1.2752071871793234 0.0017929900792336695 0.39624000000000004 5.141553105316369 0.17112283661629846
44547 10570666 1.2411408940398183 0.002173541789911415 0.38862 5.141553105316369 0.17112283661629846
44548 10570666 1.2216954377916176 0.004086513225114857 0.38862 5.141553105316369 0.17112283661629846
44549 10570666 1.1632940731372408 0.00038413450288393713 0.38862 5.141553105316369 0.17112283661629846
44550 10570666 1.1464959533227237 0.0006146818583968316 0.38862 5.141553105316369 0.17112283661629846
44551 10570666 1.1076274767678338 0.00396653066434316 0.38862 5.141553105316369 0.17112283661629846
44552 10570666 1.063834195141333 0.0003992338148553348 0.38862 5.141553105316369 0.17112283661629846
44553 10570666 1.030798857765168 -0.00014023176681290939 0.38862 5.141553105316369 0.17112283661629846
44554 10570666 1.0255830154353598 0.001563797549239937 0.38862 5.141553105316369 0.17112283661629846
44555 10570666 1.0203671731055515 0.0032678268652927833 0.38862 5.141553105316369 0.17112283661629846
44556 10570666 0.9662786127728009 0.0018963196551491646 0.38862 5.141553105316369 0.17112283661629846
44557 10570666 0.9429480350404175 0.001886249148231459 0.38862 5.141553105316369 0.17112283661629846
44558 10570666 0.919617457308034 0.0018761786413137537 0.38862 5.141553105316369 0.17112283661629846
44559 10570666 0.8962868795756506 0.0018661081343960481 0.38862 5.141553105316369 0.17112283661629846
44560 10570666 0.8729563018432671 0.0018560376274783426 0.38862 5.141553105316369 0.17112283661629846
44561 10570666 0.8496257241108837 0.0018459671205606372 0.38862 5.141553105316369 0.17112283661629846
44562 10570666 0.8262951463785002 0.0018358966136429317 0.38862 5.141553105316369 0.17112283661629846
44563 10570666 0.7990651428131874 0.005475628432864116 0.38862 5.141553105316369 0.17112283661629846
44564 10570666 0.7644774302542796 0.0001872925075568077 0.38862 5.141553105316369 0.17112283661629846
44565 10570666 0.7431150370157061 4.0811439308258146e-05 0.38862 5.141553105316369 0.17112283661629846
44566 10570666 0.730267953305894 0.001493086195795884 0.38862 5.141553105316369 0.17112283661629846
44567 10570666 0.7174208695960818 0.00294536095228351 0.38862 5.141553105316369 0.17112283661629846
44568 10570666 0.7059185687953365 0.0014464763586966023 0.38862 5.141553105316369 0.17112283661629846
44569 10570666 0.6846265243176846 0.003146409561277236 0.38862 5.141553105316369 0.17112283661629846
