24633 10628960 0.47421740558880177 0.18240664840087767 0.36576 4.084449320177002 -2.1803218460827356
24634 10628960 0.473717947653974 0.18325623532597404 0.36576 4.084449320177002 -2.1803218460827356
24635 10628960 0.4732184897191463 0.18410582225107042 0.36576 4.084449320177002 -2.1803218460827356
24636 10628960 0.4727190317843186 0.18495540917616682 0.36576 4.084449320177002 -2.1803218460827356
24637 10628960 0.47221957384949087 0.18580499610126322 0.36576 4.084449320177002 -2.1803218460827356
24638 10628960 0.4717201159146632 0.1866545830263596 0.36576 4.084449320177002 -2.1803218460827356
24639 10628960 0.4712206579798354 0.18750416995145597 0.36576 4.084449320177002 -2.1803218460827356
24640 10628960 0.4707212000450077 0.18835375687655237 0.36576 4.084449320177002 -2.1803218460827356
24641 10628960 0.4729995073542587 0.18445485122570068 0.36576 4.084449320177002 -2.1803218460827356
24642 10628960 0.473098679615394 0.18475832557358182 0.36576 4.084449320177002 -2.1803218460827356
24643 10628960 0.4731978518765293 0.18506179992146296 0.36576 4.084449320177002 -2.1803218460827356
24644 10628960 0.47329702413766456 0.1853652742693441 0.36576 4.084449320177002 -2.1803218460827356
24645 10628960 0.4733961963987998 0.18566874861722524 0.36576 4.084449320177002 -2.1803218460827356
24646 10628960 0.4734953686599351 0.18597222296510638 0.36576 4.084449320177002 -2.1803218460827356
24647 10628960 0.47359454092107034 0.18627569731298751 0.36576 4.084449320177002 -2.1803218460827356
24648 10628960 0.47369371318220566 0.18657917166086865 0.36576 4.084449320177002 -2.1803218460827356
24649 10628960 0.4737928854433409 0.1868826460087498 0.36576 4.084449320177002 -2.1803218460827356
24650 10628960 0.4738920577044762 0.18718612035663093 0.36576 4.084449320177002 -2.1803218460827356
24651 10628960 0.4739912299656115 0.18748959470451207 0.36576 4.084449320177002 -2.1803218460827356
24652 10628960 0.47409040222674675 0.1877930690523932 0.36576 4.084449320177002 -2.1803218460827356
24653 10628960 0.474189574487882 0.18809654340027435 0.36576 4.084449320177002 -2.1803218460827356
24654 10628960 0.4742887467490173 0.18840001774815548 0.36576 4.084449320177002 -2.1803218460827356
24655 10628960 0.47438791901015254 0.18870349209603662 0.36576 4.084449320177002 -2.1803218460827356
24656 10628960 0.47448709127128785 0.18900696644391776 0.36576 4.084449320177002 -2.1803218460827356
24657 10628960 0.4745862635324231 0.1893104407917989 0.36576 4.084449320177002 -2.1803218460827356
24658 10628960 0.474639349870826 0.18922582767309218 0.3648363636363636 4.084449320177002 -2.1803218460827356
24659 10628960 0.4746924362092289 0.18914121455438546 0.3639127272727273 4.084449320177002 -2.1803218460827356
24660 10628960 0.4747455225476318 0.18905660143567873 0.3629890909090909 4.084449320177002 -2.1803218460827356
24661 10628960 0.4747986088860347 0.188971988316972 0.3620654545454545 4.084449320177002 -2.1803218460827356
24662 10628960 0.4748516952244376 0.1888873751982653 0.3611418181818182 4.084449320177002 -2.1803218460827356
24663 10628960 0.4749047815628405 0.18880276207955857 0.3602181818181818 4.084449320177002 -2.1803218460827356
24664 10628960 0.4749578679012434 0.18871814896085184 0.3592945454545454 4.084449320177002 -2.1803218460827356
24665 10628960 0.4750109542396463 0.18863353584214512 0.3583709090909091 4.084449320177002 -2.1803218460827356
24666 10628960 0.47506404057804913 0.1885489227234384 0.3574472727272727 4.084449320177002 -2.1803218460827356
24667 10628960 0.475117126916452 0.18846430960473168 0.3565236363636364 4.084449320177002 -2.1803218460827356
24668 10628960 0.4751702132548549 0.18837969648602496 0.35559999999999997 4.084449320177002 -2.1803218460827356
24669 10628960 0.4752232995932578 0.18829508336731823 0.3546763636363636 4.084449320177002 -2.1803218460827356
24670 10628960 0.4752763859316607 0.1882104702486115 0.3537527272727273 4.084449320177002 -2.1803218460827356
24671 10628960 0.4753294722700636 0.1881258571299048 0.3528290909090909 4.084449320177002 -2.1803218460827356
24672 10628960 0.4753825586084665 0.18804124401119807 0.3519054545454545 4.084449320177002 -2.1803218460827356
24673 10628960 0.4754356449468694 0.18795663089249134 0.3509818181818182 4.084449320177002 -2.1803218460827356
24674 10628960 0.4754887312852723 0.18787201777378465 0.3500581818181818 4.084449320177002 -2.1803218460827356
24675 10628960 0.4755418176236752 0.18778740465507793 0.3491345454545455 4.084449320177002 -2.1803218460827356
24676 10628960 0.4755949039620781 0.1877027915363712 0.34821090909090907 4.084449320177002 -2.1803218460827356
24677 10628960 0.475647990300481 0.18761817841766448 0.3472872727272727 4.084449320177002 -2.1803218460827356
24678 10628960 0.4757010766388839 0.18753356529895776 0.3463636363636364 4.084449320177002 -2.1803218460827356
24679 10628960 0.4757541629772868 0.18744895218025104 0.34544 4.084449320177002 -2.1803218460827356
24680 10628960 0.4758072493156897 0.18736433906154432 0.3445163636363636 4.084449320177002 -2.1803218460827356
24681 10628960 0.4758603356540926 0.1872797259428376 0.34359272727272727 4.084449320177002 -2.1803218460827356
24682 10628960 0.4759134219924954 0.18719511282413087 0.3426690909090909 4.084449320177002 -2.1803218460827356
24683 10628960 0.4759665083308983 0.18711049970542415 0.3417454545454546 4.084449320177002 -2.1803218460827356
24684 10628960 0.4760195946693012 0.18702588658671743 0.34082181818181817 4.084449320177002 -2.1803218460827356
24685 10628960 0.4760726810077041 0.1869412734680107 0.3398981818181818 4.084449320177002 -2.1803218460827356
24686 10628960 0.476125767346107 0.18685666034930398 0.3389745454545455 4.084449320177002 -2.1803218460827356
24687 10628960 0.4761788536845099 0.18677204723059726 0.3380509090909091 4.084449320177002 -2.1803218460827356
24688 10628960 0.4762319400229128 0.18668743411189054 0.3371272727272727 4.084449320177002 -2.1803218460827356
24689 10628960 0.4762850263613157 0.18660282099318382 0.33620363636363637 4.084449320177002 -2.1803218460827356
24690 10628960 0.4763381126997186 0.1865182078744771 0.33528 4.084449320177002 -2.1803218460827356
24691 10628960 0.47630331382573354 0.18650318097013485 0.33528 4.084449320177002 -2.1803218460827356
24692 10628960 0.47626851495174843 0.18648815406579264 0.33528 4.084449320177002 -2.1803218460827356
24693 10628960 0.4762337160777634 0.1864731271614504 0.33528 4.084449320177002 -2.1803218460827356
24694 10628960 0.4761989172037783 0.18645810025710818 0.33528 4.084449320177002 -2.1803218460827356
24695 10628960 0.4761641183297932 0.18644307335276594 0.33528 4.084449320177002 -2.1803218460827356
24696 10628960 0.47612931945580816 0.18642804644842373 0.33528 4.084449320177002 -2.1803218460827356
24697 10628960 0.4760945205818231 0.1864130195440815 0.33528 4.084449320177002 -2.1803218460827356
24698 10628960 0.476059721707838 0.18639799263973925 0.33528 4.084449320177002 -2.1803218460827356
24699 10628960 0.47602492283385295 0.18638296573539703 0.33528 4.084449320177002 -2.1803218460827356
24700 10628960 0.4759901239598679 0.1863679388310548 0.33528 4.084449320177002 -2.1803218460827356
24701 10628960 0.47595532508588284 0.18635291192671258 0.33528 4.084449320177002 -2.1803218460827356
24702 10628960 0.47592052621189773 0.18633788502237034 0.33528 4.084449320177002 -2.1803218460827356
24703 10628960 0.4758857273379127 0.18632285811802812 0.33528 4.084449320177002 -2.1803218460827356
24704 10628960 0.4758509284639276 0.18630783121368588 0.33528 4.084449320177002 -2.1803218460827356
24705 10628960 0.4758161295899425 0.18629280430934364 0.33528 4.084449320177002 -2.1803218460827356
24706 10628960 0.47578133071595746 0.18627777740500143 0.33528 4.084449320177002 -2.1803218460827356
24707 10628960 0.4757465318419724 0.18626275050065919 0.33528 4.084449320177002 -2.1803218460827356
24708 10628960 0.4757117329679873 0.18624772359631697 0.33528 4.084449320177002 -2.1803218460827356
24709 10628960 0.47567693409400225 0.18623269669197473 0.33528 4.084449320177002 -2.1803218460827356
24710 10628960 0.4756421352200172 0.1862176697876325 0.33528 4.084449320177002 -2.1803218460827356
24711 10628960 0.4756073363460321 0.18620264288329028 0.33528 4.084449320177002 -2.1803218460827356
24712 10628960 0.47557253747204703 0.18618761597894803 0.33528 4.084449320177002 -2.1803218460827356
24713 10628960 0.475537738598062 0.18617258907460582 0.33528 4.084449320177002 -2.1803218460827356
24714 10628960 0.47550293972407687 0.18615756217026358 0.33528 4.084449320177002 -2.1803218460827356
24715 10628960 0.4754681408500918 0.18614253526592137 0.33528 4.084449320177002 -2.1803218460827356
24716 10628960 0.47543334197610676 0.18612750836157912 0.33528 4.084449320177002 -2.1803218460827356
24717 10628960 0.47539854310212165 0.18611248145723688 0.33528 4.084449320177002 -2.1803218460827356
24718 10628960 0.4753637442281366 0.18609745455289467 0.33528 4.084449320177002 -2.1803218460827356
24719 10628960 0.47532894535415154 0.18608242764855243 0.33528 4.084449320177002 -2.1803218460827356
24720 10628960 0.47529414648016644 0.18606740074421022 0.33528 4.084449320177002 -2.1803218460827356
24721 10628960 0.4752593476061814 0.18605237383986797 0.33528 4.084449320177002 -2.1803218460827356
24722 10628960 0.47522454873219633 0.18603734693552576 0.33528 4.084449320177002 -2.1803218460827356
24723 10628960 0.4751897498582113 0.18602232003118352 0.33528 4.084449320177002 -2.1803218460827356
24724 10628960 0.47515495098422617 0.18600729312684128 0.33528 4.084449320177002 -2.1803218460827356
24725 10628960 0.4751201521102411 0.18599226622249906 0.33528 4.084449320177002 -2.1803218460827356
24726 10628960 0.47508535323625606 0.18597723931815682 0.33528 4.084449320177002 -2.1803218460827356
24727 10628960 0.47505055436227095 0.1859622124138146 0.33528 4.084449320177002 -2.1803218460827356
24728 10628960 0.4750157554882859 0.18594718550947237 0.33528 4.084449320177002 -2.1803218460827356
24729 10628960 0.47498095661430084 0.18593215860513013 0.33528 4.084449320177002 -2.1803218460827356
24730 10628960 0.47494615774031573 0.1859171317007879 0.33528 4.084449320177002 -2.1803218460827356
24731 10628960 0.4749113588663307 0.18590210479644567 0.33528 4.084449320177002 -2.1803218460827356
24732 10628960 0.4748765599923456 0.18588707789210346 0.33528 4.084449320177002 -2.1803218460827356
24733 10628960 0.4748417611183605 0.18587205098776122 0.33528 4.084449320177002 -2.1803218460827356
24734 10628960 0.47480696224437546 0.185857024083419 0.33528 4.084449320177002 -2.1803218460827356
24735 10628960 0.4747721633703904 0.18584199717907676 0.33528 4.084449320177002 -2.1803218460827356
24736 10628960 0.4747373644964053 0.18582697027473452 0.33528 4.084449320177002 -2.1803218460827356
24737 10628960 0.47470256562242025 0.1858119433703923 0.33528 4.084449320177002 -2.1803218460827356
24738 10628960 0.4746677667484352 0.18579691646605007 0.33528 4.084449320177002 -2.1803218460827356
24739 10628960 0.4746329678744501 0.18578188956170785 0.33528 4.084449320177002 -2.1803218460827356
24740 10628960 0.47459816900046503 0.1857668626573656 0.33528 4.084449320177002 -2.1803218460827356
24741 10628960 0.47456337012648 0.1857518357530234 0.33528 4.084449320177002 -2.1803218460827356
24742 10628960 0.4745285712524949 0.18573680884868116 0.33528 4.084449320177002 -2.1803218460827356
24743 10628960 0.4744937723785098 0.18572178194433892 0.33528 4.084449320177002 -2.1803218460827356
24744 10628960 0.47445897350452476 0.1857067550399967 0.33528 4.084449320177002 -2.1803218460827356
24745 10628960 0.4744241746305397 0.18569172813565446 0.33528 4.084449320177002 -2.1803218460827356
24746 10628960 0.4743893757565546 0.18567670123131225 0.33528 4.084449320177002 -2.1803218460827356
24747 10628960 0.47435457688256955 0.18566167432697 0.33528 4.084449320177002 -2.1803218460827356
24748 10628960 0.4743197780085845 0.1856466474226278 0.33528 4.084449320177002 -2.1803218460827356
24749 10628960 0.4742849791345994 0.18563162051828555 0.33528 4.084449320177002 -2.1803218460827356
24750 10628960 0.47425018026061433 0.1856165936139433 0.33528 4.084449320177002 -2.1803218460827356
