16963 11270472 1.1990124192286644 0.0009822783927574963 0.36576 5.537098811094331 1.1674788656664163
16964 11270472 1.1763386227630137 0.0022560656902295903 0.36576 5.537098811094331 1.1674788656664163
16965 11270472 1.153664826297363 0.0035298529877016843 0.36576 5.537098811094331 1.1674788656664163
16966 11270472 1.134054860225795 0.0005901326160400733 0.36576 5.537098811094331 1.1674788656664163
16967 11270472 1.0939980989427622 0.000849264515225151 0.36576 5.537098811094331 1.1674788656664163
16968 11270472 1.0539413376597295 0.0011083964144102288 0.36576 5.537098811094331 1.1674788656664163
16969 11270472 1.013884576376697 0.0013675283135953066 0.36576 5.537098811094331 1.1674788656664163
16970 11270472 0.9738278150936643 0.0016266602127803843 0.36576 5.537098811094331 1.1674788656664163
16971 11270472 0.9337710538106316 0.001885792111965462 0.36576 5.537098811094331 1.1674788656664163
16972 11270472 0.8917181032035032 0.0004773470668077383 0.37084 5.537098811094331 1.1674788656664163
16973 11270472 0.8496651525963748 -0.0009310979783499853 0.37592 5.537098811094331 1.1674788656664163
16974 11270472 0.8076122019892462 -0.002339543023507709 0.381 5.537098811094331 1.1674788656664163
16975 11270472 0.7655592513821178 -0.0037479880686654326 0.38608000000000003 5.537098811094331 1.1674788656664163
16976 11270472 0.7235063007749893 -0.005156433113823156 0.39116 5.537098811094331 1.1674788656664163
16977 11270472 0.6814533501678609 -0.00656487815898088 0.39624000000000004 5.537098811094331 1.1674788656664163
16978 11270472 0.6441765321752636 -0.005132670413988322 0.39624000000000004 5.537098811094331 1.1674788656664163
16979 11270472 0.6053820241638442 -0.008344780551205855 0.39624000000000004 5.537098811094331 1.1674788656664163
16980 11270472 0.5586238898898835 -0.011466248916129115 0.39624000000000004 5.537098811094331 1.1674788656664163
16981 11270472 0.5351149464667699 -0.010706261648195332 0.39624000000000004 5.537098811094331 1.1674788656664163
16982 11270472 0.5116060030436562 -0.00994627438026155 0.39624000000000004 5.537098811094331 1.1674788656664163
16983 11270472 0.4474835741477538 -0.01048880097613955 0.39624000000000004 5.537098811094331 1.1674788656664163
16984 11270472 0.3937236976908993 -0.01465086358537912 0.42672000000000004 5.537098811094331 1.1674788656664163
16985 11270472 0.34181000963412833 -0.018598101913735482 0.42672000000000004 5.537098811094331 1.1674788656664163
16986 11270472 0.29776453300719374 -0.02020955457093468 0.42672000000000004 5.537098811094331 1.1674788656664163
16987 11270472 0.2692063660730434 -0.020222812620086413 0.42672000000000004 5.537098811094331 1.1674788656664163
16988 11270472 0.24064819913889302 -0.020236070669238146 0.42672000000000004 5.537098811094331 1.1674788656664163
16989 11270472 0.20748981452352078 -0.022367451098195316 0.42672000000000004 5.537098811094331 1.1674788656664163
16990 11270472 0.17433142990814854 -0.024498831527152487 0.42672000000000004 5.537098811094331 1.1674788656664163
16991 11270472 0.12390210430923954 -0.022270479145097416 0.45720000000000005 5.537098811094331 1.1674788656664163
16992 11270472 0.07342010453672299 -0.027268057634845744 0.45720000000000005 5.537098811094331 1.1674788656664163
16993 11270472 0.029408587054065127 -0.02877229350275476 0.45720000000000005 5.537098811094331 1.1674788656664163
16994 11270472 -0.015220174224619298 -0.028088417016470774 0.45720000000000005 5.537098811094331 1.1674788656664163
16995 11270472 -0.06349836125798325 -0.030417363174816997 0.45720000000000005 5.537098811094331 1.1674788656664163
16996 11270472 -0.10764815268232042 -0.03234296735635564 0.45720000000000005 5.537098811094331 1.1674788656664163
16997 11270472 -0.15125880792331126 -0.03397722876048928 0.48768 5.537098811094331 1.1674788656664163
16998 11270472 -0.19331692768820385 -0.03086131134068218 0.48768 5.537098811094331 1.1674788656664163
16999 11270472 -0.23739796052453976 -0.03257500233946167 0.48768 5.537098811094331 1.1674788656664163
17000 11270472 -0.28144458024642516 -0.03418286699412762 0.48768 5.537098811094331 1.1674788656664163
17001 11270472 -0.328563037259469 -0.03431899675699826 0.48768 5.537098811094331 1.1674788656664163
17002 11270472 -0.36957259368868556 -0.03750333084659155 0.48768 5.537098811094331 1.1674788656664163
17003 11270472 -0.41170001165630654 -0.0345972231876823 0.48768 5.537098811094331 1.1674788656664163
17004 11270472 -0.4609283278122487 -0.03439332652244245 0.5181600000000001 5.537098811094331 1.1674788656664163
17005 11270472 -0.5057947550760022 -0.041223092169060144 0.5181600000000001 5.537098811094331 1.1674788656664163
17006 11270472 -0.5573054485028066 -0.04120711326543011 0.5181600000000001 5.537098811094331 1.1674788656664163
17007 11270472 -0.6034839649176551 -0.0411815504354798 0.5181600000000001 5.537098811094331 1.1674788656664163
17008 11270472 -0.6471429695365742 -0.044316115208175993 0.5181600000000001 5.537098811094331 1.1674788656664163
17009 11270472 -0.6770972600116929 -0.04322690346564079 0.5334000000000001 5.537098811094331 1.1674788656664163
17010 11270472 -0.7070515504868116 -0.04213769172310558 0.54864 5.537098811094331 1.1674788656664163
17011 11270472 -0.7437337685298511 -0.04328824511341761 0.54864 5.537098811094331 1.1674788656664163
17012 11270472 -0.7804159865728906 -0.04443879850372964 0.54864 5.537098811094331 1.1674788656664163
17013 11270472 -0.8278028036110738 -0.04810606182366253 0.54864 5.537098811094331 1.1674788656664163
17014 11270472 -0.8670359354869239 -0.05128451561051087 0.57912 5.537098811094331 1.1674788656664163
17015 11270472 -0.909565271236153 -0.04824426284867803 0.57912 5.537098811094331 1.1674788656664163
17016 11270472 -0.9549117730597827 -0.052461076990739236 0.57912 5.537098811094331 1.1674788656664163
17017 11270472 -1.0163331553682626 -0.05422538867471152 0.57912 5.537098811094331 1.1674788656664163
17018 11270472 -1.0379818847190112 -0.05252087471020242 0.57912 5.537098811094331 1.1674788656664163
17019 11270472 -1.085024168074877 -0.055130927675147184 0.57912 5.537098811094331 1.1674788656664163
17020 11270472 -1.1290034402641966 -0.056522443197139755 0.57912 5.537098811094331 1.1674788656664163
17021 11270472 -1.1743634349718788 -0.06213565615981345 0.6096 5.537098811094331 1.1674788656664163
17022 11270472 -1.2189167099164597 -0.06392315802857687 0.6096 5.537098811094331 1.1674788656664163
17023 11270472 -1.2523393966808516 -0.0697008885386288 0.6096 5.537098811094331 1.1674788656664163
17024 11270472 -1.2947490104175403 -0.08258748744375047 0.6096 5.537098811094331 1.1674788656664163
17025 11270472 -1.35341526961928 -0.10172428430413508 0.6096 5.537098811094331 1.1674788656664163
17026 11270472 -1.3935735151956912 -0.12130542916617373 0.6096 5.537098811094331 1.1674788656664163
17027 11270472 -1.41059176461019 -0.1319217144688755 0.6248400000000001 5.537098811094331 1.1674788656664163
17028 11270472 -1.4276100140246888 -0.14253799977157725 0.6400800000000001 5.537098811094331 1.1674788656664163
17029 11270472 -1.4570475795306075 -0.16328830792878948 0.6400800000000001 5.537098811094331 1.1674788656664163
17030 11270472 -1.490675155687012 -0.1982076089645727 0.6400800000000001 5.537098811094331 1.1674788656664163
17031 11270472 -1.5283417707809768 -0.24547587560280718 0.6400800000000001 5.537098811094331 1.1674788656664163
17032 11270472 -1.5556966474168885 -0.28022665225406496 0.6400800000000001 5.537098811094331 1.1674788656664163
17033 11270472 -1.5661297366223692 -0.29854627670427614 0.6400800000000001 5.537098811094331 1.1674788656664163
17034 11270472 -1.5963124180786468 -0.3704612959359277 0.67056 5.537098811094331 1.1674788656664163
17035 11270472 -1.612364313412513 -0.41954099481873586 0.67056 5.537098811094331 1.1674788656664163
17036 11270472 -1.6247270178577058 -0.4614149441613753 0.67056 5.537098811094331 1.1674788656664163
17037 11270472 -1.6380194653116547 -0.5145517531024157 0.67056 5.537098811094331 1.1674788656664163
17038 11270472 -1.6440679846435164 -0.550428983780851 0.67056 5.537098811094331 1.1674788656664163
17039 11270472 -1.6489363379758861 -0.5979086074552936 0.67056 5.537098811094331 1.1674788656664163
17040 11270472 -1.6481524670563112 -0.6471199505980846 0.7010400000000001 5.537098811094331 1.1674788656664163
17041 11270472 -1.6484384951753908 -0.6996033061504338 0.7010400000000001 5.537098811094331 1.1674788656664163
17042 11270472 -1.6430789525705134 -0.7494931671752303 0.7010400000000001 5.537098811094331 1.1674788656664163
17043 11270472 -1.6280577739056785 -0.8056973395756201 0.7010400000000001 5.537098811094331 1.1674788656664163
17044 11270472 -1.6160391249631247 -0.849352554113835 0.7010400000000001 5.537098811094331 1.1674788656664163
17045 11270472 -1.6055700113598868 -0.8727554762337276 0.7010400000000001 5.537098811094331 1.1674788656664163
17046 11270472 -1.5717800893706042 -0.9302483363754914 0.71628 5.537098811094331 1.1674788656664163
17047 11270472 -1.5379901673813217 -0.9877411965172552 0.73152 5.537098811094331 1.1674788656664163
17048 11270472 -1.4990371742018584 -1.0386849598759913 0.73152 5.537098811094331 1.1674788656664163
17049 11270472 -1.4604102852419978 -1.072697313601828 0.73152 5.537098811094331 1.1674788656664163
17050 11270472 -1.414930908651672 -1.112922512469499 0.73152 5.537098811094331 1.1674788656664163
17051 11270472 -1.3976495197483778 -1.1266350822096216 0.73152 5.537098811094331 1.1674788656664163
17052 11270472 -1.3803681308450837 -1.140347651949744 0.73152 5.537098811094331 1.1674788656664163
17053 11270472 -1.3317923166649555 -1.1677097531600795 0.73152 5.537098811094331 1.1674788656664163
17054 11270472 -1.2832165024848272 -1.1950718543704149 0.73152 5.537098811094331 1.1674788656664163
17055 11270472 -1.234640688304699 -1.2224339555807502 0.73152 5.537098811094331 1.1674788656664163
17056 11270472 -1.1860648741245707 -1.2497960567910857 0.73152 5.537098811094331 1.1674788656664163
17057 11270472 -1.1023972561143875 -1.28462872293578 0.73152 5.537098811094331 1.1674788656664163
17058 11270472 -1.025460406876234 -1.318311225379697 0.762 5.537098811094331 1.1674788656664163
17059 11270472 -0.9897452238093634 -1.3299875847751326 0.762 5.537098811094331 1.1674788656664163
17060 11270472 -0.9465759418884948 -1.3426400882872602 0.762 5.537098811094331 1.1674788656664163
17061 11270472 -0.9034066599676263 -1.3552925917993879 0.762 5.537098811094331 1.1674788656664163
17062 11270472 -0.8164602429951512 -1.3809119323862842 0.762 5.537098811094331 1.1674788656664163
17063 11270472 -0.7586024125029731 -1.394421671401484 0.76962 5.537098811094331 1.1674788656664163
17064 11270472 -0.700744582010795 -1.4079314104166842 0.77724 5.537098811094331 1.1674788656664163
17065 11270472 -0.6387922546493083 -1.4215518005212684 0.7848600000000001 5.537098811094331 1.1674788656664163
17066 11270472 -0.5768399272878215 -1.4351721906258526 0.7924800000000001 5.537098811094331 1.1674788656664163
17067 11270472 -0.5230583382143268 -1.4445730518827233 0.7924800000000001 5.537098811094331 1.1674788656664163
17068 11270472 -0.4577261941858184 -1.452608218756944 0.7924800000000001 5.537098811094331 1.1674788656664163
17069 11270472 -0.4062834098526147 -1.461010098976342 0.7924800000000001 5.537098811094331 1.1674788656664163
17070 11270472 -0.3432464872419818 -1.470630652723684 0.82296 5.537098811094331 1.1674788656664163
17071 11270472 -0.2846583981430306 -1.4789135076217284 0.82296 3.5652095705626183 -0.5070087616291359
17072 11270472 -0.22797821084941683 -1.49194650059558 0.82296 3.5652095705626183 -0.5070087616291359
17073 11270472 -0.15939062112628855 -1.5019774739245273 0.82296 3.5652095705626183 -0.5070087616291359
17074 11270472 -0.10646792590258647 -1.509926163327015 0.82296 3.5652095705626183 -0.5070087616291359
17075 11270472 -0.049168748296422704 -1.5235104449489973 0.82296 3.5652095705626183 -0.5070087616291359
17076 11270472 0.009018058755749792 -1.5316597211929475 0.8534400000000001 3.5652095705626183 -0.5070087616291359
17077 11270472 0.0837088255998395 -1.539593727620801 0.8534400000000001 3.5652095705626183 -0.5070087616291359
17078 11270472 0.12915862092886327 -1.5486618556575502 0.8534400000000001 3.5652095705626183 -0.5070087616291359
17079 11270472 0.17460841625788703 -1.5577299836942993 0.8534400000000001 3.5652095705626183 -0.5070087616291359
17080 11270472 0.2331088365854206 -1.560839513647859 0.8534400000000001 3.5652095705626183 -0.5070087616291359
17081 11270472 0.31989574607926446 -1.573073839171963 0.8534400000000001 3.5652095705626183 -0.5070087616291359
17082 11270472 0.377591469267086 -1.57837244305454 0.8534400000000001 3.5652095705626183 -0.5070087616291359
17083 11270472 0.4352871924549075 -1.583671046937117 0.8534400000000001 3.5652095705626183 -0.5070087616291359
17084 11270472 0.49865637187967854 -1.5936263121915861 0.8534400000000001 3.5652095705626183 -0.5070087616291359
17085 11270472 0.5637498279129702 -1.5983030585330489 0.8534400000000001 3.5652095705626183 -0.5070087616291359
17086 11270472 0.6270844819605678 -1.6083627302865826 0.8534400000000001 3.5652095705626183 -0.5070087616291359
17087 11270472 0.6873275968325354 -1.611570674197312 0.88392 3.5652095705626183 -0.5070087616291359
17088 11270472 0.7519618523723112 -1.6165630481314441 0.88392 3.5652095705626183 -0.5070087616291359
17089 11270472 0.8248505670336646 -1.625653116302803 0.8534400000000001 3.5652095705626183 -0.5070087616291359
17090 11270472 0.8565082828587626 -1.627991715960905 0.8534400000000001 3.5652095705626183 -0.5070087616291359
17091 11270472 0.8881659986838606 -1.630330315619007 0.8534400000000001 3.5652095705626183 -0.5070087616291359
17092 11270472 0.9866493125735718 -1.6442743783949387 0.8534400000000001 3.5652095705626183 -0.5070087616291359
17093 11270472 1.0613296410324389 -1.6495079888593354 0.88392 3.5652095705626183 -0.5070087616291359
17094 11270472 1.1231278016471424 -1.6588277808704406 0.8534400000000001 3.5652095705626183 -0.5070087616291359
17095 11270472 1.1912242224832372 -1.665180709956967 0.88392 3.5652095705626183 -0.5070087616291359
17096 11383373 2.443295931870419 4.837867938665489 0.67056 3.5652095705626183 -0.5070087616291359
17096 11270472 1.2433563299164878 -1.6714593315510882 0.88392 3.5652095705626183 -0.5070087616291359
17097 11270472 1.3181936463737032 -1.6816481056606294 0.88392 3.5652095705626183 -0.5070087616291359
17097 11383373 2.4004013928407693 4.781552561543333 0.6400800000000001 3.5652095705626183 -0.5070087616291359
17098 11383373 2.373317428084589 4.744021145996023 0.6400800000000001 3.5652095705626183 -0.5070087616291359
17098 11270472 1.3814935763413672 -1.6918065737000079 0.88392 3.5652095705626183 -0.5070087616291359
17099 11383373 2.3462334633284083 4.706489730448713 0.6400800000000001 3.5652095705626183 -0.5070087616291359
17099 11270472 1.4815129377832035 -1.7064790963880598 0.88392 3.5652095705626183 -0.5070087616291359
17100 11270472 1.5499301524577314 -1.7129334113126158 0.88392 3.5652095705626183 -0.5070087616291359
17100 11383373 2.2973453956170173 4.6399827501585325 0.6400800000000001 3.5652095705626183 -0.5070087616291359
17101 11383373 2.268995037016246 4.60292365250209 0.6400800000000001 3.5652095705626183 -0.5070087616291359
17101 11270472 1.6170255832578737 -1.723978729076513 0.88392 3.5652095705626183 -0.5070087616291359
17102 11383373 2.2406446784154745 4.565864554845649 0.6400800000000001 3.5652095705626183 -0.5070087616291359
17102 11270472 1.6835705046826572 -1.7350772872111095 0.88392 3.5652095705626183 -0.5070087616291359
17103 11383373 2.2056519949040583 4.51689806947521 0.6400800000000001 3.5652095705626183 -0.5070087616291359
17103 11270472 1.7435712388461915 -1.7390151836131185 0.88392 3.5652095705626183 -0.5070087616291359
17104 11270472 1.8117558756363032 -1.7505311218504895 0.88392 3.5652095705626183 -0.5070087616291359
17104 11383373 2.1636745608401884 4.462853710264797 0.6400800000000001 3.5652095705626183 -0.5070087616291359
17105 11383373 2.134755264952167 4.424870799223352 0.6400800000000001 3.5652095705626183 -0.5070087616291359
17105 11270472 1.8712149108978668 -1.7588470296789858 0.9144000000000001 3.5652095705626183 -0.5070087616291359
17106 11270472 1.959549100201375 -1.7712162489414145 0.9144000000000001 3.5652095705626183 -0.5070087616291359
17106 11383373 2.0845957661768217 4.360999464167928 0.6400800000000001 3.5652095705626183 -0.5070087616291359
17107 11270472 2.035622301365642 -1.785772800428159 0.9144000000000001 3.5652095705626183 -0.5070087616291359
17107 11383373 2.058817376723408 4.32421008816646 0.6400800000000001 3.5652095705626183 -0.5070087616291359
17108 11383373 2.0245365118416854 4.277698344314056 0.6400800000000001 3.5652095705626183 -0.5070087616291359
17108 11270472 2.1041194301323625 -1.7922479529029742 0.9144000000000001 3.5652095705626183 -0.5070087616291359
17109 11270472 2.171100123213382 -1.8033673659812928 0.9144000000000001 3.5652095705626183 -0.5070087616291359
17109 11383373 1.9913807220468531 4.233272421926136 0.6400800000000001 3.5652095705626183 -0.5070087616291359
17110 11383373 1.9686716696961535 4.205877953304807 0.6400800000000001 3.5652095705626183 -0.5070087616291359
17110 11270472 2.2447890193925266 -1.8159751026334323 0.9144000000000001 3.5652095705626183 -0.5070087616291359
17111 11270472 2.2801795502426483 -1.8174818525144374 0.9144000000000001 3.5652095705626183 -0.5070087616291359
17111 11383373 1.9143842628779644 4.130738361418023 0.6400800000000001 3.5652095705626183 -0.5070087616291359
17112 11270472 2.3519883184999033 -1.8287738281911445 0.9144000000000001 3.5652095705626183 -0.5070087616291359
17112 11383373 1.8715540791249217 4.074636642050204 0.6400800000000001 3.5652095705626183 -0.5070087616291359
17113 11270472 2.419783012348472 -1.8403902234300735 0.9144000000000001 3.5652095705626183 -0.5070087616291359
17113 11383373 1.839792527770324 4.027418766765861 0.6400800000000001 3.5652095705626183 -0.5070087616291359
17114 11270472 2.514824862130224 -1.855058854394947 0.9144000000000001 3.5652095705626183 -0.5070087616291359
17114 11383373 1.8058076375574472 3.9804601488606925 0.6400800000000001 3.5652095705626183 -0.5070087616291359
17115 11270472 2.5648911633894365 -1.8635737141748092 0.9144000000000001 3.5652095705626183 -0.5070087616291359
17115 11383373 1.7769319330990139 3.9423466308190003 0.6400800000000001 3.5652095705626183 -0.5070087616291359
17116 11383373 1.7506000119176275 3.9038692077078196 0.6400800000000001 3.5652095705626183 -0.5070087616291359
17116 11270472 2.6149574646486493 -1.8720885739546715 0.9144000000000001 3.5652095705626183 -0.5070087616291359
17117 11270472 2.6804707315793905 -1.8822566664705236 0.9144000000000001 3.5652095705626183 -0.5070087616291359
17117 11383373 1.7166145006597067 3.856910922822656 0.6400800000000001 3.5652095705626183 -0.5070087616291359
17118 11383373 1.669805349222877 3.7897259369523595 0.6400800000000001 3.5652095705626183 -0.5070087616291359
17118 11270472 2.745983998510132 -1.8924247589863756 0.9144000000000001 3.5652095705626183 -0.5070087616291359
17119 11383373 1.6497983528323115 3.7610983191419245 0.6400800000000001 3.5652095705626183 -0.5070087616291359
17119 11270472 2.805132059962458 -1.903318068172027 0.9448799999999999 3.5652095705626183 -0.5070087616291359
17120 11383373 1.6156749010177145 3.7145357708626827 0.6400800000000001 3.5652095705626183 -0.5070087616291359
17120 11270472 2.867974606466518 -1.9105104095695828 0.9448799999999999 3.5652095705626183 -0.5070087616291359
17121 11383373 1.5815514492031175 3.667973222583441 0.6400800000000001 3.5652095705626183 -0.5070087616291359
17121 11270472 2.9449783153977176 -1.9222067728198555 0.9448799999999999 3.5652095705626183 -0.5070087616291359
17122 11270472 3.0200534941179082 -1.938179095538483 0.9448799999999999 3.5652095705626183 -0.5070087616291359
17122 11383373 1.5502932667862241 3.6217595368066378 0.6400800000000001 3.5652095705626183 -0.5070087616291359
17123 11270472 3.088020584423904 -1.9492612176536441 0.9448799999999999 3.5652095705626183 -0.5070087616291359
17123 11383373 1.5190350843693308 3.5755458510298346 0.6400800000000001 3.5652095705626183 -0.5070087616291359
17124 11383373 1.490187787621208 3.5334512128387714 0.6400800000000001 3.5652095705626183 -0.5070087616291359
17124 11270472 3.1442212985576825 -1.960474806657565 0.9448799999999999 3.5652095705626183 -0.5070087616291359
17125 11270472 3.2500409974257254 -1.9807530243693698 0.9448799999999999 3.5652095705626183 -0.5070087616291359
17125 11383373 1.4613404908730852 3.491356574647708 0.6400800000000001 3.5652095705626183 -0.5070087616291359
17126 11383373 1.4246383839687837 3.4408469918457256 0.6400800000000001 3.5652095705626183 -0.5070087616291359
17126 11270472 3.2918620912139316 -1.988675136467427 0.9448799999999999 3.5652095705626183 -0.5070087616291359
17127 11383373 1.3879362770644823 3.390337409043743 0.6400800000000001 3.5652095705626183 -0.5070087616291359
17127 11270472 3.3628891736213715 -2.00507502258452 0.9448799999999999 3.5652095705626183 -0.5070087616291359
17128 11383373 1.3508843388849403 3.3346849118938886 0.6400800000000001 3.5652095705626183 -0.5070087616291359
17128 11270472 3.4278498993707442 -2.0210134443106296 0.9448799999999999 3.5652095705626183 -0.5070087616291359
17129 11383373 1.313832400705398 3.279032414744034 0.6400800000000001 3.5652095705626183 -0.5070087616291359
17129 11270472 3.5180963522966184 -2.0411124922405293 0.9448799999999999 3.5652095705626183 -0.5070087616291359
17130 11270472 3.5944213933194264 -2.059238412643211 0.9448799999999999 3.5652095705626183 -0.5070087616291359
17130 11383373 1.285598023143332 3.2431633520567633 0.6400800000000001 3.5652095705626183 -0.5070087616291359
17131 11383373 1.2624053247459253 3.205880275892384 0.6400800000000001 3.5652095705626183 -0.5070087616291359
17131 11270472 3.6597379659967757 -2.0751738694822444 0.9448799999999999 3.5652095705626183 -0.5070087616291359
17132 11383373 1.2223189104927519 3.148415732221533 0.6400800000000001 3.5652095705626183 -0.5070087616291359
17132 11270472 3.731420514253432 -2.087929001892479 0.9448799999999999 3.5652095705626183 -0.5070087616291359
17133 11383373 1.204888812933004 3.119530445908952 0.6400800000000001 3.5652095705626183 -0.5070087616291359
17133 11270472 3.786990148734506 -2.1016180337486223 0.9448799999999999 3.5652095705626183 -0.5070087616291359
17134 11270472 3.8522614142923253 -2.1166023760724637 0.9448799999999999 3.5652095705626183 -0.5070087616291359
17134 11383373 1.1725036721900661 3.072049896703458 0.6400800000000001 3.5652095705626183 -0.5070087616291359
17135 11383373 1.1251028460646106 2.992207952048231 0.6400800000000001 3.5652095705626183 -0.5070087616291359
17135 11270472 3.8814969596204993 -2.1236275892456935 0.9448799999999999 3.5652095705626183 -0.5070087616291359
17136 11270472 3.9107325049486734 -2.1306528024189233 0.9448799999999999 3.5652095705626183 -0.5070087616291359
17136 11383373 1.0975103158812956 2.9410581910358724 0.6400800000000001 3.5652095705626183 -0.5070087616291359
17137 11270472 3.9990538221341527 -2.1484821574985298 0.97536 3.5652095705626183 -0.5070087616291359
17137 11383373 1.0699177856979802 2.8899084300235134 0.6400800000000001 3.5652095705626183 -0.5070087616291359
17138 11270472 4.101696502376733 -2.174135260930819 0.97536 3.5652095705626183 -0.5070087616291359
17138 11383373 1.0584356535483166 2.8713464756358933 0.6400800000000001 3.5652095705626183 -0.5070087616291359
17139 11383373 1.0252802647074564 2.811733771174717 0.6400800000000001 3.5652095705626183 -0.5070087616291359
17139 11270472 4.195591744507604 -2.191210382123838 0.97536 3.5652095705626183 -0.5070087616291359
17140 11383373 1.0021398288298227 2.7653794336991613 0.6400800000000001 3.5652095705626183 -0.5070087616291359
17140 11270472 4.24992951734181 -2.203500743063897 0.97536 3.5652095705626183 -0.5070087616291359
17141 11383373 0.9789993929521892 2.719025096223606 0.6400800000000001 3.5652095705626183 -0.5070087616291359
17141 11270472 4.304267290176016 -2.2157911040039564 0.97536 3.5652095705626183 -0.5070087616291359
17142 11270472 4.375501912036559 -2.233182466936664 0.9448799999999999 3.5652095705626183 -0.5070087616291359
17142 11383373 0.9486742545685192 2.658837924216777 0.6400800000000001 3.5652095705626183 -0.5070087616291359
17143 11270472 4.437883797247781 -2.2488541312073247 0.9448799999999999 3.5652095705626183 -0.5070087616291359
17143 11383373 0.9270126984211299 2.6183675532540334 0.67056 3.5652095705626183 -0.5070087616291359
17144 11383373 0.9016250990177874 2.5664972687136443 0.67056 3.5652095705626183 -0.5070087616291359
17144 11270472 4.534095067066851 -2.269716780305948 0.9448799999999999 3.5652095705626183 -0.5070087616291359
17145 11383373 0.8737749883108799 2.5057348752112865 0.6400800000000001 3.5652095705626183 -0.5070087616291359
17145 11270472 4.603976881186111 -2.286898174972546 0.9448799999999999 3.5652095705626183 -0.5070087616291359
17146 11383373 0.8509444238440043 2.4603308192473823 0.6553200000000001 3.5652095705626183 -0.5070087616291359
17146 11270472 4.674558232668827 -2.3046573538720767 0.9448799999999999 3.5652095705626183 -0.5070087616291359
17147 11270472 4.744405860897725 -2.321942933930496 0.9448799999999999 3.5652095705626183 -0.5070087616291359
17147 11383373 0.8281138593771287 2.414926763283478 0.67056 3.5652095705626183 -0.5070087616291359
17148 11383373 0.8031269037647873 2.3629255869489065 0.67056 3.5652095705626183 -0.5070087616291359
17148 11270472 4.824619915291963 -2.3428414164151987 0.9448799999999999 3.5652095705626183 -0.5070087616291359
17149 11270472 4.889525607052773 -2.357579709231709 0.9448799999999999 3.5652095705626183 -0.5070087616291359
17149 11383373 0.7765549988247974 2.3026801310178033 0.67056 3.5652095705626183 -0.5070087616291359
17150 11383373 0.7499830938848074 2.2424346750867006 0.67056 3.5652095705626183 -0.5070087616291359
17150 11270472 4.961414793193781 -2.375411853049671 0.9448799999999999 3.5652095705626183 -0.5070087616291359
17151 11270472 5.04808540897004 -2.398295886298098 0.9448799999999999 3.5652095705626183 -0.5070087616291359
17151 11383373 0.7352123434095726 2.214900216739903 0.67056 3.5652095705626183 -0.5070087616291359
17152 11383373 0.713287075445704 2.16411817610336 0.67056 3.5652095705626183 -0.5070087616291359
17152 11270472 5.118724077380105 -2.4213251190711382 0.9448799999999999 3.5652095705626183 -0.5070087616291359
17153 11383373 0.6922932489086717 2.116186145830279 0.67056 3.5652095705626183 -0.5070087616291359
17153 11270472 5.118033135210245 -2.4188297402386625 0.9448470129870129 3.5652095705626183 -0.5070087616291359
17154 11270472 5.117342193040384 -2.4163343614061867 0.9448140259740259 3.5652095705626183 -0.5070087616291359
17154 11383373 0.6705319234870292 2.057756511023956 0.67056 3.5652095705626183 -0.5070087616291359
17155 11383373 0.6495379763566554 2.0098245354393023 0.67056 3.5652095705626183 -0.5070087616291359
17155 11270472 5.116651250870524 -2.413838982573711 0.9447810389610389 3.5652095705626183 -0.5070087616291359
17156 11270472 5.1159603087006635 -2.4113436037412352 0.9447480519480519 3.5652095705626183 -0.5070087616291359
17156 11383373 0.6301832024584426 1.9506083349801981 0.67056 3.5652095705626183 -0.5070087616291359
17157 11383373 0.6140024749633902 1.9011031735997843 0.67056 3.5652095705626183 -0.5070087616291359
17157 11270472 5.1152693665308036 -2.4088482249087595 0.9447150649350649 3.5652095705626183 -0.5070087616291359
17158 11270472 5.114578424360944 -2.4063528460762837 0.9446820779220778 3.5652095705626183 -0.5070087616291359
17158 11383373 0.603007814970481 1.861352410104099 0.67056 3.5652095705626183 -0.5070087616291359
17159 11270472 5.113887482191083 -2.403857467243808 0.9446490909090909 3.5652095705626183 -0.5070087616291359
17159 11383373 0.5920131549775718 1.8216016466084137 0.67056 3.5652095705626183 -0.5070087616291359
17160 11270472 5.113196540021223 -2.4013620884113323 0.9446161038961038 3.5652095705626183 -0.5070087616291359
17160 11383373 0.5708174209705843 1.7445278651536433 0.67056 3.5652095705626183 -0.5070087616291359
17161 11383373 0.5569054813428151 1.6938138491292394 0.67056 3.5652095705626183 -0.5070087616291359
17161 11270472 5.112505597851362 -2.398866709578856 0.9445831168831168 3.5652095705626183 -0.5070087616291359
17162 11383373 0.5498508606641989 1.6559297484556708 0.67056 3.5652095705626183 -0.5070087616291359
17162 11270472 5.111814655681502 -2.3963713307463803 0.9445501298701298 3.5652095705626183 -0.5070087616291359
17163 11383373 0.5422723794801847 1.6157634277758017 0.67056 3.5652095705626183 -0.5070087616291359
17163 11270472 5.111123713511642 -2.3938759519139046 0.9445171428571428 3.5652095705626183 -0.5070087616291359
17164 11383373 0.5346938982961706 1.575597107095933 0.67056 3.5652095705626183 -0.5070087616291359
17164 11270472 5.110432771341781 -2.391380573081429 0.9444841558441558 3.5652095705626183 -0.5070087616291359
17165 11383373 0.5267541643004889 1.518024241185432 0.67056 3.5652095705626183 -0.5070087616291359
17165 11270472 5.109741829171921 -2.388885194248953 0.9444511688311688 3.5652095705626183 -0.5070087616291359
17166 11270472 5.10905088700206 -2.3863898154164773 0.9444181818181817 3.5652095705626183 -0.5070087616291359
17166 11383373 0.5188144303048073 1.4604513752749313 0.67056 3.5652095705626183 -0.5070087616291359
17167 11383373 0.5120279971734569 1.4152361505758255 0.67056 3.5652095705626183 -0.5070087616291359
17167 11270472 5.1083599448322 -2.3838944365840016 0.9443851948051948 3.5652095705626183 -0.5070087616291359
17168 11383373 0.5049737876394329 1.3773519646652963 0.67056 3.5652095705626183 -0.5070087616291359
17168 11270472 5.107669002662339 -2.381399057751526 0.9443522077922077 3.5652095705626183 -0.5070087616291359
17169 11270472 5.106978060492479 -2.37890367891905 0.9443192207792207 3.5652095705626183 -0.5070087616291359
17169 11383373 0.4982565139347273 1.3323478172447598 0.67056 3.5652095705626183 -0.5070087616291359
17170 11270472 5.106287118322619 -2.3764083000865743 0.9442862337662337 3.5652095705626183 -0.5070087616291359
17170 11383373 0.4921443303307838 1.296258707650088 0.67056 3.5652095705626183 -0.5070087616291359
17171 11270472 5.105596176152758 -2.3739129212540986 0.9442532467532467 3.5652095705626183 -0.5070087616291359
17171 11383373 0.4854841775527828 1.2508854190931906 0.67056 3.5652095705626183 -0.5070087616291359
17172 11383373 0.4739396609275854 1.181873123168149 0.67056 3.5652095705626183 -0.5070087616291359
17172 11270472 5.104905233982898 -2.371417542421623 0.9442202597402597 3.5652095705626183 -0.5070087616291359
17173 11383373 0.47064619338402064 1.1554943645641063 0.67056 3.5652095705626183 -0.5070087616291359
17173 11270472 5.1042142918130375 -2.368922163589147 0.9441872727272727 3.5652095705626183 -0.5070087616291359
17174 11383373 0.4587200167269749 1.0945513146613357 0.67056 3.5652095705626183 -0.5070087616291359
17174 11270472 5.1035233496431776 -2.3664267847566713 0.9441542857142856 3.5652095705626183 -0.5070087616291359
17175 11270472 5.102832407473318 -2.3639314059241956 0.9441212987012987 3.5652095705626183 -0.5070087616291359
17175 11383373 0.4535451712420996 1.0787180564259584 0.67056 3.5652095705626183 -0.5070087616291359
17176 11383373 0.4438536062050553 1.0164605266809563 0.67056 3.5652095705626183 -0.5070087616291359
17176 11270472 5.102141465303457 -2.3614360270917194 0.9440883116883116 3.5652095705626183 -0.5070087616291359
17177 11383373 0.43831791171979395 0.983220646906159 0.67056 3.5652095705626183 -0.5070087616291359
17177 11270472 5.101450523133597 -2.3589406482592437 0.9440553246753246 3.5652095705626183 -0.5070087616291359
17178 11383373 0.4326063288433444 0.939932439187271 0.67056 3.5652095705626183 -0.5070087616291359
17178 11270472 5.100759580963736 -2.356445269426768 0.9440223376623376 3.5652095705626183 -0.5070087616291359
17179 11270472 5.100068638793876 -2.353949890594292 0.9439893506493506 3.5652095705626183 -0.5070087616291359
17179 11383373 0.4268947459668948 0.8966442314683829 0.67056 3.5652095705626183 -0.5070087616291359
17180 11270472 5.099377696624016 -2.3514545117618164 0.9439563636363636 3.5652095705626183 -0.5070087616291359
17180 11383373 0.4206653543085538 0.8572054334100627 0.67056 3.5652095705626183 -0.5070087616291359
17181 11270472 5.098686754454155 -2.3489591329293407 0.9439233766233766 3.5652095705626183 -0.5070087616291359
17181 11383373 0.4144359626502128 0.8177666353517424 0.67056 3.5652095705626183 -0.5070087616291359
17182 11383373 0.4059682000747638 0.7755545033085345 0.67056 3.5652095705626183 -0.5070087616291359
17182 11270472 5.097995812284295 -2.346463754096865 0.9438903896103895 3.5652095705626183 -0.5070087616291359
17183 11270472 5.097304870114434 -2.343968375264389 0.9438574025974026 3.5652095705626183 -0.5070087616291359
17183 11383373 0.3970097127157626 0.7236890278760764 0.67056 3.5652095705626183 -0.5070087616291359
17184 11270472 5.096613927944574 -2.3414729964319134 0.9438244155844155 3.5652095705626183 -0.5070087616291359
17184 11383373 0.3908111733221913 0.6802679535664671 0.67056 3.5652095705626183 -0.5070087616291359
17185 11383373 0.3873597622859992 0.6438935077965573 0.67056 3.5652095705626183 -0.5070087616291359
17185 11270472 5.095922985774714 -2.3389776175994377 0.9437914285714285 3.5652095705626183 -0.5070087616291359
17186 11270472 5.095232043604853 -2.336482238766962 0.9437584415584415 3.5652095705626183 -0.5070087616291359
17186 11383373 0.3794582117732792 0.5939024082292158 0.67056 3.5652095705626183 -0.5070087616291359
17187 11383373 0.37428722217921906 0.5454723561562558 0.67056 3.5652095705626183 -0.5070087616291359
17187 11270472 5.094541101434993 -2.333986859934486 0.9437254545454545 3.5652095705626183 -0.5070087616291359
17188 11383373 0.3691162325851589 0.49704230408329586 0.67056 3.5652095705626183 -0.5070087616291359
17188 11270472 5.093850159265132 -2.3314914811020104 0.9436924675324675 3.5652095705626183 -0.5070087616291359
17189 11270472 5.093159217095272 -2.3289961022695347 0.9436594805194805 3.5652095705626183 -0.5070087616291359
17189 11383373 0.3639890554432574 0.4522781070496797 0.67056 3.5652095705626183 -0.5070087616291359
17190 11270472 5.092468274925412 -2.326500723437059 0.9436264935064934 3.5652095705626183 -0.5070087616291359
17190 11383373 0.35886187830135585 0.4075139100160635 0.67056 3.5652095705626183 -0.5070087616291359
17191 11383373 0.35630507546486756 0.3831142903382645 0.67056 3.5652095705626183 -0.5070087616291359
17191 11270472 5.0917773327555516 -2.324005344604583 0.9435935064935065 3.5652095705626183 -0.5070087616291359
17192 11383373 0.3495273647662236 0.3202552109704442 0.67056 3.5652095705626183 -0.5070087616291359
17192 11270472 5.091086390585692 -2.3215099657721074 0.9435605194805194 3.5652095705626183 -0.5070087616291359
17193 11270472 5.090395448415831 -2.3190145869396313 0.9435275324675324 3.5652095705626183 -0.5070087616291359
17193 11383373 0.3458059039954692 0.2762583714349907 0.67056 3.5652095705626183 -0.5070087616291359
17194 11383373 0.3368140995536073 0.22428710289377327 0.67056 3.5652095705626183 -0.5070087616291359
17194 11270472 5.089704506245971 -2.3165192081071555 0.9434945454545454 3.5652095705626183 -0.5070087616291359
17195 11270472 5.089013564076111 -2.3140238292746798 0.9434615584415584 3.5652095705626183 -0.5070087616291359
17195 11383373 0.3335833345417272 0.1899436080181131 0.67056 3.5652095705626183 -0.5070087616291359
17196 11383373 0.3250274300271374 0.1379467369029898 0.67056 3.5652095705626183 -0.5070087616291359
17196 11270472 5.08832262190625 -2.311528450442204 0.9434285714285714 3.5652095705626183 -0.5070087616291359
17197 11383373 0.3239888190311889 0.11819150265397949 0.67056 3.5652095705626183 -0.5070087616291359
17197 11270472 5.08763167973639 -2.3090330716097283 0.9433955844155844 3.5652095705626183 -0.5070087616291359
17198 11383373 0.3181125433486154 0.07466528116393412 0.67056 3.5652095705626183 -0.5070087616291359
17198 11270472 5.086940737566529 -2.3065376927772525 0.9433625974025973 3.5652095705626183 -0.5070087616291359
17199 11270472 5.086249795396669 -2.3040423139447768 0.9433296103896104 3.5652095705626183 -0.5070087616291359
17199 11383373 0.3093207448411541 0.015151630660909077 0.67056 3.5652095705626183 -0.5070087616291359
17200 11270472 5.085558853226809 -2.301546935112301 0.9432966233766233 3.5652095705626183 -0.5070087616291359
17200 11383373 0.3047733913588065 -0.010992396789427566 0.67056 3.5652095705626183 -0.5070087616291359
17201 11270472 5.084867911056948 -2.2990515562798253 0.9432636363636363 3.5652095705626183 -0.5070087616291359
17201 11383373 0.30022603787645885 -0.03713642423976421 0.67056 3.5652095705626183 -0.5070087616291359
17202 11270472 5.084176968887088 -2.2965561774473495 0.9432306493506493 3.5652095705626183 -0.5070087616291359
17202 11383373 0.29360356087882167 -0.10740628531962954 0.67056 3.5652095705626183 -0.5070087616291359
17203 11270472 5.083486026717227 -2.2940607986148738 0.9431976623376623 3.5652095705626183 -0.5070087616291359
17203 11383373 0.29069904236523625 -0.14945020409340107 0.67056 3.5652095705626183 -0.5070087616291359
17204 11270472 5.082795084547367 -2.291565419782398 0.9431646753246753 3.5652095705626183 -0.5070087616291359
17204 11383373 0.28447108163875023 -0.20220774150221124 0.67056 3.5652095705626183 -0.5070087616291359
17205 11270472 5.082104142377506 -2.2890700409499223 0.9431316883116883 3.5652095705626183 -0.5070087616291359
17205 11383373 0.2830893066749759 -0.24720265944754652 0.67056 3.5652095705626183 -0.5070087616291359
17206 11383373 0.2809477237514947 -0.282836589647458 0.67056 3.5652095705626183 -0.5070087616291359
17206 11270472 5.081413200207646 -2.2865746621174465 0.9430987012987012 3.5652095705626183 -0.5070087616291359
17207 11270472 5.080722258037786 -2.284079283284971 0.9430657142857143 3.5652095705626183 -0.5070087616291359
17207 11383373 0.27880614082801347 -0.3184705198473695 0.67056 3.5652095705626183 -0.5070087616291359
17208 11270472 5.080031315867926 -2.2815839044524946 0.9430327272727272 3.5652095705626183 -0.5070087616291359
17208 11383373 0.2764301510049334 -0.35998609580319674 0.67056 3.5652095705626183 -0.5070087616291359
17209 11383373 0.2721513204587751 -0.4138478107149931 0.67056 3.5652095705626183 -0.5070087616291359
17209 11270472 5.079340373698066 -2.279088525620019 0.9429997402597402 3.5652095705626183 -0.5070087616291359
17210 11383373 0.27077021126062983 -0.45884283443464946 0.67056 3.5652095705626183 -0.5070087616291359
17210 11270472 5.078649431528205 -2.276593146787543 0.9429667532467532 3.5652095705626183 -0.5070087616291359
17211 11383373 0.2698137311739228 -0.5036261096781209 0.67056 3.5652095705626183 -0.5070087616291359
17211 11270472 5.077958489358345 -2.2740977679550674 0.9429337662337661 3.5652095705626183 -0.5070087616291359
17212 11383373 0.27432291000270814 -0.5403818570643338 0.6400800000000001 3.5652095705626183 -0.5070087616291359
17212 11270472 5.077267547188485 -2.2716023891225916 0.9429007792207792 3.5652095705626183 -0.5070087616291359
17213 11383373 0.28321358649591066 -0.6028696559712924 0.6400800000000001 3.5652095705626183 -0.5070087616291359
17214 11383373 0.29094162375073673 -0.6308635801688462 0.6400800000000001 3.5652095705626183 -0.5070087616291359
17215 11383373 0.30816635136120585 -0.684158077937168 0.6400800000000001 3.5652095705626183 -0.5070087616291359
17216 11383373 0.3251692296932772 -0.725901513142219 0.6400800000000001 3.5652095705626183 -0.5070087616291359
17217 11383373 0.3421721080253486 -0.7676449483472699 0.6400800000000001 3.5652095705626183 -0.5070087616291359
17218 11383373 0.3629931006908671 -0.8072186285796363 0.6400800000000001 3.5652095705626183 -0.5070087616291359
17219 11383373 0.3878788428547477 -0.8479450729471089 0.6400800000000001 3.5652095705626183 -0.5070087616291359
17220 11383373 0.42150536584054954 -0.8863869636997821 0.6400800000000001 3.5652095705626183 -0.5070087616291359
17221 11383373 0.4730415608986976 -0.943414494831125 0.6400800000000001 3.5652095705626183 -0.5070087616291359
17222 11383373 0.5012123542208351 -0.9651192501315798 0.6400800000000001 3.5652095705626183 -0.5070087616291359
17223 11383373 0.5293831475429727 -0.9868240054320346 0.6400800000000001 3.5652095705626183 -0.5070087616291359
17224 11383373 0.568718974482437 -1.0148633787043402 0.6400800000000001 3.5652095705626183 -0.5070087616291359
17225 11383373 0.61299280153999 -1.0349939459707307 0.6400800000000001 3.5652095705626183 -0.5070087616291359
17226 11383373 0.657266628597543 -1.055124513237121 0.6400800000000001 3.5652095705626183 -0.5070087616291359
17227 11383373 0.7015404556550959 -1.0752550805035113 0.6400800000000001 3.5652095705626183 -0.5070087616291359
17228 11383373 0.7458142827126489 -1.0953856477699018 0.6400800000000001 3.5652095705626183 -0.5070087616291359
17229 11383373 0.799586024935761 -1.112952188976423 0.6400800000000001 3.5652095705626183 -0.5070087616291359
17230 11383373 0.8404117714872876 -1.1212071391285479 0.6400800000000001 3.5652095705626183 -0.5070087616291359
17231 11383373 0.8812375180388141 -1.1294620892806728 0.6400800000000001 3.5652095705626183 -0.5070087616291359
17232 11383373 0.9444739901350392 -1.1425257031888998 0.6400800000000001 3.5652095705626183 -0.5070087616291359
17233 11383373 0.979228818668338 -1.148971962537866 0.6400800000000001 3.5652095705626183 -0.5070087616291359
17234 11383373 1.0139836472016368 -1.1554182218868323 0.6400800000000001 3.5652095705626183 -0.5070087616291359
17235 11383373 1.0628084337391228 -1.1636563250546763 0.6400800000000001 3.5652095705626183 -0.5070087616291359
17236 11383373 1.0990441638270418 -1.1680156834980686 0.6400800000000001 3.5652095705626183 -0.5070087616291359
17237 11383373 1.15655153083756 -1.1744162642934772 0.6400800000000001 3.5652095705626183 -0.5070087616291359
17238 11383373 1.1977518749149016 -1.1801630673597363 0.6400800000000001 3.5652095705626183 -0.5070087616291359
17239 11383373 1.2296536722801703 -1.1831062054153192 0.6400800000000001 3.5652095705626183 -0.5070087616291359
17240 11383373 1.2612689024330077 -1.1858387853646382 0.6400800000000001 3.5652095705626183 -0.5070087616291359
17241 11383373 1.3053304979012257 -1.1915263701906853 0.6400800000000001 3.5652095705626183 -0.5070087616291359
17242 11383373 1.3493920933694434 -1.1972139550167322 0.6400800000000001 3.5652095705626183 -0.5070087616291359
17243 11383373 1.384939880374191 -1.2012302863341309 0.6400800000000001 3.5652095705626183 -0.5070087616291359
17244 11383373 1.4204876673789388 -1.2052466176515297 0.6400800000000001 3.5652095705626183 -0.5070087616291359
17245 11383373 1.4653994877935648 -1.2084655900624597 0.6400800000000001 3.5652095705626183 -0.5070087616291359
17246 11383373 1.5103113082081907 -1.2116845624733894 0.6400800000000001 3.5652095705626183 -0.5070087616291359
17247 11383373 1.54724765705489 -1.2141677035560121 0.6400800000000001 3.5652095705626183 -0.5070087616291359
17248 11383373 1.5843094663794037 -1.217626106702188 0.6400800000000001 3.5652095705626183 -0.5070087616291359
17249 11383373 1.6213712757039174 -1.221084509848364 0.6400800000000001 3.5652095705626183 -0.5070087616291359
17250 11383373 1.662470674373774 -1.2230573241178457 0.6400800000000001 3.5652095705626183 -0.5070087616291359
17251 11383373 1.7035700730436307 -1.2250301383873277 0.6400800000000001 3.5652095705626183 -0.5070087616291359
17252 11383373 1.7441425967158874 -1.225896008099162 0.6096 3.5652095705626183 -0.5070087616291359
17253 11383373 1.8048042182209287 -1.2305178052799106 0.6096 3.5652095705626183 -0.5070087616291359
17254 11383373 1.8295169566271756 -1.2309940440333715 0.6096 3.5652095705626183 -0.5070087616291359
17255 11383373 1.8751177505800776 -1.2320991289271088 0.6096 3.5652095705626183 -0.5070087616291359
17256 11383373 1.9207185445329793 -1.2332042138208463 0.6096 3.5652095705626183 -0.5070087616291359
17257 11383373 1.9633317093468508 -1.2346184049504045 0.6096 3.5652095705626183 -0.5070087616291359
17258 11383373 2.00197620231248 -1.237306476599115 0.6096 3.5652095705626183 -0.5070087616291359
17259 11383373 2.0406206952781094 -1.2399945482478254 0.6096 3.5652095705626183 -0.5070087616291359
17260 11383373 2.0814345303741875 -1.239301845445053 0.6096 3.5652095705626183 -0.5070087616291359
17261 11383373 2.1222483654702655 -1.2386091426422807 0.6096 3.5652095705626183 -0.5070087616291359
17262 11383373 2.192682080753669 -1.2394092006320794 0.6096 3.5652095705626183 -0.5070087616291359
17263 11383373 2.2128363104463853 -1.2395640989547303 0.6096 3.5652095705626183 -0.5070087616291359
17264 11383373 2.2329905401391015 -1.2397189972773814 0.6096 3.5652095705626183 -0.5070087616291359
17265 11383373 2.2896740996367617 -1.240876823727624 0.59436 3.5652095705626183 -0.5070087616291359
17266 11383373 2.3463576591344224 -1.2420346501778667 0.57912 3.5652095705626183 -0.5070087616291359
17267 11383373 2.397387388180743 -1.2435072717509603 0.6096 3.5652095705626183 -0.5070087616291359
17268 11383373 2.4432002710636707 -1.2432765489517508 0.6096 3.5652095705626183 -0.5070087616291359
17269 11383373 2.481180641573121 -1.243233826907539 0.6096 3.5652095705626183 -0.5070087616291359
17270 11383373 2.519161012082571 -1.243191104863327 0.6096 3.5652095705626183 -0.5070087616291359
17271 11383373 2.558151757464054 -1.2407327385469704 0.6096 3.5652095705626183 -0.5070087616291359
17272 11383373 2.611248670575268 -1.2358697750291112 0.6096 3.5652095705626183 -0.5070087616291359
17273 11383373 2.6342321440849137 -1.2307558897545614 0.6096 3.5652095705626183 -0.5070087616291359
17274 11383373 2.6740490578562306 -1.2194159210617694 0.6096 3.5652095705626183 -0.5070087616291359
17275 11383373 2.713865971627548 -1.2080759523689772 0.6096 3.5652095705626183 -0.5070087616291359
17276 11383373 2.753682885398865 -1.1967359836761853 0.6096 3.5652095705626183 -0.5070087616291359
17277 11383373 2.791645753513118 -1.1774699770659782 0.6096 3.5652095705626183 -0.5070087616291359
17278 11383373 2.829608621627371 -1.1582039704557714 0.6096 3.5652095705626183 -0.5070087616291359
17279 11383373 2.867571489741624 -1.1389379638455643 0.6096 3.5652095705626183 -0.5070087616291359
17280 11383373 2.9032135519116515 -1.1127230421676741 0.6096 3.5652095705626183 -0.5070087616291359
17281 11383373 2.932523985880519 -1.0895813462513004 0.6096 3.5652095705626183 -0.5070087616291359
17282 11383373 2.957306750086543 -1.0626255629723655 0.6096 3.5652095705626183 -0.5070087616291359
17283 11383373 2.9753899416046545 -1.0409592875772633 0.6096 3.5652095705626183 -0.5070087616291359
17284 11383373 3.0018297071943394 -1.0023955463824439 0.6096 3.5652095705626183 -0.5070087616291359
17285 11383373 3.0133637614173328 -0.9833811549528931 0.6096 3.5652095705626183 -0.5070087616291359
17286 11383373 3.026967181527766 -0.9539447742163231 0.6096 3.5652095705626183 -0.5070087616291359
17287 11383373 3.0405706016381995 -0.924508393479753 0.6096 3.5652095705626183 -0.5070087616291359
17288 11383373 3.050007033812711 -0.9037580524788833 0.59436 3.5652095705626183 -0.5070087616291359
17289 11383373 3.059443465987223 -0.8830077114780135 0.57912 3.5652095705626183 -0.5070087616291359
17290 11383373 3.0696765773584485 -0.8516536434841137 0.57912 3.5652095705626183 -0.5070087616291359
17291 11383373 3.0815290706000793 -0.8153378185820322 0.57912 3.5652095705626183 -0.5070087616291359
17292 11383373 3.0994111764677736 -0.7605473693095465 0.57912 3.5652095705626183 -0.5070087616291359
17293 11383373 3.1050316104618823 -0.7351639650753021 0.57912 3.5652095705626183 -0.5070087616291359
17294 11383373 3.1116491138127995 -0.7108068617468651 0.57912 3.5652095705626183 -0.5070087616291359
17295 11383373 3.118266617163717 -0.6864497584184281 0.57912 3.5652095705626183 -0.5070087616291359
17296 11383373 3.125269614232118 -0.6486679886240156 0.57912 3.5652095705626183 -0.5070087616291359
17297 11383373 3.129529151702458 -0.6274545860998317 0.57912 3.5652095705626183 -0.5070087616291359
17298 11383373 3.133788689172798 -0.6062411835756477 0.57912 3.5652095705626183 -0.5070087616291359
17299 11383373 3.1402339662377132 -0.5609180574178719 0.57912 3.5652095705626183 -0.5070087616291359
17300 11383373 3.147439491627294 -0.5306785016290791 0.54864 3.5652095705626183 -0.5070087616291359
17301 11383373 3.1510822445426845 -0.4944867357587118 0.54864 3.5652095705626183 -0.5070087616291359
17302 11383373 3.1564507982195584 -0.46878747054202874 0.54864 3.5652095705626183 -0.5070087616291359
17303 11383373 3.157747770685744 -0.4240034883114766 0.54864 3.5652095705626183 -0.5070087616291359
17304 11383373 3.158277969165332 -0.39789321073950146 0.54864 3.5652095705626183 -0.5070087616291359
17305 11383373 3.15880816764492 -0.3717829331675263 0.54864 3.5652095705626183 -0.5070087616291359
17306 11383373 3.1558062313272934 -0.34697291479157016 0.5334000000000001 3.5652095705626183 -0.5070087616291359
17307 11383373 3.152804295009667 -0.322162896415614 0.5181600000000001 3.5652095705626183 -0.5070087616291359
17308 11383373 3.142638279926506 -0.2871100412075726 0.5181600000000001 3.5652095705626183 -0.5070087616291359
17309 11383373 3.1324722648433445 -0.2520571859995312 0.5181600000000001 3.5652095705626183 -0.5070087616291359
17310 11383373 3.1223062497601832 -0.2170043307914898 0.5181600000000001 3.5652095705626183 -0.5070087616291359
17311 11383373 3.1081936233392318 -0.19359072594929963 0.5181600000000001 3.5652095705626183 -0.5070087616291359
17312 11383373 3.0940809969182803 -0.17017712110710945 0.5181600000000001 3.5652095705626183 -0.5070087616291359
17313 11383373 3.077686740913091 -0.1469532160668882 0.48768 3.5652095705626183 -0.5070087616291359
17314 11383373 3.053888343447884 -0.1192097804983451 0.48768 3.5652095705626183 -0.5070087616291359
17315 11383373 3.021776271254047 -0.0935419595054123 0.48768 3.5652095705626183 -0.5070087616291359
17316 11383373 3.0054042977878606 -0.0819482012193131 0.48768 3.5652095705626183 -0.5070087616291359
17317 11383373 2.9890323243216743 -0.07035444293321388 0.48768 3.5652095705626183 -0.5070087616291359
17318 11383373 2.9595855557690216 -0.05583598923266378 0.48768 3.5652095705626183 -0.5070087616291359
17319 11383373 2.930138787216369 -0.041317535532113675 0.48768 3.5652095705626183 -0.5070087616291359
17320 11383373 2.8988435652887414 -0.031101757441715366 0.48768 3.5652095705626183 -0.5070087616291359
17321 11383373 2.8763752288368956 -0.023767266855177133 0.45720000000000005 3.5652095705626183 -0.5070087616291359
17322 11383373 2.847566155770461 -0.016815904783679836 0.45720000000000005 3.5652095705626183 -0.5070087616291359
17323 11383373 2.8187570827040265 -0.009864542712182539 0.45720000000000005 3.5652095705626183 -0.5070087616291359
17324 11383373 2.789551723801651 -0.004126962846914578 0.45720000000000005 3.5652095705626183 -0.5070087616291359
17325 11383373 2.760346364899276 0.001610617018353383 0.45720000000000005 3.5652095705626183 -0.5070087616291359
17326 11383373 2.7383629505512292 0.004990740997753512 0.45720000000000005 3.5652095705626183 -0.5070087616291359
17327 11383373 2.716379536203183 0.008370864977153641 0.45720000000000005 3.5652095705626183 -0.5070087616291359
17328 11383373 2.6909194833191394 0.010802936828713758 0.45720000000000005 3.5652095705626183 -0.5070087616291359
17329 11383373 2.665459430435096 0.013235008680273875 0.45720000000000005 3.5652095705626183 -0.5070087616291359
17330 11383373 2.639999377551052 0.015667080531833993 0.45720000000000005 3.5652095705626183 -0.5070087616291359
17331 11383373 2.611969203270232 0.016845477323352953 0.45720000000000005 3.5652095705626183 -0.5070087616291359
17332 11383373 2.5839390289894113 0.018023874114871913 0.45720000000000005 3.5652095705626183 -0.5070087616291359
17333 11383373 2.554650248082578 0.018883219623446218 0.45720000000000005 3.5652095705626183 -0.5070087616291359
17334 11383373 2.531512166738038 0.018727539339965626 0.44958000000000004 3.5652095705626183 -0.5070087616291359
17335 11383373 2.508374085393498 0.018571859056485035 0.44196 3.5652095705626183 -0.5070087616291359
17336 11383373 2.482501219370384 0.018199435400272773 0.43434000000000006 3.5652095705626183 -0.5070087616291359
17337 11383373 2.45662835334727 0.01782701174406051 0.42672000000000004 3.5652095705626183 -0.5070087616291359
17338 11383373 2.42921304278787 0.017082190912112022 0.42672000000000004 3.5652095705626183 -0.5070087616291359
17339 11383373 2.4000139959177136 0.01522604359015714 0.42672000000000004 3.5652095705626183 -0.5070087616291359
17340 11383373 2.370814949047557 0.013369896268202258 0.42672000000000004 3.5652095705626183 -0.5070087616291359
17341 11383373 2.3475843128168865 0.012252007500184514 0.42672000000000004 3.5652095705626183 -0.5070087616291359
17342 11383373 2.3243536765862154 0.01113411873216677 0.42672000000000004 3.5652095705626183 -0.5070087616291359
17343 11383373 2.280161730454629 0.00769033969145097 0.42672000000000004 3.5652095705626183 -0.5070087616291359
17344 11383373 2.259120454559942 0.005799408454244481 0.41148000000000007 3.5652095705626183 -0.5070087616291359
17345 11383373 2.2380791786652545 0.003908477217037992 0.39624000000000004 3.5652095705626183 -0.5070087616291359
17346 11383373 2.2134785894996627 0.0033551304656079806 0.39624000000000004 3.5652095705626183 -0.5070087616291359
17347 11383373 2.1888780003340704 0.002801783714177969 0.39624000000000004 3.5652095705626183 -0.5070087616291359
17348 11383373 2.159359322182385 0.0035041068800992503 0.39624000000000004 3.5652095705626183 -0.5070087616291359
17349 11383373 2.1298406440306996 0.004206430046020532 0.39624000000000004 3.5652095705626183 -0.5070087616291359
17350 11383373 2.105304111900142 0.005209545106644814 0.39624000000000004 3.5652095705626183 -0.5070087616291359
17351 11383373 2.0757212133042557 0.004356025532245428 0.39624000000000004 3.5652095705626183 -0.5070087616291359
17352 11383373 2.0375968158943447 0.0045396008337293126 0.39624000000000004 3.5652095705626183 -0.5070087616291359
17353 11383373 2.0018107296159675 0.003726112614244992 0.39624000000000004 3.5652095705626183 -0.5070087616291359
17354 11383373 1.9827187840241762 0.0023675074073369884 0.39624000000000004 3.5652095705626183 -0.5070087616291359
17355 11383373 1.963695766188729 0.001220079760039794 0.36576 3.5652095705626183 -0.5070087616291359
17356 11383373 1.9302134492647238 -0.000695891782304503 0.36576 3.5652095705626183 -0.5070087616291359
17357 11383373 1.89208882267871 -0.0005115354930955163 0.36576 3.5652095705626183 -0.5070087616291359
17358 11383373 1.8719889606663551 -0.00019723758924415635 0.36576 3.5652095705626183 -0.5070087616291359
17359 11383373 1.8518890986540002 0.00011706031460720356 0.36576 3.5652095705626183 -0.5070087616291359
17360 11383373 1.8219736067249306 -0.00039324547671498733 0.36576 3.5652095705626183 -0.5070087616291359
17361 11383373 1.792246084175372 0.00012562725552327703 0.36576 3.5652095705626183 -0.5070087616291359
17362 11383373 1.7625185616258134 0.0006444999877615414 0.36576 3.5652095705626183 -0.5070087616291359
17363 11383373 1.7327910390762549 0.0011633727199998056 0.36576 3.5652095705626183 -0.5070087616291359
17364 11383373 1.6998932725101608 -0.0005920740082510922 0.36576 3.5652095705626183 -0.5070087616291359
17365 11383373 1.6620203385232526 -0.0007224384682529006 0.36576 3.5652095705626183 -0.5070087616291359
17366 11383373 1.6310043783401602 -0.0005220575847829645 0.36576 3.5652095705626183 -0.5070087616291359
17367 11383373 1.5999884181570678 -0.0003216767013130284 0.36576 3.5652095705626183 -0.5070087616291359
17368 11383373 1.5776518812712461 -0.0007363838970275843 0.36576 3.5652095705626183 -0.5070087616291359
17369 11383373 1.546223094379176 -0.0004397004683392251 0.35559999999999997 3.5652095705626183 -0.5070087616291359
17370 11383373 1.5147943074871058 -0.00014301703965086587 0.34544 3.5652095705626183 -0.5070087616291359
17371 11383373 1.4833655205950356 0.0001536663890374934 0.33528 5.093156529375169 -0.7242982308987653
17372 11383373 1.4454345972180653 -0.0004239973221533966 0.33528 5.093156529375169 -0.7242982308987653
17373 11383373 1.4263327782534265 0.0009089020948722243 0.33528 5.093156529375169 -0.7242982308987653
17374 11383373 1.3862815932185728 0.0017250465472855858 0.33528 5.093156529375169 -0.7242982308987653
17375 11383373 1.3666731577037157 0.0004198049779441104 0.33528 5.093156529375169 -0.7242982308987653
17376 11383373 1.3288799893576821 0.0002650061115565261 0.33528 5.093156529375169 -0.7242982308987653
17377 11383373 1.307772012642777 0.002253534976911817 0.33528 5.093156529375169 -0.7242982308987653
17378 11383373 1.281932354196339 0.0019910485218899154 0.33528 5.093156529375169 -0.7242982308987653
17379 11383373 1.256092695749901 0.001728562066868014 0.33528 5.093156529375169 -0.7242982308987653
17380 11383373 1.2305805814606172 0.002469081805483671 0.33528 5.093156529375169 -0.7242982308987653
17381 11383373 1.2050684671713334 0.0032096015440993275 0.33528 5.093156529375169 -0.7242982308987653
17382 11383373 1.1861488924756074 0.0031985194131238723 0.33528 5.093156529375169 -0.7242982308987653
17383 11383373 1.1672293177798814 0.003187437282148417 0.33528 5.093156529375169 -0.7242982308987653
17384 11383373 1.1532854948375368 0.002368697653668539 0.33528 5.093156529375169 -0.7242982308987653
17385 11383373 1.1349859533501618 0.00344023890594658 0.33528 5.093156529375169 -0.7242982308987653
17386 11383373 1.112028276580399 0.0011269255755757268 0.33528 5.093156529375169 -0.7242982308987653
17387 11383373 1.0984053910536131 0.00020343407053638463 0.33528 5.093156529375169 -0.7242982308987653
17388 11383373 1.0769053306995575 -0.0003662887232878942 0.33528 5.093156529375169 -0.7242982308987653
