38811 10882832 -3.8993943309004395 -0.8830985694598453 0.67056 1.7180071643616905 -1.9143312731086808
38812 10882832 -3.8144166352214612 -0.8976536607111184 0.67056 1.7180071643616905 -1.9143312731086808
38813 10882832 -3.729438939542483 -0.9122087519623915 0.67056 1.7180071643616905 -1.9143312731086808
38814 10882832 -3.652543039816203 -0.9280287085787248 0.67056 1.7180071643616905 -1.9143312731086808
38815 10882832 -3.5756471400899232 -0.9438486651950582 0.67056 1.7180071643616905 -1.9143312731086808
38816 10882832 -3.498751240363643 -0.9596686218113915 0.67056 1.7180071643616905 -1.9143312731086808
38817 10882832 -3.4218553406373635 -0.9754885784277249 0.67056 1.7180071643616905 -1.9143312731086808
38818 10882832 -3.3449594409110834 -0.9913085350440581 0.67056 1.7180071643616905 -1.9143312731086808
38819 10882832 -3.268063541184804 -1.0071284916603915 0.67056 1.7180071643616905 -1.9143312731086808
38820 10882832 -3.1911676414585237 -1.0229484482767248 0.67056 1.7180071643616905 -1.9143312731086808
38821 10882832 -3.1101321080805455 -1.0397690780594748 0.67056 1.7180071643616905 -1.9143312731086808
38822 10882832 -3.0465047622245844 -1.054397563206348 0.67056 1.7180071643616905 -1.9143312731086808
38823 10882832 -2.9900789495868594 -1.0679539816181571 0.67056 1.7180071643616905 -1.9143312731086808
38824 10882832 -2.9336531369491343 -1.0815104000299662 0.67056 1.7180071643616905 -1.9143312731086808
38825 10882832 -2.8558425788408606 -1.1003106468713308 0.67056 1.7180071643616905 -1.9143312731086808
38826 10882832 -2.818186334607269 -1.1087759598369151 0.67056 1.7180071643616905 -1.9143312731086808
38827 10882832 -2.726692647153219 -1.1278454564240443 0.67056 1.7180071643616905 -1.9143312731086808
38828 10882832 -2.6139700185325685 -1.1580654379385622 0.67056 1.7180071643616905 -1.9143312731086808
38829 10882832 -2.572115016892629 -1.1659167626357603 0.67056 1.7180071643616905 -1.9143312731086808
38830 10882832 -2.4704534537991654 -1.1902955967330542 0.67056 1.7180071643616905 -1.9143312731086808
38831 10882832 -2.40205464287975 -1.2055442203799627 0.67056 1.7180071643616905 -1.9143312731086808
38832 10882832 -2.3187372046649894 -1.2238029238669452 0.67056 1.7180071643616905 -1.9143312731086808
38833 10882832 -2.235082905914962 -1.2383150942209886 0.67056 1.7180071643616905 -1.9143312731086808
38834 10882832 -2.163913404790902 -1.2478078149989773 0.7010400000000001 1.7180071643616905 -1.9143312731086808
38835 10882832 -2.102782380996766 -1.2597411900573674 0.7010400000000001 1.7180071643616905 -1.9143312731086808
38836 10882832 -2.04165135720263 -1.2716745651157575 0.7010400000000001 1.7180071643616905 -1.9143312731086808
38837 10882832 -1.9647067524563646 -1.286325654775504 0.7010400000000001 1.7180071643616905 -1.9143312731086808
38838 10882832 -1.8983639792004297 -1.294003356772366 0.7010400000000001 1.7180071643616905 -1.9143312731086808
38839 10882832 -1.8147095441501928 -1.308510542909916 0.7010400000000001 1.7180071643616905 -1.9143312731086808
38840 10882832 -1.7433829613100034 -1.3213218417479704 0.7010400000000001 1.7180071643616905 -1.9143312731086808
38841 10882832 -1.64551506835522 -1.3331145739010994 0.7010400000000001 1.7180071643616905 -1.9143312731086808
38842 10882832 -1.5721129547034745 -1.3463692007510681 0.7010400000000001 1.7180071643616905 -1.9143312731086808
38843 10882832 -1.499008558471573 -1.3591751923500848 0.7010400000000001 1.7180071643616905 -1.9143312731086808
38844 10882832 -1.423617464552496 -1.3677042225206208 0.7010400000000001 1.7180071643616905 -1.9143312731086808
38845 10882832 -1.350616593653667 -1.380825326337001 0.7010400000000001 1.7180071643616905 -1.9143312731086808
38846 10882832 -1.25027606642459 -1.3972766660340599 0.7010400000000001 1.7180071643616905 -1.9143312731086808
38847 10882832 -1.1771370906010714 -1.4099737722581245 0.7010400000000001 1.7180071643616905 -1.9143312731086808
38848 10882832 -1.103368033751979 -1.423460277829848 0.7010400000000001 1.7180071643616905 -1.9143312731086808
38849 10882832 -1.0226275508287779 -1.4389914814975613 0.7010400000000001 1.7180071643616905 -1.9143312731086808
38850 10882832 -0.9868036150367309 -1.445445603684634 0.7010400000000001 1.7180071643616905 -1.9143312731086808
38851 10882832 -0.9509796792446839 -1.4518997258717066 0.7010400000000001 1.7180071643616905 -1.9143312731086808
38852 10882832 -0.8723093083421782 -1.4612612989735456 0.7010400000000001 1.7180071643616905 -1.9143312731086808
38853 10882832 -0.7918068728131273 -1.4738482442625997 0.6934200000000001 1.7180071643616905 -1.9143312731086808
38854 10882832 -0.7113044372840766 -1.486435189551654 0.6858000000000001 1.7180071643616905 -1.9143312731086808
38855 10882832 -0.6308020017550258 -1.4990221348407082 0.67818 1.7180071643616905 -1.9143312731086808
38856 10882832 -0.5502995662259749 -1.5116090801297624 0.67056 1.7180071643616905 -1.9143312731086808
38857 10882832 -0.4698080293120708 -1.5235475991709344 0.67056 1.7180071643616905 -1.9143312731086808
38858 10882832 -0.39055138515178833 -1.5311093833848892 0.67056 1.7180071643616905 -1.9143312731086808
38859 10882832 -0.32505114908720345 -1.544338588035605 0.67056 1.7180071643616905 -1.9143312731086808
38860 10882832 -0.247227354154949 -1.5508463651357753 0.67056 1.7180071643616905 -1.9143312731086808
38861 10882832 -0.17995005826941757 -1.5648886308432037 0.67056 1.7180071643616905 -1.9143312731086808
38862 10882832 -0.13026489492351667 -1.5703772034020613 0.67056 1.7180071643616905 -1.9143312731086808
38863 10882832 -0.08057973157761578 -1.575865775960919 0.67056 1.7180071643616905 -1.9143312731086808
38864 10882832 0.03858067295143397 -1.593425198547084 0.6400800000000001 1.7180071643616905 -1.9143312731086808
38865 10882832 0.08111680193409587 -1.5964595749874388 0.6400800000000001 1.7180071643616905 -1.9143312731086808
38866 10882832 0.1852448944395041 -1.6094550300165413 0.6400800000000001 1.7180071643616905 -1.9143312731086808
38867 10882832 0.25222959773508546 -1.6165047560108714 0.6400800000000001 1.7180071643616905 -1.9143312731086808
38868 10882832 0.331691283673488 -1.6250602491260544 0.6400800000000001 1.7180071643616905 -1.9143312731086808
38869 10882832 0.4194073841332699 -1.6377136110623263 0.6400800000000001 1.7180071643616905 -1.9143312731086808
38870 10882832 0.5026858275402568 -1.649266583995833 0.6400800000000001 1.7180071643616905 -1.9143312731086808
38871 10882832 0.5693694187448364 -1.6599534024501523 0.6400800000000001 1.7180071643616905 -1.9143312731086808
38872 10882832 0.6102749621112503 -1.6652556845622715 0.6400800000000001 1.7180071643616905 -1.9143312731086808
38873 10882832 0.6511805054776643 -1.6705579666743908 0.6400800000000001 1.7180071643616905 -1.9143312731086808
38874 10882832 0.7310307564374114 -1.680637882787236 0.6400800000000001 1.7180071643616905 -1.9143312731086808
38875 10882832 0.848444085340293 -1.7029869525280923 0.6400800000000001 1.7180071643616905 -1.9143312731086808
38876 10882832 0.9201611031518605 -1.715665078459468 0.6400800000000001 1.7180071643616905 -1.9143312731086808
38877 10882832 0.9920041976844977 -1.7285004687907648 0.6400800000000001 1.7180071643616905 -1.9143312731086808
38878 10882832 1.064986212547655 -1.736216448261099 0.6400800000000001 1.7180071643616905 -1.9143312731086808
38879 10882832 1.137150375697921 -1.7491552224356526 0.6400800000000001 1.7180071643616905 -1.9143312731086808
38880 10882832 1.2085464093301952 -1.7617255587666036 0.6400800000000001 1.7180071643616905 -1.9143312731086808
38881 10882832 1.2807451104353311 -1.774557301816435 0.6400800000000001 1.7180071643616905 -1.9143312731086808
38882 10882832 1.3520722530612765 -1.7873373103482164 0.6400800000000001 1.7180071643616905 -1.9143312731086808
38883 10882832 1.423984431962894 -1.799957176086761 0.6096 1.7180071643616905 -1.9143312731086808
38884 10882832 1.4810762779585898 -1.8079116800927268 0.6096 1.7180071643616905 -1.9143312731086808
38885 10882832 1.5381681239542857 -1.8158661840986925 0.6096 1.7180071643616905 -1.9143312731086808
38886 10882832 1.6143358526494334 -1.82742051208992 0.6096 1.7180071643616905 -1.9143312731086808
38887 10882832 1.678498343223875 -1.8349372050415043 0.6096 1.7180071643616905 -1.9143312731086808
38888 10882832 1.7379483156905307 -1.840564160256949 0.6096 1.7180071643616905 -1.9143312731086808
38889 10882832 1.8147954289221477 -1.8473149732436782 0.6096 1.7180071643616905 -1.9143312731086808
38890 10882832 1.8885451681074241 -1.8553900771452407 0.6096 1.7180071643616905 -1.9143312731086808
38891 10882832 1.9831438444189493 -1.864897601325062 0.6096 1.7180071643616905 -1.9143312731086808
38892 10882832 2.059060137969584 -1.8744960330033402 0.57912 1.7180071643616905 -1.9143312731086808
38893 10882832 2.126090481488423 -1.8800242946919137 0.57912 1.7180071643616905 -1.9143312731086808
38894 10882832 2.193120825007262 -1.8855525563804874 0.57912 1.7180071643616905 -1.9143312731086808
38895 10882832 2.253958842831091 -1.8896425652123707 0.57912 1.7180071643616905 -1.9143312731086808
38896 10882832 2.333060259297174 -1.8935605410746588 0.57912 1.7180071643616905 -1.9143312731086808
38897 10882832 2.412161675763257 -1.8974785169369468 0.57912 1.7180071643616905 -1.9143312731086808
38898 10882832 2.46872611552444 -1.8983317474694483 0.57912 1.7180071643616905 -1.9143312731086808
38899 10882832 2.525290555285623 -1.89918497800195 0.57912 1.7180071643616905 -1.9143312731086808
38900 10882832 2.5932320355230907 -1.8985816299178215 0.57912 1.7180071643616905 -1.9143312731086808
38901 10882832 2.661173515760558 -1.8979782818336932 0.57912 1.7180071643616905 -1.9143312731086808
38902 10882832 2.7061836335502623 -1.8918463662860519 0.57912 1.7180071643616905 -1.9143312731086808
38903 10882832 2.751193751339967 -1.8857144507384107 0.57912 1.7180071643616905 -1.9143312731086808
38904 10882832 2.819068771918736 -1.8725886997360128 0.57912 1.7180071643616905 -1.9143312731086808
38905 10882832 2.9052990009162674 -1.8451271243160192 0.57912 1.7180071643616905 -1.9143312731086808
38906 10882832 2.95837331573491 -1.8199277053247778 0.57912 1.7180071643616905 -1.9143312731086808
38907 10882832 3.004430197640885 -1.7917370933981667 0.57912 1.7180071643616905 -1.9143312731086808
38908 10882832 3.059059587156007 -1.7495227418576094 0.57912 1.7180071643616905 -1.9143312731086808
38909 10882832 3.116699578762012 -1.692637712103458 0.57912 1.7180071643616905 -1.9143312731086808
38910 10882832 3.1526571732619466 -1.653207655238335 0.57912 1.7180071643616905 -1.9143312731086808
38911 10882832 3.1812669500912616 -1.6063568262139336 0.57912 1.7180071643616905 -1.9143312731086808
38912 10882832 3.2098767269205766 -1.5595059971895322 0.57912 1.7180071643616905 -1.9143312731086808
38913 10882832 3.2194537883247456 -1.5301573161284827 0.57912 1.7180071643616905 -1.9143312731086808
38914 10882832 3.249417808085475 -1.4546620596887052 0.57912 1.7180071643616905 -1.9143312731086808
38915 10882832 3.2645154312692255 -1.4083956376329207 0.57912 1.7180071643616905 -1.9143312731086808
38916 10882832 3.279613054452976 -1.3621292155771363 0.57912 1.7180071643616905 -1.9143312731086808
38917 10882832 3.288810014315547 -1.3176168762897775 0.57912 1.7180071643616905 -1.9143312731086808
38918 10882832 3.2980069741781186 -1.2731045370024188 0.57912 1.7180071643616905 -1.9143312731086808
38919 10882832 3.302034905913491 -1.2417114171247283 0.54864 1.7180071643616905 -1.9143312731086808
38920 10882832 3.3135397421674613 -1.1601924853986796 0.54864 1.7180071643616905 -1.9143312731086808
38921 10882832 3.3192056468928577 -1.10854118919185 0.54864 1.7180071643616905 -1.9143312731086808
38922 10882832 3.318632132370011 -1.0602271694267293 0.54864 1.7180071643616905 -1.9143312731086808
38923 10882832 3.3247798851493284 -1.0087330667365422 0.54864 1.7180071643616905 -1.9143312731086808
38924 10882832 3.3263937547707463 -0.959341632232064 0.54864 1.7180071643616905 -1.9143312731086808
38925 10882832 3.3280076243921646 -0.9099501977275858 0.54864 1.7180071643616905 -1.9143312731086808
38926 10882832 3.3296214940135824 -0.8605587632231076 0.54864 1.7180071643616905 -1.9143312731086808
38927 10882832 3.3335782015730286 -0.765712719069246 0.5181600000000001 1.7180071643616905 -1.9143312731086808
38928 10882832 3.334553032187414 -0.719188706095458 0.5181600000000001 1.7180071643616905 -1.9143312731086808
38929 10882832 3.3334655191294718 -0.6700057826172754 0.5181600000000001 1.7180071643616905 -1.9143312731086808
38930 10882832 3.3323780060715293 -0.6208228591390926 0.5181600000000001 1.7180071643616905 -1.9143312731086808
38931 10882832 3.3280601932253164 -0.5660299371060352 0.5181600000000001 1.7180071643616905 -1.9143312731086808
38932 10882832 3.3268190683829406 -0.5045313228228804 0.5181600000000001 1.7180071643616905 -1.9143312731086808
38933 10882832 3.3213758161613995 -0.45427715789546597 0.5181600000000001 1.7180071643616905 -1.9143312731086808
38934 10882832 3.317618424608859 -0.41491114165300447 0.50292 1.7180071643616905 -1.9143312731086808
38935 10882832 3.3138610330563187 -0.37554512541054297 0.48768 1.7180071643616905 -1.9143312731086808
38936 10882832 3.311396813006297 -0.3520789674240953 0.48768 1.7180071643616905 -1.9143312731086808
38937 10882832 3.288624334380625 -0.24745734833683306 0.48768 1.7180071643616905 -1.9143312731086808
38938 10882832 3.2850021103900646 -0.22454767596975186 0.48768 1.7180071643616905 -1.9143312731086808
38939 10882832 3.2508904548068047 -0.14297525053172846 0.48768 1.7180071643616905 -1.9143312731086808
38940 10882832 3.237111890371345 -0.11663380971840545 0.48768 1.7180071643616905 -1.9143312731086808
38941 10882832 3.2023040145818484 -0.07256478660471047 0.48768 1.7180071643616905 -1.9143312731086808
38942 10882832 3.1615559586719866 -0.03146265038446286 0.47244 1.7180071643616905 -1.9143312731086808
38943 10882832 3.1208079027621247 0.00963948583578475 0.45720000000000005 1.7180071643616905 -1.9143312731086808
38944 10882832 3.070741713379334 0.03579409443833545 0.45720000000000005 1.7180071643616905 -1.9143312731086808
38945 10882832 3.02731087457603 0.056161920582219 0.45720000000000005 1.7180071643616905 -1.9143312731086808
38946 10882832 2.9727909203469443 0.07302406769510791 0.45720000000000005 1.7180071643616905 -1.9143312731086808
38947 10882832 2.9212345763868184 0.07992435187318322 0.45720000000000005 1.7180071643616905 -1.9143312731086808
38948 10882832 2.86579109452443 0.0863416885291661 0.45720000000000005 1.7180071643616905 -1.9143312731086808
38949 10882832 2.7874342245104704 0.084586106197826 0.45720000000000005 1.7180071643616905 -1.9143312731086808
38950 10882832 2.7312735139330453 0.0811922708760636 0.45720000000000005 1.7180071643616905 -1.9143312731086808
38951 10882832 2.695349549631461 0.07790923491836851 0.44196 1.7180071643616905 -1.9143312731086808
38952 10882832 2.6594255853298767 0.07462619896067343 0.42672000000000004 1.7180071643616905 -1.9143312731086808
38953 10882832 2.602504666694411 0.06645825475183906 0.42672000000000004 1.7180071643616905 -1.9143312731086808
38954 10882832 2.54184763240589 0.06126277096913205 0.42672000000000004 1.7180071643616905 -1.9143312731086808
38955 10882832 2.4900871419186834 0.0550321346817548 0.42672000000000004 1.7180071643616905 -1.9143312731086808
38956 10882832 2.4318822340351165 0.048102290723210844 0.42672000000000004 1.7180071643616905 -1.9143312731086808
38957 10882832 2.3738025781188097 0.040197398403741286 0.42672000000000004 1.7180071643616905 -1.9143312731086808
38958 10882832 2.29235279759532 0.0287090823610672 0.39624000000000004 1.7180071643616905 -1.9143312731086808
38959 10882832 2.245785239162415 0.02206934315748363 0.39624000000000004 1.7180071643616905 -1.9143312731086808
38960 10882832 2.1776054577074717 0.01723016308987388 0.39624000000000004 1.7180071643616905 -1.9143312731086808
38961 10882832 2.127025372123429 0.011901334101505984 0.39624000000000004 1.7180071643616905 -1.9143312731086808
38962 10882832 2.0812477188391565 0.008363289711220148 0.39624000000000004 1.7180071643616905 -1.9143312731086808
38963 10882832 2.0354700655548834 0.004825245320934313 0.39624000000000004 1.7180071643616905 -1.9143312731086808
38964 10882832 1.991339233214575 0.003612022892954689 0.39624000000000004 1.7180071643616905 -1.9143312731086808
38965 10882832 1.9472084008742665 0.002398800464975065 0.39624000000000004 1.7180071643616905 -1.9143312731086808
38966 10882832 1.8887506932899598 -0.0025755539863099586 0.39624000000000004 1.7180071643616905 -1.9143312731086808
38967 10882832 1.836693289845468 -0.004265945805942445 0.36576 1.7180071643616905 -1.9143312731086808
38968 10882832 1.7788618222701302 0.0008363135821010115 0.36576 1.7180071643616905 -1.9143312731086808
38969 10882832 1.72931494438162 -0.0013228206183316382 0.36576 1.7180071643616905 -1.9143312731086808
38970 10882832 1.6527358694068002 0.003478215903678611 0.36576 1.7180071643616905 -1.9143312731086808
38971 10882832 1.60951098631039 0.007082128269970067 0.36576 5.37900766650551 -1.757483049498611
38972 10882832 1.552234076401419 0.003009626876372823 0.36576 5.37900766650551 -1.757483049498611
38973 10882832 1.489778773852136 0.004834638110714877 0.36576 5.37900766650551 -1.757483049498611
38974 10882832 1.4521237004541696 0.0051015221537334225 0.35052 5.37900766650551 -1.757483049498611
38975 10882832 1.4144686270562035 0.005368406196751968 0.33528 5.37900766650551 -1.757483049498611
38976 10882832 1.353122524366289 0.0037950092727734655 0.33528 5.37900766650551 -1.757483049498611
38977 10882832 1.2917764216763745 0.002221612348794963 0.33528 5.37900766650551 -1.757483049498611
38978 10882832 1.2584436001598411 0.002128910876850014 0.33528 5.37900766650551 -1.757483049498611
38979 10882832 1.2251107786433075 0.002036209404905065 0.33528 5.37900766650551 -1.757483049498611
38980 10882832 1.189383173206839 0.004127948017847119 0.33528 5.37900766650551 -1.757483049498611
38981 10882832 1.1208365294196398 0.003623326468490451 0.33528 5.37900766650551 -1.757483049498611
38982 10882832 1.0803816989084778 0.0021195908995931823 0.33528 5.37900766650551 -1.757483049498611
38983 10882832 1.0427041975258233 0.003680780844141751 0.33528 5.37900766650551 -1.757483049498611
38984 10882832 0.9920668460357825 0.001999366055175006 0.33528 5.37900766650551 -1.757483049498611
38985 10882832 0.9539767467025283 0.003929442522669593 0.33528 5.37900766650551 -1.757483049498611
38986 10882832 0.9158056818232074 0.005068380144711296 0.33528 5.37900766650551 -1.757483049498611
38987 10882832 0.8915698159532068 0.003465428433374596 0.33528 5.37900766650551 -1.757483049498611
38988 10882832 0.8673339500832062 0.0018624767220378965 0.33528 5.37900766650551 -1.757483049498611
38989 10882832 0.7925260444595162 0.0017708370697614717 0.33528 5.37900766650551 -1.757483049498611
38990 10882832 0.7630059170832724 0.0024789708797959553 0.33528 5.37900766650551 -1.757483049498611
38991 10882832 0.7334857897070286 0.003187104689830439 0.33528 5.37900766650551 -1.757483049498611
38992 10882832 0.7042116302821094 0.0032893163339967335 0.33528 5.37900766650551 -1.757483049498611
38993 10882832 0.6733761963653494 0.0013315836797506697 0.33528 5.37900766650551 -1.757483049498611
38994 10882832 0.6405472996805552 0.0014272783366839764 0.33528 5.37900766650551 -1.757483049498611
38995 10882832 0.6245168090502469 0.0012913019571360318 0.33528 5.37900766650551 -1.757483049498611
38996 10882832 0.6084863081906902 0.0011553617640509412 0.33528 5.37900766650551 -1.757483049498611
38997 10882832 0.5660625779132662 0.004503435784835794 0.33528 5.37900766650551 -1.757483049498611
38998 10882832 0.5336002661016327 0.004363037342918048 0.33528 5.37900766650551 -1.757483049498611
38999 10882832 0.5011379542899992 0.004222638901000303 0.33528 5.37900766650551 -1.757483049498611
39000 10882832 0.48229884776569215 0.005004772939211921 0.33528 5.37900766650551 -1.757483049498611
39001 10882832 0.4634597412413851 0.005786906977423539 0.33528 5.37900766650551 -1.757483049498611
39002 10882832 0.4479755947430535 0.005511734985592359 0.33528 5.37900766650551 -1.757483049498611
39003 10882832 0.43249144824472185 0.00523656299376118 0.33528 5.37900766650551 -1.757483049498611
39004 10882832 0.4170073017463902 0.00496139100193 0.33528 5.37900766650551 -1.757483049498611
