43667 10518504 5.510896832159797 -0.4869188670395217 0.7162800000000001 2.5465782646875845 -0.36214911544938266
43668 10518504 5.4627335112426385 -0.5654757458492379 0.7162800000000001 2.5465782646875845 -0.36214911544938266
43669 10518504 5.435512854819617 -0.6162870578418332 0.7239000000000001 2.5465782646875845 -0.36214911544938266
43670 10518504 5.39585029735145 -0.6736707851305943 0.7162800000000001 2.5465782646875845 -0.36214911544938266
43671 10518504 5.368549239470654 -0.7236382025483954 0.7239000000000001 2.5465782646875845 -0.36214911544938266
43672 10518504 5.350569736210629 -0.7510065372559083 0.7239000000000001 2.5465782646875845 -0.36214911544938266
43673 10518504 5.3325902329506025 -0.7783748719634213 0.7239000000000001 2.5465782646875845 -0.36214911544938266
43674 10518504 5.28192590707688 -0.8558823799050328 0.7239000000000001 2.5465782646875845 -0.36214911544938266
43675 10518504 5.248580863962291 -0.9091351672071716 0.7239000000000001 2.5465782646875845 -0.36214911544938266
43676 10518504 5.218286553583584 -0.9584768845638737 0.7239000000000001 2.5465782646875845 -0.36214911544938266
43677 10518504 5.197364430897046 -0.9899666117970466 0.7239000000000001 2.5465782646875845 -0.36214911544938266
43678 10518504 5.1798594137853 -1.02023444368665 0.7239000000000001 2.5465782646875845 -0.36214911544938266
43679 10518504 5.132012391470447 -1.1046173070811762 0.7239000000000001 2.5465782646875845 -0.36214911544938266
43680 10518504 5.0991719554684005 -1.1535959077345346 0.7239000000000001 2.5465782646875845 -0.36214911544938266
43681 10518504 5.066663732533159 -1.2029164003780843 0.7239000000000001 2.5465782646875845 -0.36214911544938266
43682 10518504 5.030999879069342 -1.2605522163254321 0.7239000000000001 2.5465782646875845 -0.36214911544938266
43683 10518504 5.019884321926683 -1.2783028757461372 0.7239000000000001 2.5465782646875845 -0.36214911544938266
43684 10518504 4.975031951236219 -1.3494118616014474 0.7239000000000001 2.5465782646875845 -0.36214911544938266
43685 10518504 4.926954629571797 -1.4298647693335096 0.7239000000000001 2.5465782646875845 -0.36214911544938266
43686 10518504 4.8918642540663155 -1.4830152378274022 0.7162800000000001 2.5465782646875845 -0.36214911544938266
43687 10518504 4.866902914256455 -1.5200790378188693 0.7200900000000001 2.5465782646875845 -0.36214911544938266
43688 10518504 4.841941574446594 -1.5571428378103367 0.7239000000000001 2.5465782646875845 -0.36214911544938266
43689 10518504 4.830825588336656 -1.574893282665626 0.7239000000000001 2.5465782646875845 -0.36214911544938266
43690 10518504 4.786326963977231 -1.6460005146202157 0.7239000000000001 2.5465782646875845 -0.36214911544938266
43691 10518504 4.754126512683158 -1.6943697521718655 0.7239000000000001 2.5465782646875845 -0.36214911544938266
43692 10518504 4.720627298458512 -1.7535286918237005 0.7239000000000001 2.5465782646875845 -0.36214911544938266
43693 10518504 4.6689480338472045 -1.8289520293091395 0.7239000000000001 2.5465782646875845 -0.36214911544938266
43694 10518504 4.634417450263089 -1.8831023440922594 0.7239000000000001 2.5465782646875845 -0.36214911544938266
43695 10518504 4.602089685645797 -1.9321307119385114 0.7239000000000001 2.5465782646875845 -0.36214911544938266
43696 10518504 4.582408383478143 -1.966477504065503 0.7239000000000001 2.5465782646875845 -0.36214911544938266
43697 10518504 4.562727081310489 -2.0008242961924947 0.7239000000000001 2.5465782646875845 -0.36214911544938266
43698 10518504 4.532092279810456 -2.048925106566191 0.7239000000000001 2.5465782646875845 -0.36214911544938266
43699 10518504 4.5014574783104235 -2.097025916939888 0.7239000000000001 2.5465782646875845 -0.36214911544938266
43700 10518504 4.470822676810391 -2.1451267273135843 0.7239000000000001 2.5465782646875845 -0.36214911544938266
43701 10518504 4.417820578974724 -2.2259584482720087 0.7239000000000001 2.5465782646875845 -0.36214911544938266
43702 10518504 4.385209812523848 -2.276938344181792 0.7239000000000001 2.5465782646875845 -0.36214911544938266
43703 10518504 4.352599046072972 -2.327918240091575 0.7239000000000001 2.5465782646875845 -0.36214911544938266
43704 10518504 4.326876084431202 -2.37302636440775 0.7239000000000001 2.5465782646875845 -0.36214911544938266
43705 10518504 4.294592329984122 -2.4213678880565035 0.7239000000000001 2.5465782646875845 -0.36214911544938266
43706 10518504 4.272066156992882 -2.453677033315116 0.7239000000000001 2.5465782646875845 -0.36214911544938266
43707 10518504 4.249539984001642 -2.485986178573728 0.7239000000000001 2.5465782646875845 -0.36214911544938266
43708 10518504 4.205206603175633 -2.5631034832590918 0.7239000000000001 2.5465782646875845 -0.36214911544938266
43709 10518504 4.185749510537587 -2.588996316083662 0.7239000000000001 2.5465782646875845 -0.36214911544938266
43710 10518504 4.145844941614749 -2.65552688077097 0.7239000000000001 2.5465782646875845 -0.36214911544938266
43711 10518504 4.105940372691912 -2.722057445458278 0.7239000000000001 2.5465782646875845 -0.36214911544938266
43712 10518504 4.072152541495407 -2.7711930309013155 0.7239000000000001 2.5465782646875845 -0.36214911544938266
43713 10518504 4.048963732496016 -2.812338361693571 0.7239000000000001 2.5465782646875845 -0.36214911544938266
43714 10518504 4.01456651098496 -2.866064182057155 0.7239000000000001 2.5465782646875845 -0.36214911544938266
43715 10518504 3.9683742546227725 -2.938253046417865 0.7239000000000001 2.5465782646875845 -0.36214911544938266
43715 10866934 0.9355387341325899 0.16766903712237424 0.34290000000000004 2.5465782646875845 -0.36214911544938266
43716 10866934 0.9370907105661904 0.17241916458271295 0.34290000000000004 2.5465782646875845 -0.36214911544938266
43716 10518504 3.9379008924923973 -2.9840308273610296 0.7239000000000001 2.5465782646875845 -0.36214911544938266
43717 10518504 3.9172487506286444 -3.0146731690518447 0.7239000000000001 2.5465782646875845 -0.36214911544938266
43717 10866934 0.9353134330676435 0.1724157097507335 0.34290000000000004 2.5465782646875845 -0.36214911544938266
43718 10518504 3.8868428332452947 -3.064327487628698 0.7239000000000001 2.5465782646875845 -0.36214911544938266
43718 10866934 0.9337614555529009 0.1676655826490086 0.34290000000000004 2.5465782646875845 -0.36214911544938266
43719 10518504 3.856436915861945 -3.1139818062055507 0.7239000000000001 2.5465782646875845 -0.36214911544938266
43719 10866934 0.9338308712202915 0.16753104776775538 0.34290000000000004 2.5465782646875845 -0.36214911544938266
43720 10518504 3.8274317192424094 -3.1566173082757087 0.7239000000000001 2.5465782646875845 -0.36214911544938266
43720 10866934 0.9339002868876821 0.16739651288650217 0.34290000000000004 2.5465782646875845 -0.36214911544938266
43721 10866934 0.9339697025550726 0.16726197800524895 0.34290000000000004 2.5465782646875845 -0.36214911544938266
43721 10518504 3.789189082878118 -3.2166810655854756 0.7239000000000001 2.5465782646875845 -0.36214911544938266
43722 10518504 3.7778394723819293 -3.241947336296762 0.7239000000000001 2.5465782646875845 -0.36214911544938266
43722 10866934 0.9340391182224632 0.16712744312399572 0.34290000000000004 2.5465782646875845 -0.36214911544938266
43723 10866934 0.9341085338898538 0.1669929082427425 0.34290000000000004 2.5465782646875845 -0.36214911544938266
43723 10518504 3.72735342469755 -3.3218462604780243 0.7239000000000001 2.5465782646875845 -0.36214911544938266
43724 10518504 3.690039761420561 -3.37905909932784 0.7239000000000001 2.5465782646875845 -0.36214911544938266
43724 10866934 0.9341779495572444 0.1668583733614893 0.34290000000000004 2.5465782646875845 -0.36214911544938266
43725 10866934 0.934247365224635 0.16672383848023606 0.34290000000000004 2.5465782646875845 -0.36214911544938266
43725 10518504 3.6608033394260833 -3.4251232126916222 0.7239000000000001 2.5465782646875845 -0.36214911544938266
43726 10866934 0.9343167808920255 0.16658930359898283 0.34290000000000004 2.5465782646875845 -0.36214911544938266
43726 10518504 3.6227419991312653 -3.4889837055330832 0.7162800000000001 2.5465782646875845 -0.36214911544938266
43727 10866934 0.9343861965594161 0.1664547687177296 0.34290000000000004 2.5465782646875845 -0.36214911544938266
43727 10518504 3.5906838235151124 -3.5338937528643597 0.7162800000000001 2.5465782646875845 -0.36214911544938266
43728 10866934 0.9344556122268067 0.1663202338364764 0.34290000000000004 2.5465782646875845 -0.36214911544938266
43728 10518504 3.5553303850152673 -3.5916289763742903 0.7239000000000001 2.5465782646875845 -0.36214911544938266
43729 10518504 3.5247172959702526 -3.6353749928015278 0.7239000000000001 2.5465782646875845 -0.36214911544938266
43729 10866934 0.9345250278941973 0.16618569895522317 0.34290000000000004 2.5465782646875845 -0.36214911544938266
43730 10518504 3.4786571729922375 -3.711227169039615 0.7239000000000001 2.5465782646875845 -0.36214911544938266
43730 10866934 0.9345944435615879 0.16605116407396994 0.34290000000000004 2.5465782646875845 -0.36214911544938266
43731 10866934 0.9346638592289785 0.16591662919271674 0.34290000000000004 2.5465782646875845 -0.36214911544938266
43731 10518504 3.444106268148384 -3.766771052636036 0.7239000000000001 2.5465782646875845 -0.36214911544938266
43732 10866934 0.934733274896369 0.1657820943114635 0.34290000000000004 2.5465782646875845 -0.36214911544938266
43732 10518504 3.4095553633045306 -3.822314936232457 0.7239000000000001 2.5465782646875845 -0.36214911544938266
43733 10866934 0.9348026905637596 0.16564755943021028 0.34290000000000004 2.5465782646875845 -0.36214911544938266
43733 10518504 3.375164550316622 -3.877910957724233 0.7239000000000001 2.5465782646875845 -0.36214911544938266
43734 10518504 3.340773737328713 -3.9335069792160096 0.7239000000000001 2.5465782646875845 -0.36214911544938266
43734 10866934 0.9348721062311502 0.16551302454895706 0.34290000000000004 2.5465782646875845 -0.36214911544938266
43735 10866934 0.9349415218985409 0.16537848966770385 0.34290000000000004 2.5465782646875845 -0.36214911544938266
43735 10518504 3.3086440390660004 -3.9818975770777194 0.7239000000000001 2.5465782646875845 -0.36214911544938266
43736 10518504 3.283019647866917 -4.023007079635704 0.7239000000000001 2.5465782646875845 -0.36214911544938266
43736 10866934 0.9350109375659315 0.16524395478645063 0.34290000000000004 2.5465782646875845 -0.36214911544938266
43737 10518504 3.257395256667834 -4.064116582193688 0.7239000000000001 2.5465782646875845 -0.36214911544938266
43737 10866934 0.935080353233322 0.1651094199051974 0.34290000000000004 2.5465782646875845 -0.36214911544938266
43738 10518504 3.231770865468751 -4.105226084751673 0.7239000000000001 2.5465782646875845 -0.36214911544938266
43738 10866934 0.9351497689007126 0.1649748850239442 0.34290000000000004 2.5465782646875845 -0.36214911544938266
43739 10518504 3.2061464742696675 -4.1463355873096575 0.7239000000000001 2.5465782646875845 -0.36214911544938266
43739 10866934 0.9352191845681032 0.16484035014269097 0.34290000000000004 2.5465782646875845 -0.36214911544938266
43740 10866934 0.9352886002354938 0.16470581526143774 0.34290000000000004 2.5465782646875845 -0.36214911544938266
43740 10518504 3.15533474141084 -4.220403653278497 0.7239000000000001 2.5465782646875845 -0.36214911544938266
43741 10866934 0.9353580159028844 0.1645712803801845 0.34290000000000004 2.5465782646875845 -0.36214911544938266
43741 10518504 3.121251905219225 -4.2758662156361655 0.7239000000000001 2.5465782646875845 -0.36214911544938266
43742 10866934 0.9354274315702749 0.1644367454989313 0.34290000000000004 2.5465782646875845 -0.36214911544938266
43742 10518504 3.0871690690276097 -4.331328777993834 0.7239000000000001 2.5465782646875845 -0.36214911544938266
43743 10866934 0.9354968472376655 0.16430221061767808 0.34290000000000004 2.5465782646875845 -0.36214911544938266
43743 10518504 3.0607511326410686 -4.376909984643713 0.7239000000000001 2.5465782646875845 -0.36214911544938266
43744 10518504 3.0609427272290377 -4.3765596815875645 0.7239000000000001 2.5465782646875845 -0.36214911544938266
43744 10866934 0.9355662629050561 0.16416767573642485 0.34290000000000004 2.5465782646875845 -0.36214911544938266
43745 10866934 0.9356356785724467 0.16403314085517162 0.34290000000000004 2.5465782646875845 -0.36214911544938266
43745 10518504 3.0611343218170073 -4.376209378531417 0.7239000000000001 2.5465782646875845 -0.36214911544938266
43746 10866934 0.9357050942398373 0.16389860597391842 0.34290000000000004 2.5465782646875845 -0.36214911544938266
43746 10518504 3.0613259164049764 -4.375859075475269 0.7239000000000001 2.5465782646875845 -0.36214911544938266
43747 10518504 3.0615175109929456 -4.3755087724191215 0.7239000000000001 2.5465782646875845 -0.36214911544938266
43747 10866934 0.9357745099072278 0.1637640710926652 0.34290000000000004 2.5465782646875845 -0.36214911544938266
43748 10518504 3.0617091055809147 -4.375158469362973 0.7239000000000001 2.5465782646875845 -0.36214911544938266
43748 10866934 0.9358439255746184 0.16362953621141196 0.34290000000000004 2.5465782646875845 -0.36214911544938266
43749 10866934 0.935913341242009 0.16349500133015876 0.34290000000000004 2.5465782646875845 -0.36214911544938266
43749 10518504 3.0619007001688843 -4.374808166306826 0.7239000000000001 2.5465782646875845 -0.36214911544938266
43750 10866934 0.9359827569093996 0.16336046644890553 0.34290000000000004 2.5465782646875845 -0.36214911544938266
43750 10518504 3.0620922947568534 -4.374457863250678 0.7239000000000001 2.5465782646875845 -0.36214911544938266
43751 10866934 0.9360521725767902 0.1632259315676523 0.34290000000000004 2.5465782646875845 -0.36214911544938266
43751 10518504 3.0622838893448225 -4.37410756019453 0.7239000000000001 2.5465782646875845 -0.36214911544938266
43752 10518504 3.0624754839327917 -4.373757257138382 0.7239000000000001 2.5465782646875845 -0.36214911544938266
43752 10866934 0.9361215882441807 0.16309139668639908 0.34290000000000004 2.5465782646875845 -0.36214911544938266
43753 10866934 0.9361910039115713 0.16295686180514588 0.34290000000000004 2.5465782646875845 -0.36214911544938266
43753 10518504 3.0626670785207613 -4.373406954082235 0.7239000000000001 2.5465782646875845 -0.36214911544938266
43754 10518504 3.0628586731087304 -4.373056651026086 0.7239000000000001 2.5465782646875845 -0.36214911544938266
43754 10866934 0.9362604195789619 0.16282232692389265 0.34290000000000004 2.5465782646875845 -0.36214911544938266
43755 10866934 0.9363298352463525 0.16268779204263942 0.34290000000000004 2.5465782646875845 -0.36214911544938266
43755 10518504 3.0630502676966995 -4.372706347969939 0.7239000000000001 2.5465782646875845 -0.36214911544938266
43756 10518504 3.0632418622846687 -4.372356044913791 0.7239000000000001 2.5465782646875845 -0.36214911544938266
43756 10866934 0.9363992509137431 0.1625532571613862 0.34290000000000004 2.5465782646875845 -0.36214911544938266
43757 10518504 3.0634334568726382 -4.3720057418576435 0.7239000000000001 2.5465782646875845 -0.36214911544938266
43757 10866934 0.9364686665811337 0.162418722280133 0.34290000000000004 2.5465782646875845 -0.36214911544938266
43758 10518504 3.0636250514606074 -4.371655438801495 0.7239000000000001 2.5465782646875845 -0.36214911544938266
43758 10866934 0.9365380822485242 0.16228418739887976 0.34290000000000004 2.5465782646875845 -0.36214911544938266
43759 10866934 0.9366074979159148 0.16214965251762653 0.34290000000000004 2.5465782646875845 -0.36214911544938266
43759 10518504 3.0638166460485765 -4.371305135745348 0.7239000000000001 2.5465782646875845 -0.36214911544938266
43760 10518504 3.0640082406365456 -4.3709548326892 0.7239000000000001 2.5465782646875845 -0.36214911544938266
43760 10866934 0.9366769135833054 0.16201511763637333 0.34290000000000004 2.5465782646875845 -0.36214911544938266
43761 10866934 0.936746329250696 0.1618805827551201 0.34290000000000004 2.5465782646875845 -0.36214911544938266
43761 10518504 3.0641998352245152 -4.370604529633052 0.7239000000000001 2.5465782646875845 -0.36214911544938266
43762 10866934 0.9368157449180866 0.16174604787386687 0.34290000000000004 2.5465782646875845 -0.36214911544938266
43762 10518504 3.0643914298124844 -4.370254226576904 0.7239000000000001 2.5465782646875845 -0.36214911544938266
43763 10866934 0.9368851605854771 0.16161151299261364 0.34290000000000004 2.5465782646875845 -0.36214911544938266
43763 10518504 3.0645830244004535 -4.369903923520757 0.7239000000000001 2.5465782646875845 -0.36214911544938266
43764 10866934 0.9369545762528677 0.16147697811136044 0.34290000000000004 2.5465782646875845 -0.36214911544938266
43764 10518504 3.0647746189884226 -4.369553620464608 0.7239000000000001 2.5465782646875845 -0.36214911544938266
43765 10518504 3.064966213576392 -4.369203317408461 0.7239000000000001 2.5465782646875845 -0.36214911544938266
43765 10866934 0.9370239919202583 0.1613424432301072 0.34290000000000004 2.5465782646875845 -0.36214911544938266
43766 10518504 3.0651578081643613 -4.368853014352313 0.7239000000000001 2.5465782646875845 -0.36214911544938266
43766 10866934 0.9338143158885234 0.1623911177675373 0.34290000000000004 2.5465782646875845 -0.36214911544938266
43767 10866934 0.9335850533402217 0.16246602316995185 0.34072285714285716 2.5465782646875845 -0.36214911544938266
43767 10518504 3.0653494027523305 -4.368502711296165 0.7239000000000001 2.5465782646875845 -0.36214911544938266
43768 10866934 0.93335579079192 0.16254092857236638 0.33854571428571434 2.5465782646875845 -0.36214911544938266
43768 10518504 3.0655409973402996 -4.368152408240017 0.7239000000000001 2.5465782646875845 -0.36214911544938266
43769 10866934 0.9331265282436183 0.1626158339747809 0.33636857142857146 2.5465782646875845 -0.36214911544938266
43769 10518504 3.065732591928269 -4.36780210518387 0.7239000000000001 2.5465782646875845 -0.36214911544938266
43770 10518504 3.0659241865162383 -4.3674518021277215 0.7239000000000001 2.5465782646875845 -0.36214911544938266
43770 10866934 0.9328972656953165 0.16269073937719541 0.3341914285714286 2.5465782646875845 -0.36214911544938266
43771 10518504 3.0661157811042075 -4.367101499071574 0.7239000000000001 2.5465782646875845 -0.36214911544938266
43771 10866934 0.9326680031470148 0.16276564477960995 0.3320142857142857 2.5465782646875845 -0.36214911544938266
43772 10866934 0.9324387405987131 0.16284055018202448 0.3298371428571429 2.5465782646875845 -0.36214911544938266
43772 10518504 3.066307375692177 -4.366751196015426 0.7239000000000001 2.5465782646875845 -0.36214911544938266
43773 10518504 3.066498970280146 -4.366400892959279 0.7239000000000001 2.5465782646875845 -0.36214911544938266
43773 10866934 0.9322094780504114 0.162915455584439 0.32766 2.5465782646875845 -0.36214911544938266
43774 10866934 0.9315748917065115 0.16097318144563205 0.328422 2.5465782646875845 -0.36214911544938266
43774 10518504 3.0666905648681153 -4.36605058990313 0.7239000000000001 2.5465782646875845 -0.36214911544938266
43775 10866934 0.9309403053626115 0.15903090730682506 0.32918400000000003 2.5465782646875845 -0.36214911544938266
43775 10518504 3.0668821594560844 -4.365700286846983 0.7239000000000001 2.5465782646875845 -0.36214911544938266
43776 10866934 0.9303057190187116 0.1570886331680181 0.329946 2.5465782646875845 -0.36214911544938266
43776 10518504 3.067073754044054 -4.365349983790835 0.7239000000000001 2.5465782646875845 -0.36214911544938266
43777 10518504 3.067265348632023 -4.364999680734687 0.7239000000000001 2.5465782646875845 -0.36214911544938266
43777 10866934 0.9296711326748117 0.15514635902921114 0.330708 2.5465782646875845 -0.36214911544938266
43778 10518504 3.0674569432199923 -4.364649377678539 0.7239000000000001 2.5465782646875845 -0.36214911544938266
43778 10866934 0.9290365463309118 0.15320408489040416 0.33147000000000004 2.5465782646875845 -0.36214911544938266
43779 10518504 3.0676485378079614 -4.364299074622392 0.7239000000000001 2.5465782646875845 -0.36214911544938266
43779 10866934 0.9284019599870118 0.1512618107515972 0.332232 2.5465782646875845 -0.36214911544938266
43780 10518504 3.067840132395931 -4.3639487715662435 0.7239000000000001 2.5465782646875845 -0.36214911544938266
43780 10866934 0.9277673736431119 0.14931953661279024 0.332994 2.5465782646875845 -0.36214911544938266
43781 10866934 0.927132787299212 0.14737726247398328 0.333756 2.5465782646875845 -0.36214911544938266
43781 10518504 3.0680317269839 -4.363598468510096 0.7239000000000001 2.5465782646875845 -0.36214911544938266
43782 10866934 0.926498200955312 0.1454349883351763 0.33451800000000004 2.5465782646875845 -0.36214911544938266
43782 10518504 3.0682233215718693 -4.363248165453948 0.7239000000000001 2.5465782646875845 -0.36214911544938266
43783 10518504 3.0684149161598384 -4.3628978623978005 0.7239000000000001 2.5465782646875845 -0.36214911544938266
43783 10866934 0.9258636146114121 0.14349271419636933 0.33528 2.5465782646875845 -0.36214911544938266
43784 10518504 3.068606510747808 -4.362547559341652 0.7239000000000001 2.5465782646875845 -0.36214911544938266
43784 10866934 0.9274776469351532 0.14027836268198612 0.33528 2.5465782646875845 -0.36214911544938266
43785 10866934 0.9290916792588944 0.1370640111676029 0.33528 2.5465782646875845 -0.36214911544938266
43785 10518504 3.068798105335777 -4.362197256285505 0.7239000000000001 2.5465782646875845 -0.36214911544938266
43786 10518504 3.0689896999237463 -4.361846953229357 0.7239000000000001 2.5465782646875845 -0.36214911544938266
43786 10866934 0.9299073194141363 0.1354832253056937 0.33528 2.5465782646875845 -0.36214911544938266
43787 10518504 3.0691812945117154 -4.361496650173209 0.7239000000000001 2.5465782646875845 -0.36214911544938266
43787 10866934 0.9307229595693783 0.13390243944378452 0.33528 2.5465782646875845 -0.36214911544938266
43788 10866934 0.9315385997246204 0.13232165358187534 0.33528 2.5465782646875845 -0.36214911544938266
43788 10518504 3.069372889099685 -4.361146347117061 0.7239000000000001 2.5465782646875845 -0.36214911544938266
43789 10518504 3.069564483687654 -4.360796044060914 0.7239000000000001 2.5465782646875845 -0.36214911544938266
43789 10866934 0.9323542398798623 0.13074086771996615 0.33528 2.5465782646875845 -0.36214911544938266
43790 10866934 0.9321817986668025 0.1302130756175228 0.3361266666666667 2.5465782646875845 -0.36214911544938266
43790 10518504 3.0697560782756232 -4.3604457410047655 0.7239000000000001 2.5465782646875845 -0.36214911544938266
43791 10866934 0.9320093574537427 0.1296852835150794 0.33697333333333335 2.5465782646875845 -0.36214911544938266
43791 10518504 3.0699476728635924 -4.360095437948618 0.7239000000000001 2.5465782646875845 -0.36214911544938266
43792 10866934 0.9318369162406829 0.12915749141263605 0.33782 2.5465782646875845 -0.36214911544938266
43792 10518504 3.070139267451562 -4.35974513489247 0.7239000000000001 2.5465782646875845 -0.36214911544938266
43793 10866934 0.9316644750276231 0.1286296993101927 0.33866666666666667 2.5465782646875845 -0.36214911544938266
43793 10518504 3.070330862039531 -4.3593948318363225 0.7239000000000001 2.5465782646875845 -0.36214911544938266
43794 10518504 3.0705224566275002 -4.359044528780174 0.7239000000000001 2.5465782646875845 -0.36214911544938266
43794 10866934 0.9314920338145632 0.1281019072077493 0.3395133333333334 2.5465782646875845 -0.36214911544938266
43795 10866934 0.9313195926015034 0.12757411510530595 0.34036000000000005 2.5465782646875845 -0.36214911544938266
43795 10518504 3.07071405121547 -4.358694225724027 0.7239000000000001 2.5465782646875845 -0.36214911544938266
43796 10866934 0.9311471513884436 0.1270463230028626 0.3412066666666667 2.5465782646875845 -0.36214911544938266
43796 10518504 3.070905645803439 -4.358343922667879 0.7239000000000001 2.5465782646875845 -0.36214911544938266
43797 10866934 0.9309747101753838 0.1265185309004192 0.3420533333333334 2.5465782646875845 -0.36214911544938266
43797 10518504 3.071097240391408 -4.357993619611731 0.7239000000000001 2.5465782646875845 -0.36214911544938266
43798 10866934 0.930802268962324 0.12599073879797584 0.34290000000000004 2.5465782646875845 -0.36214911544938266
43798 10518504 3.071288834979377 -4.357643316555583 0.7239000000000001 2.5465782646875845 -0.36214911544938266
43799 10866934 0.9308310410832725 0.12514686348719248 0.3439885714285715 2.5465782646875845 -0.36214911544938266
43799 10518504 3.071480429567347 -4.357293013499436 0.7239000000000001 2.5465782646875845 -0.36214911544938266
43800 10866934 0.9308598132042211 0.12430298817640911 0.3450771428571429 2.5465782646875845 -0.36214911544938266
43800 10518504 3.071672024155316 -4.356942710443287 0.7239000000000001 2.5465782646875845 -0.36214911544938266
43801 10518504 3.071863618743285 -4.35659240738714 0.7239000000000001 2.5465782646875845 -0.36214911544938266
43801 10866934 0.9308885853251696 0.12345911286562575 0.34616571428571435 2.5465782646875845 -0.36214911544938266
43802 10866934 0.930917357446118 0.12261523755484238 0.34725428571428574 2.5465782646875845 -0.36214911544938266
43802 10518504 3.072055213331254 -4.356242104330992 0.7239000000000001 2.5465782646875845 -0.36214911544938266
43803 10866934 0.9309461295670666 0.12177136224405902 0.3483428571428572 2.5465782646875845 -0.36214911544938266
43803 10518504 3.0722468079192238 -4.355891801274844 0.7239000000000001 2.5465782646875845 -0.36214911544938266
43804 10866934 0.9309749016880151 0.12092748693327565 0.3494314285714286 2.5465782646875845 -0.36214911544938266
43805 10866934 0.9310036738089636 0.12008361162249229 0.35052000000000005 2.5465782646875845 -0.36214911544938266
43806 10866934 0.9342817207447667 0.11509892249365344 0.35052000000000005 2.5465782646875845 -0.36214911544938266
43807 10866934 0.9375597676805697 0.11011423336481459 0.35052000000000005 2.5465782646875845 -0.36214911544938266
43808 10866934 0.9408378146163727 0.10512954423597573 0.35052000000000005 2.5465782646875845 -0.36214911544938266
43809 10866934 0.9441158615521758 0.10014485510713689 0.35052000000000005 2.5465782646875845 -0.36214911544938266
43810 10866934 0.952559750820408 0.09201207287639457 0.35814000000000007 2.5465782646875845 -0.36214911544938266
43811 10866934 0.9694833402174694 0.08711719955100666 0.3592285714285715 2.5465782646875845 -0.36214911544938266
43812 10866934 0.9864069296145309 0.08222232622561874 0.3603171428571429 2.5465782646875845 -0.36214911544938266
43813 10866934 1.0033305190115922 0.07732745290023084 0.36140571428571433 2.5465782646875845 -0.36214911544938266
43814 10866934 1.0202541084086538 0.07243257957484293 0.3624942857142857 2.5465782646875845 -0.36214911544938266
43815 10866934 1.0371776978057152 0.06753770624945502 0.36358285714285715 2.5465782646875845 -0.36214911544938266
43816 10866934 1.0541012872027766 0.06264283292406711 0.36467142857142854 2.5465782646875845 -0.36214911544938266
43817 10866934 1.071024876599838 0.057747959598679205 0.36576 2.5465782646875845 -0.36214911544938266
43818 10866934 1.0812509088929774 0.055341740724619226 0.36576 2.5465782646875845 -0.36214911544938266
43819 10866934 1.12176645157607 0.047245873601176325 0.37338 2.5465782646875845 -0.36214911544938266
43820 10866934 1.151350368086471 0.04809541513095679 0.381 2.5465782646875845 -0.36214911544938266
43821 10866934 1.1777775778688313 0.04471917784326001 0.381 2.5465782646875845 -0.36214911544938266
43822 10866934 1.2004181167198709 0.03790706420534226 0.381 2.5465782646875845 -0.36214911544938266
43823 10866934 1.227594669810371 0.039543339959863574 0.38862 2.5465782646875845 -0.36214911544938266
43824 10866934 1.2477377131422664 0.03541647966027912 0.39243000000000006 2.5465782646875845 -0.36214911544938266
43825 10866934 1.2678807564741617 0.03128961936069466 0.39624000000000004 2.5465782646875845 -0.36214911544938266
43826 10866934 1.2948928604955148 0.028073222236221412 0.39624000000000004 2.5465782646875845 -0.36214911544938266
43827 10866934 1.3189659017316884 0.020209433694784715 0.40386 2.5465782646875845 -0.36214911544938266
43828 10866934 1.3494584592372851 0.010248753056923382 0.40386 2.5465782646875845 -0.36214911544938266
43829 10866934 1.3778647226798129 0.0009697115119446098 0.40386 2.5465782646875845 -0.36214911544938266
43830 10866934 1.424887602649981 -0.014390257870076861 0.41148 2.5465782646875845 -0.36214911544938266
43831 10866934 1.453404271142121 -0.029312562056873104 0.41910000000000003 2.5465782646875845 -0.36214911544938266
43832 10866934 1.4727393310704713 -0.04053473429809093 0.41910000000000003 2.5465782646875845 -0.36214911544938266
43833 10866934 1.5152418687186453 -0.05967454927248653 0.42672000000000004 2.5465782646875845 -0.36214911544938266
43834 10866934 1.5462539544034142 -0.0805516871880346 0.42672000000000004 2.5465782646875845 -0.36214911544938266
43835 10866934 1.5601949885814084 -0.09088788191188257 0.4305300000000001 2.5465782646875845 -0.36214911544938266
43836 10866934 1.5741360227594028 -0.10122407663573055 0.43434000000000006 2.5465782646875845 -0.36214911544938266
43837 10866934 1.6191299854867114 -0.13204137538823724 0.44196 2.5465782646875845 -0.36214911544938266
43838 10866934 1.6455109255076534 -0.15187261857337628 0.44196 2.5465782646875845 -0.36214911544938266
43839 10866934 1.672497077254183 -0.17528923523336173 0.44958000000000004 2.5465782646875845 -0.36214911544938266
43840 10866934 1.7022795164807065 -0.20102082376718736 0.44958000000000004 2.5465782646875845 -0.36214911544938266
43841 10866934 1.7268116660610677 -0.22515434378546997 0.45720000000000005 2.5465782646875845 -0.36214911544938266
43842 10866934 1.7578018406081104 -0.26214444353677613 0.45720000000000005 2.5465782646875845 -0.36214911544938266
43843 10866934 1.7787672926675693 -0.2876829053468076 0.46482000000000007 2.5465782646875845 -0.36214911544938266
43844 10866934 1.811093872192795 -0.3328192542637619 0.47243999999999997 2.5465782646875845 -0.36214911544938266
43845 10866934 1.8324094878047767 -0.3665324470557052 0.47243999999999997 2.5465782646875845 -0.36214911544938266
43846 10866934 1.8490709425203655 -0.39872561072648627 0.48006 2.5465782646875845 -0.36214911544938266
43847 10866934 1.8658478816316424 -0.43002182375370945 0.48006 2.5465782646875845 -0.36214911544938266
43848 10866934 1.877487949317982 -0.46127593860243243 0.48006 2.5465782646875845 -0.36214911544938266
43849 10866934 1.8887653743819603 -0.4865705050412279 0.48387 2.5465782646875845 -0.36214911544938266
43850 10866934 1.9000427994459386 -0.5118650714800234 0.48768 2.5465782646875845 -0.36214911544938266
43851 10866934 1.9106750684164588 -0.5418553499721351 0.48768 2.5465782646875845 -0.36214911544938266
43852 10866934 1.9225346940691173 -0.5884844052527878 0.50292 2.5465782646875845 -0.36214911544938266
43853 10866934 1.9328089392198382 -0.6399693998333599 0.51054 2.5465782646875845 -0.36214911544938266
43854 10866934 1.940088407866605 -0.6775093435560829 0.51054 2.5465782646875845 -0.36214911544938266
43855 10866934 1.9467142148765462 -0.6980136979656036 0.5181600000000001 2.5465782646875845 -0.36214911544938266
43856 10866934 1.9513387045287443 -0.7627234063105491 0.52578 2.5465782646875845 -0.36214911544938266
43857 10866934 1.9539575451732805 -0.7911480536800773 0.52578 2.5465782646875845 -0.36214911544938266
43858 10866934 1.955328107080064 -0.8348189360434892 0.52578 2.5465782646875845 -0.36214911544938266
43859 10866934 1.9537557725788164 -0.8722719519958315 0.5334 2.5465782646875845 -0.36214911544938266
43860 10866934 1.954571687590211 -0.9051310769076034 0.54102 2.5465782646875845 -0.36214911544938266
43861 10866934 1.9537683830558839 -0.9239103817469175 0.54102 2.5465782646875845 -0.36214911544938266
43862 10866934 1.9529650785215567 -0.9426896865862316 0.54102 2.5465782646875845 -0.36214911544938266
43863 10866934 1.9468996471758964 -0.9952639208282764 0.54864 2.5465782646875845 -0.36214911544938266
43864 10866934 1.9468320241962525 -1.0294699672887173 0.54864 2.5465782646875845 -0.36214911544938266
43865 10866934 1.9406068628310158 -1.0811742711101526 0.55626 2.5465782646875845 -0.36214911544938266
43866 10866934 1.9392075038089467 -1.118099566163659 0.56388 2.5465782646875845 -0.36214911544938266
43867 10866934 1.9393099737970378 -1.155865678664282 0.56388 2.5465782646875845 -0.36214911544938266
43868 10866934 1.9377729433666924 -1.193213262912114 0.5715 2.5465782646875845 -0.36214911544938266
43869 10866934 1.9416817138012668 -1.232923065737766 0.57912 2.5465782646875845 -0.36214911544938266
43870 10866934 1.9376091006682374 -1.2725968216084118 0.57912 2.5465782646875845 -0.36214911544938266
43871 10866934 1.9413468200925774 -1.311199342618421 0.58674 2.5465782646875845 -0.36214911544938266
43872 10866934 1.9399349594873954 -1.3321162342102078 0.58674 2.5465782646875845 -0.36214911544938266
43873 10866934 1.9385230988822133 -1.3530331258019943 0.58674 2.5465782646875845 -0.36214911544938266
43874 10866934 1.940734627853104 -1.412631947130177 0.59436 2.5465782646875845 -0.36214911544938266
43875 10866934 1.9425466080651264 -1.4506055947931025 0.6019800000000001 2.5465782646875845 -0.36214911544938266
43876 10866934 1.9447747731128817 -1.4832246203368038 0.6019800000000001 2.5465782646875845 -0.36214911544938266
43877 10866934 1.9486775155777094 -1.5542396046623723 0.6096 2.5465782646875845 -0.36214911544938266
43878 10866934 1.952634163477752 -1.5734046830155848 0.6096 2.5465782646875845 -0.36214911544938266
43879 10866934 1.954315384069188 -1.6202137136391204 0.6096 2.5465782646875845 -0.36214911544938266
43880 10866934 1.9571238106516975 -1.6616666302786582 0.61722 2.5465782646875845 -0.36214911544938266
43881 10866934 1.9642991873499203 -1.7076993702057468 0.6248400000000001 2.5465782646875845 -0.36214911544938266
43882 10866934 1.9674417761295897 -1.7470417560661877 0.6248400000000001 2.5465782646875845 -0.36214911544938266
43883 10866934 1.9702606596385206 -1.7911847803149665 0.63246 2.5465782646875845 -0.36214911544938266
43884 10866934 1.972615248758354 -1.8454561595887433 0.63246 2.5465782646875845 -0.36214911544938266
43885 10866934 1.9768463675926338 -1.87738540954353 0.6362700000000001 2.5465782646875845 -0.36214911544938266
43886 10866934 1.9810774864269134 -1.9093146594983168 0.6400800000000001 2.5465782646875845 -0.36214911544938266
43887 10866934 1.9835760013755706 -1.9533529337712474 0.6477 2.5465782646875845 -0.36214911544938266
43888 10866934 1.990677529991772 -1.990366244579443 0.6477 2.5465782646875845 -0.36214911544938266
43889 10866934 1.994837089531195 -2.0385680605546574 0.6477 2.5465782646875845 -0.36214911544938266
43890 10866934 1.9994484707673041 -2.07885692726182 0.65532 2.5465782646875845 -0.36214911544938266
43891 10866934 2.006055693767431 -2.140240348086911 0.6629400000000001 2.5465782646875845 -0.36214911544938266
43892 10866934 2.010381771907225 -2.1786837098833014 0.6629400000000001 2.5465782646875845 -0.36214911544938266
43893 10866934 2.015331869722364 -2.2301806277329197 0.6629400000000001 2.5465782646875845 -0.36214911544938266
43894 10866934 2.018085226552944 -2.2720822535013188 0.6629400000000001 2.5465782646875845 -0.36214911544938266
43895 10866934 2.0246348187058985 -2.336366985526445 0.6629400000000001 2.5465782646875845 -0.36214911544938266
43896 10866934 2.0302367803504024 -2.370904450837331 0.6629400000000001 2.5465782646875845 -0.36214911544938266
43897 10866934 2.0374157335460708 -2.4169374460789776 0.6629400000000001 2.5465782646875845 -0.36214911544938266
43898 10866934 2.0411407477522747 -2.4667491518183273 0.6629400000000001 2.5465782646875845 -0.36214911544938266
43899 10866934 2.047018715597308 -2.5235717000979863 0.6629400000000001 2.5465782646875845 -0.36214911544938266
43900 10866934 2.0526132386012126 -2.5744608273097884 0.67056 2.5465782646875845 -0.36214911544938266
43901 10866934 2.0596099734900433 -2.619966809920891 0.6629400000000001 2.5465782646875845 -0.36214911544938266
43902 10866934 2.0640098637433324 -2.675605745316235 0.6629400000000001 2.5465782646875845 -0.36214911544938266
43903 10866934 2.06964759373931 -2.710037729692038 0.67056 2.5465782646875845 -0.36214911544938266
43904 10866934 2.081698036429088 -2.790135237930892 0.67056 2.5465782646875845 -0.36214911544938266
43905 10866934 2.0845595990217936 -2.8507621291140812 0.67056 2.5465782646875845 -0.36214911544938266
43906 10866934 2.0886876463404342 -2.8775753790879346 0.67056 2.5465782646875845 -0.36214911544938266
43907 10866934 2.0928156936590754 -2.9043886290617884 0.67056 2.5465782646875845 -0.36214911544938266
43908 10866934 2.096943740977716 -2.9312018790356418 0.67056 2.5465782646875845 -0.36214911544938266
43909 10866934 2.107100014161552 -3.044323380160774 0.67056 2.5465782646875845 -0.36214911544938266
43910 10866934 2.116135770512977 -3.1010076505985062 0.6629400000000001 2.5465782646875845 -0.36214911544938266
43911 10866934 2.117808894855938 -3.1557559120376313 0.67056 2.5465782646875845 -0.36214911544938266
43912 10866934 2.126810883365377 -3.2125458006465086 0.6629400000000001 2.5465782646875845 -0.36214911544938266
43913 10866934 2.1349536955099184 -3.281495852899665 0.6629400000000001 2.5465782646875845 -0.36214911544938266
43914 10866934 2.1430965076544597 -3.350445905152822 0.6629400000000001 2.5465782646875845 -0.36214911544938266
43915 10866934 2.1490081878313108 -3.404007288906791 0.6654800000000001 2.5465782646875845 -0.36214911544938266
43916 10866934 2.154919868008162 -3.4575686726607593 0.6680200000000001 2.5465782646875845 -0.36214911544938266
43917 10866934 2.160831548185013 -3.511130056414728 0.67056 2.5465782646875845 -0.36214911544938266
43918 10866934 2.167168747036981 -3.554316885150002 0.6667500000000001 2.5465782646875845 -0.36214911544938266
43919 10866934 2.173505945888949 -3.597503713885276 0.6629400000000001 2.5465782646875845 -0.36214911544938266
43920 10866934 2.1799122251058263 -3.669741216870594 0.67056 2.5465782646875845 -0.36214911544938266
43921 10866934 2.185745932220375 -3.726518318360839 0.67056 2.5465782646875845 -0.36214911544938266
43922 10866934 2.1915796393349236 -3.783295419851084 0.67056 2.5465782646875845 -0.36214911544938266
43923 10866934 2.1957639731295346 -3.820289076722427 0.6680200000000001 2.5465782646875845 -0.36214911544938266
43924 10866934 2.1999483069241457 -3.85728273359377 0.6654800000000001 2.5465782646875845 -0.36214911544938266
43925 10866934 2.2041326407187567 -3.8942763904651128 0.6629400000000001 2.5465782646875845 -0.36214911544938266
43926 10866934 2.218483891829144 -4.016357056878077 0.67056 2.5465782646875845 -0.36214911544938266
43927 10866934 2.220020903119691 -4.048398133240313 0.67056 2.5465782646875845 -0.36214911544938266
43928 10866934 2.2262373468546963 -4.115374732273515 0.67056 2.5465782646875845 -0.36214911544938266
43929 10866934 2.23545180284888 -4.205290340167351 0.6629400000000001 2.5465782646875845 -0.36214911544938266
43930 10866934 2.2437516665719235 -4.254723843033095 0.67056 2.5465782646875845 -0.36214911544938266
43931 10866934 2.248777640046688 -4.31827449279151 0.67056 2.5465782646875845 -0.36214911544938266
43932 10866934 2.256953401530941 -4.398038474597039 0.67056 2.5465782646875845 -0.36214911544938266
43933 10866934 2.265263607387255 -4.454250166534796 0.67056 2.5465782646875845 -0.36214911544938266
43934 10866934 2.2676991467085124 -4.5148525985271535 0.67056 2.5465782646875845 -0.36214911544938266
43935 10866934 2.2712915082981495 -4.54604545300593 0.67056 2.5465782646875845 -0.36214911544938266
43936 10866934 2.2748838698877867 -4.5772383074847065 0.67056 2.5465782646875845 -0.36214911544938266
43937 10866934 2.28727956592287 -4.669943105617848 0.67056 2.5465782646875845 -0.36214911544938266
43938 10866934 2.2864763318126666 -4.669349903628328 0.6705464705136335 2.5465782646875845 -0.36214911544938266
43939 10866934 2.2856730977024626 -4.6687567016388085 0.670532941027267 2.5465782646875845 -0.36214911544938266
43940 10866934 2.284869863592259 -4.668163499649289 0.6705194115409004 2.5465782646875845 -0.36214911544938266
43941 10866934 2.2840666294820555 -4.667570297659768 0.670505882054534 2.5465782646875845 -0.36214911544938266
43942 10866934 2.2832633953718515 -4.666977095670249 0.6704923525681674 2.5465782646875845 -0.36214911544938266
43943 10866934 2.282460161261648 -4.666383893680729 0.670478823081801 2.5465782646875845 -0.36214911544938266
43944 10866934 2.2816569271514444 -4.6657906916912095 0.6704652935954344 2.5465782646875845 -0.36214911544938266
43945 10866934 2.2808536930412404 -4.66519748970169 0.6704517641090679 2.5465782646875845 -0.36214911544938266
43946 10866934 2.280050458931037 -4.66460428771217 0.6704382346227014 2.5465782646875845 -0.36214911544938266
43947 10866934 2.2792472248208333 -4.664011085722651 0.6704247051363349 2.5465782646875845 -0.36214911544938266
43948 10866934 2.2784439907106293 -4.66341788373313 0.6704111756499683 2.5465782646875845 -0.36214911544938266
43949 10866934 2.2776407566004258 -4.6628246817436105 0.6703976461636019 2.5465782646875845 -0.36214911544938266
43950 10866934 2.276837522490222 -4.662231479754091 0.6703841166772353 2.5465782646875845 -0.36214911544938266
43951 10866934 2.276034288380018 -4.661638277764571 0.6703705871908687 2.5465782646875845 -0.36214911544938266
43952 10866934 2.2752310542698146 -4.661045075775052 0.6703570577045023 2.5465782646875845 -0.36214911544938266
43953 10866934 2.274427820159611 -4.660451873785532 0.6703435282181357 2.5465782646875845 -0.36214911544938266
43954 10866934 2.273624586049407 -4.659858671796012 0.6703299987317692 2.5465782646875845 -0.36214911544938266
43955 10866934 2.2728213519392035 -4.659265469806492 0.6703164692454027 2.5465782646875845 -0.36214911544938266
43956 10866934 2.272018117829 -4.658672267816972 0.6703029397590362 2.5465782646875845 -0.36214911544938266
43957 10866934 2.271214883718796 -4.658079065827453 0.6702894102726696 2.5465782646875845 -0.36214911544938266
43958 10866934 2.2704116496085924 -4.657485863837933 0.6702758807863032 2.5465782646875845 -0.36214911544938266
43959 10866934 2.269608415498389 -4.656892661848413 0.6702623512999366 2.5465782646875845 -0.36214911544938266
43960 10866934 2.268805181388185 -4.656299459858894 0.6702488218135702 2.5465782646875845 -0.36214911544938266
43961 10866934 2.2680019472779813 -4.655706257869374 0.6702352923272036 2.5465782646875845 -0.36214911544938266
43962 10866934 2.2671987131677778 -4.655113055879854 0.6702217628408371 2.5465782646875845 -0.36214911544938266
43963 10866934 2.2663954790575738 -4.654519853890334 0.6702082333544706 2.5465782646875845 -0.36214911544938266
43964 10866934 2.26559224494737 -4.6539266519008144 0.6701947038681041 2.5465782646875845 -0.36214911544938266
43965 10866934 2.2647890108371667 -4.653333449911295 0.6701811743817375 2.5465782646875845 -0.36214911544938266
43966 10866934 2.2639857767269627 -4.652740247921775 0.670167644895371 2.5465782646875845 -0.36214911544938266
43967 10866934 2.263182542616759 -4.652147045932256 0.6701541154090045 2.5465782646875845 -0.36214911544938266
43968 10866934 2.2623793085065556 -4.651553843942736 0.6701405859226379 2.5465782646875845 -0.36214911544938266
43969 10866934 2.2615760743963516 -4.6509606419532155 0.6701270564362715 2.5465782646875845 -0.36214911544938266
43970 10866934 2.260772840286148 -4.650367439963696 0.6701135269499049 2.5465782646875845 -0.36214911544938266
43971 10866934 2.2599696061759444 -4.649774237974176 0.6700999974635384 2.5465782646875845 -0.36214911544938266
43972 10866934 2.2591663720657404 -4.649181035984657 0.6700864679771719 2.5465782646875845 -0.36214911544938266
43973 10866934 2.258363137955537 -4.648587833995137 0.6700729384908054 2.5465782646875845 -0.36214911544938266
43974 10866934 2.2575599038453333 -4.647994632005617 0.6700594090044388 2.5465782646875845 -0.36214911544938266
43975 10866934 2.25675666973513 -4.647401430016098 0.6700458795180724 2.5465782646875845 -0.36214911544938266
43976 10866934 2.255953435624926 -4.646808228026577 0.6700323500317058 2.5465782646875845 -0.36214911544938266
43977 10866934 2.2551502015147222 -4.646215026037058 0.6700188205453393 2.5465782646875845 -0.36214911544938266
43978 10866934 2.2543469674045187 -4.645621824047538 0.6700052910589728 2.5465782646875845 -0.36214911544938266
43979 10866934 2.2535437332943147 -4.645028622058018 0.6699917615726063 2.5465782646875845 -0.36214911544938266
43980 10866934 2.252740499184111 -4.644435420068499 0.6699782320862397 2.5465782646875845 -0.36214911544938266
43981 10866934 2.2519372650739076 -4.643842218078979 0.6699647025998732 2.5465782646875845 -0.36214911544938266
43982 10866934 2.2511340309637036 -4.6432490160894595 0.6699511731135067 2.5465782646875845 -0.36214911544938266
43983 10866934 2.2503307968535 -4.642655814099939 0.6699376436271401 2.5465782646875845 -0.36214911544938266
43984 10866934 2.2495275627432965 -4.642062612110419 0.6699241141407737 2.5465782646875845 -0.36214911544938266
43985 10866934 2.2487243286330925 -4.6414694101209 0.6699105846544071 2.5465782646875845 -0.36214911544938266
43986 10866934 2.247921094522889 -4.64087620813138 0.6698970551680407 2.5465782646875845 -0.36214911544938266
43987 10866934 2.2471178604126854 -4.6402830061418605 0.6698835256816741 2.5465782646875845 -0.36214911544938266
43988 10866934 2.2463146263024814 -4.639689804152341 0.6698699961953076 2.5465782646875845 -0.36214911544938266
43989 10866934 2.245511392192278 -4.639096602162821 0.6698564667089411 2.5465782646875845 -0.36214911544938266
43990 10866934 2.2447081580820742 -4.638503400173301 0.6698429372225746 2.5465782646875845 -0.36214911544938266
43991 10866934 2.2439049239718702 -4.637910198183781 0.669829407736208 2.5465782646875845 -0.36214911544938266
43992 10866934 2.2431016898616667 -4.6373169961942615 0.6698158782498416 2.5465782646875845 -0.36214911544938266
43993 10866934 2.242298455751463 -4.636723794204742 0.669802348763475 2.5465782646875845 -0.36214911544938266
43994 10866934 2.241495221641259 -4.636130592215222 0.6697888192771084 2.5465782646875845 -0.36214911544938266
43995 10866934 2.2406919875310556 -4.635537390225703 0.669775289790742 2.5465782646875845 -0.36214911544938266
43996 10866934 2.239888753420852 -4.634944188236183 0.6697617603043754 2.5465782646875845 -0.36214911544938266
43997 10866934 2.239085519310648 -4.6343509862466625 0.6697482308180089 2.5465782646875845 -0.36214911544938266
