54928 10518504 5.1835153825453 -0.49604055845270767 0.7239000000000001 0.0 0.0
54929 10518504 5.163485760601436 -0.5329605122188048 0.7239000000000001 0.0 0.0
54930 10518504 5.132194746559987 -0.5771878624704952 0.7239000000000001 0.0 0.0
54931 10518504 5.1008203241925605 -0.6311995912210766 0.7239000000000001 0.0 0.0
54932 10518504 5.073175879398452 -0.6724110176394503 0.7239000000000001 0.0 0.0
54933 10518504 5.046390768135536 -0.7150706924702023 0.7239000000000001 0.0 0.0
54934 10518504 5.0248080870215 -0.7480383442082522 0.7239000000000001 0.0 0.0
54935 10518504 5.003225405907465 -0.7810059959463022 0.7239000000000001 0.0 0.0
54936 10518504 4.959782756360637 -0.8526910683644547 0.7239000000000001 0.0 0.0
54937 10518504 4.931721912224846 -0.9033445947548214 0.7239000000000001 0.0 0.0
54938 10518504 4.899201085681821 -0.9524268583510068 0.7239000000000001 0.0 0.0
54939 10518504 4.86693317907365 -0.9985546196469669 0.7239000000000001 0.0 0.0
54940 10518504 4.840018666404923 -1.0484138407429 0.7239000000000001 0.0 0.0
54941 10518504 4.805833421951802 -1.1015086208611697 0.7239000000000001 0.0 0.0
54942 10518504 4.7817418804091965 -1.1427103494765183 0.7239000000000001 0.0 0.0
54943 10518504 4.748933456169877 -1.1915818381073917 0.7239000000000001 0.0 0.0
54944 10518504 4.704134604764177 -1.2663284233859424 0.7239000000000001 0.0 0.0
54945 10518504 4.69458484043121 -1.2792748308133532 0.7239000000000001 0.0 0.0
54946 10518504 4.6850350760982415 -1.2922212382407638 0.7239000000000001 0.0 0.0
54947 10518504 4.66706928180702 -1.3228055917336892 0.7239000000000001 0.0 0.0
54948 10518504 4.614365940790705 -1.408173255845871 0.7239000000000001 0.0 0.0
54949 10518504 4.582907492880551 -1.4637923328408262 0.7239000000000001 0.0 0.0
54950 10518504 4.547184578866138 -1.5145164207652237 0.7239000000000001 0.0 0.0
54951 10518504 4.524630064083268 -1.5499116881340202 0.7239000000000001 0.0 0.0
54952 10518504 4.492644363588837 -1.6027889817106027 0.7239000000000001 0.0 0.0
54953 10518504 4.448888757736871 -1.6705166271690624 0.7239000000000001 0.0 0.0
54954 10518504 4.414459751584985 -1.7243490709196254 0.7239000000000001 0.0 0.0
54955 10518504 4.387232901171806 -1.7751573108915226 0.7239000000000001 0.0 0.0
54956 10518504 4.375978085529364 -1.7933294287694332 0.7239000000000001 0.0 0.0
54957 10518504 4.328342823516976 -1.8699537242885447 0.7239000000000001 0.0 0.0
54958 10518504 4.299031698128528 -1.9094527141233548 0.7239000000000001 0.0 0.0
54959 10518504 4.276005076041082 -1.9473803478705005 0.7239000000000001 0.0 0.0
54960 10518504 4.252978453953637 -1.9853079816176462 0.7239000000000001 0.0 0.0
54961 10518504 4.225212840220742 -2.0323193609133776 0.7239000000000001 0.0 0.0
54962 10518504 4.2029541677335684 -2.070614224939797 0.7239000000000001 0.0 0.0
54963 10518504 4.166653290671299 -2.1274568586134475 0.7239000000000001 0.0 0.0
54964 10518504 4.140607739755068 -2.173277071199088 0.7239000000000001 0.0 0.0
54965 10518504 4.094519765425848 -2.245149332637014 0.7239000000000001 0.0 0.0
54966 10518504 4.062406113472435 -2.294597024315515 0.7239000000000001 0.0 0.0
54967 10518504 4.03923000667222 -2.3302563917495824 0.7239000000000001 0.0 0.0
54968 10518504 4.009626953687936 -2.3818077748309143 0.7239000000000001 0.0 0.0
54969 10518504 3.980509110434695 -2.420434984324173 0.7239000000000001 0.0 0.0
54970 10518504 3.9510378944707365 -2.470627609834312 0.7239000000000001 0.0 0.0
54971 10518504 3.921566678506778 -2.5208202353444507 0.7239000000000001 0.0 0.0
54972 10518504 3.9073956045175846 -2.5465678974342336 0.7239000000000001 0.0 0.0
54973 10518504 3.8776490494953055 -2.5955609749774267 0.7239000000000001 0.0 0.0
54974 10518504 3.8479024944730265 -2.6445540525206197 0.7239000000000001 0.0 0.0
54975 10518504 3.8033946926495545 -2.7156563770204483 0.7239000000000001 0.0 0.0
54976 10518504 3.7700864045013605 -2.764947678788641 0.7239000000000001 0.0 0.0
54977 10518504 3.7474072701501577 -2.8023458043134233 0.7239000000000001 0.0 0.0
54978 10518504 3.724728135798955 -2.8397439298382054 0.7239000000000001 0.0 0.0
54979 10518504 3.709524543478323 -2.8645706713751533 0.7239000000000001 0.0 0.0
54980 10518504 3.6587976199646413 -2.941119854520328 0.7239000000000001 0.0 0.0
54981 10518504 3.630064411773712 -2.991085684349049 0.7239000000000001 0.0 0.0
54982 10518504 3.5924269227361796 -3.0547336789843236 0.7239000000000001 0.0 0.0
54983 10518504 3.564693191958874 -3.0975497636985634 0.7239000000000001 0.0 0.0
54984 10518504 3.548250477622285 -3.1220890292445485 0.7239000000000001 0.0 0.0
54985 10518504 3.504142509892697 -3.1892330273574303 0.7239000000000001 0.0 0.0
54986 10518504 3.4880083909312383 -3.2169099329069293 0.7239000000000001 0.0 0.0
54987 10518504 3.451115613702913 -3.2796325953045535 0.7239000000000001 0.0 0.0
54988 10518504 3.40458416535194 -3.3555641634561577 0.7239000000000001 0.0 0.0
54989 10518504 3.395049056209643 -3.36845646398908 0.7239000000000001 0.0 0.0
54990 10518504 3.385513947067346 -3.3813487645220026 0.7239000000000001 0.0 0.0
54991 10518504 3.334217802528351 -3.471611870448831 0.7239000000000001 0.0 0.0
54992 10518504 3.3021224288792697 -3.519896567503676 0.7239000000000001 0.0 0.0
54993 10518504 3.277220723734281 -3.5608328146060004 0.7162800000000001 0.0 0.0
54994 10518504 3.245032832312802 -3.6104889666074635 0.7239000000000001 0.0 0.0
54995 10518504 3.2253187963987147 -3.6393340654271378 0.7239000000000001 0.0 0.0
54996 10518504 3.1854046946453813 -3.711583570165359 0.7239000000000001 0.0 0.0
54997 10518504 3.1535606088634065 -3.7601836882211654 0.7239000000000001 0.0 0.0
54998 10518504 3.147208531892852 -3.7714860874374576 0.7239000000000001 0.0 0.0
54999 10518504 3.1408564549222975 -3.7827884866537493 0.7239000000000001 0.0 0.0
55000 10518504 3.087092511476848 -3.86862499729937 0.7239000000000001 0.0 0.0
55001 10518504 3.033328568031399 -3.95446150794499 0.7239000000000001 0.0 0.0
55002 10518504 2.99617096748562 -4.008453346344596 0.7239000000000001 0.0 0.0
55003 10518504 2.967015167163541 -4.058339085652435 0.7239000000000001 0.0 0.0
55004 10518504 2.9378593668414625 -4.108224824960274 0.7239000000000001 0.0 0.0
55005 10518504 2.911739159295341 -4.151800280223056 0.7239000000000001 0.0 0.0
55006 10518504 2.879445986433181 -4.200136762973507 0.7162800000000001 0.0 0.0
55007 10518504 2.8683254798244207 -4.217884873010801 0.7200900000000001 0.0 0.0
55008 10518504 2.8572049732156604 -4.235632983048096 0.7239000000000001 0.0 0.0
55009 10518504 2.7981120679147775 -4.33398120271147 0.7239000000000001 0.0 0.0
55010 10518504 2.768573605271529 -4.373871511734791 0.7239000000000001 0.0 0.0
55011 10518504 2.7405348540901335 -4.424413512076673 0.7239000000000001 0.0 0.0
55012 10518504 2.7117641005169744 -4.466306369443411 0.7239000000000001 0.0 0.0
55013 10518504 2.6706989367944143 -4.537712452907332 0.7239000000000001 0.0 0.0
